0, 0.844634
0.0330033, 0.844634
0.0439549, 0.818036
0.0513087, 0.815975
0.0574687, 0.81466
0.0634893, 0.814095
0.0693641, 0.814289
0.0764552, 0.814285
0.082345, 0.813549
0.0857553, 0.813449
0.0882347, 0.813378
0.0907225, 0.813336
0.0932075, 0.813323
0.0957008, 0.813338
0.101924, 0.813337
0.105332, 0.813247
0.108726, 0.813234
0.111189, 0.813223
0.11366, 0.813216
0.11612, 0.813212
0.118585, 0.813211
0.121047, 0.813213
0.124498, 0.813213
0.127893, 0.813193
0.131279, 0.813189
0.133745, 0.813187
0.136204, 0.813185
0.13867, 0.813183
0.141129, 0.813183
0.143595, 0.813183
0.147017, 0.813183
