0, 0
0.05, 0
0.1, 0
0.15, 0
0.2, 0
0.25, 0
0.3, 0
0.35, 0
0.4, 0
0.45, 0
0.5, 0
0.55, 0
0.6, 0
0.65, 0
0.7, 0
0.75, 0
0.8, 0
0.85, 0
0.9, 0
0.95, 0
1, 0
0, 0.05
0.0501427, 0.0500414
0.0999797, 0.0501068
0.149488, 0.0501864
0.199063, 0.0498969
0.249006, 0.0496126
0.29933, 0.0496362
0.349668, 0.050022
0.399811, 0.0500861
0.449883, 0.0498403
0.499829, 0.0496447
0.549578, 0.0495469
0.599384, 0.0495558
0.649611, 0.049296
0.700208, 0.0492323
0.750718, 0.0496466
0.800817, 0.0496687
0.850842, 0.0493943
0.900788, 0.0492947
0.950536, 0.0493958
1, 0.05
0, 0.1
0.0503545, 0.0999584
0.100258, 0.100045
0.149813, 0.100279
0.199277, 0.100145
0.249083, 0.0996064
0.299328, 0.0993627
0.349795, 0.0998484
0.400209, 0.100117
0.450464, 0.0997583
0.500423, 0.0994342
0.550019, 0.0992609
0.599685, 0.099089
0.649709, 0.0987338
0.700082, 0.0986472
0.750581, 0.0992121
0.800983, 0.0992641
0.85104, 0.0989303
0.90083, 0.0989061
0.95041, 0.099219
1, 0.1
0, 0.15
0.0503923, 0.149626
0.100445, 0.149665
0.15009, 0.150135
0.199887, 0.150348
0.24997, 0.149802
0.300119, 0.149379
0.350293, 0.149761
0.400634, 0.150129
0.450906, 0.149822
0.500867, 0.149395
0.550676, 0.149062
0.600432, 0.148942
0.650266, 0.148685
0.700311, 0.148645
0.750518, 0.149043
0.800731, 0.148962
0.850746, 0.148802
0.900434, 0.148971
0.950138, 0.149296
1, 0.15
0, 0.2
0.0501559, 0.199306
0.100064, 0.199267
0.149859, 0.199791
0.19997, 0.200085
0.25034, 0.199789
0.300478, 0.199501
0.350427, 0.199891
0.400484, 0.200233
0.450543, 0.200069
0.500418, 0.199582
0.550312, 0.199136
0.600499, 0.19909
0.650906, 0.199037
0.701055, 0.199211
0.750984, 0.199377
0.800778, 0.199204
0.850454, 0.199015
0.900261, 0.199161
0.950096, 0.199482
1, 0.2
0, 0.25
0.0500482, 0.249257
0.0998441, 0.249151
0.149724, 0.249431
0.199932, 0.249767
0.250206, 0.249599
0.30032, 0.249519
0.350128, 0.250041
0.399814, 0.250408
0.449594, 0.250295
0.499445, 0.249947
0.549389, 0.249597
0.599927, 0.249221
0.650742, 0.249467
0.701164, 0.249913
0.751218, 0.249917
0.800934, 0.249788
0.850397, 0.249459
0.899969, 0.2493
0.949889, 0.249599
1, 0.25
0, 0.3
0.0498971, 0.299375
0.0997323, 0.299215
0.149654, 0.299402
0.199702, 0.299741
0.249833, 0.299635
0.299726, 0.299573
0.349462, 0.300079
0.399096, 0.300568
0.448785, 0.300395
0.498841, 0.300059
0.549287, 0.299753
0.599642, 0.299473
0.649817, 0.29987
0.70012, 0.300239
0.750429, 0.300119
0.800436, 0.300023
0.850154, 0.299815
0.899874, 0.299442
0.949871, 0.299534
1, 0.3
0, 0.35
0.0495792, 0.349546
0.0991421, 0.349368
0.148963, 0.34942
0.199127, 0.349785
0.249201, 0.349954
0.299056, 0.349925
0.34885, 0.350181
0.398776, 0.350704
0.448883, 0.350416
0.499248, 0.349747
0.549658, 0.3495
0.599634, 0.349726
0.649307, 0.350147
0.699271, 0.350188
0.749525, 0.349878
0.799706, 0.34985
0.849842, 0.349799
0.90007, 0.349443
0.950147, 0.349582
1, 0.35
0, 0.4
0.0494888, 0.399732
0.098952, 0.399492
0.148523, 0.399354
0.19833, 0.399645
0.248427, 0.400118
0.29859, 0.400295
0.348668, 0.40057
0.398877, 0.400871
0.449371, 0.400388
0.499741, 0.399543
0.549809, 0.399304
0.599596, 0.399812
0.649301, 0.400239
0.699194, 0.400077
0.749289, 0.399604
0.799472, 0.39962
0.849795, 0.399661
0.900126, 0.399481
0.950225, 0.399683
1, 0.4
0, 0.45
0.0496373, 0.449788
0.0992983, 0.449524
0.148807, 0.449542
0.198249, 0.449646
0.248259, 0.449836
0.298832, 0.450216
0.349251, 0.450854
0.399441, 0.451099
0.44967, 0.450486
0.499801, 0.449731
0.549629, 0.449481
0.599437, 0.449878
0.649463, 0.450171
0.699607, 0.450002
0.749646, 0.449654
0.799625, 0.449672
0.849751, 0.449741
0.899965, 0.44967
0.950071, 0.449791
1, 0.45
0, 0.5
0.0497998, 0.4997
0.0996548, 0.499534
0.149404, 0.499803
0.199154, 0.499818
0.249344, 0.499472
0.299953, 0.499834
0.350314, 0.500836
0.400206, 0.50125
0.45, 0.500678
0.5, 0.5
0.55, 0.5
0.6, 0.5
0.65, 0.5
0.7, 0.5
0.75, 0.5
0.8, 0.5
0.85, 0.5
0.9, 0.5
0.95, 0.5
1, 0.5
0, 0.55
0.0497609, 0.54959
0.0996366, 0.54944
0.14962, 0.549828
0.199876, 0.549779
0.250355, 0.549377
0.300676, 0.549735
0.350657, 0.550742
0.400331, 0.551208
0.450045, 0.550724
0.5, 0.55
0.55, 0.55
0.6, 0.55
0.65, 0.55
0.7, 0.55
0.75, 0.55
0.8, 0.55
0.85, 0.55
0.9, 0.55
0.95, 0.55
1, 0.55
0, 0.6
0.0498286, 0.59949
0.0995918, 0.599392
0.149472, 0.599745
0.199695, 0.599678
0.250063, 0.599533
0.300188, 0.600023
0.350122, 0.600669
0.400026, 0.600949
0.449959, 0.600536
0.5, 0.6
0.55, 0.6
0.6, 0.6
0.65, 0.6
0.7, 0.6
0.75, 0.6
0.8, 0.6
0.85, 0.6
0.9, 0.6
0.95, 0.6
1, 0.6
0, 0.65
0.0499279, 0.64945
0.0996535, 0.649529
0.149436, 0.649801
0.199644, 0.649605
0.249839, 0.649816
0.29977, 0.650326
0.349611, 0.65058
0.399575, 0.650582
0.449717, 0.650335
0.5, 0.65
0.55, 0.65
0.6, 0.65
0.65, 0.65
0.7, 0.65
0.75, 0.65
0.8, 0.65
0.85, 0.65
0.9, 0.65
0.95, 0.65
1, 0.65
0, 0.7
0.0498709, 0.699498
0.0997309, 0.699594
0.149757, 0.699787
0.199826, 0.699554
0.249952, 0.699853
0.299837, 0.700488
0.3494, 0.700574
0.399156, 0.700331
0.449427, 0.700119
0.5, 0.7
0.55, 0.7
0.6, 0.7
0.65, 0.7
0.7, 0.7
0.75, 0.7
0.8, 0.7
0.85, 0.7
0.9, 0.7
0.95, 0.7
1, 0.7
0, 0.75
0.0499782, 0.74943
0.0999809, 0.749367
0.150087, 0.749454
0.200204, 0.749443
0.250067, 0.749797
0.299772, 0.750376
0.34945, 0.750529
0.399228, 0.7502
0.44943, 0.749923
0.5, 0.75
0.55, 0.75
0.6, 0.75
0.65, 0.75
0.7, 0.75
0.75, 0.75
0.8, 0.75
0.85, 0.75
0.9, 0.75
0.95, 0.75
1, 0.75
0, 0.8
0.0498198, 0.799261
0.0997676, 0.798928
0.149925, 0.79895
0.20008, 0.799291
0.250029, 0.79977
0.299871, 0.800053
0.349592, 0.800291
0.399415, 0.800123
0.449591, 0.799892
0.5, 0.8
0.55, 0.8
0.6, 0.8
0.65, 0.8
0.7, 0.8
0.75, 0.8
0.8, 0.8
0.85, 0.8
0.9, 0.8
0.95, 0.8
1, 0.8
0, 0.85
0.0497486, 0.849186
0.0996063, 0.848686
0.14959, 0.848803
0.199653, 0.849303
0.24988, 0.849582
0.299741, 0.849831
0.34926, 0.850103
0.399007, 0.850061
0.449282, 0.849882
0.5, 0.85
0.55, 0.85
0.6, 0.85
0.65, 0.85
0.7, 0.85
0.75, 0.85
0.8, 0.85
0.85, 0.85
0.9, 0.85
0.95, 0.85
1, 0.85
0, 0.9
0.0499457, 0.899241
0.0998797, 0.898948
0.149698, 0.89929
0.199767, 0.899511
0.249885, 0.899556
0.29963, 0.89992
0.349107, 0.900111
0.39878, 0.900023
0.449121, 0.899689
0.5, 0.9
0.55, 0.9
0.6, 0.9
0.65, 0.9
0.7, 0.9
0.75, 0.9
0.8, 0.9
0.85, 0.9
0.9, 0.9
0.95, 0.9
1, 0.9
0, 0.95
0.0500281, 0.94952
0.0998663, 0.949507
0.149878, 0.949802
0.200002, 0.949757
0.250041, 0.949817
0.299973, 0.950003
0.349787, 0.950167
0.399616, 0.95001
0.449645, 0.949664
0.5, 0.95
0.55, 0.95
0.6, 0.95
0.65, 0.95
0.7, 0.95
0.75, 0.95
0.8, 0.95
0.85, 0.95
0.9, 0.95
0.95, 0.95
1, 0.95
0, 1
0.05, 1
0.1, 1
0.15, 1
0.2, 1
0.25, 1
0.3, 1
0.35, 1
0.4, 1
0.45, 1
0.5, 1
0.55, 1
0.6, 1
0.65, 1
0.7, 1
0.75, 1
0.8, 1
0.85, 1
0.9, 1
0.95, 1
1, 1
0.0250482, 0.0250208
0.0750512, 0.0250345
0.124853, 0.0250682
0.174549, 0.0249993
0.224426, 0.0248325
0.274538, 0.0247899
0.32476, 0.0249332
0.374853, 0.0250575
0.424881, 0.0249825
0.474898, 0.0248557
0.524813, 0.024772
0.574683, 0.0247728
0.624667, 0.0247338
0.674936, 0.0246315
0.725316, 0.024738
0.775442, 0.0248541
0.825433, 0.024769
0.875451, 0.0246523
0.925381, 0.0246227
0.975196, 0.0247853
0.025161, 0.0750235
0.0752412, 0.0750643
0.124885, 0.0752152
0.174333, 0.0751469
0.223958, 0.0747562
0.274057, 0.0744598
0.324479, 0.0746959
0.37486, 0.0750755
0.425076, 0.074963
0.475164, 0.0746414
0.524945, 0.0744365
0.574558, 0.0743558
0.624482, 0.0741396
0.67485, 0.0738716
0.725448, 0.0741368
0.775861, 0.0745044
0.825994, 0.0742956
0.875957, 0.0740621
0.925717, 0.0741065
0.975265, 0.0746093
0.0252227, 0.124899
0.0754672, 0.124833
0.125216, 0.125054
0.174761, 0.125324
0.224508, 0.125034
0.274594, 0.124475
0.324862, 0.124512
0.375247, 0.124985
0.425623, 0.124966
0.475764, 0.124564
0.525557, 0.124264
0.575211, 0.124052
0.624972, 0.123794
0.675022, 0.123544
0.725318, 0.123806
0.775705, 0.124101
0.82594, 0.123931
0.875805, 0.123822
0.92544, 0.12404
0.975112, 0.124602
0.0251513, 0.174686
0.07534, 0.174389
0.125137, 0.174701
0.174912, 0.17517
0.225077, 0.175091
0.275302, 0.174599
0.325361, 0.17459
0.375475, 0.175019
0.425729, 0.175081
0.475769, 0.174695
0.52563, 0.174219
0.57553, 0.174009
0.625559, 0.173926
0.675657, 0.173818
0.725699, 0.174012
0.775749, 0.174093
0.825676, 0.173903
0.875467, 0.173963
0.925218, 0.174211
0.975037, 0.174671
0.0250712, 0.224593
0.0750467, 0.224153
0.124808, 0.224358
0.174816, 0.224772
0.225127, 0.224817
0.275414, 0.224574
0.325389, 0.224727
0.375226, 0.225175
0.425134, 0.225289
0.475024, 0.224993
0.524855, 0.22454
0.574934, 0.224237
0.625588, 0.224184
0.676109, 0.224424
0.726204, 0.224649
0.776061, 0.224595
0.825654, 0.224353
0.875235, 0.224189
0.925043, 0.224386
0.974981, 0.224787
0.0250219, 0.27462
0.0749084, 0.274206
0.124737, 0.27425
0.174749, 0.274549
0.224947, 0.274669
0.275079, 0.274498
0.324951, 0.27477
0.374633, 0.275321
0.424262, 0.275456
0.474082, 0.275214
0.524134, 0.274937
0.574485, 0.274512
0.625037, 0.274448
0.675506, 0.274939
0.725819, 0.275143
0.775852, 0.275043
0.825537, 0.274852
0.875055, 0.274511
0.924825, 0.274447
0.974925, 0.274779
0.0248816, 0.324697
0.0745843, 0.324342
0.12435, 0.324335
0.174365, 0.324628
0.224518, 0.324803
0.274493, 0.324725
0.324259, 0.324864
0.374021, 0.325394
0.423808, 0.325578
0.473822, 0.32517
0.524232, 0.324774
0.574619, 0.32461
0.624569, 0.324815
0.67453, 0.325178
0.724802, 0.325149
0.775039, 0.324991
0.825027, 0.324937
0.874957, 0.324653
0.924991, 0.324459
0.975007, 0.324747
0.0247721, 0.374815
0.0742447, 0.374539
0.123804, 0.374386
0.173667, 0.374524
0.223771, 0.374933
0.273815, 0.375134
0.323757, 0.375221
0.373714, 0.375588
0.423939, 0.37565
0.474333, 0.374984
0.524684, 0.374429
0.574759, 0.374546
0.624449, 0.375023
0.674184, 0.375208
0.724249, 0.37491
0.774455, 0.374689
0.824661, 0.37474
0.874976, 0.374566
0.925209, 0.374507
0.975131, 0.374812
0.0247809, 0.424897
0.0743239, 0.424647
0.123875, 0.424441
0.173377, 0.42448
0.223159, 0.424813
0.273444, 0.425182
0.323804, 0.42554
0.373992, 0.425916
0.424309, 0.425743
0.474701, 0.424986
0.524782, 0.424394
0.574608, 0.424556
0.624408, 0.425069
0.674353, 0.425175
0.724421, 0.42479
0.774474, 0.424551
0.824625, 0.424641
0.874914, 0.424606
0.925136, 0.42462
0.975106, 0.424872
0.0248527, 0.474887
0.0746203, 0.474628
0.124333, 0.4746
0.173859, 0.474739
0.223587, 0.474675
0.274025, 0.474783
0.324647, 0.47545
0.374846, 0.476103
0.424829, 0.475933
0.474874, 0.475216
0.524862, 0.474769
0.574696, 0.474818
0.624667, 0.47502
0.674767, 0.475047
0.724844, 0.474888
0.774808, 0.474803
0.824814, 0.474843
0.874916, 0.474833
0.925009, 0.474837
0.975016, 0.474945
0.024878, 0.524818
0.0747173, 0.524538
0.124608, 0.524666
0.174519, 0.524895
0.224709, 0.524596
0.275179, 0.524473
0.325544, 0.525241
0.375476, 0.52609
0.425153, 0.526049
0.474989, 0.525371
0.525, 0.525
0.575, 0.525
0.625, 0.525
0.675, 0.525
0.725, 0.525
0.775, 0.525
0.825, 0.525
0.875, 0.525
0.925, 0.525
0.975, 0.525
0.024883, 0.574764
0.0746913, 0.57442
0.124545, 0.574578
0.174636, 0.574785
0.225046, 0.574548
0.275422, 0.574584
0.32548, 0.575278
0.375323, 0.575973
0.425076, 0.575917
0.474988, 0.575322
0.525, 0.575
0.575, 0.575
0.625, 0.575
0.675, 0.575
0.725, 0.575
0.775, 0.575
0.825, 0.575
0.875, 0.575
0.925, 0.575
0.975, 0.575
0.0249583, 0.624712
0.074776, 0.624403
0.124482, 0.624607
0.174485, 0.624728
0.224818, 0.624621
0.274958, 0.62492
0.324895, 0.625422
0.374813, 0.625722
0.424816, 0.625618
0.474912, 0.625219
0.525, 0.625
0.575, 0.625
0.625, 0.625
0.675, 0.625
0.725, 0.625
0.775, 0.625
0.825, 0.625
0.875, 0.625
0.925, 0.625
0.975, 0.625
0.0249672, 0.674698
0.0747912, 0.674494
0.124594, 0.67475
0.174619, 0.674698
0.224818, 0.674689
0.274893, 0.675174
0.324645, 0.675527
0.374368, 0.675505
0.424406, 0.675339
0.474768, 0.675121
0.525, 0.675
0.575, 0.675
0.625, 0.675
0.675, 0.675
0.725, 0.675
0.775, 0.675
0.825, 0.675
0.875, 0.675
0.925, 0.675
0.975, 0.675
0.0249676, 0.724723
0.0748872, 0.724477
0.124884, 0.72461
0.174997, 0.724595
0.225042, 0.724614
0.274944, 0.725149
0.32462, 0.725578
0.374226, 0.725431
0.424204, 0.725111
0.474684, 0.724993
0.525, 0.725
0.575, 0.725
0.625, 0.725
0.675, 0.725
0.725, 0.725
0.775, 0.725
0.825, 0.725
0.875, 0.725
0.925, 0.725
0.975, 0.725
0.024954, 0.774642
0.074886, 0.774221
0.124952, 0.77417
0.175144, 0.774262
0.225159, 0.774566
0.274944, 0.775029
0.324687, 0.775352
0.374403, 0.775314
0.424376, 0.775005
0.474742, 0.774914
0.525, 0.775
0.575, 0.775
0.625, 0.775
0.675, 0.775
0.725, 0.775
0.775, 0.775
0.825, 0.775
0.875, 0.775
0.925, 0.775
0.975, 0.775
0.024872, 0.824584
0.0746793, 0.823941
0.124679, 0.823729
0.174798, 0.824006
0.224911, 0.824497
0.274944, 0.824791
0.324647, 0.825046
0.3743, 0.825158
0.424288, 0.824983
0.474705, 0.824948
0.525, 0.825
0.575, 0.825
0.625, 0.825
0.675, 0.825
0.725, 0.825
0.775, 0.825
0.825, 0.825
0.875, 0.825
0.925, 0.825
0.975, 0.825
0.0249139, 0.874588
0.0747894, 0.87393
0.124676, 0.873818
0.174607, 0.874205
0.224784, 0.874447
0.274842, 0.874669
0.324395, 0.874976
0.373911, 0.875083
0.423884, 0.87491
0.474547, 0.874877
0.525, 0.875
0.575, 0.875
0.625, 0.875
0.675, 0.875
0.725, 0.875
0.775, 0.875
0.825, 0.875
0.875, 0.875
0.925, 0.875
0.975, 0.875
0.0250149, 0.92466
0.0749549, 0.92422
0.124822, 0.924413
0.174817, 0.924635
0.224968, 0.92464
0.274912, 0.924828
0.324632, 0.925091
0.374252, 0.925118
0.424188, 0.924791
0.474644, 0.924752
0.525, 0.925
0.575, 0.925
0.625, 0.925
0.675, 0.925
0.725, 0.925
0.775, 0.925
0.825, 0.925
0.875, 0.925
0.925, 0.925
0.975, 0.925
0.0250418, 0.974858
0.0749634, 0.974748
0.124899, 0.974849
0.174987, 0.974909
0.225027, 0.974894
0.27503, 0.97496
0.324975, 0.975064
0.37489, 0.975077
0.424845, 0.9749
0.474882, 0.974867
0.525, 0.975
0.575, 0.975
0.625, 0.975
0.675, 0.975
0.725, 0.975
0.775, 0.975
0.825, 0.975
0.875, 0.975
0.925, 0.975
0.975, 0.975
