0, 441, 21
441, 22, 21
441, 1, 22
0, 1, 441
1, 442, 22
442, 23, 22
442, 2, 23
1, 2, 442
2, 443, 23
443, 24, 23
443, 3, 24
2, 3, 443
3, 444, 24
444, 25, 24
444, 4, 25
3, 4, 444
4, 445, 25
445, 26, 25
445, 5, 26
4, 5, 445
5, 446, 26
446, 27, 26
446, 6, 27
5, 6, 446
6, 447, 27
447, 28, 27
447, 7, 28
6, 7, 447
7, 448, 28
448, 29, 28
448, 8, 29
7, 8, 448
8, 449, 29
449, 30, 29
449, 9, 30
8, 9, 449
9, 450, 30
450, 31, 30
450, 10, 31
9, 10, 450
10, 451, 31
451, 32, 31
451, 11, 32
10, 11, 451
11, 452, 32
452, 33, 32
452, 12, 33
11, 12, 452
12, 453, 33
453, 34, 33
453, 13, 34
12, 13, 453
13, 454, 34
454, 35, 34
454, 14, 35
13, 14, 454
14, 455, 35
455, 36, 35
455, 15, 36
14, 15, 455
15, 456, 36
456, 37, 36
456, 16, 37
15, 16, 456
16, 457, 37
457, 38, 37
457, 17, 38
16, 17, 457
17, 458, 38
458, 39, 38
458, 18, 39
17, 18, 458
18, 459, 39
459, 40, 39
459, 19, 40
18, 19, 459
19, 460, 40
460, 41, 40
460, 20, 41
19, 20, 460
21, 461, 42
461, 43, 42
461, 22, 43
21, 22, 461
22, 462, 43
462, 44, 43
462, 23, 44
22, 23, 462
23, 463, 44
463, 45, 44
463, 24, 45
23, 24, 463
24, 464, 45
464, 46, 45
464, 25, 46
24, 25, 464
25, 465, 46
465, 47, 46
465, 26, 47
25, 26, 465
26, 466, 47
466, 48, 47
466, 27, 48
26, 27, 466
27, 467, 48
467, 49, 48
467, 28, 49
27, 28, 467
28, 468, 49
468, 50, 49
468, 29, 50
28, 29, 468
29, 469, 50
469, 51, 50
469, 30, 51
29, 30, 469
30, 470, 51
470, 52, 51
470, 31, 52
30, 31, 470
31, 471, 52
471, 53, 52
471, 32, 53
31, 32, 471
32, 472, 53
472, 54, 53
472, 33, 54
32, 33, 472
33, 473, 54
473, 55, 54
473, 34, 55
33, 34, 473
34, 474, 55
474, 56, 55
474, 35, 56
34, 35, 474
35, 475, 56
475, 57, 56
475, 36, 57
35, 36, 475
36, 476, 57
476, 58, 57
476, 37, 58
36, 37, 476
37, 477, 58
477, 59, 58
477, 38, 59
37, 38, 477
38, 478, 59
478, 60, 59
478, 39, 60
38, 39, 478
39, 479, 60
479, 61, 60
479, 40, 61
39, 40, 479
40, 480, 61
480, 62, 61
480, 41, 62
40, 41, 480
42, 481, 63
481, 64, 63
481, 43, 64
42, 43, 481
43, 482, 64
482, 65, 64
482, 44, 65
43, 44, 482
44, 483, 65
483, 66, 65
483, 45, 66
44, 45, 483
45, 484, 66
484, 67, 66
484, 46, 67
45, 46, 484
46, 485, 67
485, 68, 67
485, 47, 68
46, 47, 485
47, 486, 68
486, 69, 68
486, 48, 69
47, 48, 486
48, 487, 69
487, 70, 69
487, 49, 70
48, 49, 487
49, 488, 70
488, 71, 70
488, 50, 71
49, 50, 488
50, 489, 71
489, 72, 71
489, 51, 72
50, 51, 489
51, 490, 72
490, 73, 72
490, 52, 73
51, 52, 490
52, 491, 73
491, 74, 73
491, 53, 74
52, 53, 491
53, 492, 74
492, 75, 74
492, 54, 75
53, 54, 492
54, 493, 75
493, 76, 75
493, 55, 76
54, 55, 493
55, 494, 76
494, 77, 76
494, 56, 77
55, 56, 494
56, 495, 77
495, 78, 77
495, 57, 78
56, 57, 495
57, 496, 78
496, 79, 78
496, 58, 79
57, 58, 496
58, 497, 79
497, 80, 79
497, 59, 80
58, 59, 497
59, 498, 80
498, 81, 80
498, 60, 81
59, 60, 498
60, 499, 81
499, 82, 81
499, 61, 82
60, 61, 499
61, 500, 82
500, 83, 82
500, 62, 83
61, 62, 500
63, 501, 84
501, 85, 84
501, 64, 85
63, 64, 501
64, 502, 85
502, 86, 85
502, 65, 86
64, 65, 502
65, 503, 86
503, 87, 86
503, 66, 87
65, 66, 503
66, 504, 87
504, 88, 87
504, 67, 88
66, 67, 504
67, 505, 88
505, 89, 88
505, 68, 89
67, 68, 505
68, 506, 89
506, 90, 89
506, 69, 90
68, 69, 506
69, 507, 90
507, 91, 90
507, 70, 91
69, 70, 507
70, 508, 91
508, 92, 91
508, 71, 92
70, 71, 508
71, 509, 92
509, 93, 92
509, 72, 93
71, 72, 509
72, 510, 93
510, 94, 93
510, 73, 94
72, 73, 510
73, 511, 94
511, 95, 94
511, 74, 95
73, 74, 511
74, 512, 95
512, 96, 95
512, 75, 96
74, 75, 512
75, 513, 96
513, 97, 96
513, 76, 97
75, 76, 513
76, 514, 97
514, 98, 97
514, 77, 98
76, 77, 514
77, 515, 98
515, 99, 98
515, 78, 99
77, 78, 515
78, 516, 99
516, 100, 99
516, 79, 100
78, 79, 516
79, 517, 100
517, 101, 100
517, 80, 101
79, 80, 517
80, 518, 101
518, 102, 101
518, 81, 102
80, 81, 518
81, 519, 102
519, 103, 102
519, 82, 103
81, 82, 519
82, 520, 103
520, 104, 103
520, 83, 104
82, 83, 520
84, 521, 105
521, 106, 105
521, 85, 106
84, 85, 521
85, 522, 106
522, 107, 106
522, 86, 107
85, 86, 522
86, 523, 107
523, 108, 107
523, 87, 108
86, 87, 523
87, 524, 108
524, 109, 108
524, 88, 109
87, 88, 524
88, 525, 109
525, 110, 109
525, 89, 110
88, 89, 525
89, 526, 110
526, 111, 110
526, 90, 111
89, 90, 526
90, 527, 111
527, 112, 111
527, 91, 112
90, 91, 527
91, 528, 112
528, 113, 112
528, 92, 113
91, 92, 528
92, 529, 113
529, 114, 113
529, 93, 114
92, 93, 529
93, 530, 114
530, 115, 114
530, 94, 115
93, 94, 530
94, 531, 115
531, 116, 115
531, 95, 116
94, 95, 531
95, 532, 116
532, 117, 116
532, 96, 117
95, 96, 532
96, 533, 117
533, 118, 117
533, 97, 118
96, 97, 533
97, 534, 118
534, 119, 118
534, 98, 119
97, 98, 534
98, 535, 119
535, 120, 119
535, 99, 120
98, 99, 535
99, 536, 120
536, 121, 120
536, 100, 121
99, 100, 536
100, 537, 121
537, 122, 121
537, 101, 122
100, 101, 537
101, 538, 122
538, 123, 122
538, 102, 123
101, 102, 538
102, 539, 123
539, 124, 123
539, 103, 124
102, 103, 539
103, 540, 124
540, 125, 124
540, 104, 125
103, 104, 540
105, 541, 126
541, 127, 126
541, 106, 127
105, 106, 541
106, 542, 127
542, 128, 127
542, 107, 128
106, 107, 542
107, 543, 128
543, 129, 128
543, 108, 129
107, 108, 543
108, 544, 129
544, 130, 129
544, 109, 130
108, 109, 544
109, 545, 130
545, 131, 130
545, 110, 131
109, 110, 545
110, 546, 131
546, 132, 131
546, 111, 132
110, 111, 546
111, 547, 132
547, 133, 132
547, 112, 133
111, 112, 547
112, 548, 133
548, 134, 133
548, 113, 134
112, 113, 548
113, 549, 134
549, 135, 134
549, 114, 135
113, 114, 549
114, 550, 135
550, 136, 135
550, 115, 136
114, 115, 550
115, 551, 136
551, 137, 136
551, 116, 137
115, 116, 551
116, 552, 137
552, 138, 137
552, 117, 138
116, 117, 552
117, 553, 138
553, 139, 138
553, 118, 139
117, 118, 553
118, 554, 139
554, 140, 139
554, 119, 140
118, 119, 554
119, 555, 140
555, 141, 140
555, 120, 141
119, 120, 555
120, 556, 141
556, 142, 141
556, 121, 142
120, 121, 556
121, 557, 142
557, 143, 142
557, 122, 143
121, 122, 557
122, 558, 143
558, 144, 143
558, 123, 144
122, 123, 558
123, 559, 144
559, 145, 144
559, 124, 145
123, 124, 559
124, 560, 145
560, 146, 145
560, 125, 146
124, 125, 560
126, 561, 147
561, 148, 147
561, 127, 148
126, 127, 561
127, 562, 148
562, 149, 148
562, 128, 149
127, 128, 562
128, 563, 149
563, 150, 149
563, 129, 150
128, 129, 563
129, 564, 150
564, 151, 150
564, 130, 151
129, 130, 564
130, 565, 151
565, 152, 151
565, 131, 152
130, 131, 565
131, 566, 152
566, 153, 152
566, 132, 153
131, 132, 566
132, 567, 153
567, 154, 153
567, 133, 154
132, 133, 567
133, 568, 154
568, 155, 154
568, 134, 155
133, 134, 568
134, 569, 155
569, 156, 155
569, 135, 156
134, 135, 569
135, 570, 156
570, 157, 156
570, 136, 157
135, 136, 570
136, 571, 157
571, 158, 157
571, 137, 158
136, 137, 571
137, 572, 158
572, 159, 158
572, 138, 159
137, 138, 572
138, 573, 159
573, 160, 159
573, 139, 160
138, 139, 573
139, 574, 160
574, 161, 160
574, 140, 161
139, 140, 574
140, 575, 161
575, 162, 161
575, 141, 162
140, 141, 575
141, 576, 162
576, 163, 162
576, 142, 163
141, 142, 576
142, 577, 163
577, 164, 163
577, 143, 164
142, 143, 577
143, 578, 164
578, 165, 164
578, 144, 165
143, 144, 578
144, 579, 165
579, 166, 165
579, 145, 166
144, 145, 579
145, 580, 166
580, 167, 166
580, 146, 167
145, 146, 580
147, 581, 168
581, 169, 168
581, 148, 169
147, 148, 581
148, 582, 169
582, 170, 169
582, 149, 170
148, 149, 582
149, 583, 170
583, 171, 170
583, 150, 171
149, 150, 583
150, 584, 171
584, 172, 171
584, 151, 172
150, 151, 584
151, 585, 172
585, 173, 172
585, 152, 173
151, 152, 585
152, 586, 173
586, 174, 173
586, 153, 174
152, 153, 586
153, 587, 174
587, 175, 174
587, 154, 175
153, 154, 587
154, 588, 175
588, 176, 175
588, 155, 176
154, 155, 588
155, 589, 176
589, 177, 176
589, 156, 177
155, 156, 589
156, 590, 177
590, 178, 177
590, 157, 178
156, 157, 590
157, 591, 178
591, 179, 178
591, 158, 179
157, 158, 591
158, 592, 179
592, 180, 179
592, 159, 180
158, 159, 592
159, 593, 180
593, 181, 180
593, 160, 181
159, 160, 593
160, 594, 181
594, 182, 181
594, 161, 182
160, 161, 594
161, 595, 182
595, 183, 182
595, 162, 183
161, 162, 595
162, 596, 183
596, 184, 183
596, 163, 184
162, 163, 596
163, 597, 184
597, 185, 184
597, 164, 185
163, 164, 597
164, 598, 185
598, 186, 185
598, 165, 186
164, 165, 598
165, 599, 186
599, 187, 186
599, 166, 187
165, 166, 599
166, 600, 187
600, 188, 187
600, 167, 188
166, 167, 600
168, 601, 189
601, 190, 189
601, 169, 190
168, 169, 601
169, 602, 190
602, 191, 190
602, 170, 191
169, 170, 602
170, 603, 191
603, 192, 191
603, 171, 192
170, 171, 603
171, 604, 192
604, 193, 192
604, 172, 193
171, 172, 604
172, 605, 193
605, 194, 193
605, 173, 194
172, 173, 605
173, 606, 194
606, 195, 194
606, 174, 195
173, 174, 606
174, 607, 195
607, 196, 195
607, 175, 196
174, 175, 607
175, 608, 196
608, 197, 196
608, 176, 197
175, 176, 608
176, 609, 197
609, 198, 197
609, 177, 198
176, 177, 609
177, 610, 198
610, 199, 198
610, 178, 199
177, 178, 610
178, 611, 199
611, 200, 199
611, 179, 200
178, 179, 611
179, 612, 200
612, 201, 200
612, 180, 201
179, 180, 612
180, 613, 201
613, 202, 201
613, 181, 202
180, 181, 613
181, 614, 202
614, 203, 202
614, 182, 203
181, 182, 614
182, 615, 203
615, 204, 203
615, 183, 204
182, 183, 615
183, 616, 204
616, 205, 204
616, 184, 205
183, 184, 616
184, 617, 205
617, 206, 205
617, 185, 206
184, 185, 617
185, 618, 206
618, 207, 206
618, 186, 207
185, 186, 618
186, 619, 207
619, 208, 207
619, 187, 208
186, 187, 619
187, 620, 208
620, 209, 208
620, 188, 209
187, 188, 620
189, 621, 210
621, 211, 210
621, 190, 211
189, 190, 621
190, 622, 211
622, 212, 211
622, 191, 212
190, 191, 622
191, 623, 212
623, 213, 212
623, 192, 213
191, 192, 623
192, 624, 213
624, 214, 213
624, 193, 214
192, 193, 624
193, 625, 214
625, 215, 214
625, 194, 215
193, 194, 625
194, 626, 215
626, 216, 215
626, 195, 216
194, 195, 626
195, 627, 216
627, 217, 216
627, 196, 217
195, 196, 627
196, 628, 217
628, 218, 217
628, 197, 218
196, 197, 628
197, 629, 218
629, 219, 218
629, 198, 219
197, 198, 629
198, 630, 219
630, 220, 219
630, 199, 220
198, 199, 630
199, 631, 220
631, 221, 220
631, 200, 221
199, 200, 631
200, 632, 221
632, 222, 221
632, 201, 222
200, 201, 632
201, 633, 222
633, 223, 222
633, 202, 223
201, 202, 633
202, 634, 223
634, 224, 223
634, 203, 224
202, 203, 634
203, 635, 224
635, 225, 224
635, 204, 225
203, 204, 635
204, 636, 225
636, 226, 225
636, 205, 226
204, 205, 636
205, 637, 226
637, 227, 226
637, 206, 227
205, 206, 637
206, 638, 227
638, 228, 227
638, 207, 228
206, 207, 638
207, 639, 228
639, 229, 228
639, 208, 229
207, 208, 639
208, 640, 229
640, 230, 229
640, 209, 230
208, 209, 640
210, 641, 231
641, 232, 231
641, 211, 232
210, 211, 641
211, 642, 232
642, 233, 232
642, 212, 233
211, 212, 642
212, 643, 233
643, 234, 233
643, 213, 234
212, 213, 643
213, 644, 234
644, 235, 234
644, 214, 235
213, 214, 644
214, 645, 235
645, 236, 235
645, 215, 236
214, 215, 645
215, 646, 236
646, 237, 236
646, 216, 237
215, 216, 646
216, 647, 237
647, 238, 237
647, 217, 238
216, 217, 647
217, 648, 238
648, 239, 238
648, 218, 239
217, 218, 648
218, 649, 239
649, 240, 239
649, 219, 240
218, 219, 649
219, 650, 240
650, 241, 240
650, 220, 241
219, 220, 650
231, 661, 252
661, 253, 252
661, 232, 253
231, 232, 661
232, 662, 253
662, 254, 253
662, 233, 254
232, 233, 662
233, 663, 254
663, 255, 254
663, 234, 255
233, 234, 663
234, 664, 255
664, 256, 255
664, 235, 256
234, 235, 664
235, 665, 256
665, 257, 256
665, 236, 257
235, 236, 665
236, 666, 257
666, 258, 257
666, 237, 258
236, 237, 666
237, 667, 258
667, 259, 258
667, 238, 259
237, 238, 667
238, 668, 259
668, 260, 259
668, 239, 260
238, 239, 668
239, 669, 260
669, 261, 260
669, 240, 261
239, 240, 669
240, 670, 261
670, 262, 261
670, 241, 262
240, 241, 670
252, 681, 273
681, 274, 273
681, 253, 274
252, 253, 681
253, 682, 274
682, 275, 274
682, 254, 275
253, 254, 682
254, 683, 275
683, 276, 275
683, 255, 276
254, 255, 683
255, 684, 276
684, 277, 276
684, 256, 277
255, 256, 684
256, 685, 277
685, 278, 277
685, 257, 278
256, 257, 685
257, 686, 278
686, 279, 278
686, 258, 279
257, 258, 686
258, 687, 279
687, 280, 279
687, 259, 280
258, 259, 687
259, 688, 280
688, 281, 280
688, 260, 281
259, 260, 688
260, 689, 281
689, 282, 281
689, 261, 282
260, 261, 689
261, 690, 282
690, 283, 282
690, 262, 283
261, 262, 690
273, 701, 294
701, 295, 294
701, 274, 295
273, 274, 701
274, 702, 295
702, 296, 295
702, 275, 296
274, 275, 702
275, 703, 296
703, 297, 296
703, 276, 297
275, 276, 703
276, 704, 297
704, 298, 297
704, 277, 298
276, 277, 704
277, 705, 298
705, 299, 298
705, 278, 299
277, 278, 705
278, 706, 299
706, 300, 299
706, 279, 300
278, 279, 706
279, 707, 300
707, 301, 300
707, 280, 301
279, 280, 707
280, 708, 301
708, 302, 301
708, 281, 302
280, 281, 708
281, 709, 302
709, 303, 302
709, 282, 303
281, 282, 709
282, 710, 303
710, 304, 303
710, 283, 304
282, 283, 710
294, 721, 315
721, 316, 315
721, 295, 316
294, 295, 721
295, 722, 316
722, 317, 316
722, 296, 317
295, 296, 722
296, 723, 317
723, 318, 317
723, 297, 318
296, 297, 723
297, 724, 318
724, 319, 318
724, 298, 319
297, 298, 724
298, 725, 319
725, 320, 319
725, 299, 320
298, 299, 725
299, 726, 320
726, 321, 320
726, 300, 321
299, 300, 726
300, 727, 321
727, 322, 321
727, 301, 322
300, 301, 727
301, 728, 322
728, 323, 322
728, 302, 323
301, 302, 728
302, 729, 323
729, 324, 323
729, 303, 324
302, 303, 729
303, 730, 324
730, 325, 324
730, 304, 325
303, 304, 730
315, 741, 336
741, 337, 336
741, 316, 337
315, 316, 741
316, 742, 337
742, 338, 337
742, 317, 338
316, 317, 742
317, 743, 338
743, 339, 338
743, 318, 339
317, 318, 743
318, 744, 339
744, 340, 339
744, 319, 340
318, 319, 744
319, 745, 340
745, 341, 340
745, 320, 341
319, 320, 745
320, 746, 341
746, 342, 341
746, 321, 342
320, 321, 746
321, 747, 342
747, 343, 342
747, 322, 343
321, 322, 747
322, 748, 343
748, 344, 343
748, 323, 344
322, 323, 748
323, 749, 344
749, 345, 344
749, 324, 345
323, 324, 749
324, 750, 345
750, 346, 345
750, 325, 346
324, 325, 750
336, 761, 357
761, 358, 357
761, 337, 358
336, 337, 761
337, 762, 358
762, 359, 358
762, 338, 359
337, 338, 762
338, 763, 359
763, 360, 359
763, 339, 360
338, 339, 763
339, 764, 360
764, 361, 360
764, 340, 361
339, 340, 764
340, 765, 361
765, 362, 361
765, 341, 362
340, 341, 765
341, 766, 362
766, 363, 362
766, 342, 363
341, 342, 766
342, 767, 363
767, 364, 363
767, 343, 364
342, 343, 767
343, 768, 364
768, 365, 364
768, 344, 365
343, 344, 768
344, 769, 365
769, 366, 365
769, 345, 366
344, 345, 769
345, 770, 366
770, 367, 366
770, 346, 367
345, 346, 770
357, 781, 378
781, 379, 378
781, 358, 379
357, 358, 781
358, 782, 379
782, 380, 379
782, 359, 380
358, 359, 782
359, 783, 380
783, 381, 380
783, 360, 381
359, 360, 783
360, 784, 381
784, 382, 381
784, 361, 382
360, 361, 784
361, 785, 382
785, 383, 382
785, 362, 383
361, 362, 785
362, 786, 383
786, 384, 383
786, 363, 384
362, 363, 786
363, 787, 384
787, 385, 384
787, 364, 385
363, 364, 787
364, 788, 385
788, 386, 385
788, 365, 386
364, 365, 788
365, 789, 386
789, 387, 386
789, 366, 387
365, 366, 789
366, 790, 387
790, 388, 387
790, 367, 388
366, 367, 790
378, 801, 399
801, 400, 399
801, 379, 400
378, 379, 801
379, 802, 400
802, 401, 400
802, 380, 401
379, 380, 802
380, 803, 401
803, 402, 401
803, 381, 402
380, 381, 803
381, 804, 402
804, 403, 402
804, 382, 403
381, 382, 804
382, 805, 403
805, 404, 403
805, 383, 404
382, 383, 805
383, 806, 404
806, 405, 404
806, 384, 405
383, 384, 806
384, 807, 405
807, 406, 405
807, 385, 406
384, 385, 807
385, 808, 406
808, 407, 406
808, 386, 407
385, 386, 808
386, 809, 407
809, 408, 407
809, 387, 408
386, 387, 809
387, 810, 408
810, 409, 408
810, 388, 409
387, 388, 810
399, 821, 420
821, 421, 420
821, 400, 421
399, 400, 821
400, 822, 421
822, 422, 421
822, 401, 422
400, 401, 822
401, 823, 422
823, 423, 422
823, 402, 423
401, 402, 823
402, 824, 423
824, 424, 423
824, 403, 424
402, 403, 824
403, 825, 424
825, 425, 424
825, 404, 425
403, 404, 825
404, 826, 425
826, 426, 425
826, 405, 426
404, 405, 826
405, 827, 426
827, 427, 426
827, 406, 427
405, 406, 827
406, 828, 427
828, 428, 427
828, 407, 428
406, 407, 828
407, 829, 428
829, 429, 428
829, 408, 429
407, 408, 829
408, 830, 429
830, 430, 429
830, 409, 430
408, 409, 830
