0, 7.86539
0.663163, 7.86363
0.763767, 7.86199
0.864416, 7.86046
0.965054, 7.85899
1.06574, 7.85757
1.16637, 7.85615
1.26687, 7.85474
1.36742, 7.85331
1.46821, 7.85185
1.5691, 7.85039
1.67784, 7.84891
1.78089, 7.84745
1.88246, 7.84601
1.98399, 7.84462
2.08534, 7.84329
2.18659, 7.84203
2.28795, 7.84085
2.38937, 7.83975
2.49113, 7.83874
2.59348, 7.83781
2.69629, 7.83694
2.79906, 7.83614
2.90155, 7.83538
3.00359, 7.83467
3.10523, 7.83399
3.20683, 7.83335
3.30828, 7.83272
3.40937, 7.83213
3.51056, 7.83157
3.61211, 7.83104
3.72096, 7.83056
3.82221, 7.83012
3.92345, 7.82974
4.02475, 7.82942
4.12611, 7.82917
4.22759, 7.82897
4.3294, 7.82884
4.4311, 7.82877
4.53283, 7.82876
