0, 7.86539
0.285391, 7.86368
0.374263, 7.86207
0.463279, 7.86052
0.552246, 7.85905
0.676935, 7.85764
0.768358, 7.8563
0.857341, 7.855
0.946366, 7.85376
1.03327, 7.85258
1.1199, 7.85143
1.20656, 7.85034
1.29319, 7.84929
1.37985, 7.84827
1.46649, 7.8473
1.55312, 7.84637
1.64537, 7.84547
1.73219, 7.84461
1.81883, 7.84377
1.90544, 7.84297
1.9921, 7.8422
2.07872, 7.84146
2.16535, 7.84074
2.25196, 7.84005
2.33855, 7.83939
2.42515, 7.83875
2.51177, 7.83813
2.59844, 7.83754
2.68511, 7.83696
2.77179, 7.83641
2.85847, 7.83588
2.94521, 7.83536
3.0319, 7.83487
3.11858, 7.83439
3.20527, 7.83393
3.29192, 7.83348
3.37856, 7.83305
3.46523, 7.83263
3.5519, 7.83223
3.6412, 7.83184
3.73055, 7.83147
3.8171, 7.83111
3.90367, 7.83076
3.99029, 7.83042
4.07683, 7.83009
4.16338, 7.82977
4.24991, 7.82947
4.33642, 7.82917
4.42296, 7.82889
4.50947, 7.82861
4.59604, 7.82834
4.68255, 7.82808
4.76913, 7.82783
4.8557, 7.82759
4.94226, 7.82735
5.02885, 7.82713
5.11538, 7.82691
5.20194, 7.82669
5.28848, 7.82649
5.37499, 7.82629
5.46155, 7.82609
5.54811, 7.8259
5.63464, 7.82572
5.72117, 7.82555
5.80775, 7.82538
5.89429, 7.82521
5.98093, 7.82505
6.06749, 7.82489
6.15407, 7.82474
6.24068, 7.8246
6.32727, 7.82446
6.41383, 7.82432
6.50047, 7.82419
6.58714, 7.82406
6.67385, 7.82393
6.76054, 7.82381
6.84722, 7.82369
6.9315, 7.82358
7.01822, 7.82346
7.10797, 7.82336
7.1923, 7.82325
7.27663, 7.82315
7.36094, 7.82305
7.44765, 7.82295
7.53195, 7.82286
7.61623, 7.82277
7.70052, 7.82268
7.78481, 7.82259
7.86911, 7.82251
7.95348, 7.82243
8.03776, 7.82235
8.12206, 7.82227
8.20631, 7.8222
8.2905, 7.82213
8.37467, 7.82206
8.45886, 7.82199
8.54304, 7.82192
8.62735, 7.82186
8.71165, 7.82179
8.79586, 7.82173
8.88005, 7.82167
8.96425, 7.82162
9.04842, 7.82156
9.13258, 7.8215
9.21673, 7.82145
9.3009, 7.8214
9.38507, 7.82135
9.46922, 7.8213
9.55339, 7.82125
9.63759, 7.8212
9.72178, 7.82116
9.80598, 7.82111
9.89015, 7.82107
9.97437, 7.82103
10.0585, 7.82099
10.1427, 7.82095
10.2268, 7.82091
10.311, 7.82087
10.3952, 7.82083
10.4794, 7.8208
10.5635, 7.82076
10.6477, 7.82073
10.7318, 7.82069
10.816, 7.82066
10.9001, 7.82063
10.9843, 7.8206
11.0685, 7.82057
11.126, 7.82054
11.1836, 7.82051
11.2412, 7.82048
11.2988, 7.82046
11.3563, 7.82043
11.4139, 7.8204
11.4714, 7.82038
11.529, 7.82035
11.5866, 7.82033
11.6442, 7.8203
11.7019, 7.82028
11.7595, 7.82026
11.8171, 7.82024
11.8748, 7.82022
11.9325, 7.82019
11.9901, 7.82017
12.0478, 7.82015
12.1054, 7.82013
12.163, 7.82012
12.2207, 7.8201
12.2783, 7.82008
12.336, 7.82006
12.3936, 7.82004
12.4512, 7.82003
12.5088, 7.82001
12.5664, 7.81999
12.6239, 7.81998
12.6815, 7.81996
12.7391, 7.81995
12.8309, 7.81993
