0, 7.02014
0.307155, 7.01874
0.421016, 7.01744
0.534869, 7.01618
0.648742, 7.01498
0.735404, 7.01382
0.822058, 7.0127
0.908722, 7.01162
0.995397, 7.01057
1.08231, 7.00956
1.16895, 7.00859
1.25559, 7.00765
1.34224, 7.00674
1.42889, 7.00586
1.51554, 7.00501
1.57503, 7.00418
1.64045, 7.00339
1.7, 7.00262
1.75947, 7.00187
1.81896, 7.00115
1.87844, 7.00044
1.93792, 6.99977
1.99741, 6.99911
2.05689, 6.99847
2.11638, 6.99785
2.17589, 6.99725
2.23538, 6.99667
2.29488, 6.99611
2.35437, 6.99556
2.41385, 6.99503
2.47334, 6.99452
2.53283, 6.99402
2.59232, 6.99354
2.65184, 6.99307
2.71133, 6.99261
2.77085, 6.99217
2.83035, 6.99174
2.88987, 6.99133
2.94937, 6.99092
3.00888, 6.99053
3.06839, 6.99015
3.12792, 6.98978
3.18744, 6.98942
3.24694, 6.98907
3.30645, 6.98873
3.36596, 6.9884
3.42547, 6.98808
3.48502, 6.98777
3.54453, 6.98747
3.60405, 6.98717
3.66922, 6.98688
3.72875, 6.98661
3.78829, 6.98633
3.84784, 6.98607
3.90737, 6.98582
3.9669, 6.98557
4.02643, 6.98532
4.08596, 6.98509
4.14548, 6.98486
4.20501, 6.98464
4.26453, 6.98442
4.32405, 6.98421
4.38357, 6.984
4.44309, 6.9838
4.5026, 6.98361
4.5621, 6.98342
4.6216, 6.98323
4.68112, 6.98305
4.74061, 6.98288
4.8001, 6.98271
4.85959, 6.98254
4.91911, 6.98238
4.9786, 6.98222
5.0381, 6.98207
5.0976, 6.98192
5.15711, 6.98177
5.2166, 6.98163
5.2761, 6.98149
5.33561, 6.98136
5.39512, 6.98123
5.4546, 6.9811
5.51409, 6.98097
5.57358, 6.98085
5.63307, 6.98073
5.69258, 6.98062
5.75208, 6.9805
5.82496, 6.98039
5.90771, 6.98029
5.98094, 6.98018
6.05413, 6.98008
6.12737, 6.97998
6.20057, 6.97988
6.27378, 6.97979
6.34295, 6.97969
6.40215, 6.9796
6.46125, 6.97951
6.52033, 6.97943
6.57943, 6.97934
6.63853, 6.97926
6.69763, 6.97918
6.75672, 6.9791
6.81581, 6.97903
6.87492, 6.97895
6.93408, 6.97888
6.9932, 6.97881
7.05584, 6.97874
7.11497, 6.97867
7.17415, 6.97861
7.23326, 6.97854
7.29235, 6.97848
7.35145, 6.97842
7.41059, 6.97836
7.46968, 6.9783
7.52881, 6.97824
7.58789, 6.97818
7.64698, 6.97813
7.70612, 6.97807
7.76524, 6.97802
7.82432, 6.97797
7.88342, 6.97792
7.9425, 6.97787
8.00158, 6.97782
8.06066, 6.97778
8.11978, 6.97773
8.17883, 6.97768
8.23789, 6.97764
8.29696, 6.9776
8.35604, 6.97755
8.4151, 6.97751
8.47422, 6.97747
8.5333, 6.97743
8.59234, 6.9774
8.65141, 6.97736
8.71048, 6.97732
8.76956, 6.97728
8.82864, 6.97725
8.88771, 6.97721
8.94677, 6.97718
9.0059, 6.97715
9.06496, 6.97711
9.12405, 6.97708
9.18314, 6.97705
9.24223, 6.97702
9.30128, 6.97699
9.36034, 6.97696
9.4194, 6.97693
9.47845, 6.97691
9.5375, 6.97688
9.59657, 6.97685
9.65567, 6.97682
9.71475, 6.9768
9.77379, 6.97677
9.83287, 6.97675
9.89193, 6.97672
9.95097, 6.9767
10.0101, 6.97668
10.0692, 6.97665
10.1282, 6.97663
10.1873, 6.97661
10.2463, 6.97659
10.3053, 6.97657
10.3644, 6.97655
10.4235, 6.97652
10.4825, 6.9765
10.5416, 6.97649
10.6006, 6.97647
10.6597, 6.97645
10.7188, 6.97643
10.7778, 6.97641
10.8369, 6.97639
10.8959, 6.97638
10.9551, 6.97636
11.0141, 6.97634
11.0732, 6.97633
11.1323, 6.97631
11.1914, 6.97629
11.2504, 6.97628
11.3095, 6.97626
11.3685, 6.97625
11.4276, 6.97623
11.4866, 6.97622
11.5457, 6.9762
11.6047, 6.97619
11.6638, 6.97618
11.7228, 6.97616
11.7819, 6.97615
11.8409, 6.97614
11.8999, 6.97613
11.959, 6.97611
12.0181, 6.9761
12.0771, 6.97609
12.1362, 6.97608
12.1953, 6.97607
12.2543, 6.97605
12.3134, 6.97604
12.3725, 6.97603
12.4315, 6.97602
12.4906, 6.97601
12.5497, 6.976
12.6088, 6.97599
12.6679, 6.97598
12.7269, 6.97597
12.786, 6.97596
12.8577, 6.97595
12.9167, 6.97594
12.9758, 6.97593
13.0348, 6.97592
13.0939, 6.97592
13.153, 6.97591
13.212, 6.9759
13.2711, 6.97589
13.3301, 6.97588
13.3892, 6.97587
13.4483, 6.97587
13.5074, 6.97586
13.5664, 6.97585
13.6255, 6.97584
13.6846, 6.97584
13.7437, 6.97583
13.8028, 6.97582
13.8618, 6.97581
13.9209, 6.97581
13.9799, 6.9758
14.039, 6.97579
14.0981, 6.97579
14.1571, 6.97578
14.2162, 6.97577
14.2753, 6.97577
14.3344, 6.97576
14.3935, 6.97576
14.4525, 6.97575
14.5116, 6.97574
14.5706, 6.97574
14.6296, 6.97573
14.6887, 6.97573
14.7478, 6.97572
14.8069, 6.97572
14.8659, 6.97571
14.925, 6.97571
14.9841, 6.9757
15.0431, 6.97569
15.1022, 6.97569
15.1613, 6.97568
15.2204, 6.97568
15.2794, 6.97568
15.3385, 6.97567
15.3976, 6.97567
15.4566, 6.97566
15.5157, 6.97566
15.5747, 6.97565
15.6338, 6.97565
15.6929, 6.97564
15.752, 6.97564
15.8115, 6.97563
15.8711, 6.97563
15.9302, 6.97563
15.9892, 6.97562
16.0482, 6.97562
16.1072, 6.97561
16.1662, 6.97561
16.2252, 6.97561
16.2842, 6.9756
16.3432, 6.9756
16.4022, 6.9756
16.4613, 6.97559
16.5202, 6.97559
16.5793, 6.97559
16.6383, 6.97558
16.6973, 6.97558
16.7563, 6.97558
16.8153, 6.97557
16.8743, 6.97557
16.9333, 6.97557
16.9923, 6.97556
17.0513, 6.97556
17.1103, 6.97556
17.1693, 6.97555
17.2284, 6.97555
17.2873, 6.97555
