0, 0.128386
0.0168731, 0.128386
0.0203436, 0.127695
0.0236742, 0.127402
0.0260417, 0.127107
0.0284066, 0.126812
0.0307934, 0.12652
0.0331328, 0.12623
0.0353583, 0.125945
0.0375861, 0.125665
0.0398102, 0.125393
0.0420413, 0.125124
0.0441816, 0.124863
0.0462885, 0.124605
0.0483889, 0.124355
0.0504953, 0.124111
0.0526022, 0.123878
0.054621, 0.123657
0.0566154, 0.123448
0.0586069, 0.123246
0.060598, 0.123054
0.0625927, 0.122873
0.0645379, 0.122704
0.0664339, 0.122543
0.0683269, 0.122393
0.0702555, 0.122251
0.0721537, 0.12212
0.0740513, 0.121997
0.0758625, 0.121882
0.0776685, 0.121776
0.0794694, 0.121678
0.0812797, 0.12159
0.0830872, 0.121512
0.0848899, 0.121443
0.086634, 0.121383
0.0883575, 0.121332
0.09009, 0.121289
0.091808, 0.121255
0.0935379, 0.121228
0.0952657, 0.12121
0.0969243, 0.121201
0.0985798, 0.121199
0.100228, 0.121203
0.104107, 0.121208
0.107868, 0.121325
0.111532, 0.12144
0.115203, 0.121551
0.11881, 0.121657
0.122336, 0.121761
0.125858, 0.121861
0.129349, 0.121956
0.132739, 0.122047
0.136133, 0.122134
0.139529, 0.122217
0.142796, 0.122297
0.146062, 0.122372
0.149329, 0.122443
0.152515, 0.122508
0.155672, 0.12257
0.158826, 0.122628
0.16192, 0.122683
0.164972, 0.122734
0.168015, 0.122783
0.16983, 0.122828
0.171602, 0.122871
0.173366, 0.12291
0.175126, 0.122948
0.176879, 0.122983
0.17864, 0.123016
0.180403, 0.123047
0.182118, 0.123076
0.183815, 0.123103
0.18552, 0.123129
0.187226, 0.123153
0.188929, 0.123176
0.190638, 0.123198
0.19231, 0.123218
0.193967, 0.123237
0.195626, 0.123255
0.197284, 0.123273
0.198934, 0.123289
0.200585, 0.123304
0.202228, 0.123319
0.203831, 0.123332
0.205438, 0.123345
0.207043, 0.123357
0.208645, 0.123368
0.210256, 0.123379
0.211859, 0.123389
0.21346, 0.123399
0.215022, 0.123408
0.216574, 0.123417
0.218135, 0.123425
0.219695, 0.123432
0.221255, 0.123439
0.222809, 0.123446
0.224324, 0.123453
0.225834, 0.123459
0.22735, 0.123464
0.228865, 0.12347
0.230384, 0.123475
0.231891, 0.12348
0.233408, 0.123484
0.234918, 0.123489
0.236429, 0.123493
0.237939, 0.123497
0.239455, 0.1235
0.240967, 0.123504
0.242482, 0.123507
0.244, 0.12351
0.24551, 0.123513
0.247023, 0.123515
0.248534, 0.123518
0.250047, 0.12352
0.251553, 0.123522
0.253074, 0.123524
0.254593, 0.123526
0.256152, 0.123528
0.257693, 0.12353
0.259215, 0.123532
0.260726, 0.123533
0.26225, 0.123535
0.263767, 0.123536
0.265321, 0.123537
0.266858, 0.123539
0.268407, 0.12354
0.269919, 0.123541
0.271457, 0.123542
0.273023, 0.123543
0.274593, 0.123544
0.276118, 0.123544
0.277628, 0.123545
0.279149, 0.123546
0.28066, 0.123546
0.282223, 0.123547
0.28374, 0.123547
0.285257, 0.123548
0.286765, 0.123548
0.288283, 0.123549
0.289791, 0.123549
0.291306, 0.123549
0.292816, 0.12355
0.29433, 0.12355
0.29584, 0.12355
0.29736, 0.12355
0.298872, 0.12355
0.300385, 0.12355
0.301901, 0.12355
0.303416, 0.12355
0.304923, 0.12355
0.306438, 0.12355
