0, 0.845393
3.53187, 0.842216
4.30803, 0.839501
5.08399, 0.83715
5.85893, 0.835095
6.63287, 0.833284
7.40807, 0.831676
8.18387, 0.830242
8.95993, 0.828957
9.73809, 0.827799
10.5112, 0.826753
11.2361, 0.825805
11.9617, 0.824943
12.6876, 0.824158
13.4115, 0.82344
14.1349, 0.822782
14.8603, 0.822179
15.5857, 0.821624
16.312, 0.821113
17.0368, 0.820641
17.7616, 0.820205
18.4848, 0.819802
19.2083, 0.819428
19.9323, 0.819081
20.6608, 0.818759
21.3869, 0.818459
22.1099, 0.81818
22.8328, 0.81792
23.5571, 0.817677
24.2821, 0.81745
25.0066, 0.817238
25.7314, 0.817039
26.4556, 0.816853
27.1801, 0.816678
27.9058, 0.816514
28.6304, 0.81636
29.3554, 0.816216
30.0802, 0.816079
30.805, 0.815951
31.5355, 0.81583
32.2599, 0.815716
32.9849, 0.815608
33.7093, 0.815507
34.4339, 0.815411
35.1578, 0.81532
35.8828, 0.815234
36.6069, 0.815152
37.331, 0.815075
38.0552, 0.815002
38.7797, 0.814932
39.5033, 0.814866
40.2273, 0.814803
40.9512, 0.814744
41.6749, 0.814687
42.3989, 0.814633
43.1222, 0.814582
43.8461, 0.814532
44.5694, 0.814486
45.2932, 0.814441
46.0169, 0.814399
46.7792, 0.814358
47.5021, 0.814319
48.225, 0.814282
48.9483, 0.814247
49.6715, 0.814213
50.1308, 0.81418
50.5903, 0.814149
51.0493, 0.814119
51.5082, 0.81409
51.9672, 0.814063
52.4265, 0.814037
52.8864, 0.814011
53.3459, 0.813987
53.8053, 0.813964
54.2642, 0.813941
54.7237, 0.81392
55.1826, 0.813899
55.6421, 0.813879
56.101, 0.81386
56.5603, 0.813841
57.019, 0.813823
57.4776, 0.813806
57.9367, 0.81379
58.3955, 0.813774
58.8543, 0.813758
59.3139, 0.813743
59.7728, 0.813729
60.2318, 0.813715
60.6909, 0.813702
61.15, 0.813689
61.6107, 0.813676
62.0695, 0.813664
62.5286, 0.813652
62.987, 0.813641
63.4458, 0.81363
63.9051, 0.813619
64.3633, 0.813609
64.8226, 0.813599
65.2811, 0.813589
65.7396, 0.81358
66.1981, 0.813571
66.6567, 0.813562
67.1156, 0.813554
67.5743, 0.813545
68.0325, 0.813537
68.4915, 0.81353
68.9508, 0.813522
69.4091, 0.813515
69.8676, 0.813507
70.3265, 0.8135
70.7851, 0.813494
71.2435, 0.813487
71.7029, 0.813481
72.1614, 0.813475
72.6202, 0.813469
73.0792, 0.813463
73.5378, 0.813457
73.997, 0.813451
74.4555, 0.813446
74.9288, 0.813441
75.3893, 0.813436
75.8488, 0.813431
76.3071, 0.813426
76.785, 0.813421
77.2433, 0.813416
77.7021, 0.813412
78.1604, 0.813408
78.6183, 0.813403
79.0764, 0.813399
79.5341, 0.813395
79.9914, 0.813391
80.4487, 0.813387
80.9063, 0.813383
81.3642, 0.81338
81.822, 0.813376
82.2796, 0.813373
82.7426, 0.813369
83.2021, 0.813366
83.6734, 0.813362
84.136, 0.813359
84.6127, 0.813356
85.0879, 0.813353
85.5716, 0.81335
86.0593, 0.813347
86.5392, 0.813344
87.0217, 0.813341
87.5066, 0.813339
87.9878, 0.813336
88.4716, 0.813333
88.9415, 0.813331
89.399, 0.813328
89.857, 0.813326
90.315, 0.813324
90.7731, 0.813321
91.2329, 0.813319
91.6966, 0.813317
92.1551, 0.813314
92.6139, 0.813312
93.0736, 0.81331
93.5318, 0.813308
93.9901, 0.813306
94.4484, 0.813304
94.9065, 0.813302
95.3644, 0.8133
95.8225, 0.813298
96.2811, 0.813296
96.7395, 0.813295
97.1976, 0.813293
97.6556, 0.813291
98.1135, 0.813289
98.5717, 0.813288
99.0296, 0.813286
99.488, 0.813285
99.9464, 0.813283
100.405, 0.813281
100.863, 0.81328
101.321, 0.813278
101.779, 0.813277
102.238, 0.813276
102.696, 0.813274
103.154, 0.813273
103.617, 0.813271
104.075, 0.81327
104.533, 0.813269
104.991, 0.813268
105.45, 0.813266
105.908, 0.813265
106.389, 0.813264
106.885, 0.813263
107.343, 0.813261
107.801, 0.81326
108.258, 0.813259
108.716, 0.813258
109.174, 0.813257
109.632, 0.813256
110.09, 0.813255
110.547, 0.813254
111.005, 0.813253
111.463, 0.813252
111.921, 0.813251
112.379, 0.81325
112.837, 0.813249
113.294, 0.813248
113.752, 0.813247
114.21, 0.813246
114.667, 0.813245
115.125, 0.813244
115.582, 0.813243
116.04, 0.813242
116.499, 0.813242
116.956, 0.813241
117.414, 0.81324
117.872, 0.813239
118.329, 0.813238
118.787, 0.813238
119.245, 0.813237
119.702, 0.813236
120.16, 0.813235
120.617, 0.813234
121.075, 0.813234
121.533, 0.813233
121.992, 0.813232
122.45, 0.813232
122.907, 0.813231
123.365, 0.81323
123.823, 0.81323
124.28, 0.813229
124.738, 0.813228
125.196, 0.813228
125.653, 0.813227
126.111, 0.813226
126.568, 0.813226
127.026, 0.813225
127.484, 0.813225
127.942, 0.813224
128.399, 0.813223
128.857, 0.813223
129.314, 0.813222
129.772, 0.813222
130.23, 0.813221
130.688, 0.813221
131.145, 0.81322
131.603, 0.81322
132.061, 0.813219
132.518, 0.813219
132.975, 0.813218
133.433, 0.813218
133.891, 0.813217
134.348, 0.813217
134.806, 0.813216
135.264, 0.813216
135.722, 0.813215
136.179, 0.813215
136.637, 0.813214
137.113, 0.813214
137.571, 0.813213
138.028, 0.813213
138.486, 0.813212
138.943, 0.813212
139.4, 0.813212
139.857, 0.813211
140.314, 0.813211
140.772, 0.81321
141.229, 0.81321
141.687, 0.81321
142.144, 0.813209
142.601, 0.813209
143.059, 0.813208
143.516, 0.813208
143.974, 0.813208
144.431, 0.813207
144.888, 0.813207
145.346, 0.813207
145.803, 0.813206
146.261, 0.813206
146.718, 0.813206
147.175, 0.813205
147.632, 0.813205
148.09, 0.813204
148.548, 0.813204
149.007, 0.813204
149.464, 0.813204
149.922, 0.813203
150.38, 0.813203
150.837, 0.813203
151.295, 0.813202
151.753, 0.813202
152.216, 0.813202
152.674, 0.813201
153.132, 0.813201
153.59, 0.813201
154.048, 0.8132
154.506, 0.8132
154.964, 0.8132
155.421, 0.8132
155.879, 0.813199
156.337, 0.813199
156.795, 0.813199
157.253, 0.813198
157.711, 0.813198
157.956, 0.813198
158.2, 0.813198
158.444, 0.813197
158.688, 0.813197
158.932, 0.813197
159.177, 0.813197
159.422, 0.813196
159.666, 0.813196
159.91, 0.813196
160.155, 0.813196
160.399, 0.813195
160.643, 0.813195
160.888, 0.813195
161.132, 0.813195
161.376, 0.813195
161.62, 0.813194
161.864, 0.813194
162.108, 0.813194
162.352, 0.813194
162.596, 0.813193
162.84, 0.813193
163.084, 0.813193
163.328, 0.813193
163.572, 0.813193
163.816, 0.813192
164.06, 0.813192
164.304, 0.813192
164.548, 0.813192
164.808, 0.813192
165.067, 0.813191
165.318, 0.813191
165.564, 0.813191
165.809, 0.813191
166.055, 0.813191
166.3, 0.81319
166.545, 0.81319
166.789, 0.81319
167.048, 0.81319
167.292, 0.81319
167.536, 0.813189
167.779, 0.813189
168.023, 0.813189
168.267, 0.813189
168.511, 0.813189
168.755, 0.813189
168.998, 0.813188
169.242, 0.813188
169.486, 0.813188
169.73, 0.813188
169.974, 0.813188
170.218, 0.813188
170.462, 0.813187
170.705, 0.813187
170.949, 0.813187
171.193, 0.813187
171.436, 0.813187
171.68, 0.813187
171.924, 0.813186
172.168, 0.813186
172.412, 0.813186
172.656, 0.813186
172.9, 0.813186
173.144, 0.813186
173.388, 0.813186
173.631, 0.813185
173.875, 0.813185
174.119, 0.813185
174.363, 0.813185
174.607, 0.813185
174.85, 0.813185
175.094, 0.813185
175.338, 0.813184
175.581, 0.813184
175.826, 0.813184
176.069, 0.813184
176.313, 0.813184
176.557, 0.813184
176.801, 0.813184
177.045, 0.813184
177.288, 0.813183
177.532, 0.813183
177.776, 0.813183
178.02, 0.813183
178.263, 0.813183
178.507, 0.813183
178.751, 0.813183
178.994, 0.813183
179.238, 0.813182
179.481, 0.813182
179.725, 0.813182
179.969, 0.813182
180.213, 0.813182
180.457, 0.813182
180.701, 0.813182
180.945, 0.813182
181.188, 0.813182
181.432, 0.813181
181.676, 0.813181
181.92, 0.813181
182.165, 0.813181
182.409, 0.813181
182.653, 0.813181
182.897, 0.813181
183.141, 0.813181
183.384, 0.813181
183.628, 0.81318
183.872, 0.81318
184.116, 0.81318
184.359, 0.81318
184.603, 0.81318
184.847, 0.81318
185.091, 0.81318
185.334, 0.81318
185.578, 0.81318
185.822, 0.81318
186.065, 0.813179
186.309, 0.813179
186.553, 0.813179
186.797, 0.813179
187.041, 0.813179
187.284, 0.813179
187.528, 0.813179
187.772, 0.813179
188.015, 0.813179
188.259, 0.813179
188.503, 0.813179
188.746, 0.813178
188.99, 0.813178
189.234, 0.813178
189.477, 0.813178
189.721, 0.813178
189.964, 0.813178
190.208, 0.813178
190.452, 0.813178
190.695, 0.813178
190.939, 0.813178
191.182, 0.813178
191.426, 0.813178
191.669, 0.813177
191.913, 0.813177
192.157, 0.813177
192.401, 0.813177
192.645, 0.813177
192.889, 0.813177
193.133, 0.813177
193.376, 0.813177
193.62, 0.813177
193.864, 0.813177
194.107, 0.813177
194.351, 0.813177
194.594, 0.813177
194.838, 0.813176
195.082, 0.813176
195.326, 0.813176
195.57, 0.813176
195.813, 0.813176
196.057, 0.813176
196.301, 0.813176
196.545, 0.813176
196.788, 0.813176
197.036, 0.813176
197.28, 0.813176
197.524, 0.813176
197.767, 0.813176
198.012, 0.813176
198.255, 0.813175
198.499, 0.813175
198.742, 0.813175
198.986, 0.813175
199.23, 0.813175
199.473, 0.813175
199.717, 0.813175
199.961, 0.813175
200.204, 0.813175
200.448, 0.813175
200.691, 0.813175
200.935, 0.813175
201.179, 0.813175
201.422, 0.813175
201.666, 0.813175
201.91, 0.813175
202.153, 0.813174
202.397, 0.813174
202.64, 0.813174
202.884, 0.813174
203.128, 0.813174
203.371, 0.813174
203.615, 0.813174
203.859, 0.813174
204.102, 0.813174
204.346, 0.813174
204.59, 0.813174
204.833, 0.813174
205.077, 0.813174
205.32, 0.813174
205.564, 0.813174
205.808, 0.813174
206.052, 0.813174
206.295, 0.813173
206.539, 0.813173
206.782, 0.813173
207.026, 0.813173
207.27, 0.813173
207.514, 0.813173
207.758, 0.813173
208.002, 0.813173
208.245, 0.813173
208.489, 0.813173
208.732, 0.813173
208.976, 0.813173
209.22, 0.813173
209.463, 0.813173
209.707, 0.813173
209.951, 0.813173
210.194, 0.813173
210.438, 0.813173
210.682, 0.813173
210.926, 0.813173
211.17, 0.813172
211.413, 0.813172
211.657, 0.813172
211.9, 0.813172
212.146, 0.813172
212.39, 0.813172
212.634, 0.813172
212.877, 0.813172
213.121, 0.813172
213.365, 0.813172
213.609, 0.813172
213.852, 0.813172
214.096, 0.813172
214.34, 0.813172
214.583, 0.813172
214.827, 0.813172
215.07, 0.813172
215.314, 0.813172
215.557, 0.813172
215.801, 0.813172
216.045, 0.813172
216.288, 0.813172
216.532, 0.813171
216.776, 0.813171
217.019, 0.813171
217.263, 0.813171
217.507, 0.813171
217.751, 0.813171
217.995, 0.813171
218.239, 0.813171
218.483, 0.813171
218.726, 0.813171
218.97, 0.813171
219.213, 0.813171
219.457, 0.813171
219.701, 0.813171
219.944, 0.813171
220.188, 0.813171
220.431, 0.813171
220.675, 0.813171
220.919, 0.813171
221.162, 0.813171
221.406, 0.813171
221.65, 0.813171
221.893, 0.813171
222.137, 0.813171
222.38, 0.813171
222.624, 0.81317
222.868, 0.81317
223.112, 0.81317
223.356, 0.81317
223.6, 0.81317
223.843, 0.81317
224.087, 0.81317
224.331, 0.81317
224.575, 0.81317
224.818, 0.81317
225.062, 0.81317
225.306, 0.81317
225.55, 0.81317
225.793, 0.81317
226.037, 0.81317
226.281, 0.81317
226.524, 0.81317
226.768, 0.81317
227.011, 0.81317
227.268, 0.81317
227.513, 0.81317
227.756, 0.81317
228, 0.81317
228.244, 0.81317
228.487, 0.81317
228.731, 0.81317
228.975, 0.81317
229.219, 0.81317
229.462, 0.81317
229.706, 0.81317
229.95, 0.813169
230.193, 0.813169
230.437, 0.813169
230.68, 0.813169
230.924, 0.813169
231.168, 0.813169
231.411, 0.813169
231.655, 0.813169
231.899, 0.813169
232.142, 0.813169
232.386, 0.813169
232.63, 0.813169
232.874, 0.813169
233.118, 0.813169
233.361, 0.813169
233.605, 0.813169
233.849, 0.813169
234.092, 0.813169
234.337, 0.813169
234.581, 0.813169
234.824, 0.813169
235.068, 0.813169
235.311, 0.813169
235.555, 0.813169
235.799, 0.813169
236.042, 0.813169
236.286, 0.813169
236.53, 0.813169
236.773, 0.813169
237.017, 0.813169
237.261, 0.813169
237.504, 0.813169
237.748, 0.813169
237.991, 0.813169
238.235, 0.813168
238.479, 0.813168
238.722, 0.813168
238.966, 0.813168
239.209, 0.813168
239.453, 0.813168
239.697, 0.813168
239.94, 0.813168
240.184, 0.813168
240.427, 0.813168
240.671, 0.813168
240.915, 0.813168
241.159, 0.813168
241.402, 0.813168
241.646, 0.813168
241.889, 0.813168
242.133, 0.813168
242.378, 0.813168
242.622, 0.813168
242.865, 0.813168
243.109, 0.813168
243.353, 0.813168
243.596, 0.813168
243.84, 0.813168
244.084, 0.813168
244.327, 0.813168
244.571, 0.813168
244.814, 0.813168
245.058, 0.813168
245.301, 0.813168
245.545, 0.813168
245.789, 0.813168
246.032, 0.813168
246.276, 0.813168
246.519, 0.813168
246.763, 0.813168
247.007, 0.813168
247.25, 0.813168
247.494, 0.813168
247.737, 0.813168
247.98, 0.813168
248.224, 0.813168
248.468, 0.813167
248.711, 0.813167
248.955, 0.813167
249.199, 0.813167
249.442, 0.813167
249.686, 0.813167
249.93, 0.813167
250.173, 0.813167
250.417, 0.813167
250.661, 0.813167
250.905, 0.813167
251.148, 0.813167
251.392, 0.813167
251.636, 0.813167
251.879, 0.813167
252.123, 0.813167
252.367, 0.813167
252.61, 0.813167
252.854, 0.813167
253.098, 0.813167
253.342, 0.813167
253.586, 0.813167
253.829, 0.813167
254.073, 0.813167
254.317, 0.813167
254.561, 0.813167
254.823, 0.813167
255.084, 0.813167
255.343, 0.813167
255.589, 0.813167
255.833, 0.813167
256.077, 0.813167
256.32, 0.813167
256.564, 0.813167
256.808, 0.813167
257.051, 0.813167
257.298, 0.813167
257.542, 0.813167
257.786, 0.813167
258.03, 0.813167
258.273, 0.813167
258.517, 0.813167
258.761, 0.813167
259.005, 0.813167
259.249, 0.813167
259.492, 0.813167
259.736, 0.813167
259.98, 0.813167
260.224, 0.813167
260.467, 0.813167
260.711, 0.813167
260.954, 0.813166
261.198, 0.813166
261.441, 0.813166
261.685, 0.813166
261.929, 0.813166
262.173, 0.813166
262.417, 0.813166
262.66, 0.813166
262.904, 0.813166
263.147, 0.813166
263.391, 0.813166
263.635, 0.813166
263.878, 0.813166
264.122, 0.813166
264.366, 0.813166
264.61, 0.813166
264.853, 0.813166
265.097, 0.813166
265.341, 0.813166
265.584, 0.813166
265.828, 0.813166
266.071, 0.813166
266.314, 0.813166
266.558, 0.813166
266.802, 0.813166
267.045, 0.813166
267.289, 0.813166
267.533, 0.813166
267.776, 0.813166
268.02, 0.813166
268.263, 0.813166
268.507, 0.813166
268.751, 0.813166
268.994, 0.813166
269.238, 0.813166
269.482, 0.813166
269.725, 0.813166
269.969, 0.813166
270.213, 0.813166
270.456, 0.813166
270.699, 0.813166
270.943, 0.813166
271.187, 0.813166
271.431, 0.813166
271.674, 0.813166
271.918, 0.813166
272.161, 0.813166
272.407, 0.813166
272.65, 0.813166
272.894, 0.813166
273.138, 0.813166
273.381, 0.813166
273.625, 0.813166
273.868, 0.813166
274.112, 0.813166
274.355, 0.813166
274.599, 0.813166
274.842, 0.813166
275.086, 0.813166
275.329, 0.813166
275.573, 0.813166
275.816, 0.813166
276.06, 0.813166
276.303, 0.813166
276.547, 0.813166
276.79, 0.813166
277.034, 0.813165
277.277, 0.813165
277.521, 0.813165
277.764, 0.813165
278.008, 0.813165
278.251, 0.813165
278.495, 0.813165
278.738, 0.813165
278.982, 0.813165
279.225, 0.813165
279.469, 0.813165
279.712, 0.813165
279.956, 0.813165
280.2, 0.813165
280.443, 0.813165
280.687, 0.813165
280.93, 0.813165
281.174, 0.813165
281.417, 0.813165
281.661, 0.813165
281.905, 0.813165
282.148, 0.813165
282.392, 0.813165
282.636, 0.813165
282.879, 0.813165
283.123, 0.813165
283.366, 0.813165
283.61, 0.813165
283.854, 0.813165
284.097, 0.813165
284.341, 0.813165
284.584, 0.813165
284.828, 0.813165
285.072, 0.813165
285.315, 0.813165
285.559, 0.813165
285.803, 0.813165
286.046, 0.813165
286.29, 0.813165
286.534, 0.813165
286.778, 0.813165
287.022, 0.813165
287.266, 0.813165
287.521, 0.813165
287.768, 0.813165
288.012, 0.813165
288.256, 0.813165
288.5, 0.813165
288.743, 0.813165
288.988, 0.813165
289.233, 0.813165
289.477, 0.813165
289.72, 0.813165
289.964, 0.813165
290.208, 0.813165
290.452, 0.813165
290.696, 0.813165
290.94, 0.813165
291.184, 0.813165
291.428, 0.813165
291.672, 0.813165
291.916, 0.813165
292.161, 0.813165
292.404, 0.813165
292.648, 0.813165
292.892, 0.813165
293.136, 0.813165
293.38, 0.813165
293.624, 0.813165
293.868, 0.813165
294.113, 0.813165
294.357, 0.813165
294.602, 0.813165
294.846, 0.813165
295.091, 0.813165
295.335, 0.813165
295.578, 0.813165
295.822, 0.813165
296.066, 0.813165
296.31, 0.813165
296.554, 0.813165
296.798, 0.813165
297.042, 0.813165
297.286, 0.813165
297.529, 0.813165
297.773, 0.813165
298.018, 0.813165
298.261, 0.813165
298.505, 0.813164
298.749, 0.813164
298.993, 0.813164
299.237, 0.813164
299.481, 0.813164
299.725, 0.813164
299.969, 0.813164
300.214, 0.813164
300.458, 0.813164
300.702, 0.813164
300.946, 0.813164
301.19, 0.813164
301.433, 0.813164
301.677, 0.813164
301.921, 0.813164
302.166, 0.813164
302.41, 0.813164
302.655, 0.813164
302.899, 0.813164
303.143, 0.813164
303.388, 0.813164
303.631, 0.813164
303.876, 0.813164
304.12, 0.813164
304.364, 0.813164
304.608, 0.813164
304.852, 0.813164
305.095, 0.813164
305.339, 0.813164
305.583, 0.813164
305.827, 0.813164
306.072, 0.813164
306.318, 0.813164
306.561, 0.813164
306.805, 0.813164
307.049, 0.813164
307.293, 0.813164
307.537, 0.813164
307.781, 0.813164
308.026, 0.813164
308.27, 0.813164
308.513, 0.813164
308.758, 0.813164
309.002, 0.813164
309.255, 0.813164
309.513, 0.813164
309.77, 0.813164
310.028, 0.813164
310.285, 0.813164
310.543, 0.813164
310.801, 0.813164
311.058, 0.813164
311.315, 0.813164
311.573, 0.813164
311.825, 0.813164
312.071, 0.813164
312.316, 0.813164
312.562, 0.813164
312.808, 0.813164
313.062, 0.813164
313.309, 0.813164
313.556, 0.813164
313.801, 0.813164
314.046, 0.813164
314.294, 0.813164
314.541, 0.813164
314.788, 0.813164
315.036, 0.813164
315.284, 0.813164
315.531, 0.813164
315.778, 0.813164
316.028, 0.813164
316.274, 0.813164
316.521, 0.813164
316.768, 0.813164
317.019, 0.813164
317.27, 0.813164
317.518, 0.813164
317.772, 0.813164
318.02, 0.813164
318.27, 0.813164
318.518, 0.813164
318.764, 0.813164
319.011, 0.813164
319.259, 0.813164
319.514, 0.813164
319.763, 0.813164
320.008, 0.813164
320.254, 0.813164
320.499, 0.813164
320.745, 0.813164
320.99, 0.813164
321.234, 0.813164
321.478, 0.813164
321.722, 0.813164
321.966, 0.813164
322.21, 0.813164
322.463, 0.813164
322.707, 0.813164
322.954, 0.813164
323.204, 0.813164
323.448, 0.813164
323.691, 0.813164
323.935, 0.813164
324.179, 0.813164
324.423, 0.813164
324.667, 0.813164
324.91, 0.813164
325.154, 0.813164
325.398, 0.813164
325.642, 0.813164
325.888, 0.813164
326.132, 0.813164
326.376, 0.813164
326.621, 0.813164
326.865, 0.813164
327.109, 0.813164
327.353, 0.813164
327.597, 0.813164
327.841, 0.813164
328.085, 0.813164
328.329, 0.813164
328.574, 0.813164
328.819, 0.813164
329.063, 0.813164
