0.146447, 0.146447
0.164124, 0.129612
0.181802, 0.114319
0.19948, 0.100391
0.217157, 0.0876894
0.234835, 0.0761044
0.252513, 0.0655463
0.27019, 0.055942
0.287868, 0.0472307
0.305546, 0.0393619
0.323223, 0.0322928
0.340901, 0.0259879
0.358579, 0.0204168
0.376256, 0.0155544
0.393934, 0.0113795
0.411612, 0.00787451
0.429289, 0.00502525
0.446967, 0.00282045
0.464645, 0.00125157
0.482322, 0.000312598
0.5, 0
0.517678, 0.000312598
0.535355, 0.00125157
0.553033, 0.00282045
0.570711, 0.00502525
0.588388, 0.00787451
0.606066, 0.0113795
0.623744, 0.0155544
0.641421, 0.0204168
0.659099, 0.0259879
0.676777, 0.0322928
0.694454, 0.0393619
0.712132, 0.0472307
0.72981, 0.055942
0.747487, 0.0655463
0.765165, 0.0761044
0.782843, 0.0876894
0.80052, 0.100391
0.818198, 0.114319
0.835876, 0.129612
0.853553, 0.146447
0.129612, 0.164124
0.148131, 0.148131
0.166651, 0.133603
0.18517, 0.120372
0.20369, 0.108306
0.22221, 0.0973007
0.240729, 0.087271
0.259249, 0.0781474
0.277769, 0.0698723
0.296288, 0.0623974
0.314808, 0.0556823
0.333327, 0.0496931
0.351846, 0.0444011
0.370366, 0.0397823
0.388885, 0.0358165
0.407404, 0.0324871
0.425923, 0.0297806
0.444443, 0.0276863
0.462962, 0.026196
0.481481, 0.0253041
0.5, 0.0250071
0.518519, 0.0253041
0.537038, 0.026196
0.555557, 0.0276863
0.574077, 0.0297806
0.592596, 0.0324871
0.611115, 0.0358165
0.629634, 0.0397823
0.648154, 0.0444011
0.666673, 0.0496931
0.685192, 0.0556823
0.703712, 0.0623974
0.722231, 0.0698723
0.740751, 0.0781474
0.759271, 0.087271
0.77779, 0.0973007
0.79631, 0.108306
0.81483, 0.120372
0.833349, 0.133603
0.851869, 0.148131
0.870388, 0.164124
0.114319, 0.181802
0.133603, 0.166651
0.152888, 0.152888
0.172172, 0.140353
0.191457, 0.128923
0.210741, 0.118497
0.230026, 0.108996
0.24931, 0.100353
0.268595, 0.0925138
0.287879, 0.0854327
0.307163, 0.0790716
0.326447, 0.073398
0.345731, 0.0683849
0.365015, 0.0640095
0.384299, 0.0602527
0.403582, 0.0570988
0.422866, 0.0545349
0.442149, 0.0525509
0.461433, 0.0511392
0.480716, 0.0502943
0.5, 0.050013
0.519284, 0.0502943
0.538567, 0.0511392
0.557851, 0.0525509
0.577134, 0.0545349
0.596418, 0.0570988
0.615701, 0.0602527
0.634985, 0.0640095
0.654269, 0.0683849
0.673553, 0.073398
0.692837, 0.0790716
0.712121, 0.0854327
0.731405, 0.0925138
0.75069, 0.100353
0.769974, 0.108996
0.789259, 0.118497
0.808543, 0.128923
0.827828, 0.140353
0.847112, 0.152888
0.866397, 0.166651
0.885681, 0.181802
0.100391, 0.19948
0.120372, 0.18517
0.140353, 0.172172
0.160335, 0.160335
0.180316, 0.14954
0.200297, 0.139694
0.220278, 0.13072
0.240259, 0.122558
0.26024, 0.115155
0.280221, 0.108468
0.300201, 0.10246
0.320181, 0.0971017
0.340161, 0.0923672
0.360141, 0.0882349
0.380121, 0.0846867
0.400101, 0.0817079
0.420081, 0.0792864
0.440061, 0.0774126
0.460041, 0.0760791
0.48002, 0.0752811
0.5, 0.0750154
0.51998, 0.0752811
0.539959, 0.0760791
0.559939, 0.0774126
0.579919, 0.0792864
0.599899, 0.0817079
0.619879, 0.0846867
0.639859, 0.0882349
0.659839, 0.0923672
0.679819, 0.0971017
0.699799, 0.10246
0.719779, 0.108468
0.73976, 0.115155
0.759741, 0.122558
0.779722, 0.13072
0.799703, 0.139694
0.819684, 0.14954
0.839665, 0.160335
0.859647, 0.172172
0.879628, 0.18517
0.899609, 0.19948
0.0876894, 0.217157
0.108306, 0.20369
0.128923, 0.191457
0.14954, 0.180316
0.170156, 0.170156
0.190773, 0.16089
0.211389, 0.152445
0.232005, 0.144763
0.252621, 0.137795
0.273236, 0.131501
0.293852, 0.125847
0.314467, 0.120803
0.335081, 0.116347
0.355696, 0.112457
0.376311, 0.109117
0.396926, 0.106312
0.41754, 0.104032
0.438155, 0.102268
0.45877, 0.101013
0.479385, 0.100261
0.5, 0.100011
0.520615, 0.100261
0.54123, 0.101013
0.561845, 0.102268
0.58246, 0.104032
0.603074, 0.106312
0.623689, 0.109117
0.644304, 0.112457
0.664919, 0.116347
0.685533, 0.120803
0.706148, 0.125847
0.726764, 0.131501
0.747379, 0.137795
0.767995, 0.144763
0.788611, 0.152445
0.809227, 0.16089
0.829844, 0.170156
0.85046, 0.180316
0.871077, 0.191457
0.891694, 0.20369
0.912311, 0.217157
0.0761044, 0.234835
0.0973007, 0.22221
0.118497, 0.210741
0.139694, 0.200297
0.16089, 0.190773
0.182086, 0.182086
0.203281, 0.174169
0.224476, 0.166967
0.245671, 0.160434
0.266865, 0.154533
0.288059, 0.149231
0.309253, 0.144501
0.330446, 0.140322
0.35164, 0.136674
0.372833, 0.133541
0.394027, 0.13091
0.415222, 0.128772
0.436416, 0.127117
0.457611, 0.125939
0.478805, 0.125235
0.5, 0.125
0.521195, 0.125235
0.542389, 0.125939
0.563584, 0.127117
0.584778, 0.128772
0.605973, 0.13091
0.627167, 0.133541
0.64836, 0.136674
0.669554, 0.140322
0.690747, 0.144501
0.711941, 0.149231
0.733135, 0.154533
0.754329, 0.160434
0.775524, 0.166967
0.796719, 0.174169
0.817914, 0.182086
0.83911, 0.190773
0.860306, 0.200297
0.881503, 0.210741
0.902699, 0.22221
0.923896, 0.234835
0.0655463, 0.252513
0.087271, 0.240729
0.108996, 0.230026
0.13072, 0.220278
0.152445, 0.211389
0.174169, 0.203281
0.195892, 0.195892
0.217614, 0.18917
0.239336, 0.183072
0.261057, 0.177562
0.282778, 0.172612
0.304498, 0.168196
0.326219, 0.164293
0.34794, 0.160887
0.369662, 0.157961
0.391384, 0.155505
0.413107, 0.153509
0.43483, 0.151964
0.456553, 0.150865
0.478277, 0.150207
0.5, 0.149988
0.521723, 0.150207
0.543447, 0.150865
0.56517, 0.151964
0.586893, 0.153509
0.608616, 0.155505
0.630338, 0.157961
0.65206, 0.160887
0.673781, 0.164293
0.695502, 0.168196
0.717222, 0.172612
0.738943, 0.177562
0.760664, 0.183072
0.782386, 0.18917
0.804108, 0.195892
0.825831, 0.203281
0.847555, 0.211389
0.86928, 0.220278
0.891004, 0.230026
0.912729, 0.240729
0.934454, 0.252513
0.055942, 0.27019
0.0781474, 0.259249
0.100353, 0.24931
0.122558, 0.240259
0.144763, 0.232005
0.166967, 0.224476
0.18917, 0.217614
0.211371, 0.211371
0.233572, 0.205707
0.255772, 0.20059
0.277971, 0.195991
0.300172, 0.191889
0.322373, 0.188264
0.344575, 0.1851
0.366777, 0.182384
0.38898, 0.180104
0.411184, 0.178251
0.433388, 0.176817
0.455592, 0.175797
0.477796, 0.175186
0.5, 0.174983
0.522204, 0.175186
0.544408, 0.175797
0.566612, 0.176817
0.588816, 0.178251
0.61102, 0.180104
0.633223, 0.182384
0.655425, 0.1851
0.677627, 0.188264
0.699828, 0.191889
0.722029, 0.195991
0.744228, 0.20059
0.766428, 0.205707
0.788629, 0.211371
0.81083, 0.217614
0.833033, 0.224476
0.855237, 0.232005
0.877442, 0.240259
0.899647, 0.24931
0.921853, 0.259249
0.944058, 0.27019
0.0472307, 0.287868
0.0698723, 0.277769
0.0925138, 0.268595
0.115155, 0.26024
0.137795, 0.252621
0.160434, 0.245671
0.183072, 0.239336
0.205707, 0.233572
0.228342, 0.228342
0.250976, 0.223616
0.273611, 0.21937
0.296247, 0.215583
0.318884, 0.212238
0.341523, 0.209318
0.364162, 0.206812
0.386802, 0.204709
0.409441, 0.202999
0.432081, 0.201677
0.454721, 0.200735
0.47736, 0.200172
0.5, 0.199985
0.52264, 0.200172
0.545279, 0.200735
0.567919, 0.201677
0.590559, 0.202999
0.613198, 0.204709
0.635838, 0.206812
0.658477, 0.209318
0.681116, 0.212238
0.703753, 0.215583
0.726389, 0.21937
0.749024, 0.223616
0.771658, 0.228342
0.794293, 0.233572
0.816928, 0.239336
0.839566, 0.245671
0.862205, 0.252621
0.884845, 0.26024
0.907486, 0.268595
0.930128, 0.277769
0.952769, 0.287868
0.0393619, 0.305546
0.0623974, 0.296288
0.0854327, 0.287879
0.108468, 0.280221
0.131501, 0.273236
0.154533, 0.266865
0.177562, 0.261057
0.20059, 0.255772
0.223616, 0.250976
0.246643, 0.246643
0.269672, 0.242751
0.292703, 0.239281
0.315735, 0.236215
0.338768, 0.233541
0.361801, 0.231245
0.384835, 0.229318
0.407868, 0.227752
0.430902, 0.226541
0.453935, 0.225679
0.476967, 0.225163
0.5, 0.224991
0.523033, 0.225163
0.546065, 0.225679
0.569098, 0.226541
0.592132, 0.227752
0.615165, 0.229318
0.638199, 0.231245
0.661232, 0.233541
0.684265, 0.236215
0.707297, 0.239281
0.730328, 0.242751
0.753357, 0.246643
0.776384, 0.250976
0.79941, 0.255772
0.822438, 0.261057
0.845467, 0.266865
0.868499, 0.273236
0.891532, 0.280221
0.914567, 0.287879
0.937603, 0.296288
0.960638, 0.305546
0.0322928, 0.323223
0.0556823, 0.314808
0.0790716, 0.307163
0.10246, 0.300201
0.125847, 0.293852
0.149231, 0.288059
0.172612, 0.282778
0.195991, 0.277971
0.21937, 0.273611
0.242751, 0.269672
0.266135, 0.266135
0.28952, 0.262981
0.312907, 0.260196
0.336295, 0.257766
0.359682, 0.25568
0.38307, 0.25393
0.406457, 0.252508
0.429843, 0.251407
0.453229, 0.250624
0.476615, 0.250156
0.5, 0.25
0.523385, 0.250156
0.546771, 0.250624
0.570157, 0.251407
0.593543, 0.252508
0.61693, 0.25393
0.640318, 0.25568
0.663705, 0.257766
0.687093, 0.260196
0.71048, 0.262981
0.733865, 0.266135
0.757249, 0.269672
0.78063, 0.273611
0.804009, 0.277971
0.827388, 0.282778
0.850769, 0.288059
0.874153, 0.293852
0.89754, 0.300201
0.920928, 0.307163
0.944318, 0.314808
0.967707, 0.323223
0.0259879, 0.340901
0.0496931, 0.333327
0.073398, 0.326447
0.0971017, 0.320181
0.120803, 0.314467
0.144501, 0.309253
0.168196, 0.304498
0.191889, 0.300172
0.215583, 0.296247
0.239281, 0.292703
0.262981, 0.28952
0.286684, 0.286684
0.310387, 0.284178
0.334091, 0.281993
0.357794, 0.280117
0.381497, 0.278543
0.405199, 0.277264
0.4289, 0.276274
0.4526, 0.27557
0.4763, 0.275149
0.5, 0.275009
0.5237, 0.275149
0.5474, 0.27557
0.5711, 0.276274
0.594801, 0.277264
0.618503, 0.278543
0.642206, 0.280117
0.665909, 0.281993
0.689613, 0.284178
0.713316, 0.286684
0.737019, 0.28952
0.760719, 0.292703
0.784417, 0.296247
0.808111, 0.300172
0.831804, 0.304498
0.855499, 0.309253
0.879197, 0.314467
0.902898, 0.320181
0.926602, 0.326447
0.950307, 0.333327
0.974012, 0.340901
0.0204168, 0.358579
0.0444011, 0.351846
0.0683849, 0.345731
0.0923672, 0.340161
0.116347, 0.335081
0.140322, 0.330446
0.164293, 0.326219
0.188264, 0.322373
0.212238, 0.318884
0.236215, 0.315735
0.260196, 0.312907
0.284178, 0.310387
0.308161, 0.308161
0.332144, 0.30622
0.356127, 0.304554
0.380108, 0.303156
0.404088, 0.30202
0.428067, 0.301141
0.452045, 0.300515
0.476023, 0.300141
0.5, 0.300016
0.523977, 0.300141
0.547955, 0.300515
0.571933, 0.301141
0.595912, 0.30202
0.619892, 0.303156
0.643873, 0.304554
0.667856, 0.30622
0.691839, 0.308161
0.715822, 0.310387
0.739804, 0.312907
0.763785, 0.315735
0.787762, 0.318884
0.811736, 0.322373
0.835707, 0.326219
0.859678, 0.330446
0.883653, 0.335081
0.907633, 0.340161
0.931615, 0.345731
0.955599, 0.351846
0.979583, 0.358579
0.0155544, 0.376256
0.0397823, 0.370366
0.0640095, 0.365015
0.0882349, 0.360141
0.112457, 0.355696
0.136674, 0.35164
0.160887, 0.34794
0.1851, 0.344575
0.209318, 0.341523
0.233541, 0.338768
0.257766, 0.336295
0.281993, 0.334091
0.30622, 0.332144
0.330447, 0.330447
0.354672, 0.32899
0.378896, 0.327767
0.403119, 0.326773
0.42734, 0.326004
0.45156, 0.325456
0.47578, 0.325128
0.5, 0.325019
0.52422, 0.325128
0.54844, 0.325456
0.57266, 0.326004
0.596881, 0.326773
0.621104, 0.327767
0.645328, 0.32899
0.669553, 0.330447
0.69378, 0.332144
0.718007, 0.334091
0.742234, 0.336295
0.766459, 0.338768
0.790682, 0.341523
0.8149, 0.344575
0.839113, 0.34794
0.863326, 0.35164
0.887543, 0.355696
0.911765, 0.360141
0.935991, 0.365015
0.960218, 0.370366
0.984446, 0.376256
0.0113795, 0.393934
0.0358165, 0.388885
0.0602527, 0.384299
0.0846867, 0.380121
0.109117, 0.376311
0.133541, 0.372833
0.157961, 0.369662
0.182384, 0.366777
0.206812, 0.364162
0.231245, 0.361801
0.25568, 0.359682
0.280117, 0.357794
0.304554, 0.356127
0.32899, 0.354672
0.353424, 0.353424
0.377856, 0.352376
0.402286, 0.351523
0.426715, 0.350862
0.451143, 0.350391
0.475571, 0.350108
0.5, 0.350013
0.524429, 0.350108
0.548857, 0.350391
0.573285, 0.350862
0.597714, 0.351523
0.622144, 0.352376
0.646576, 0.353424
0.67101, 0.354672
0.695446, 0.356127
0.719883, 0.357794
0.74432, 0.359682
0.768755, 0.361801
0.793188, 0.364162
0.817616, 0.366777
0.842039, 0.369662
0.866459, 0.372833
0.890883, 0.376311
0.915313, 0.380121
0.939747, 0.384299
0.964184, 0.388885
0.988621, 0.393934
0.00787451, 0.411612
0.0324871, 0.407404
0.0570988, 0.403582
0.0817079, 0.400101
0.106312, 0.396926
0.13091, 0.394027
0.155505, 0.391384
0.180104, 0.38898
0.204709, 0.386802
0.229318, 0.384835
0.25393, 0.38307
0.278543, 0.381497
0.303156, 0.380108
0.327767, 0.378896
0.352376, 0.377856
0.376982, 0.376982
0.401585, 0.376269
0.426187, 0.375715
0.45079, 0.375318
0.475394, 0.37508
0.5, 0.375
0.524606, 0.37508
0.54921, 0.375318
0.573813, 0.375715
0.598415, 0.376269
0.623018, 0.376982
0.647624, 0.377856
0.672233, 0.378896
0.696844, 0.380108
0.721457, 0.381497
0.74607, 0.38307
0.770682, 0.384835
0.795291, 0.386802
0.819896, 0.38898
0.844495, 0.391384
0.86909, 0.394027
0.893688, 0.396926
0.918292, 0.400101
0.942901, 0.403582
0.967513, 0.407404
0.992125, 0.411612
0.00502525, 0.429289
0.0297806, 0.425923
0.0545349, 0.422866
0.0792864, 0.420081
0.104032, 0.41754
0.128772, 0.415222
0.153509, 0.413107
0.178251, 0.411184
0.202999, 0.409441
0.227752, 0.407868
0.252508, 0.406457
0.277264, 0.405199
0.30202, 0.404088
0.326773, 0.403119
0.351523, 0.402286
0.376269, 0.401585
0.401012, 0.401012
0.425754, 0.400564
0.450499, 0.400243
0.475248, 0.400051
0.5, 0.399987
0.524752, 0.400051
0.549501, 0.400243
0.574246, 0.400564
0.598988, 0.401012
0.623731, 0.401585
0.648477, 0.402286
0.673227, 0.403119
0.69798, 0.404088
0.722736, 0.405199
0.747492, 0.406457
0.772248, 0.407868
0.797001, 0.409441
0.821749, 0.411184
0.846491, 0.413107
0.871228, 0.415222
0.895968, 0.41754
0.920714, 0.420081
0.945465, 0.422866
0.970219, 0.425923
0.994975, 0.429289
0.00282045, 0.446967
0.0276863, 0.444443
0.0525509, 0.442149
0.0774126, 0.440061
0.102268, 0.438155
0.127117, 0.436416
0.151964, 0.43483
0.176817, 0.433388
0.201677, 0.432081
0.226541, 0.430902
0.251407, 0.429843
0.276274, 0.4289
0.301141, 0.428067
0.326004, 0.42734
0.350862, 0.426715
0.375715, 0.426187
0.400564, 0.425754
0.425415, 0.425415
0.450273, 0.425174
0.475135, 0.425029
0.5, 0.424981
0.524865, 0.425029
0.549727, 0.425174
0.574585, 0.425415
0.599436, 0.425754
0.624285, 0.426187
0.649138, 0.426715
0.673996, 0.42734
0.698859, 0.428067
0.723726, 0.4289
0.748593, 0.429843
0.773459, 0.430902
0.798323, 0.432081
0.823183, 0.433388
0.848036, 0.43483
0.872883, 0.436416
0.897732, 0.438155
0.922587, 0.440061
0.947449, 0.442149
0.972314, 0.444443
0.99718, 0.446967
0.00125157, 0.464645
0.026196, 0.462962
0.0511392, 0.461433
0.0760791, 0.460041
0.101013, 0.45877
0.125939, 0.457611
0.150865, 0.456553
0.175797, 0.455592
0.200735, 0.454721
0.225679, 0.453935
0.250624, 0.453229
0.27557, 0.4526
0.300515, 0.452045
0.325456, 0.45156
0.350391, 0.451143
0.375318, 0.45079
0.400243, 0.450499
0.425174, 0.450273
0.450112, 0.450112
0.475055, 0.450015
0.5, 0.449983
0.524945, 0.450015
0.549888, 0.450112
0.574826, 0.450273
0.599757, 0.450499
0.624682, 0.45079
0.649609, 0.451143
0.674544, 0.45156
0.699485, 0.452045
0.72443, 0.4526
0.749376, 0.453229
0.774321, 0.453935
0.799265, 0.454721
0.824203, 0.455592
0.849135, 0.456553
0.874061, 0.457611
0.898987, 0.45877
0.923921, 0.460041
0.948861, 0.461433
0.973804, 0.462962
0.998748, 0.464645
0.000312598, 0.482322
0.0253041, 0.481481
0.0502943, 0.480716
0.0752811, 0.48002
0.100261, 0.479385
0.125235, 0.478805
0.150207, 0.478277
0.175186, 0.477796
0.200172, 0.47736
0.225163, 0.476967
0.250156, 0.476615
0.275149, 0.4763
0.300141, 0.476023
0.325128, 0.47578
0.350108, 0.475571
0.37508, 0.475394
0.400051, 0.475248
0.425029, 0.475135
0.450015, 0.475055
0.475007, 0.475007
0.5, 0.474991
0.524993, 0.475007
0.549985, 0.475055
0.574971, 0.475135
0.599949, 0.475248
0.62492, 0.475394
0.649892, 0.475571
0.674872, 0.47578
0.699859, 0.476023
0.724851, 0.4763
0.749844, 0.476615
0.774837, 0.476967
0.799828, 0.47736
0.824814, 0.477796
0.849793, 0.478277
0.874765, 0.478805
0.899739, 0.479385
0.924719, 0.48002
0.949706, 0.480716
0.974696, 0.481481
0.999687, 0.482322
0, 0.5
0.0250071, 0.5
0.050013, 0.5
0.0750154, 0.5
0.100011, 0.5
0.125, 0.5
0.149988, 0.5
0.174983, 0.5
0.199985, 0.5
0.224991, 0.5
0.25, 0.5
0.275009, 0.5
0.300016, 0.5
0.325019, 0.5
0.350013, 0.5
0.375, 0.5
0.399987, 0.5
0.424981, 0.5
0.449983, 0.5
0.474991, 0.5
0.5, 0.5
0.525009, 0.5
0.550017, 0.5
0.575019, 0.5
0.600013, 0.5
0.625, 0.5
0.649987, 0.5
0.674981, 0.5
0.699984, 0.5
0.724991, 0.5
0.75, 0.5
0.775009, 0.5
0.800015, 0.5
0.825017, 0.5
0.850012, 0.5
0.875, 0.5
0.899989, 0.5
0.924985, 0.5
0.949987, 0.5
0.974993, 0.5
1, 0.5
0.000312598, 0.517678
0.0253041, 0.518519
0.0502943, 0.519284
0.0752811, 0.51998
0.100261, 0.520615
0.125235, 0.521195
0.150207, 0.521723
0.175186, 0.522204
0.200172, 0.52264
0.225163, 0.523033
0.250156, 0.523385
0.275149, 0.5237
0.300141, 0.523977
0.325128, 0.52422
0.350108, 0.524429
0.37508, 0.524606
0.400051, 0.524752
0.425029, 0.524865
0.450015, 0.524945
0.475007, 0.524993
0.5, 0.525009
0.524993, 0.524993
0.549985, 0.524945
0.574971, 0.524865
0.599949, 0.524752
0.62492, 0.524606
0.649892, 0.524429
0.674872, 0.52422
0.699859, 0.523977
0.724851, 0.5237
0.749844, 0.523385
0.774837, 0.523033
0.799828, 0.52264
0.824814, 0.522204
0.849793, 0.521723
0.874765, 0.521195
0.899739, 0.520615
0.924719, 0.51998
0.949706, 0.519284
0.974696, 0.518519
0.999687, 0.517678
0.00125157, 0.535355
0.026196, 0.537038
0.0511392, 0.538567
0.0760791, 0.539959
0.101013, 0.54123
0.125939, 0.542389
0.150865, 0.543447
0.175797, 0.544408
0.200735, 0.545279
0.225679, 0.546065
0.250624, 0.546771
0.27557, 0.5474
0.300515, 0.547955
0.325456, 0.54844
0.350391, 0.548857
0.375318, 0.54921
0.400243, 0.549501
0.425174, 0.549727
0.450112, 0.549888
0.475055, 0.549985
0.5, 0.550017
0.524945, 0.549985
0.549888, 0.549888
0.574826, 0.549727
0.599757, 0.549501
0.624682, 0.54921
0.649609, 0.548857
0.674544, 0.54844
0.699485, 0.547955
0.72443, 0.5474
0.749376, 0.546771
0.774321, 0.546065
0.799265, 0.545279
0.824203, 0.544408
0.849135, 0.543447
0.874061, 0.542389
0.898987, 0.54123
0.923921, 0.539959
0.948861, 0.538567
0.973804, 0.537038
0.998748, 0.535355
0.00282045, 0.553033
0.0276863, 0.555557
0.0525509, 0.557851
0.0774126, 0.559939
0.102268, 0.561845
0.127117, 0.563584
0.151964, 0.56517
0.176817, 0.566612
0.201677, 0.567919
0.226541, 0.569098
0.251407, 0.570157
0.276274, 0.5711
0.301141, 0.571933
0.326004, 0.57266
0.350862, 0.573285
0.375715, 0.573813
0.400564, 0.574246
0.425415, 0.574585
0.450273, 0.574826
0.475135, 0.574971
0.5, 0.575019
0.524865, 0.574971
0.549727, 0.574826
0.574585, 0.574585
0.599436, 0.574246
0.624285, 0.573813
0.649138, 0.573285
0.673996, 0.57266
0.698859, 0.571933
0.723726, 0.5711
0.748593, 0.570157
0.773459, 0.569098
0.798323, 0.567919
0.823183, 0.566612
0.848036, 0.56517
0.872883, 0.563584
0.897732, 0.561845
0.922587, 0.559939
0.947449, 0.557851
0.972314, 0.555557
0.99718, 0.553033
0.00502525, 0.570711
0.0297806, 0.574077
0.0545349, 0.577134
0.0792864, 0.579919
0.104032, 0.58246
0.128772, 0.584778
0.153509, 0.586893
0.178251, 0.588816
0.202999, 0.590559
0.227752, 0.592132
0.252508, 0.593543
0.277264, 0.594801
0.30202, 0.595912
0.326773, 0.596881
0.351523, 0.597714
0.376269, 0.598415
0.401012, 0.598988
0.425754, 0.599436
0.450499, 0.599757
0.475248, 0.599949
0.5, 0.600013
0.524752, 0.599949
0.549501, 0.599757
0.574246, 0.599436
0.598988, 0.598988
0.623731, 0.598415
0.648477, 0.597714
0.673227, 0.596881
0.69798, 0.595912
0.722736, 0.594801
0.747492, 0.593543
0.772248, 0.592132
0.797001, 0.590559
0.821749, 0.588816
0.846491, 0.586893
0.871228, 0.584778
0.895968, 0.58246
0.920714, 0.579919
0.945465, 0.577134
0.970219, 0.574077
0.994975, 0.570711
0.00787451, 0.588388
0.0324871, 0.592596
0.0570988, 0.596418
0.0817079, 0.599899
0.106312, 0.603074
0.13091, 0.605973
0.155505, 0.608616
0.180104, 0.61102
0.204709, 0.613198
0.229318, 0.615165
0.25393, 0.61693
0.278543, 0.618503
0.303156, 0.619892
0.327767, 0.621104
0.352376, 0.622144
0.376982, 0.623018
0.401585, 0.623731
0.426187, 0.624285
0.45079, 0.624682
0.475394, 0.62492
0.5, 0.625
0.524606, 0.62492
0.54921, 0.624682
0.573813, 0.624285
0.598415, 0.623731
0.623018, 0.623018
0.647624, 0.622144
0.672233, 0.621104
0.696844, 0.619892
0.721457, 0.618503
0.74607, 0.61693
0.770682, 0.615165
0.795291, 0.613198
0.819896, 0.61102
0.844495, 0.608616
0.86909, 0.605973
0.893688, 0.603074
0.918292, 0.599899
0.942901, 0.596418
0.967513, 0.592596
0.992125, 0.588388
0.0113795, 0.606066
0.0358165, 0.611115
0.0602527, 0.615701
0.0846867, 0.619879
0.109117, 0.623689
0.133541, 0.627167
0.157961, 0.630338
0.182384, 0.633223
0.206812, 0.635838
0.231245, 0.638199
0.25568, 0.640318
0.280117, 0.642206
0.304554, 0.643873
0.32899, 0.645328
0.353424, 0.646576
0.377856, 0.647624
0.402286, 0.648477
0.426715, 0.649138
0.451143, 0.649609
0.475571, 0.649892
0.5, 0.649987
0.524429, 0.649892
0.548857, 0.649609
0.573285, 0.649138
0.597714, 0.648477
0.622144, 0.647624
0.646576, 0.646576
0.67101, 0.645328
0.695446, 0.643873
0.719883, 0.642206
0.74432, 0.640318
0.768755, 0.638199
0.793188, 0.635838
0.817616, 0.633223
0.842039, 0.630338
0.866459, 0.627167
0.890883, 0.623689
0.915313, 0.619879
0.939747, 0.615701
0.964184, 0.611115
0.988621, 0.606066
0.0155544, 0.623744
0.0397823, 0.629634
0.0640095, 0.634985
0.0882349, 0.639859
0.112457, 0.644304
0.136674, 0.64836
0.160887, 0.65206
0.1851, 0.655425
0.209318, 0.658477
0.233541, 0.661232
0.257766, 0.663705
0.281993, 0.665909
0.30622, 0.667856
0.330447, 0.669553
0.354672, 0.67101
0.378896, 0.672233
0.403119, 0.673227
0.42734, 0.673996
0.45156, 0.674544
0.47578, 0.674872
0.5, 0.674981
0.52422, 0.674872
0.54844, 0.674544
0.57266, 0.673996
0.596881, 0.673227
0.621104, 0.672233
0.645328, 0.67101
0.669553, 0.669553
0.69378, 0.667856
0.718007, 0.665909
0.742234, 0.663705
0.766459, 0.661232
0.790682, 0.658477
0.8149, 0.655425
0.839113, 0.65206
0.863326, 0.64836
0.887543, 0.644304
0.911765, 0.639859
0.935991, 0.634985
0.960218, 0.629634
0.984446, 0.623744
0.0204168, 0.641421
0.0444011, 0.648154
0.0683849, 0.654269
0.0923672, 0.659839
0.116347, 0.664919
0.140322, 0.669554
0.164293, 0.673781
0.188264, 0.677627
0.212238, 0.681116
0.236215, 0.684265
0.260196, 0.687093
0.284178, 0.689613
0.308161, 0.691839
0.332144, 0.69378
0.356127, 0.695446
0.380108, 0.696844
0.404088, 0.69798
0.428067, 0.698859
0.452045, 0.699485
0.476023, 0.699859
0.5, 0.699984
0.523977, 0.699859
0.547955, 0.699485
0.571933, 0.698859
0.595912, 0.69798
0.619892, 0.696844
0.643873, 0.695446
0.667856, 0.69378
0.691839, 0.691839
0.715822, 0.689613
0.739804, 0.687093
0.763785, 0.684265
0.787762, 0.681116
0.811736, 0.677627
0.835707, 0.673781
0.859678, 0.669554
0.883653, 0.664919
0.907633, 0.659839
0.931615, 0.654269
0.955599, 0.648154
0.979583, 0.641421
0.0259879, 0.659099
0.0496931, 0.666673
0.073398, 0.673553
0.0971017, 0.679819
0.120803, 0.685533
0.144501, 0.690747
0.168196, 0.695502
0.191889, 0.699828
0.215583, 0.703753
0.239281, 0.707297
0.262981, 0.71048
0.286684, 0.713316
0.310387, 0.715822
0.334091, 0.718007
0.357794, 0.719883
0.381497, 0.721457
0.405199, 0.722736
0.4289, 0.723726
0.4526, 0.72443
0.4763, 0.724851
0.5, 0.724991
0.5237, 0.724851
0.5474, 0.72443
0.5711, 0.723726
0.594801, 0.722736
0.618503, 0.721457
0.642206, 0.719883
0.665909, 0.718007
0.689613, 0.715822
0.713316, 0.713316
0.737019, 0.71048
0.760719, 0.707297
0.784417, 0.703753
0.808111, 0.699828
0.831804, 0.695502
0.855499, 0.690747
0.879197, 0.685533
0.902898, 0.679819
0.926602, 0.673553
0.950307, 0.666673
0.974012, 0.659099
0.0322928, 0.676777
0.0556823, 0.685192
0.0790716, 0.692837
0.10246, 0.699799
0.125847, 0.706148
0.149231, 0.711941
0.172612, 0.717222
0.195991, 0.722029
0.21937, 0.726389
0.242751, 0.730328
0.266135, 0.733865
0.28952, 0.737019
0.312907, 0.739804
0.336295, 0.742234
0.359682, 0.74432
0.38307, 0.74607
0.406457, 0.747492
0.429843, 0.748593
0.453229, 0.749376
0.476615, 0.749844
0.5, 0.75
0.523385, 0.749844
0.546771, 0.749376
0.570157, 0.748593
0.593543, 0.747492
0.61693, 0.74607
0.640318, 0.74432
0.663705, 0.742234
0.687093, 0.739804
0.71048, 0.737019
0.733865, 0.733865
0.757249, 0.730328
0.78063, 0.726389
0.804009, 0.722029
0.827388, 0.717222
0.850769, 0.711941
0.874153, 0.706148
0.89754, 0.699799
0.920928, 0.692837
0.944318, 0.685192
0.967707, 0.676777
0.0393619, 0.694454
0.0623974, 0.703712
0.0854327, 0.712121
0.108468, 0.719779
0.131501, 0.726764
0.154533, 0.733135
0.177562, 0.738943
0.20059, 0.744228
0.223616, 0.749024
0.246643, 0.753357
0.269672, 0.757249
0.292703, 0.760719
0.315735, 0.763785
0.338768, 0.766459
0.361801, 0.768755
0.384835, 0.770682
0.407868, 0.772248
0.430902, 0.773459
0.453935, 0.774321
0.476967, 0.774837
0.5, 0.775009
0.523033, 0.774837
0.546065, 0.774321
0.569098, 0.773459
0.592132, 0.772248
0.615165, 0.770682
0.638199, 0.768755
0.661232, 0.766459
0.684265, 0.763785
0.707297, 0.760719
0.730328, 0.757249
0.753357, 0.753357
0.776384, 0.749024
0.79941, 0.744228
0.822438, 0.738943
0.845467, 0.733135
0.868499, 0.726764
0.891532, 0.719779
0.914567, 0.712121
0.937603, 0.703712
0.960638, 0.694454
0.0472307, 0.712132
0.0698723, 0.722231
0.0925138, 0.731405
0.115155, 0.73976
0.137795, 0.747379
0.160434, 0.754329
0.183072, 0.760664
0.205707, 0.766428
0.228342, 0.771658
0.250976, 0.776384
0.273611, 0.78063
0.296247, 0.784417
0.318884, 0.787762
0.341523, 0.790682
0.364162, 0.793188
0.386802, 0.795291
0.409441, 0.797001
0.432081, 0.798323
0.454721, 0.799265
0.47736, 0.799828
0.5, 0.800015
0.52264, 0.799828
0.545279, 0.799265
0.567919, 0.798323
0.590559, 0.797001
0.613198, 0.795291
0.635838, 0.793188
0.658477, 0.790682
0.681116, 0.787762
0.703753, 0.784417
0.726389, 0.78063
0.749024, 0.776384
0.771658, 0.771658
0.794293, 0.766428
0.816928, 0.760664
0.839566, 0.754329
0.862205, 0.747379
0.884845, 0.73976
0.907486, 0.731405
0.930128, 0.722231
0.952769, 0.712132
0.055942, 0.72981
0.0781474, 0.740751
0.100353, 0.75069
0.122558, 0.759741
0.144763, 0.767995
0.166967, 0.775524
0.18917, 0.782386
0.211371, 0.788629
0.233572, 0.794293
0.255772, 0.79941
0.277971, 0.804009
0.300172, 0.808111
0.322373, 0.811736
0.344575, 0.8149
0.366777, 0.817616
0.38898, 0.819896
0.411184, 0.821749
0.433388, 0.823183
0.455592, 0.824203
0.477796, 0.824814
0.5, 0.825017
0.522204, 0.824814
0.544408, 0.824203
0.566612, 0.823183
0.588816, 0.821749
0.61102, 0.819896
0.633223, 0.817616
0.655425, 0.8149
0.677627, 0.811736
0.699828, 0.808111
0.722029, 0.804009
0.744228, 0.79941
0.766428, 0.794293
0.788629, 0.788629
0.81083, 0.782386
0.833033, 0.775524
0.855237, 0.767995
0.877442, 0.759741
0.899647, 0.75069
0.921853, 0.740751
0.944058, 0.72981
0.0655463, 0.747487
0.087271, 0.759271
0.108996, 0.769974
0.13072, 0.779722
0.152445, 0.788611
0.174169, 0.796719
0.195892, 0.804108
0.217614, 0.81083
0.239336, 0.816928
0.261057, 0.822438
0.282778, 0.827388
0.304498, 0.831804
0.326219, 0.835707
0.34794, 0.839113
0.369662, 0.842039
0.391384, 0.844495
0.413107, 0.846491
0.43483, 0.848036
0.456553, 0.849135
0.478277, 0.849793
0.5, 0.850012
0.521723, 0.849793
0.543447, 0.849135
0.56517, 0.848036
0.586893, 0.846491
0.608616, 0.844495
0.630338, 0.842039
0.65206, 0.839113
0.673781, 0.835707
0.695502, 0.831804
0.717222, 0.827388
0.738943, 0.822438
0.760664, 0.816928
0.782386, 0.81083
0.804108, 0.804108
0.825831, 0.796719
0.847555, 0.788611
0.86928, 0.779722
0.891004, 0.769974
0.912729, 0.759271
0.934454, 0.747487
0.0761044, 0.765165
0.0973007, 0.77779
0.118497, 0.789259
0.139694, 0.799703
0.16089, 0.809227
0.182086, 0.817914
0.203281, 0.825831
0.224476, 0.833033
0.245671, 0.839566
0.266865, 0.845467
0.288059, 0.850769
0.309253, 0.855499
0.330446, 0.859678
0.35164, 0.863326
0.372833, 0.866459
0.394027, 0.86909
0.415222, 0.871228
0.436416, 0.872883
0.457611, 0.874061
0.478805, 0.874765
0.5, 0.875
0.521195, 0.874765
0.542389, 0.874061
0.563584, 0.872883
0.584778, 0.871228
0.605973, 0.86909
0.627167, 0.866459
0.64836, 0.863326
0.669554, 0.859678
0.690747, 0.855499
0.711941, 0.850769
0.733135, 0.845467
0.754329, 0.839566
0.775524, 0.833033
0.796719, 0.825831
0.817914, 0.817914
0.83911, 0.809227
0.860306, 0.799703
0.881503, 0.789259
0.902699, 0.77779
0.923896, 0.765165
0.0876894, 0.782843
0.108306, 0.79631
0.128923, 0.808543
0.14954, 0.819684
0.170156, 0.829844
0.190773, 0.83911
0.211389, 0.847555
0.232005, 0.855237
0.252621, 0.862205
0.273236, 0.868499
0.293852, 0.874153
0.314467, 0.879197
0.335081, 0.883653
0.355696, 0.887543
0.376311, 0.890883
0.396926, 0.893688
0.41754, 0.895968
0.438155, 0.897732
0.45877, 0.898987
0.479385, 0.899739
0.5, 0.899989
0.520615, 0.899739
0.54123, 0.898987
0.561845, 0.897732
0.58246, 0.895968
0.603074, 0.893688
0.623689, 0.890883
0.644304, 0.887543
0.664919, 0.883653
0.685533, 0.879197
0.706148, 0.874153
0.726764, 0.868499
0.747379, 0.862205
0.767995, 0.855237
0.788611, 0.847555
0.809227, 0.83911
0.829844, 0.829844
0.85046, 0.819684
0.871077, 0.808543
0.891694, 0.79631
0.912311, 0.782843
0.100391, 0.80052
0.120372, 0.81483
0.140353, 0.827828
0.160335, 0.839665
0.180316, 0.85046
0.200297, 0.860306
0.220278, 0.86928
0.240259, 0.877442
0.26024, 0.884845
0.280221, 0.891532
0.300201, 0.89754
0.320181, 0.902898
0.340161, 0.907633
0.360141, 0.911765
0.380121, 0.915313
0.400101, 0.918292
0.420081, 0.920714
0.440061, 0.922587
0.460041, 0.923921
0.48002, 0.924719
0.5, 0.924985
0.51998, 0.924719
0.539959, 0.923921
0.559939, 0.922587
0.579919, 0.920714
0.599899, 0.918292
0.619879, 0.915313
0.639859, 0.911765
0.659839, 0.907633
0.679819, 0.902898
0.699799, 0.89754
0.719779, 0.891532
0.73976, 0.884845
0.759741, 0.877442
0.779722, 0.86928
0.799703, 0.860306
0.819684, 0.85046
0.839665, 0.839665
0.859647, 0.827828
0.879628, 0.81483
0.899609, 0.80052
0.114319, 0.818198
0.133603, 0.833349
0.152888, 0.847112
0.172172, 0.859647
0.191457, 0.871077
0.210741, 0.881503
0.230026, 0.891004
0.24931, 0.899647
0.268595, 0.907486
0.287879, 0.914567
0.307163, 0.920928
0.326447, 0.926602
0.345731, 0.931615
0.365015, 0.935991
0.384299, 0.939747
0.403582, 0.942901
0.422866, 0.945465
0.442149, 0.947449
0.461433, 0.948861
0.480716, 0.949706
0.5, 0.949987
0.519284, 0.949706
0.538567, 0.948861
0.557851, 0.947449
0.577134, 0.945465
0.596418, 0.942901
0.615701, 0.939747
0.634985, 0.935991
0.654269, 0.931615
0.673553, 0.926602
0.692837, 0.920928
0.712121, 0.914567
0.731405, 0.907486
0.75069, 0.899647
0.769974, 0.891004
0.789259, 0.881503
0.808543, 0.871077
0.827828, 0.859647
0.847112, 0.847112
0.866397, 0.833349
0.885681, 0.818198
0.129612, 0.835876
0.148131, 0.851869
0.166651, 0.866397
0.18517, 0.879628
0.20369, 0.891694
0.22221, 0.902699
0.240729, 0.912729
0.259249, 0.921853
0.277769, 0.930128
0.296288, 0.937603
0.314808, 0.944318
0.333327, 0.950307
0.351846, 0.955599
0.370366, 0.960218
0.388885, 0.964184
0.407404, 0.967513
0.425923, 0.970219
0.444443, 0.972314
0.462962, 0.973804
0.481481, 0.974696
0.5, 0.974993
0.518519, 0.974696
0.537038, 0.973804
0.555557, 0.972314
0.574077, 0.970219
0.592596, 0.967513
0.611115, 0.964184
0.629634, 0.960218
0.648154, 0.955599
0.666673, 0.950307
0.685192, 0.944318
0.703712, 0.937603
0.722231, 0.930128
0.740751, 0.921853
0.759271, 0.912729
0.77779, 0.902699
0.79631, 0.891694
0.81483, 0.879628
0.833349, 0.866397
0.851869, 0.851869
0.870388, 0.835876
0.146447, 0.853553
0.164124, 0.870388
0.181802, 0.885681
0.19948, 0.899609
0.217157, 0.912311
0.234835, 0.923896
0.252513, 0.934454
0.27019, 0.944058
0.287868, 0.952769
0.305546, 0.960638
0.323223, 0.967707
0.340901, 0.974012
0.358579, 0.979583
0.376256, 0.984446
0.393934, 0.988621
0.411612, 0.992125
0.429289, 0.994975
0.446967, 0.99718
0.464645, 0.998748
0.482322, 0.999687
0.5, 1
0.517678, 0.999687
0.535355, 0.998748
0.553033, 0.99718
0.570711, 0.994975
0.588388, 0.992125
0.606066, 0.988621
0.623744, 0.984446
0.641421, 0.979583
0.659099, 0.974012
0.676777, 0.967707
0.694454, 0.960638
0.712132, 0.952769
0.72981, 0.944058
0.747487, 0.934454
0.765165, 0.923896
0.782843, 0.912311
0.80052, 0.899609
0.818198, 0.885681
0.835876, 0.870388
0.853553, 0.853553
0.146878, 0.146878
0.164987, 0.13124
0.183096, 0.117014
0.201205, 0.104047
0.219313, 0.0922197
0.237422, 0.0814349
0.255531, 0.071614
0.27364, 0.062692
0.291749, 0.054615
0.309858, 0.0473376
0.327967, 0.040822
0.346075, 0.0350359
0.364184, 0.0299526
0.382293, 0.0255493
0.400402, 0.0218074
0.418511, 0.0187114
0.436619, 0.0162488
0.454728, 0.01441
0.472837, 0.0131881
0.490946, 0.0125783
0.509054, 0.0125783
0.527163, 0.0131881
0.545272, 0.01441
0.563381, 0.0162488
0.581489, 0.0187114
0.599598, 0.0218074
0.617707, 0.0255493
0.635816, 0.0299526
0.653925, 0.0350359
0.672033, 0.040822
0.690142, 0.0473376
0.708251, 0.054615
0.72636, 0.062692
0.744469, 0.071614
0.762578, 0.0814349
0.780687, 0.0922197
0.798795, 0.104047
0.816904, 0.117014
0.835013, 0.13124
0.853122, 0.146878
0.13124, 0.164987
0.150151, 0.150151
0.169062, 0.136655
0.187973, 0.124353
0.206884, 0.113132
0.225795, 0.102901
0.244706, 0.0935836
0.263617, 0.0851195
0.282528, 0.0774569
0.301438, 0.070553
0.320349, 0.0643717
0.33926, 0.0588826
0.358171, 0.0540602
0.377081, 0.0498829
0.395992, 0.046333
0.414902, 0.0433959
0.433813, 0.0410597
0.452724, 0.0393154
0.471634, 0.0381561
0.490545, 0.0375776
0.509455, 0.0375776
0.528366, 0.0381561
0.547276, 0.0393154
0.566187, 0.0410597
0.585098, 0.0433959
0.604008, 0.046333
0.622919, 0.0498829
0.641829, 0.0540602
0.66074, 0.0588826
0.679651, 0.0643717
0.698562, 0.070553
0.717472, 0.0774569
0.736383, 0.0851195
0.755294, 0.0935836
0.774205, 0.102901
0.793116, 0.113132
0.812027, 0.124353
0.830938, 0.136655
0.849849, 0.150151
0.86876, 0.164987
0.117014, 0.183096
0.136655, 0.169062
0.156295, 0.156295
0.175936, 0.144659
0.195577, 0.134045
0.215217, 0.124367
0.234858, 0.115553
0.254498, 0.107547
0.274139, 0.100299
0.293779, 0.0937683
0.313419, 0.0879213
0.33306, 0.0827291
0.3527, 0.0781674
0.37234, 0.0742161
0.39198, 0.0708581
0.41162, 0.0680798
0.43126, 0.06587
0.4509, 0.0642199
0.47054, 0.0631233
0.49018, 0.0625761
0.50982, 0.0625761
0.52946, 0.0631233
0.5491, 0.0642199
0.56874, 0.06587
0.58838, 0.0680798
0.60802, 0.0708581
0.62766, 0.0742161
0.6473, 0.0781674
0.66694, 0.0827291
0.686581, 0.0879213
0.706221, 0.0937683
0.725861, 0.100299
0.745502, 0.107547
0.765142, 0.115553
0.784783, 0.124367
0.804423, 0.134045
0.824064, 0.144659
0.843705, 0.156295
0.863345, 0.169062
0.882986, 0.183096
0.104047, 0.201205
0.124353, 0.187973
0.144659, 0.175936
0.164965, 0.164965
0.18527, 0.154957
0.205576, 0.145832
0.225882, 0.137523
0.246187, 0.129974
0.266493, 0.12314
0.286798, 0.116983
0.307103, 0.11147
0.327408, 0.106575
0.347713, 0.102273
0.368018, 0.0985477
0.388323, 0.0953815
0.408628, 0.0927617
0.428933, 0.090678
0.449238, 0.0891221
0.469543, 0.0880881
0.489848, 0.087572
0.510152, 0.087572
0.530457, 0.0880881
0.550762, 0.0891221
0.571067, 0.090678
0.591372, 0.0927617
0.611677, 0.0953815
0.631982, 0.0985477
0.652287, 0.102273
0.672592, 0.106575
0.692897, 0.11147
0.713202, 0.116983
0.733507, 0.12314
0.753813, 0.129974
0.774118, 0.137523
0.794424, 0.145832
0.81473, 0.154957
0.835035, 0.164965
0.855341, 0.175936
0.875647, 0.187973
0.895953, 0.201205
0.0922197, 0.219313
0.113132, 0.206884
0.134045, 0.195577
0.154957, 0.18527
0.17587, 0.17587
0.196782, 0.167298
0.217694, 0.159492
0.238606, 0.152401
0.259518, 0.145981
0.28043, 0.140197
0.301341, 0.135018
0.322252, 0.130418
0.343164, 0.126377
0.364075, 0.122877
0.384986, 0.119902
0.405898, 0.11744
0.426809, 0.115482
0.447721, 0.11402
0.468633, 0.113049
0.489544, 0.112564
0.510456, 0.112564
0.531367, 0.113049
0.552279, 0.11402
0.573191, 0.115482
0.594102, 0.11744
0.615014, 0.119902
0.635925, 0.122877
0.656836, 0.126377
0.677748, 0.130418
0.698659, 0.135018
0.71957, 0.140197
0.740482, 0.145981
0.761394, 0.152401
0.782306, 0.159492
0.803218, 0.167298
0.82413, 0.17587
0.845043, 0.18527
0.865955, 0.195577
0.886868, 0.206884
0.90778, 0.219313
0.0814349, 0.237422
0.102901, 0.225795
0.124367, 0.215217
0.145832, 0.205576
0.167298, 0.196782
0.188763, 0.188763
0.210228, 0.181461
0.231693, 0.174827
0.253158, 0.168821
0.274622, 0.163409
0.296086, 0.158563
0.31755, 0.15426
0.339014, 0.150479
0.360478, 0.147203
0.381943, 0.144419
0.403408, 0.142116
0.424872, 0.140284
0.446337, 0.138916
0.467802, 0.138007
0.489267, 0.137553
0.510733, 0.137553
0.532198, 0.138007
0.553663, 0.138916
0.575128, 0.140284
0.596592, 0.142116
0.618057, 0.144419
0.639522, 0.147203
0.660986, 0.150479
0.68245, 0.15426
0.703914, 0.158563
0.725378, 0.163409
0.746842, 0.168821
0.768307, 0.174827
0.789772, 0.181461
0.811237, 0.188763
0.832702, 0.196782
0.854168, 0.205576
0.875633, 0.215217
0.897099, 0.225795
0.918565, 0.237422
0.071614, 0.255531
0.0935836, 0.244706
0.115553, 0.234858
0.137523, 0.225882
0.159492, 0.217694
0.181461, 0.210228
0.20343, 0.20343
0.225398, 0.197253
0.247365, 0.19166
0.269332, 0.18662
0.291299, 0.182108
0.313267, 0.1781
0.335235, 0.174579
0.357203, 0.171529
0.379171, 0.168937
0.40114, 0.166792
0.423108, 0.165087
0.445077, 0.163813
0.467046, 0.162967
0.489015, 0.162545
0.510985, 0.162545
0.532954, 0.162967
0.554923, 0.163813
0.576892, 0.165087
0.59886, 0.166792
0.620829, 0.168937
0.642797, 0.171529
0.664765, 0.174579
0.686733, 0.1781
0.708701, 0.182108
0.730668, 0.18662
0.752635, 0.19166
0.774602, 0.197253
0.79657, 0.20343
0.818539, 0.210228
0.840508, 0.217694
0.862477, 0.225882
0.884447, 0.234858
0.906416, 0.244706
0.928386, 0.255531
0.062692, 0.27364
0.0851195, 0.263617
0.107547, 0.254498
0.129974, 0.246187
0.152401, 0.238606
0.174827, 0.231693
0.197253, 0.225398
0.219677, 0.219677
0.242102, 0.214498
0.264526, 0.209831
0.28695, 0.205652
0.309375, 0.201941
0.331801, 0.19868
0.354227, 0.195857
0.376653, 0.193457
0.39908, 0.191472
0.421507, 0.189893
0.443933, 0.188714
0.46636, 0.187931
0.488787, 0.18754
0.511213, 0.18754
0.53364, 0.187931
0.556067, 0.188714
0.578493, 0.189893
0.60092, 0.191472
0.623347, 0.193457
0.645773, 0.195857
0.668199, 0.19868
0.690625, 0.201941
0.71305, 0.205652
0.735474, 0.209831
0.757898, 0.214498
0.780323, 0.219677
0.802747, 0.225398
0.825173, 0.231693
0.847599, 0.238606
0.870026, 0.246187
0.892453, 0.254498
0.914881, 0.263617
0.937308, 0.27364
0.054615, 0.291749
0.0774569, 0.282528
0.100299, 0.274139
0.12314, 0.266493
0.145981, 0.259518
0.168821, 0.253158
0.19166, 0.247365
0.214498, 0.242102
0.237336, 0.237336
0.260174, 0.233041
0.283013, 0.229197
0.305853, 0.225783
0.328693, 0.222784
0.351534, 0.220187
0.374375, 0.21798
0.397216, 0.216154
0.420057, 0.214702
0.442898, 0.213618
0.465739, 0.212898
0.48858, 0.212538
0.51142, 0.212538
0.534261, 0.212898
0.557102, 0.213618
0.579943, 0.214702
0.602784, 0.216154
0.625625, 0.21798
0.648466, 0.220187
0.671307, 0.222784
0.694147, 0.225783
0.716987, 0.229197
0.739826, 0.233041
0.762664, 0.237336
0.785502, 0.242102
0.80834, 0.247365
0.831179, 0.253158
0.854019, 0.259518
0.87686, 0.266493
0.899701, 0.274139
0.922543, 0.282528
0.945385, 0.291749
0.0473376, 0.309858
0.070553, 0.301438
0.0937683, 0.293779
0.116983, 0.286798
0.140197, 0.28043
0.163409, 0.274622
0.18662, 0.269332
0.209831, 0.264526
0.233041, 0.260174
0.256253, 0.256253
0.279466, 0.252743
0.30268, 0.249627
0.325894, 0.24689
0.349108, 0.244519
0.372323, 0.242505
0.395537, 0.240839
0.418751, 0.239514
0.441966, 0.238524
0.465179, 0.237867
0.488393, 0.237539
0.511607, 0.237539
0.534821, 0.237867
0.558034, 0.238524
0.581249, 0.239514
0.604463, 0.240839
0.627677, 0.242505
0.650892, 0.244519
0.674106, 0.24689
0.69732, 0.249627
0.720534, 0.252743
0.743747, 0.256253
0.766959, 0.260174
0.790169, 0.264526
0.81338, 0.269332
0.836591, 0.274622
0.859803, 0.28043
0.883017, 0.286798
0.906232, 0.293779
0.929447, 0.301438
0.952662, 0.309858
0.040822, 0.327967
0.0643717, 0.320349
0.0879213, 0.313419
0.11147, 0.307103
0.135018, 0.301341
0.158563, 0.296086
0.182108, 0.291299
0.205652, 0.28695
0.229197, 0.283013
0.252743, 0.279466
0.276291, 0.276291
0.29984, 0.273472
0.323389, 0.270997
0.346938, 0.268852
0.370486, 0.267031
0.394035, 0.265524
0.417583, 0.264325
0.441131, 0.263431
0.464679, 0.262836
0.488226, 0.262539
0.511774, 0.262539
0.535321, 0.262836
0.558869, 0.263431
0.582417, 0.264325
0.605965, 0.265524
0.629514, 0.267031
0.653062, 0.268852
0.676611, 0.270997
0.70016, 0.273472
0.723709, 0.276291
0.747257, 0.279466
0.770803, 0.283013
0.794348, 0.28695
0.817892, 0.291299
0.841437, 0.296086
0.864982, 0.301341
0.88853, 0.307103
0.912079, 0.313419
0.935628, 0.320349
0.959178, 0.327967
0.0350359, 0.346075
0.0588826, 0.33926
0.0827291, 0.33306
0.106575, 0.327408
0.130418, 0.322252
0.15426, 0.31755
0.1781, 0.313267
0.201941, 0.309375
0.225783, 0.305853
0.249627, 0.30268
0.273472, 0.29984
0.297318, 0.297318
0.321164, 0.295104
0.345011, 0.293186
0.368856, 0.291557
0.392702, 0.290209
0.416546, 0.289137
0.440391, 0.288337
0.464234, 0.287805
0.488078, 0.28754
0.511922, 0.28754
0.535766, 0.287805
0.559609, 0.288337
0.583454, 0.289137
0.607298, 0.290209
0.631144, 0.291557
0.654989, 0.293186
0.678836, 0.295104
0.702682, 0.297318
0.726528, 0.29984
0.750373, 0.30268
0.774217, 0.305853
0.798059, 0.309375
0.8219, 0.313267
0.84574, 0.31755
0.869582, 0.322252
0.893425, 0.327408
0.917271, 0.33306
0.941117, 0.33926
0.964964, 0.346075
0.0299526, 0.364184
0.0540602, 0.358171
0.0781674, 0.3527
0.102273, 0.347713
0.126377, 0.343164
0.150479, 0.339014
0.174579, 0.335235
0.19868, 0.331801
0.222784, 0.328693
0.24689, 0.325894
0.270997, 0.323389
0.295104, 0.321164
0.319211, 0.319211
0.343318, 0.31752
0.367425, 0.316083
0.39153, 0.314894
0.415636, 0.313948
0.43974, 0.313242
0.463844, 0.312773
0.487948, 0.312539
0.512052, 0.312539
0.536156, 0.312773
0.56026, 0.313242
0.584364, 0.313948
0.60847, 0.314894
0.632575, 0.316083
0.656682, 0.31752
0.680789, 0.319211
0.704896, 0.321164
0.729003, 0.323389
0.75311, 0.325894
0.777216, 0.328693
0.80132, 0.331801
0.825421, 0.335235
0.849521, 0.339014
0.873623, 0.343164
0.897727, 0.347713
0.921833, 0.3527
0.94594, 0.358171
0.970047, 0.364184
0.0255493, 0.382293
0.0498829, 0.377081
0.0742161, 0.37234
0.0985477, 0.368018
0.122877, 0.364075
0.147203, 0.360478
0.171529, 0.357203
0.195857, 0.354227
0.220187, 0.351534
0.244519, 0.349108
0.268852, 0.346938
0.293186, 0.345011
0.31752, 0.343318
0.341853, 0.341853
0.366185, 0.340608
0.390516, 0.339577
0.414846, 0.338758
0.439176, 0.338145
0.463506, 0.337738
0.487835, 0.337535
0.512165, 0.337535
0.536494, 0.337738
0.560824, 0.338145
0.585154, 0.338758
0.609484, 0.339577
0.633815, 0.340608
0.658147, 0.341853
0.68248, 0.343318
0.706814, 0.345011
0.731148, 0.346938
0.755481, 0.349108
0.779813, 0.351534
0.804143, 0.354227
0.828471, 0.357203
0.852797, 0.360478
0.877123, 0.364075
0.901452, 0.368018
0.925784, 0.37234
0.950117, 0.377081
0.974451, 0.382293
0.0218074, 0.400402
0.046333, 0.395992
0.0708581, 0.39198
0.0953815, 0.388323
0.119902, 0.384986
0.144419, 0.381943
0.168937, 0.379171
0.193457, 0.376653
0.21798, 0.374375
0.242505, 0.372323
0.267031, 0.370486
0.291557, 0.368856
0.316083, 0.367425
0.340608, 0.366185
0.365131, 0.365131
0.389654, 0.364259
0.414175, 0.363564
0.438696, 0.363045
0.463217, 0.362699
0.487739, 0.362526
0.512261, 0.362526
0.536783, 0.362699
0.561304, 0.363045
0.585825, 0.363564
0.610346, 0.364259
0.634869, 0.365131
0.659392, 0.366185
0.683917, 0.367425
0.708443, 0.368856
0.732969, 0.370486
0.757495, 0.372323
0.78202, 0.374375
0.806543, 0.376653
0.831063, 0.379171
0.855581, 0.381943
0.880098, 0.384986
0.904619, 0.388323
0.929142, 0.39198
0.953667, 0.395992
0.978193, 0.400402
0.0187114, 0.418511
0.0433959, 0.414902
0.0680798, 0.41162
0.0927617, 0.408628
0.11744, 0.405898
0.142116, 0.403408
0.166792, 0.40114
0.191472, 0.39908
0.216154, 0.397216
0.240839, 0.395537
0.265524, 0.394035
0.290209, 0.392702
0.314894, 0.39153
0.339577, 0.390516
0.364259, 0.389654
0.388939, 0.388939
0.413617, 0.388369
0.438296, 0.387941
0.462977, 0.387656
0.487659, 0.387514
0.512341, 0.387514
0.537023, 0.387656
0.561704, 0.387941
0.586383, 0.388369
0.611061, 0.388939
0.635741, 0.389654
0.660423, 0.390516
0.685106, 0.39153
0.709791, 0.392702
0.734476, 0.394035
0.759161, 0.395537
0.783846, 0.397216
0.808528, 0.39908
0.833208, 0.40114
0.857884, 0.403408
0.88256, 0.405898
0.907238, 0.408628
0.93192, 0.41162
0.956604, 0.414902
0.981289, 0.418511
0.0162488, 0.436619
0.0410597, 0.433813
0.06587, 0.43126
0.090678, 0.428933
0.115482, 0.426809
0.140284, 0.424872
0.165087, 0.423108
0.189893, 0.421507
0.214702, 0.420057
0.239514, 0.418751
0.264325, 0.417583
0.289137, 0.416546
0.313948, 0.415636
0.338758, 0.414846
0.363564, 0.414175
0.388369, 0.413617
0.413172, 0.413172
0.437977, 0.412838
0.462785, 0.412616
0.487595, 0.412505
0.512405, 0.412505
0.537215, 0.412616
0.562023, 0.412838
0.586828, 0.413172
0.611631, 0.413617
0.636436, 0.414175
0.661242, 0.414846
0.686052, 0.415636
0.710863, 0.416546
0.735675, 0.417583
0.760486, 0.418751
0.785298, 0.420057
0.810107, 0.421507
0.834913, 0.423108
0.859716, 0.424872
0.884518, 0.426809
0.909322, 0.428933
0.93413, 0.43126
0.95894, 0.433813
0.983751, 0.436619
0.01441, 0.454728
0.0393154, 0.452724
0.0642199, 0.4509
0.0891221, 0.449238
0.11402, 0.447721
0.138916, 0.446337
0.163813, 0.445077
0.188714, 0.443933
0.213618, 0.442898
0.238524, 0.441966
0.263431, 0.441131
0.288337, 0.440391
0.313242, 0.43974
0.338145, 0.439176
0.363045, 0.438696
0.387941, 0.438296
0.412838, 0.437977
0.437738, 0.437738
0.462642, 0.437579
0.487547, 0.4375
0.512453, 0.4375
0.537358, 0.437579
0.562262, 0.437738
0.587162, 0.437977
0.612059, 0.438296
0.636955, 0.438696
0.661855, 0.439176
0.686758, 0.43974
0.711663, 0.440391
0.736569, 0.441131
0.761476, 0.441966
0.786382, 0.442898
0.811286, 0.443933
0.836187, 0.445077
0.861084, 0.446337
0.88598, 0.447721
0.910878, 0.449238
0.93578, 0.4509
0.960685, 0.452724
0.98559, 0.454728
0.0131881, 0.472837
0.0381561, 0.471634
0.0631233, 0.47054
0.0880881, 0.469543
0.113049, 0.468633
0.138007, 0.467802
0.162967, 0.467046
0.187931, 0.46636
0.212898, 0.465739
0.237867, 0.465179
0.262836, 0.464679
0.287805, 0.464234
0.312773, 0.463844
0.337738, 0.463506
0.362699, 0.463217
0.387656, 0.462977
0.412616, 0.462785
0.437579, 0.462642
0.462546, 0.462546
0.487515, 0.462499
0.512485, 0.462499
0.537454, 0.462546
0.562421, 0.462642
0.587384, 0.462785
0.612344, 0.462977
0.637301, 0.463217
0.662262, 0.463506
0.687227, 0.463844
0.712195, 0.464234
0.737164, 0.464679
0.762133, 0.465179
0.787102, 0.465739
0.812069, 0.46636
0.837033, 0.467046
0.861993, 0.467802
0.886951, 0.468633
0.911912, 0.469543
0.936877, 0.47054
0.961844, 0.471634
0.986812, 0.472837
0.0125783, 0.490946
0.0375776, 0.490545
0.0625761, 0.49018
0.087572, 0.489848
0.112564, 0.489544
0.137553, 0.489267
0.162545, 0.489015
0.18754, 0.488787
0.212538, 0.48858
0.237539, 0.488393
0.262539, 0.488226
0.28754, 0.488078
0.312539, 0.487948
0.337535, 0.487835
0.362526, 0.487739
0.387514, 0.487659
0.412505, 0.487595
0.4375, 0.487547
0.462499, 0.487515
0.487499, 0.487499
0.512501, 0.487499
0.537501, 0.487515
0.5625, 0.487547
0.587495, 0.487595
0.612486, 0.487659
0.637474, 0.487739
0.662465, 0.487835
0.687461, 0.487948
0.71246, 0.488078
0.737461, 0.488226
0.762461, 0.488393
0.787462, 0.48858
0.81246, 0.488787
0.837455, 0.489015
0.862447, 0.489267
0.887436, 0.489544
0.912428, 0.489848
0.937424, 0.49018
0.962422, 0.490545
0.987422, 0.490946
0.0125783, 0.509054
0.0375776, 0.509455
0.0625761, 0.50982
0.087572, 0.510152
0.112564, 0.510456
0.137553, 0.510733
0.162545, 0.510985
0.18754, 0.511213
0.212538, 0.51142
0.237539, 0.511607
0.262539, 0.511774
0.28754, 0.511922
0.312539, 0.512052
0.337535, 0.512165
0.362526, 0.512261
0.387514, 0.512341
0.412505, 0.512405
0.4375, 0.512453
0.462499, 0.512485
0.487499, 0.512501
0.512501, 0.512501
0.537501, 0.512485
0.5625, 0.512453
0.587495, 0.512405
0.612486, 0.512341
0.637474, 0.512261
0.662465, 0.512165
0.687461, 0.512052
0.71246, 0.511922
0.737461, 0.511774
0.762461, 0.511607
0.787462, 0.51142
0.81246, 0.511213
0.837455, 0.510985
0.862447, 0.510733
0.887436, 0.510456
0.912428, 0.510152
0.937424, 0.50982
0.962422, 0.509455
0.987422, 0.509054
0.0131881, 0.527163
0.0381561, 0.528366
0.0631233, 0.52946
0.0880881, 0.530457
0.113049, 0.531367
0.138007, 0.532198
0.162967, 0.532954
0.187931, 0.53364
0.212898, 0.534261
0.237867, 0.534821
0.262836, 0.535321
0.287805, 0.535766
0.312773, 0.536156
0.337738, 0.536494
0.362699, 0.536783
0.387656, 0.537023
0.412616, 0.537215
0.437579, 0.537358
0.462546, 0.537454
0.487515, 0.537501
0.512485, 0.537501
0.537454, 0.537454
0.562421, 0.537358
0.587384, 0.537215
0.612344, 0.537023
0.637301, 0.536783
0.662262, 0.536494
0.687227, 0.536156
0.712195, 0.535766
0.737164, 0.535321
0.762133, 0.534821
0.787102, 0.534261
0.812069, 0.53364
0.837033, 0.532954
0.861993, 0.532198
0.886951, 0.531367
0.911912, 0.530457
0.936877, 0.52946
0.961844, 0.528366
0.986812, 0.527163
0.01441, 0.545272
0.0393154, 0.547276
0.0642199, 0.5491
0.0891221, 0.550762
0.11402, 0.552279
0.138916, 0.553663
0.163813, 0.554923
0.188714, 0.556067
0.213618, 0.557102
0.238524, 0.558034
0.263431, 0.558869
0.288337, 0.559609
0.313242, 0.56026
0.338145, 0.560824
0.363045, 0.561304
0.387941, 0.561704
0.412838, 0.562023
0.437738, 0.562262
0.462642, 0.562421
0.487547, 0.5625
0.512453, 0.5625
0.537358, 0.562421
0.562262, 0.562262
0.587162, 0.562023
0.612059, 0.561704
0.636955, 0.561304
0.661855, 0.560824
0.686758, 0.56026
0.711663, 0.559609
0.736569, 0.558869
0.761476, 0.558034
0.786382, 0.557102
0.811286, 0.556067
0.836187, 0.554923
0.861084, 0.553663
0.88598, 0.552279
0.910878, 0.550762
0.93578, 0.5491
0.960685, 0.547276
0.98559, 0.545272
0.0162488, 0.563381
0.0410597, 0.566187
0.06587, 0.56874
0.090678, 0.571067
0.115482, 0.573191
0.140284, 0.575128
0.165087, 0.576892
0.189893, 0.578493
0.214702, 0.579943
0.239514, 0.581249
0.264325, 0.582417
0.289137, 0.583454
0.313948, 0.584364
0.338758, 0.585154
0.363564, 0.585825
0.388369, 0.586383
0.413172, 0.586828
0.437977, 0.587162
0.462785, 0.587384
0.487595, 0.587495
0.512405, 0.587495
0.537215, 0.587384
0.562023, 0.587162
0.586828, 0.586828
0.611631, 0.586383
0.636436, 0.585825
0.661242, 0.585154
0.686052, 0.584364
0.710863, 0.583454
0.735675, 0.582417
0.760486, 0.581249
0.785298, 0.579943
0.810107, 0.578493
0.834913, 0.576892
0.859716, 0.575128
0.884518, 0.573191
0.909322, 0.571067
0.93413, 0.56874
0.95894, 0.566187
0.983751, 0.563381
0.0187114, 0.581489
0.0433959, 0.585098
0.0680798, 0.58838
0.0927617, 0.591372
0.11744, 0.594102
0.142116, 0.596592
0.166792, 0.59886
0.191472, 0.60092
0.216154, 0.602784
0.240839, 0.604463
0.265524, 0.605965
0.290209, 0.607298
0.314894, 0.60847
0.339577, 0.609484
0.364259, 0.610346
0.388939, 0.611061
0.413617, 0.611631
0.438296, 0.612059
0.462977, 0.612344
0.487659, 0.612486
0.512341, 0.612486
0.537023, 0.612344
0.561704, 0.612059
0.586383, 0.611631
0.611061, 0.611061
0.635741, 0.610346
0.660423, 0.609484
0.685106, 0.60847
0.709791, 0.607298
0.734476, 0.605965
0.759161, 0.604463
0.783846, 0.602784
0.808528, 0.60092
0.833208, 0.59886
0.857884, 0.596592
0.88256, 0.594102
0.907238, 0.591372
0.93192, 0.58838
0.956604, 0.585098
0.981289, 0.581489
0.0218074, 0.599598
0.046333, 0.604008
0.0708581, 0.60802
0.0953815, 0.611677
0.119902, 0.615014
0.144419, 0.618057
0.168937, 0.620829
0.193457, 0.623347
0.21798, 0.625625
0.242505, 0.627677
0.267031, 0.629514
0.291557, 0.631144
0.316083, 0.632575
0.340608, 0.633815
0.365131, 0.634869
0.389654, 0.635741
0.414175, 0.636436
0.438696, 0.636955
0.463217, 0.637301
0.487739, 0.637474
0.512261, 0.637474
0.536783, 0.637301
0.561304, 0.636955
0.585825, 0.636436
0.610346, 0.635741
0.634869, 0.634869
0.659392, 0.633815
0.683917, 0.632575
0.708443, 0.631144
0.732969, 0.629514
0.757495, 0.627677
0.78202, 0.625625
0.806543, 0.623347
0.831063, 0.620829
0.855581, 0.618057
0.880098, 0.615014
0.904619, 0.611677
0.929142, 0.60802
0.953667, 0.604008
0.978193, 0.599598
0.0255493, 0.617707
0.0498829, 0.622919
0.0742161, 0.62766
0.0985477, 0.631982
0.122877, 0.635925
0.147203, 0.639522
0.171529, 0.642797
0.195857, 0.645773
0.220187, 0.648466
0.244519, 0.650892
0.268852, 0.653062
0.293186, 0.654989
0.31752, 0.656682
0.341853, 0.658147
0.366185, 0.659392
0.390516, 0.660423
0.414846, 0.661242
0.439176, 0.661855
0.463506, 0.662262
0.487835, 0.662465
0.512165, 0.662465
0.536494, 0.662262
0.560824, 0.661855
0.585154, 0.661242
0.609484, 0.660423
0.633815, 0.659392
0.658147, 0.658147
0.68248, 0.656682
0.706814, 0.654989
0.731148, 0.653062
0.755481, 0.650892
0.779813, 0.648466
0.804143, 0.645773
0.828471, 0.642797
0.852797, 0.639522
0.877123, 0.635925
0.901452, 0.631982
0.925784, 0.62766
0.950117, 0.622919
0.974451, 0.617707
0.0299526, 0.635816
0.0540602, 0.641829
0.0781674, 0.6473
0.102273, 0.652287
0.126377, 0.656836
0.150479, 0.660986
0.174579, 0.664765
0.19868, 0.668199
0.222784, 0.671307
0.24689, 0.674106
0.270997, 0.676611
0.295104, 0.678836
0.319211, 0.680789
0.343318, 0.68248
0.367425, 0.683917
0.39153, 0.685106
0.415636, 0.686052
0.43974, 0.686758
0.463844, 0.687227
0.487948, 0.687461
0.512052, 0.687461
0.536156, 0.687227
0.56026, 0.686758
0.584364, 0.686052
0.60847, 0.685106
0.632575, 0.683917
0.656682, 0.68248
0.680789, 0.680789
0.704896, 0.678836
0.729003, 0.676611
0.75311, 0.674106
0.777216, 0.671307
0.80132, 0.668199
0.825421, 0.664765
0.849521, 0.660986
0.873623, 0.656836
0.897727, 0.652287
0.921833, 0.6473
0.94594, 0.641829
0.970047, 0.635816
0.0350359, 0.653925
0.0588826, 0.66074
0.0827291, 0.66694
0.106575, 0.672592
0.130418, 0.677748
0.15426, 0.68245
0.1781, 0.686733
0.201941, 0.690625
0.225783, 0.694147
0.249627, 0.69732
0.273472, 0.70016
0.297318, 0.702682
0.321164, 0.704896
0.345011, 0.706814
0.368856, 0.708443
0.392702, 0.709791
0.416546, 0.710863
0.440391, 0.711663
0.464234, 0.712195
0.488078, 0.71246
0.511922, 0.71246
0.535766, 0.712195
0.559609, 0.711663
0.583454, 0.710863
0.607298, 0.709791
0.631144, 0.708443
0.654989, 0.706814
0.678836, 0.704896
0.702682, 0.702682
0.726528, 0.70016
0.750373, 0.69732
0.774217, 0.694147
0.798059, 0.690625
0.8219, 0.686733
0.84574, 0.68245
0.869582, 0.677748
0.893425, 0.672592
0.917271, 0.66694
0.941117, 0.66074
0.964964, 0.653925
0.040822, 0.672033
0.0643717, 0.679651
0.0879213, 0.686581
0.11147, 0.692897
0.135018, 0.698659
0.158563, 0.703914
0.182108, 0.708701
0.205652, 0.71305
0.229197, 0.716987
0.252743, 0.720534
0.276291, 0.723709
0.29984, 0.726528
0.323389, 0.729003
0.346938, 0.731148
0.370486, 0.732969
0.394035, 0.734476
0.417583, 0.735675
0.441131, 0.736569
0.464679, 0.737164
0.488226, 0.737461
0.511774, 0.737461
0.535321, 0.737164
0.558869, 0.736569
0.582417, 0.735675
0.605965, 0.734476
0.629514, 0.732969
0.653062, 0.731148
0.676611, 0.729003
0.70016, 0.726528
0.723709, 0.723709
0.747257, 0.720534
0.770803, 0.716987
0.794348, 0.71305
0.817892, 0.708701
0.841437, 0.703914
0.864982, 0.698659
0.88853, 0.692897
0.912079, 0.686581
0.935628, 0.679651
0.959178, 0.672033
0.0473376, 0.690142
0.070553, 0.698562
0.0937683, 0.706221
0.116983, 0.713202
0.140197, 0.71957
0.163409, 0.725378
0.18662, 0.730668
0.209831, 0.735474
0.233041, 0.739826
0.256253, 0.743747
0.279466, 0.747257
0.30268, 0.750373
0.325894, 0.75311
0.349108, 0.755481
0.372323, 0.757495
0.395537, 0.759161
0.418751, 0.760486
0.441966, 0.761476
0.465179, 0.762133
0.488393, 0.762461
0.511607, 0.762461
0.534821, 0.762133
0.558034, 0.761476
0.581249, 0.760486
0.604463, 0.759161
0.627677, 0.757495
0.650892, 0.755481
0.674106, 0.75311
0.69732, 0.750373
0.720534, 0.747257
0.743747, 0.743747
0.766959, 0.739826
0.790169, 0.735474
0.81338, 0.730668
0.836591, 0.725378
0.859803, 0.71957
0.883017, 0.713202
0.906232, 0.706221
0.929447, 0.698562
0.952662, 0.690142
0.054615, 0.708251
0.0774569, 0.717472
0.100299, 0.725861
0.12314, 0.733507
0.145981, 0.740482
0.168821, 0.746842
0.19166, 0.752635
0.214498, 0.757898
0.237336, 0.762664
0.260174, 0.766959
0.283013, 0.770803
0.305853, 0.774217
0.328693, 0.777216
0.351534, 0.779813
0.374375, 0.78202
0.397216, 0.783846
0.420057, 0.785298
0.442898, 0.786382
0.465739, 0.787102
0.48858, 0.787462
0.51142, 0.787462
0.534261, 0.787102
0.557102, 0.786382
0.579943, 0.785298
0.602784, 0.783846
0.625625, 0.78202
0.648466, 0.779813
0.671307, 0.777216
0.694147, 0.774217
0.716987, 0.770803
0.739826, 0.766959
0.762664, 0.762664
0.785502, 0.757898
0.80834, 0.752635
0.831179, 0.746842
0.854019, 0.740482
0.87686, 0.733507
0.899701, 0.725861
0.922543, 0.717472
0.945385, 0.708251
0.062692, 0.72636
0.0851195, 0.736383
0.107547, 0.745502
0.129974, 0.753813
0.152401, 0.761394
0.174827, 0.768307
0.197253, 0.774602
0.219677, 0.780323
0.242102, 0.785502
0.264526, 0.790169
0.28695, 0.794348
0.309375, 0.798059
0.331801, 0.80132
0.354227, 0.804143
0.376653, 0.806543
0.39908, 0.808528
0.421507, 0.810107
0.443933, 0.811286
0.46636, 0.812069
0.488787, 0.81246
0.511213, 0.81246
0.53364, 0.812069
0.556067, 0.811286
0.578493, 0.810107
0.60092, 0.808528
0.623347, 0.806543
0.645773, 0.804143
0.668199, 0.80132
0.690625, 0.798059
0.71305, 0.794348
0.735474, 0.790169
0.757898, 0.785502
0.780323, 0.780323
0.802747, 0.774602
0.825173, 0.768307
0.847599, 0.761394
0.870026, 0.753813
0.892453, 0.745502
0.914881, 0.736383
0.937308, 0.72636
0.071614, 0.744469
0.0935836, 0.755294
0.115553, 0.765142
0.137523, 0.774118
0.159492, 0.782306
0.181461, 0.789772
0.20343, 0.79657
0.225398, 0.802747
0.247365, 0.80834
0.269332, 0.81338
0.291299, 0.817892
0.313267, 0.8219
0.335235, 0.825421
0.357203, 0.828471
0.379171, 0.831063
0.40114, 0.833208
0.423108, 0.834913
0.445077, 0.836187
0.467046, 0.837033
0.489015, 0.837455
0.510985, 0.837455
0.532954, 0.837033
0.554923, 0.836187
0.576892, 0.834913
0.59886, 0.833208
0.620829, 0.831063
0.642797, 0.828471
0.664765, 0.825421
0.686733, 0.8219
0.708701, 0.817892
0.730668, 0.81338
0.752635, 0.80834
0.774602, 0.802747
0.79657, 0.79657
0.818539, 0.789772
0.840508, 0.782306
0.862477, 0.774118
0.884447, 0.765142
0.906416, 0.755294
0.928386, 0.744469
0.0814349, 0.762578
0.102901, 0.774205
0.124367, 0.784783
0.145832, 0.794424
0.167298, 0.803218
0.188763, 0.811237
0.210228, 0.818539
0.231693, 0.825173
0.253158, 0.831179
0.274622, 0.836591
0.296086, 0.841437
0.31755, 0.84574
0.339014, 0.849521
0.360478, 0.852797
0.381943, 0.855581
0.403408, 0.857884
0.424872, 0.859716
0.446337, 0.861084
0.467802, 0.861993
0.489267, 0.862447
0.510733, 0.862447
0.532198, 0.861993
0.553663, 0.861084
0.575128, 0.859716
0.596592, 0.857884
0.618057, 0.855581
0.639522, 0.852797
0.660986, 0.849521
0.68245, 0.84574
0.703914, 0.841437
0.725378, 0.836591
0.746842, 0.831179
0.768307, 0.825173
0.789772, 0.818539
0.811237, 0.811237
0.832702, 0.803218
0.854168, 0.794424
0.875633, 0.784783
0.897099, 0.774205
0.918565, 0.762578
0.0922197, 0.780687
0.113132, 0.793116
0.134045, 0.804423
0.154957, 0.81473
0.17587, 0.82413
0.196782, 0.832702
0.217694, 0.840508
0.238606, 0.847599
0.259518, 0.854019
0.28043, 0.859803
0.301341, 0.864982
0.322252, 0.869582
0.343164, 0.873623
0.364075, 0.877123
0.384986, 0.880098
0.405898, 0.88256
0.426809, 0.884518
0.447721, 0.88598
0.468633, 0.886951
0.489544, 0.887436
0.510456, 0.887436
0.531367, 0.886951
0.552279, 0.88598
0.573191, 0.884518
0.594102, 0.88256
0.615014, 0.880098
0.635925, 0.877123
0.656836, 0.873623
0.677748, 0.869582
0.698659, 0.864982
0.71957, 0.859803
0.740482, 0.854019
0.761394, 0.847599
0.782306, 0.840508
0.803218, 0.832702
0.82413, 0.82413
0.845043, 0.81473
0.865955, 0.804423
0.886868, 0.793116
0.90778, 0.780687
0.104047, 0.798795
0.124353, 0.812027
0.144659, 0.824064
0.164965, 0.835035
0.18527, 0.845043
0.205576, 0.854168
0.225882, 0.862477
0.246187, 0.870026
0.266493, 0.87686
0.286798, 0.883017
0.307103, 0.88853
0.327408, 0.893425
0.347713, 0.897727
0.368018, 0.901452
0.388323, 0.904619
0.408628, 0.907238
0.428933, 0.909322
0.449238, 0.910878
0.469543, 0.911912
0.489848, 0.912428
0.510152, 0.912428
0.530457, 0.911912
0.550762, 0.910878
0.571067, 0.909322
0.591372, 0.907238
0.611677, 0.904619
0.631982, 0.901452
0.652287, 0.897727
0.672592, 0.893425
0.692897, 0.88853
0.713202, 0.883017
0.733507, 0.87686
0.753813, 0.870026
0.774118, 0.862477
0.794424, 0.854168
0.81473, 0.845043
0.835035, 0.835035
0.855341, 0.824064
0.875647, 0.812027
0.895953, 0.798795
0.117014, 0.816904
0.136655, 0.830938
0.156295, 0.843705
0.175936, 0.855341
0.195577, 0.865955
0.215217, 0.875633
0.234858, 0.884447
0.254498, 0.892453
0.274139, 0.899701
0.293779, 0.906232
0.313419, 0.912079
0.33306, 0.917271
0.3527, 0.921833
0.37234, 0.925784
0.39198, 0.929142
0.41162, 0.93192
0.43126, 0.93413
0.4509, 0.93578
0.47054, 0.936877
0.49018, 0.937424
0.50982, 0.937424
0.52946, 0.936877
0.5491, 0.93578
0.56874, 0.93413
0.58838, 0.93192
0.60802, 0.929142
0.62766, 0.925784
0.6473, 0.921833
0.66694, 0.917271
0.686581, 0.912079
0.706221, 0.906232
0.725861, 0.899701
0.745502, 0.892453
0.765142, 0.884447
0.784783, 0.875633
0.804423, 0.865955
0.824064, 0.855341
0.843705, 0.843705
0.863345, 0.830938
0.882986, 0.816904
0.13124, 0.835013
0.150151, 0.849849
0.169062, 0.863345
0.187973, 0.875647
0.206884, 0.886868
0.225795, 0.897099
0.244706, 0.906416
0.263617, 0.914881
0.282528, 0.922543
0.301438, 0.929447
0.320349, 0.935628
0.33926, 0.941117
0.358171, 0.94594
0.377081, 0.950117
0.395992, 0.953667
0.414902, 0.956604
0.433813, 0.95894
0.452724, 0.960685
0.471634, 0.961844
0.490545, 0.962422
0.509455, 0.962422
0.528366, 0.961844
0.547276, 0.960685
0.566187, 0.95894
0.585098, 0.956604
0.604008, 0.953667
0.622919, 0.950117
0.641829, 0.94594
0.66074, 0.941117
0.679651, 0.935628
0.698562, 0.929447
0.717472, 0.922543
0.736383, 0.914881
0.755294, 0.906416
0.774205, 0.897099
0.793116, 0.886868
0.812027, 0.875647
0.830938, 0.863345
0.849849, 0.849849
0.86876, 0.835013
0.146878, 0.853122
0.164987, 0.86876
0.183096, 0.882986
0.201205, 0.895953
0.219313, 0.90778
0.237422, 0.918565
0.255531, 0.928386
0.27364, 0.937308
0.291749, 0.945385
0.309858, 0.952662
0.327967, 0.959178
0.346075, 0.964964
0.364184, 0.970047
0.382293, 0.974451
0.400402, 0.978193
0.418511, 0.981289
0.436619, 0.983751
0.454728, 0.98559
0.472837, 0.986812
0.490946, 0.987422
0.509054, 0.987422
0.527163, 0.986812
0.545272, 0.98559
0.563381, 0.983751
0.581489, 0.981289
0.599598, 0.978193
0.617707, 0.974451
0.635816, 0.970047
0.653925, 0.964964
0.672033, 0.959178
0.690142, 0.952662
0.708251, 0.945385
0.72636, 0.937308
0.744469, 0.928386
0.762578, 0.918565
0.780687, 0.90778
0.798795, 0.895953
0.816904, 0.882986
0.835013, 0.86876
0.853122, 0.853122
