0.146447, 0.146447
0.164124, 0.129612
0.181802, 0.114319
0.19948, 0.100391
0.217157, 0.0876894
0.234835, 0.0761044
0.252513, 0.0655463
0.27019, 0.055942
0.287868, 0.0472307
0.305546, 0.0393619
0.323223, 0.0322928
0.340901, 0.0259879
0.358579, 0.0204168
0.376256, 0.0155544
0.393934, 0.0113795
0.411612, 0.00787451
0.429289, 0.00502525
0.446967, 0.00282045
0.464645, 0.00125157
0.482322, 0.000312598
0.5, 0
0.517678, 0.000312598
0.535355, 0.00125157
0.553033, 0.00282045
0.570711, 0.00502525
0.588388, 0.00787451
0.606066, 0.0113795
0.623744, 0.0155544
0.641421, 0.0204168
0.659099, 0.0259879
0.676777, 0.0322928
0.694454, 0.0393619
0.712132, 0.0472307
0.72981, 0.055942
0.747487, 0.0655463
0.765165, 0.0761044
0.782843, 0.0876894
0.80052, 0.100391
0.818198, 0.114319
0.835876, 0.129612
0.853553, 0.146447
0.129612, 0.164124
0.148132, 0.148132
0.166651, 0.133604
0.185172, 0.120373
0.203692, 0.108308
0.222212, 0.0973036
0.240732, 0.0872749
0.259252, 0.0781524
0.277772, 0.0698783
0.296291, 0.0624044
0.314811, 0.0556904
0.33333, 0.0497023
0.35185, 0.0444112
0.370369, 0.0397933
0.388888, 0.0358282
0.407407, 0.0324995
0.425925, 0.0297936
0.444444, 0.0276998
0.462963, 0.0262098
0.481481, 0.0253181
0.5, 0.0250212
0.518519, 0.0253181
0.537037, 0.0262098
0.555556, 0.0276998
0.574075, 0.0297936
0.592593, 0.0324995
0.611112, 0.0358282
0.629631, 0.0397933
0.64815, 0.0444112
0.66667, 0.0497023
0.685189, 0.0556904
0.703709, 0.0624044
0.722228, 0.0698783
0.740748, 0.0781524
0.759268, 0.0872749
0.777788, 0.0973036
0.796308, 0.108308
0.814828, 0.120373
0.833349, 0.133604
0.851868, 0.148132
0.870388, 0.164124
0.114319, 0.181802
0.133604, 0.166651
0.152889, 0.152889
0.172175, 0.140356
0.191461, 0.128927
0.210746, 0.118503
0.230032, 0.109004
0.249317, 0.100363
0.268602, 0.0925257
0.287886, 0.0854466
0.30717, 0.0790873
0.326454, 0.0734155
0.345738, 0.0684041
0.365021, 0.0640301
0.384304, 0.0602747
0.403587, 0.0571218
0.42287, 0.0545589
0.442153, 0.0525757
0.461435, 0.0511644
0.480718, 0.0503198
0.5, 0.0500386
0.519282, 0.0503198
0.538565, 0.0511644
0.557847, 0.0525757
0.57713, 0.0545589
0.596413, 0.0571218
0.615696, 0.0602747
0.634979, 0.0640301
0.654262, 0.0684041
0.673546, 0.0734155
0.69283, 0.0790873
0.712114, 0.0854466
0.731398, 0.0925257
0.750683, 0.100363
0.769968, 0.109004
0.789254, 0.118503
0.808539, 0.128927
0.827825, 0.140356
0.847111, 0.152889
0.866396, 0.166651
0.885681, 0.181802
0.100391, 0.19948
0.120373, 0.185172
0.140356, 0.172175
0.160339, 0.160339
0.180322, 0.149546
0.200305, 0.139703
0.220287, 0.130732
0.240269, 0.122573
0.260251, 0.115172
0.280232, 0.108487
0.300212, 0.102482
0.320192, 0.0971255
0.340171, 0.0923927
0.360151, 0.0882617
0.380129, 0.0847147
0.400108, 0.0817368
0.420087, 0.0793159
0.440065, 0.0774425
0.460043, 0.0761094
0.480022, 0.0753115
0.5, 0.0750459
0.519978, 0.0753115
0.539957, 0.0761094
0.559935, 0.0774425
0.579913, 0.0793159
0.599892, 0.0817368
0.619871, 0.0847147
0.639849, 0.0882617
0.659829, 0.0923927
0.679808, 0.0971255
0.699788, 0.102482
0.719768, 0.108487
0.739749, 0.115172
0.759731, 0.122573
0.779713, 0.130732
0.799695, 0.139703
0.819678, 0.149546
0.839661, 0.160339
0.859644, 0.172175
0.879627, 0.185172
0.899609, 0.19948
0.0876894, 0.217157
0.108308, 0.203692
0.128927, 0.191461
0.149546, 0.180322
0.170165, 0.170165
0.190784, 0.160902
0.211402, 0.15246
0.232019, 0.144781
0.252635, 0.137816
0.273251, 0.131524
0.293865, 0.125871
0.314479, 0.120829
0.335093, 0.116373
0.355706, 0.112483
0.376319, 0.109142
0.396932, 0.106337
0.417546, 0.104057
0.438159, 0.102292
0.458773, 0.101036
0.479386, 0.100284
0.5, 0.100034
0.520614, 0.100284
0.541227, 0.101036
0.561841, 0.102292
0.582454, 0.104057
0.603068, 0.106337
0.623681, 0.109142
0.644294, 0.112483
0.664907, 0.116373
0.685521, 0.120829
0.706135, 0.125871
0.726749, 0.131524
0.747365, 0.137816
0.767981, 0.144781
0.788598, 0.15246
0.809216, 0.160902
0.829835, 0.170165
0.850454, 0.180322
0.871073, 0.191461
0.891692, 0.203692
0.912311, 0.217157
0.0761044, 0.234835
0.0973036, 0.222212
0.118503, 0.210746
0.139703, 0.200305
0.160902, 0.190784
0.1821, 0.1821
0.203297, 0.174186
0.224493, 0.166987
0.245687, 0.160456
0.266881, 0.154556
0.288073, 0.149253
0.309264, 0.144522
0.330455, 0.14034
0.351646, 0.136689
0.372838, 0.133553
0.39403, 0.130919
0.415223, 0.128778
0.436416, 0.12712
0.457611, 0.125941
0.478805, 0.125235
0.5, 0.125
0.521195, 0.125235
0.542389, 0.125941
0.563584, 0.12712
0.584777, 0.128778
0.60597, 0.130919
0.627162, 0.133553
0.648354, 0.136689
0.669545, 0.14034
0.690736, 0.144522
0.711927, 0.149253
0.733119, 0.154556
0.754313, 0.160456
0.775507, 0.166987
0.796703, 0.174186
0.8179, 0.1821
0.839098, 0.190784
0.860297, 0.200305
0.881497, 0.210746
0.902696, 0.222212
0.923896, 0.234835
0.0655463, 0.252513
0.0872749, 0.240732
0.109004, 0.230032
0.130732, 0.220287
0.15246, 0.211402
0.174186, 0.203297
0.195911, 0.195911
0.217633, 0.18919
0.239353, 0.183092
0.26107, 0.17758
0.282787, 0.172626
0.304504, 0.168205
0.326221, 0.164296
0.347939, 0.160883
0.369659, 0.157953
0.39138, 0.155492
0.413103, 0.153492
0.434826, 0.151944
0.45655, 0.150843
0.478275, 0.150184
0.5, 0.149965
0.521725, 0.150184
0.54345, 0.150843
0.565174, 0.151944
0.586897, 0.153492
0.60862, 0.155492
0.630341, 0.157953
0.652061, 0.160883
0.673779, 0.164296
0.695496, 0.168205
0.717213, 0.172626
0.73893, 0.17758
0.760647, 0.183092
0.782367, 0.18919
0.804089, 0.195911
0.825814, 0.203297
0.84754, 0.211402
0.869268, 0.220287
0.890996, 0.230032
0.912725, 0.240732
0.934454, 0.252513
0.055942, 0.27019
0.0781524, 0.259252
0.100363, 0.249317
0.122573, 0.240269
0.144781, 0.232019
0.166987, 0.224493
0.18919, 0.217633
0.211389, 0.211389
0.233585, 0.205722
0.255779, 0.200598
0.277972, 0.195992
0.300167, 0.191882
0.322364, 0.18825
0.344564, 0.18508
0.366767, 0.182359
0.38897, 0.180076
0.411175, 0.17822
0.433381, 0.176785
0.455587, 0.175763
0.477794, 0.175152
0.5, 0.174949
0.522206, 0.175152
0.544413, 0.175763
0.566619, 0.176785
0.588825, 0.17822
0.61103, 0.180076
0.633233, 0.182359
0.655436, 0.18508
0.677636, 0.18825
0.699833, 0.191882
0.722028, 0.195992
0.744221, 0.200598
0.766415, 0.205722
0.788611, 0.211389
0.81081, 0.217633
0.833013, 0.224493
0.855219, 0.232019
0.877427, 0.240269
0.899637, 0.249317
0.921848, 0.259252
0.944058, 0.27019
0.0472307, 0.287868
0.0698783, 0.277772
0.0925257, 0.268602
0.115172, 0.260251
0.137816, 0.252635
0.160456, 0.245687
0.183092, 0.239353
0.205722, 0.233585
0.228348, 0.228348
0.250974, 0.223614
0.273601, 0.219359
0.296233, 0.215564
0.318868, 0.212213
0.341507, 0.20929
0.364148, 0.206782
0.386789, 0.204677
0.409432, 0.202968
0.432074, 0.201645
0.454716, 0.200705
0.477358, 0.200142
0.5, 0.199955
0.522642, 0.200142
0.545284, 0.200705
0.567926, 0.201645
0.590568, 0.202968
0.613211, 0.204677
0.635852, 0.206782
0.658493, 0.20929
0.681132, 0.212213
0.703767, 0.215564
0.726399, 0.219359
0.749026, 0.223614
0.771652, 0.228348
0.794278, 0.233585
0.816908, 0.239353
0.839544, 0.245687
0.862184, 0.252635
0.884828, 0.260251
0.907474, 0.268602
0.930122, 0.277772
0.952769, 0.287868
0.0393619, 0.305546
0.0624044, 0.296291
0.0854466, 0.287886
0.108487, 0.280232
0.131524, 0.273251
0.154556, 0.266881
0.17758, 0.26107
0.200598, 0.255779
0.223614, 0.250974
0.246631, 0.246631
0.269654, 0.242731
0.292683, 0.239256
0.315716, 0.236188
0.338751, 0.233512
0.361787, 0.231218
0.384824, 0.229293
0.407861, 0.227729
0.430896, 0.22652
0.453931, 0.22566
0.476966, 0.225145
0.5, 0.224974
0.523034, 0.225145
0.546069, 0.22566
0.569104, 0.22652
0.592139, 0.227729
0.615176, 0.229293
0.638213, 0.231218
0.661249, 0.233512
0.684284, 0.236188
0.707317, 0.239256
0.730346, 0.242731
0.753369, 0.246631
0.776386, 0.250974
0.799402, 0.255779
0.82242, 0.26107
0.845444, 0.266881
0.868476, 0.273251
0.891513, 0.280232
0.914553, 0.287886
0.937596, 0.296291
0.960638, 0.305546
0.0322928, 0.323223
0.0556904, 0.314811
0.0790873, 0.30717
0.102482, 0.300212
0.125871, 0.293865
0.149253, 0.288073
0.172626, 0.282787
0.195992, 0.277972
0.219359, 0.273601
0.242731, 0.269654
0.266112, 0.266112
0.289498, 0.262956
0.312888, 0.260171
0.33628, 0.257744
0.359672, 0.255662
0.383063, 0.253916
0.406453, 0.252498
0.429841, 0.251401
0.453229, 0.250622
0.476615, 0.250155
0.5, 0.25
0.523385, 0.250155
0.546771, 0.250622
0.570159, 0.251401
0.593547, 0.252498
0.616937, 0.253916
0.640328, 0.255662
0.66372, 0.257744
0.687112, 0.260171
0.710502, 0.262956
0.733888, 0.266112
0.757269, 0.269654
0.780641, 0.273601
0.804008, 0.277972
0.827374, 0.282787
0.850747, 0.288073
0.874129, 0.293865
0.897518, 0.300212
0.920913, 0.30717
0.94431, 0.314811
0.967707, 0.323223
0.0259879, 0.340901
0.0497023, 0.33333
0.0734155, 0.326454
0.0971255, 0.320192
0.120829, 0.314479
0.144522, 0.309264
0.168205, 0.304504
0.191882, 0.300167
0.215564, 0.296233
0.239256, 0.292683
0.262956, 0.289498
0.286662, 0.286662
0.310371, 0.28416
0.334081, 0.28198
0.357789, 0.28011
0.381496, 0.278542
0.405201, 0.277269
0.428903, 0.276285
0.452603, 0.275585
0.476302, 0.275166
0.5, 0.275027
0.523698, 0.275166
0.547397, 0.275585
0.571097, 0.276285
0.594799, 0.277269
0.618504, 0.278542
0.642211, 0.28011
0.665919, 0.28198
0.689629, 0.28416
0.713338, 0.286662
0.737044, 0.289498
0.760744, 0.292683
0.784436, 0.296233
0.808118, 0.300167
0.831795, 0.304504
0.855478, 0.309264
0.879171, 0.314479
0.902874, 0.320192
0.926584, 0.326454
0.950298, 0.33333
0.974012, 0.340901
0.0204168, 0.358579
0.0444112, 0.35185
0.0684041, 0.345738
0.0923927, 0.340171
0.116373, 0.335093
0.14034, 0.330455
0.164296, 0.326221
0.18825, 0.322364
0.212213, 0.318868
0.236188, 0.315716
0.260171, 0.312888
0.28416, 0.310371
0.308151, 0.308151
0.332141, 0.306216
0.35613, 0.304558
0.380115, 0.303168
0.404097, 0.302038
0.428076, 0.301165
0.452052, 0.300544
0.476026, 0.300172
0.5, 0.300048
0.523974, 0.300172
0.547948, 0.300544
0.571924, 0.301165
0.595903, 0.302038
0.619885, 0.303168
0.64387, 0.304558
0.667859, 0.306216
0.691849, 0.308151
0.71584, 0.310371
0.739829, 0.312888
0.763812, 0.315716
0.787787, 0.318868
0.81175, 0.322364
0.835704, 0.326221
0.85966, 0.330455
0.883627, 0.335093
0.907607, 0.340171
0.931596, 0.345738
0.955589, 0.35185
0.979583, 0.358579
0.0155544, 0.376256
0.0397933, 0.370369
0.0640301, 0.365021
0.0882617, 0.360151
0.112483, 0.355706
0.136689, 0.351646
0.160883, 0.347939
0.18508, 0.344564
0.20929, 0.341507
0.233512, 0.338751
0.257744, 0.33628
0.28198, 0.334081
0.306216, 0.332141
0.330452, 0.330452
0.354684, 0.329003
0.378911, 0.327789
0.403135, 0.326801
0.427354, 0.326037
0.45157, 0.325492
0.475785, 0.325165
0.5, 0.325056
0.524215, 0.325165
0.54843, 0.325492
0.572646, 0.326037
0.596865, 0.326801
0.621089, 0.327789
0.645316, 0.329003
0.669548, 0.330452
0.693784, 0.332141
0.71802, 0.334081
0.742256, 0.33628
0.766488, 0.338751
0.79071, 0.341507
0.81492, 0.344564
0.839117, 0.347939
0.863311, 0.351646
0.887517, 0.355706
0.911738, 0.360151
0.93597, 0.365021
0.960207, 0.370369
0.984446, 0.376256
0.0113795, 0.393934
0.0358282, 0.388888
0.0602747, 0.384304
0.0847147, 0.380129
0.109142, 0.376319
0.133553, 0.372838
0.157953, 0.369659
0.182359, 0.366767
0.206782, 0.364148
0.231218, 0.361787
0.255662, 0.359672
0.28011, 0.357789
0.304558, 0.35613
0.329003, 0.354684
0.353444, 0.353444
0.377878, 0.352403
0.402307, 0.351554
0.426731, 0.350894
0.451153, 0.350421
0.475576, 0.350136
0.5, 0.35004
0.524424, 0.350136
0.548847, 0.350421
0.573269, 0.350894
0.597693, 0.351554
0.622122, 0.352403
0.646556, 0.353444
0.670997, 0.354684
0.695442, 0.35613
0.71989, 0.357789
0.744338, 0.359672
0.768782, 0.361787
0.793218, 0.364148
0.817641, 0.366767
0.842047, 0.369659
0.866447, 0.372838
0.890858, 0.376319
0.915285, 0.380129
0.939725, 0.384304
0.964172, 0.388888
0.988621, 0.393934
0.00787451, 0.411612
0.0324995, 0.407407
0.0571218, 0.403587
0.0817368, 0.400108
0.106337, 0.396932
0.130919, 0.39403
0.155492, 0.39138
0.180076, 0.38897
0.204677, 0.386789
0.229293, 0.384824
0.253916, 0.383063
0.278542, 0.381496
0.303168, 0.380115
0.327789, 0.378911
0.352403, 0.377878
0.377008, 0.377008
0.401606, 0.376295
0.426199, 0.375734
0.450794, 0.375329
0.475395, 0.375083
0.5, 0.375001
0.524605, 0.375083
0.549206, 0.375329
0.573801, 0.375734
0.598394, 0.376295
0.622992, 0.377008
0.647597, 0.377878
0.672211, 0.378911
0.696832, 0.380115
0.721458, 0.381496
0.746084, 0.383063
0.770707, 0.384824
0.795323, 0.386789
0.819924, 0.38897
0.844508, 0.39138
0.869081, 0.39403
0.893663, 0.396932
0.918263, 0.400108
0.942878, 0.403587
0.9675, 0.407407
0.992125, 0.411612
0.00502525, 0.429289
0.0297936, 0.425925
0.0545589, 0.42287
0.0793159, 0.420087
0.104057, 0.417546
0.128778, 0.415223
0.153492, 0.413103
0.17822, 0.411175
0.202968, 0.409432
0.227729, 0.407861
0.252498, 0.406453
0.277269, 0.405201
0.302038, 0.404097
0.326801, 0.403135
0.351554, 0.402307
0.376295, 0.401606
0.401024, 0.401024
0.425754, 0.400564
0.450492, 0.400229
0.475242, 0.400028
0.5, 0.39996
0.524758, 0.400028
0.549508, 0.400229
0.574246, 0.400564
0.598976, 0.401024
0.623705, 0.401606
0.648446, 0.402307
0.673199, 0.403135
0.697962, 0.404097
0.722731, 0.405201
0.747502, 0.406453
0.772271, 0.407861
0.797032, 0.409432
0.82178, 0.411175
0.846508, 0.413103
0.871222, 0.415223
0.895943, 0.417546
0.920684, 0.420087
0.945441, 0.42287
0.970206, 0.425925
0.994975, 0.429289
0.00282045, 0.446967
0.0276998, 0.444444
0.0525757, 0.442153
0.0774425, 0.440065
0.102292, 0.438159
0.12712, 0.436416
0.151944, 0.434826
0.176785, 0.433381
0.201645, 0.432074
0.22652, 0.430896
0.251401, 0.429841
0.276285, 0.428903
0.301165, 0.428076
0.326037, 0.427354
0.350894, 0.426731
0.375734, 0.426199
0.400564, 0.425754
0.4254, 0.4254
0.450254, 0.425146
0.475123, 0.424994
0.5, 0.424944
0.524877, 0.424994
0.549746, 0.425146
0.5746, 0.4254
0.599436, 0.425754
0.624266, 0.426199
0.649106, 0.426731
0.673963, 0.427354
0.698835, 0.428076
0.723715, 0.428903
0.748599, 0.429841
0.77348, 0.430896
0.798355, 0.432074
0.823215, 0.433381
0.848056, 0.434826
0.87288, 0.436416
0.897708, 0.438159
0.922557, 0.440065
0.947424, 0.442153
0.9723, 0.444444
0.99718, 0.446967
0.00125157, 0.464645
0.0262098, 0.462963
0.0511644, 0.461435
0.0761094, 0.460043
0.101036, 0.458773
0.125941, 0.457611
0.150843, 0.45655
0.175763, 0.455587
0.200705, 0.454716
0.22566, 0.453931
0.250622, 0.453229
0.275585, 0.452603
0.300544, 0.452052
0.325492, 0.45157
0.350421, 0.451153
0.375329, 0.450794
0.400229, 0.450492
0.425146, 0.450254
0.450085, 0.450085
0.475039, 0.449984
0.5, 0.449951
0.524961, 0.449984
0.549915, 0.450085
0.574854, 0.450254
0.599771, 0.450492
0.624671, 0.450794
0.649579, 0.451153
0.674508, 0.45157
0.699456, 0.452052
0.724415, 0.452603
0.749378, 0.453229
0.77434, 0.453931
0.799295, 0.454716
0.824237, 0.455587
0.849157, 0.45655
0.874059, 0.457611
0.898964, 0.458773
0.923891, 0.460043
0.948836, 0.461435
0.97379, 0.462963
0.998748, 0.464645
0.000312598, 0.482322
0.0253181, 0.481481
0.0503198, 0.480718
0.0753115, 0.480022
0.100284, 0.479386
0.125235, 0.478805
0.150184, 0.478275
0.175152, 0.477794
0.200142, 0.477358
0.225145, 0.476966
0.250155, 0.476615
0.275166, 0.476302
0.300172, 0.476026
0.325165, 0.475785
0.350136, 0.475576
0.375083, 0.475395
0.400028, 0.475242
0.424994, 0.475123
0.449984, 0.475039
0.474989, 0.474989
0.5, 0.474972
0.525011, 0.474989
0.550016, 0.475039
0.575006, 0.475123
0.599972, 0.475242
0.624917, 0.475395
0.649864, 0.475576
0.674835, 0.475785
0.699828, 0.476026
0.724834, 0.476302
0.749845, 0.476615
0.774855, 0.476966
0.799858, 0.477358
0.824848, 0.477794
0.849816, 0.478275
0.874765, 0.478805
0.899716, 0.479386
0.924688, 0.480022
0.94968, 0.480718
0.974682, 0.481481
0.999687, 0.482322
0, 0.5
0.0250212, 0.5
0.0500386, 0.5
0.0750459, 0.5
0.100034, 0.5
0.125, 0.5
0.149965, 0.5
0.174949, 0.5
0.199955, 0.5
0.224974, 0.5
0.25, 0.5
0.275027, 0.5
0.300048, 0.5
0.325056, 0.5
0.35004, 0.5
0.375001, 0.5
0.39996, 0.5
0.424944, 0.5
0.449951, 0.5
0.474972, 0.5
0.5, 0.5
0.525028, 0.5
0.550049, 0.5
0.575056, 0.5
0.60004, 0.5
0.624999, 0.5
0.64996, 0.5
0.674944, 0.5
0.699952, 0.5
0.724973, 0.5
0.75, 0.5
0.775026, 0.5
0.800045, 0.5
0.825051, 0.5
0.850035, 0.5
0.875, 0.5
0.899966, 0.5
0.924954, 0.5
0.949961, 0.5
0.974979, 0.5
1, 0.5
0.000312598, 0.517678
0.0253181, 0.518519
0.0503198, 0.519282
0.0753115, 0.519978
0.100284, 0.520614
0.125235, 0.521195
0.150184, 0.521725
0.175152, 0.522206
0.200142, 0.522642
0.225145, 0.523034
0.250155, 0.523385
0.275166, 0.523698
0.300172, 0.523974
0.325165, 0.524215
0.350136, 0.524424
0.375083, 0.524605
0.400028, 0.524758
0.424994, 0.524877
0.449984, 0.524961
0.474989, 0.525011
0.5, 0.525028
0.525011, 0.525011
0.550016, 0.524961
0.575006, 0.524877
0.599972, 0.524758
0.624917, 0.524605
0.649864, 0.524424
0.674835, 0.524215
0.699828, 0.523974
0.724834, 0.523698
0.749845, 0.523385
0.774855, 0.523034
0.799858, 0.522642
0.824848, 0.522206
0.849816, 0.521725
0.874765, 0.521195
0.899716, 0.520614
0.924688, 0.519978
0.94968, 0.519282
0.974682, 0.518519
0.999687, 0.517678
0.00125157, 0.535355
0.0262098, 0.537037
0.0511644, 0.538565
0.0761094, 0.539957
0.101036, 0.541227
0.125941, 0.542389
0.150843, 0.54345
0.175763, 0.544413
0.200705, 0.545284
0.22566, 0.546069
0.250622, 0.546771
0.275585, 0.547397
0.300544, 0.547948
0.325492, 0.54843
0.350421, 0.548847
0.375329, 0.549206
0.400229, 0.549508
0.425146, 0.549746
0.450085, 0.549915
0.475039, 0.550016
0.5, 0.550049
0.524961, 0.550016
0.549915, 0.549915
0.574854, 0.549746
0.599771, 0.549508
0.624671, 0.549206
0.649579, 0.548847
0.674508, 0.54843
0.699456, 0.547948
0.724415, 0.547397
0.749378, 0.546771
0.77434, 0.546069
0.799295, 0.545284
0.824237, 0.544413
0.849157, 0.54345
0.874059, 0.542389
0.898964, 0.541227
0.923891, 0.539957
0.948836, 0.538565
0.97379, 0.537037
0.998748, 0.535355
0.00282045, 0.553033
0.0276998, 0.555556
0.0525757, 0.557847
0.0774425, 0.559935
0.102292, 0.561841
0.12712, 0.563584
0.151944, 0.565174
0.176785, 0.566619
0.201645, 0.567926
0.22652, 0.569104
0.251401, 0.570159
0.276285, 0.571097
0.301165, 0.571924
0.326037, 0.572646
0.350894, 0.573269
0.375734, 0.573801
0.400564, 0.574246
0.4254, 0.5746
0.450254, 0.574854
0.475123, 0.575006
0.5, 0.575056
0.524877, 0.575006
0.549746, 0.574854
0.5746, 0.5746
0.599436, 0.574246
0.624266, 0.573801
0.649106, 0.573269
0.673963, 0.572646
0.698835, 0.571924
0.723715, 0.571097
0.748599, 0.570159
0.77348, 0.569104
0.798355, 0.567926
0.823215, 0.566619
0.848056, 0.565174
0.87288, 0.563584
0.897708, 0.561841
0.922557, 0.559935
0.947424, 0.557847
0.9723, 0.555556
0.99718, 0.553033
0.00502525, 0.570711
0.0297936, 0.574075
0.0545589, 0.57713
0.0793159, 0.579913
0.104057, 0.582454
0.128778, 0.584777
0.153492, 0.586897
0.17822, 0.588825
0.202968, 0.590568
0.227729, 0.592139
0.252498, 0.593547
0.277269, 0.594799
0.302038, 0.595903
0.326801, 0.596865
0.351554, 0.597693
0.376295, 0.598394
0.401024, 0.598976
0.425754, 0.599436
0.450492, 0.599771
0.475242, 0.599972
0.5, 0.60004
0.524758, 0.599972
0.549508, 0.599771
0.574246, 0.599436
0.598976, 0.598976
0.623705, 0.598394
0.648446, 0.597693
0.673199, 0.596865
0.697962, 0.595903
0.722731, 0.594799
0.747502, 0.593547
0.772271, 0.592139
0.797032, 0.590568
0.82178, 0.588825
0.846508, 0.586897
0.871222, 0.584777
0.895943, 0.582454
0.920684, 0.579913
0.945441, 0.57713
0.970206, 0.574075
0.994975, 0.570711
0.00787451, 0.588388
0.0324995, 0.592593
0.0571218, 0.596413
0.0817368, 0.599892
0.106337, 0.603068
0.130919, 0.60597
0.155492, 0.60862
0.180076, 0.61103
0.204677, 0.613211
0.229293, 0.615176
0.253916, 0.616937
0.278542, 0.618504
0.303168, 0.619885
0.327789, 0.621089
0.352403, 0.622122
0.377008, 0.622992
0.401606, 0.623705
0.426199, 0.624266
0.450794, 0.624671
0.475395, 0.624917
0.5, 0.624999
0.524605, 0.624917
0.549206, 0.624671
0.573801, 0.624266
0.598394, 0.623705
0.622992, 0.622992
0.647597, 0.622122
0.672211, 0.621089
0.696832, 0.619885
0.721458, 0.618504
0.746084, 0.616937
0.770707, 0.615176
0.795323, 0.613211
0.819924, 0.61103
0.844508, 0.60862
0.869081, 0.60597
0.893663, 0.603068
0.918263, 0.599892
0.942878, 0.596413
0.9675, 0.592593
0.992125, 0.588388
0.0113795, 0.606066
0.0358282, 0.611112
0.0602747, 0.615696
0.0847147, 0.619871
0.109142, 0.623681
0.133553, 0.627162
0.157953, 0.630341
0.182359, 0.633233
0.206782, 0.635852
0.231218, 0.638213
0.255662, 0.640328
0.28011, 0.642211
0.304558, 0.64387
0.329003, 0.645316
0.353444, 0.646556
0.377878, 0.647597
0.402307, 0.648446
0.426731, 0.649106
0.451153, 0.649579
0.475576, 0.649864
0.5, 0.64996
0.524424, 0.649864
0.548847, 0.649579
0.573269, 0.649106
0.597693, 0.648446
0.622122, 0.647597
0.646556, 0.646556
0.670997, 0.645316
0.695442, 0.64387
0.71989, 0.642211
0.744338, 0.640328
0.768782, 0.638213
0.793218, 0.635852
0.817641, 0.633233
0.842047, 0.630341
0.866447, 0.627162
0.890858, 0.623681
0.915285, 0.619871
0.939725, 0.615696
0.964172, 0.611112
0.988621, 0.606066
0.0155544, 0.623744
0.0397933, 0.629631
0.0640301, 0.634979
0.0882617, 0.639849
0.112483, 0.644294
0.136689, 0.648354
0.160883, 0.652061
0.18508, 0.655436
0.20929, 0.658493
0.233512, 0.661249
0.257744, 0.66372
0.28198, 0.665919
0.306216, 0.667859
0.330452, 0.669548
0.354684, 0.670997
0.378911, 0.672211
0.403135, 0.673199
0.427354, 0.673963
0.45157, 0.674508
0.475785, 0.674835
0.5, 0.674944
0.524215, 0.674835
0.54843, 0.674508
0.572646, 0.673963
0.596865, 0.673199
0.621089, 0.672211
0.645316, 0.670997
0.669548, 0.669548
0.693784, 0.667859
0.71802, 0.665919
0.742256, 0.66372
0.766488, 0.661249
0.79071, 0.658493
0.81492, 0.655436
0.839117, 0.652061
0.863311, 0.648354
0.887517, 0.644294
0.911738, 0.639849
0.93597, 0.634979
0.960207, 0.629631
0.984446, 0.623744
0.0204168, 0.641421
0.0444112, 0.64815
0.0684041, 0.654262
0.0923927, 0.659829
0.116373, 0.664907
0.14034, 0.669545
0.164296, 0.673779
0.18825, 0.677636
0.212213, 0.681132
0.236188, 0.684284
0.260171, 0.687112
0.28416, 0.689629
0.308151, 0.691849
0.332141, 0.693784
0.35613, 0.695442
0.380115, 0.696832
0.404097, 0.697962
0.428076, 0.698835
0.452052, 0.699456
0.476026, 0.699828
0.5, 0.699952
0.523974, 0.699828
0.547948, 0.699456
0.571924, 0.698835
0.595903, 0.697962
0.619885, 0.696832
0.64387, 0.695442
0.667859, 0.693784
0.691849, 0.691849
0.71584, 0.689629
0.739829, 0.687112
0.763812, 0.684284
0.787787, 0.681132
0.81175, 0.677636
0.835704, 0.673779
0.85966, 0.669545
0.883627, 0.664907
0.907607, 0.659829
0.931596, 0.654262
0.955589, 0.64815
0.979583, 0.641421
0.0259879, 0.659099
0.0497023, 0.66667
0.0734155, 0.673546
0.0971255, 0.679808
0.120829, 0.685521
0.144522, 0.690736
0.168205, 0.695496
0.191882, 0.699833
0.215564, 0.703767
0.239256, 0.707317
0.262956, 0.710502
0.286662, 0.713338
0.310371, 0.71584
0.334081, 0.71802
0.357789, 0.71989
0.381496, 0.721458
0.405201, 0.722731
0.428903, 0.723715
0.452603, 0.724415
0.476302, 0.724834
0.5, 0.724973
0.523698, 0.724834
0.547397, 0.724415
0.571097, 0.723715
0.594799, 0.722731
0.618504, 0.721458
0.642211, 0.71989
0.665919, 0.71802
0.689629, 0.71584
0.713338, 0.713338
0.737044, 0.710502
0.760744, 0.707317
0.784436, 0.703767
0.808118, 0.699833
0.831795, 0.695496
0.855478, 0.690736
0.879171, 0.685521
0.902874, 0.679808
0.926584, 0.673546
0.950298, 0.66667
0.974012, 0.659099
0.0322928, 0.676777
0.0556904, 0.685189
0.0790873, 0.69283
0.102482, 0.699788
0.125871, 0.706135
0.149253, 0.711927
0.172626, 0.717213
0.195992, 0.722028
0.219359, 0.726399
0.242731, 0.730346
0.266112, 0.733888
0.289498, 0.737044
0.312888, 0.739829
0.33628, 0.742256
0.359672, 0.744338
0.383063, 0.746084
0.406453, 0.747502
0.429841, 0.748599
0.453229, 0.749378
0.476615, 0.749845
0.5, 0.75
0.523385, 0.749845
0.546771, 0.749378
0.570159, 0.748599
0.593547, 0.747502
0.616937, 0.746084
0.640328, 0.744338
0.66372, 0.742256
0.687112, 0.739829
0.710502, 0.737044
0.733888, 0.733888
0.757269, 0.730346
0.780641, 0.726399
0.804008, 0.722028
0.827374, 0.717213
0.850747, 0.711927
0.874129, 0.706135
0.897518, 0.699788
0.920913, 0.69283
0.94431, 0.685189
0.967707, 0.676777
0.0393619, 0.694454
0.0624044, 0.703709
0.0854466, 0.712114
0.108487, 0.719768
0.131524, 0.726749
0.154556, 0.733119
0.17758, 0.73893
0.200598, 0.744221
0.223614, 0.749026
0.246631, 0.753369
0.269654, 0.757269
0.292683, 0.760744
0.315716, 0.763812
0.338751, 0.766488
0.361787, 0.768782
0.384824, 0.770707
0.407861, 0.772271
0.430896, 0.77348
0.453931, 0.77434
0.476966, 0.774855
0.5, 0.775026
0.523034, 0.774855
0.546069, 0.77434
0.569104, 0.77348
0.592139, 0.772271
0.615176, 0.770707
0.638213, 0.768782
0.661249, 0.766488
0.684284, 0.763812
0.707317, 0.760744
0.730346, 0.757269
0.753369, 0.753369
0.776386, 0.749026
0.799402, 0.744221
0.82242, 0.73893
0.845444, 0.733119
0.868476, 0.726749
0.891513, 0.719768
0.914553, 0.712114
0.937596, 0.703709
0.960638, 0.694454
0.0472307, 0.712132
0.0698783, 0.722228
0.0925257, 0.731398
0.115172, 0.739749
0.137816, 0.747365
0.160456, 0.754313
0.183092, 0.760647
0.205722, 0.766415
0.228348, 0.771652
0.250974, 0.776386
0.273601, 0.780641
0.296233, 0.784436
0.318868, 0.787787
0.341507, 0.79071
0.364148, 0.793218
0.386789, 0.795323
0.409432, 0.797032
0.432074, 0.798355
0.454716, 0.799295
0.477358, 0.799858
0.5, 0.800045
0.522642, 0.799858
0.545284, 0.799295
0.567926, 0.798355
0.590568, 0.797032
0.613211, 0.795323
0.635852, 0.793218
0.658493, 0.79071
0.681132, 0.787787
0.703767, 0.784436
0.726399, 0.780641
0.749026, 0.776386
0.771652, 0.771652
0.794278, 0.766415
0.816908, 0.760647
0.839544, 0.754313
0.862184, 0.747365
0.884828, 0.739749
0.907474, 0.731398
0.930122, 0.722228
0.952769, 0.712132
0.055942, 0.72981
0.0781524, 0.740748
0.100363, 0.750683
0.122573, 0.759731
0.144781, 0.767981
0.166987, 0.775507
0.18919, 0.782367
0.211389, 0.788611
0.233585, 0.794278
0.255779, 0.799402
0.277972, 0.804008
0.300167, 0.808118
0.322364, 0.81175
0.344564, 0.81492
0.366767, 0.817641
0.38897, 0.819924
0.411175, 0.82178
0.433381, 0.823215
0.455587, 0.824237
0.477794, 0.824848
0.5, 0.825051
0.522206, 0.824848
0.544413, 0.824237
0.566619, 0.823215
0.588825, 0.82178
0.61103, 0.819924
0.633233, 0.817641
0.655436, 0.81492
0.677636, 0.81175
0.699833, 0.808118
0.722028, 0.804008
0.744221, 0.799402
0.766415, 0.794278
0.788611, 0.788611
0.81081, 0.782367
0.833013, 0.775507
0.855219, 0.767981
0.877427, 0.759731
0.899637, 0.750683
0.921848, 0.740748
0.944058, 0.72981
0.0655463, 0.747487
0.0872749, 0.759268
0.109004, 0.769968
0.130732, 0.779713
0.15246, 0.788598
0.174186, 0.796703
0.195911, 0.804089
0.217633, 0.81081
0.239353, 0.816908
0.26107, 0.82242
0.282787, 0.827374
0.304504, 0.831795
0.326221, 0.835704
0.347939, 0.839117
0.369659, 0.842047
0.39138, 0.844508
0.413103, 0.846508
0.434826, 0.848056
0.45655, 0.849157
0.478275, 0.849816
0.5, 0.850035
0.521725, 0.849816
0.54345, 0.849157
0.565174, 0.848056
0.586897, 0.846508
0.60862, 0.844508
0.630341, 0.842047
0.652061, 0.839117
0.673779, 0.835704
0.695496, 0.831795
0.717213, 0.827374
0.73893, 0.82242
0.760647, 0.816908
0.782367, 0.81081
0.804089, 0.804089
0.825814, 0.796703
0.84754, 0.788598
0.869268, 0.779713
0.890996, 0.769968
0.912725, 0.759268
0.934454, 0.747487
0.0761044, 0.765165
0.0973036, 0.777788
0.118503, 0.789254
0.139703, 0.799695
0.160902, 0.809216
0.1821, 0.8179
0.203297, 0.825814
0.224493, 0.833013
0.245687, 0.839544
0.266881, 0.845444
0.288073, 0.850747
0.309264, 0.855478
0.330455, 0.85966
0.351646, 0.863311
0.372838, 0.866447
0.39403, 0.869081
0.415223, 0.871222
0.436416, 0.87288
0.457611, 0.874059
0.478805, 0.874765
0.5, 0.875
0.521195, 0.874765
0.542389, 0.874059
0.563584, 0.87288
0.584777, 0.871222
0.60597, 0.869081
0.627162, 0.866447
0.648354, 0.863311
0.669545, 0.85966
0.690736, 0.855478
0.711927, 0.850747
0.733119, 0.845444
0.754313, 0.839544
0.775507, 0.833013
0.796703, 0.825814
0.8179, 0.8179
0.839098, 0.809216
0.860297, 0.799695
0.881497, 0.789254
0.902696, 0.777788
0.923896, 0.765165
0.0876894, 0.782843
0.108308, 0.796308
0.128927, 0.808539
0.149546, 0.819678
0.170165, 0.829835
0.190784, 0.839098
0.211402, 0.84754
0.232019, 0.855219
0.252635, 0.862184
0.273251, 0.868476
0.293865, 0.874129
0.314479, 0.879171
0.335093, 0.883627
0.355706, 0.887517
0.376319, 0.890858
0.396932, 0.893663
0.417546, 0.895943
0.438159, 0.897708
0.458773, 0.898964
0.479386, 0.899716
0.5, 0.899966
0.520614, 0.899716
0.541227, 0.898964
0.561841, 0.897708
0.582454, 0.895943
0.603068, 0.893663
0.623681, 0.890858
0.644294, 0.887517
0.664907, 0.883627
0.685521, 0.879171
0.706135, 0.874129
0.726749, 0.868476
0.747365, 0.862184
0.767981, 0.855219
0.788598, 0.84754
0.809216, 0.839098
0.829835, 0.829835
0.850454, 0.819678
0.871073, 0.808539
0.891692, 0.796308
0.912311, 0.782843
0.100391, 0.80052
0.120373, 0.814828
0.140356, 0.827825
0.160339, 0.839661
0.180322, 0.850454
0.200305, 0.860297
0.220287, 0.869268
0.240269, 0.877427
0.260251, 0.884828
0.280232, 0.891513
0.300212, 0.897518
0.320192, 0.902874
0.340171, 0.907607
0.360151, 0.911738
0.380129, 0.915285
0.400108, 0.918263
0.420087, 0.920684
0.440065, 0.922557
0.460043, 0.923891
0.480022, 0.924688
0.5, 0.924954
0.519978, 0.924688
0.539957, 0.923891
0.559935, 0.922557
0.579913, 0.920684
0.599892, 0.918263
0.619871, 0.915285
0.639849, 0.911738
0.659829, 0.907607
0.679808, 0.902874
0.699788, 0.897518
0.719768, 0.891513
0.739749, 0.884828
0.759731, 0.877427
0.779713, 0.869268
0.799695, 0.860297
0.819678, 0.850454
0.839661, 0.839661
0.859644, 0.827825
0.879627, 0.814828
0.899609, 0.80052
0.114319, 0.818198
0.133604, 0.833349
0.152889, 0.847111
0.172175, 0.859644
0.191461, 0.871073
0.210746, 0.881497
0.230032, 0.890996
0.249317, 0.899637
0.268602, 0.907474
0.287886, 0.914553
0.30717, 0.920913
0.326454, 0.926584
0.345738, 0.931596
0.365021, 0.93597
0.384304, 0.939725
0.403587, 0.942878
0.42287, 0.945441
0.442153, 0.947424
0.461435, 0.948836
0.480718, 0.94968
0.5, 0.949961
0.519282, 0.94968
0.538565, 0.948836
0.557847, 0.947424
0.57713, 0.945441
0.596413, 0.942878
0.615696, 0.939725
0.634979, 0.93597
0.654262, 0.931596
0.673546, 0.926584
0.69283, 0.920913
0.712114, 0.914553
0.731398, 0.907474
0.750683, 0.899637
0.769968, 0.890996
0.789254, 0.881497
0.808539, 0.871073
0.827825, 0.859644
0.847111, 0.847111
0.866396, 0.833349
0.885681, 0.818198
0.129612, 0.835876
0.148132, 0.851868
0.166651, 0.866396
0.185172, 0.879627
0.203692, 0.891692
0.222212, 0.902696
0.240732, 0.912725
0.259252, 0.921848
0.277772, 0.930122
0.296291, 0.937596
0.314811, 0.94431
0.33333, 0.950298
0.35185, 0.955589
0.370369, 0.960207
0.388888, 0.964172
0.407407, 0.9675
0.425925, 0.970206
0.444444, 0.9723
0.462963, 0.97379
0.481481, 0.974682
0.5, 0.974979
0.518519, 0.974682
0.537037, 0.97379
0.555556, 0.9723
0.574075, 0.970206
0.592593, 0.9675
0.611112, 0.964172
0.629631, 0.960207
0.64815, 0.955589
0.66667, 0.950298
0.685189, 0.94431
0.703709, 0.937596
0.722228, 0.930122
0.740748, 0.921848
0.759268, 0.912725
0.777788, 0.902696
0.796308, 0.891692
0.814828, 0.879627
0.833349, 0.866396
0.851868, 0.851868
0.870388, 0.835876
0.146447, 0.853553
0.164124, 0.870388
0.181802, 0.885681
0.19948, 0.899609
0.217157, 0.912311
0.234835, 0.923896
0.252513, 0.934454
0.27019, 0.944058
0.287868, 0.952769
0.305546, 0.960638
0.323223, 0.967707
0.340901, 0.974012
0.358579, 0.979583
0.376256, 0.984446
0.393934, 0.988621
0.411612, 0.992125
0.429289, 0.994975
0.446967, 0.99718
0.464645, 0.998748
0.482322, 0.999687
0.5, 1
0.517678, 0.999687
0.535355, 0.998748
0.553033, 0.99718
0.570711, 0.994975
0.588388, 0.992125
0.606066, 0.988621
0.623744, 0.984446
0.641421, 0.979583
0.659099, 0.974012
0.676777, 0.967707
0.694454, 0.960638
0.712132, 0.952769
0.72981, 0.944058
0.747487, 0.934454
0.765165, 0.923896
0.782843, 0.912311
0.80052, 0.899609
0.818198, 0.885681
0.835876, 0.870388
0.853553, 0.853553
0.146878, 0.146878
0.164987, 0.13124
0.183096, 0.117014
0.201205, 0.104048
0.219314, 0.0922205
0.237423, 0.081436
0.255532, 0.0716154
0.273641, 0.0626937
0.29175, 0.054617
0.309859, 0.04734
0.327968, 0.0408246
0.346077, 0.0350389
0.364185, 0.0299558
0.382294, 0.0255528
0.400403, 0.0218111
0.418511, 0.0187152
0.43662, 0.0162528
0.454729, 0.0144142
0.472837, 0.0131923
0.490946, 0.0125825
0.509054, 0.0125825
0.527163, 0.0131923
0.545271, 0.0144142
0.56338, 0.0162528
0.581489, 0.0187152
0.599597, 0.0218111
0.617706, 0.0255528
0.635815, 0.0299558
0.653923, 0.0350389
0.672032, 0.0408246
0.690141, 0.04734
0.70825, 0.054617
0.726359, 0.0626937
0.744468, 0.0716154
0.762577, 0.081436
0.780686, 0.0922205
0.798795, 0.104048
0.816904, 0.117014
0.835013, 0.13124
0.853122, 0.146878
0.13124, 0.164987
0.150151, 0.150151
0.169063, 0.136655
0.187974, 0.124354
0.206886, 0.113134
0.225797, 0.102904
0.244708, 0.0935874
0.263619, 0.085124
0.28253, 0.0774623
0.301441, 0.0705592
0.320352, 0.0643787
0.339263, 0.0588903
0.358173, 0.0540686
0.377084, 0.0498919
0.395994, 0.0463426
0.414904, 0.0434059
0.433815, 0.0410701
0.452725, 0.039326
0.471635, 0.038167
0.490545, 0.0375885
0.509455, 0.0375885
0.528365, 0.038167
0.547275, 0.039326
0.566185, 0.0410701
0.585096, 0.0434059
0.604006, 0.0463426
0.622916, 0.0498919
0.641827, 0.0540686
0.660737, 0.0588903
0.679648, 0.0643787
0.698559, 0.0705592
0.71747, 0.0774623
0.736381, 0.085124
0.755292, 0.0935874
0.774203, 0.102904
0.793114, 0.113134
0.812026, 0.124354
0.830937, 0.136655
0.849849, 0.150151
0.86876, 0.164987
0.117014, 0.183096
0.136655, 0.169063
0.156297, 0.156297
0.175938, 0.144661
0.19558, 0.134049
0.215221, 0.124372
0.234862, 0.11556
0.254503, 0.107554
0.274144, 0.100308
0.293784, 0.0937782
0.313424, 0.0879323
0.333064, 0.082741
0.352704, 0.0781802
0.372344, 0.0742296
0.391984, 0.0708724
0.411623, 0.0680946
0.431263, 0.0658851
0.450902, 0.0642354
0.470541, 0.063139
0.49018, 0.0625919
0.50982, 0.0625919
0.529459, 0.063139
0.549098, 0.0642354
0.568737, 0.0658851
0.588377, 0.0680946
0.608016, 0.0708724
0.627656, 0.0742296
0.647296, 0.0781802
0.666936, 0.082741
0.686576, 0.0879323
0.706216, 0.0937782
0.725856, 0.100308
0.745497, 0.107554
0.765138, 0.11556
0.784779, 0.124372
0.80442, 0.134049
0.824062, 0.144661
0.843703, 0.156297
0.863345, 0.169063
0.882986, 0.183096
0.104048, 0.201205
0.124354, 0.187974
0.144661, 0.175938
0.164968, 0.164968
0.185275, 0.154963
0.205582, 0.145839
0.225888, 0.137531
0.246194, 0.129984
0.2665, 0.123151
0.286805, 0.116995
0.30711, 0.111483
0.327414, 0.106589
0.347719, 0.102288
0.368023, 0.0985628
0.388327, 0.0953968
0.408631, 0.0927772
0.428935, 0.0906935
0.44924, 0.0891376
0.469544, 0.0881035
0.489848, 0.0875875
0.510152, 0.0875875
0.530456, 0.0881035
0.55076, 0.0891376
0.571065, 0.0906935
0.591369, 0.0927772
0.611673, 0.0953968
0.631977, 0.0985628
0.652281, 0.102288
0.672586, 0.106589
0.69289, 0.111483
0.713195, 0.116995
0.7335, 0.123151
0.753806, 0.129984
0.774112, 0.137531
0.794418, 0.145839
0.814725, 0.154963
0.835032, 0.164968
0.855339, 0.175938
0.875646, 0.187974
0.895952, 0.201205
0.0922205, 0.219314
0.113134, 0.206886
0.134049, 0.19558
0.154963, 0.185275
0.175876, 0.175876
0.19679, 0.167306
0.217702, 0.159502
0.238615, 0.152412
0.259526, 0.145993
0.280437, 0.14021
0.301348, 0.135031
0.322258, 0.130431
0.343169, 0.12639
0.364079, 0.122888
0.384989, 0.119912
0.4059, 0.11745
0.426811, 0.115491
0.447722, 0.114028
0.468633, 0.113056
0.489544, 0.112571
0.510456, 0.112571
0.531367, 0.113056
0.552278, 0.114028
0.573189, 0.115491
0.5941, 0.11745
0.615011, 0.119912
0.635921, 0.122888
0.656831, 0.12639
0.677742, 0.130431
0.698652, 0.135031
0.719563, 0.14021
0.740474, 0.145993
0.761385, 0.152412
0.782298, 0.159502
0.80321, 0.167306
0.824124, 0.175876
0.845037, 0.185275
0.865951, 0.19558
0.886866, 0.206886
0.90778, 0.219314
0.081436, 0.237423
0.102904, 0.225797
0.124372, 0.215221
0.145839, 0.205582
0.167306, 0.19679
0.188773, 0.188773
0.210238, 0.181472
0.231703, 0.174838
0.253166, 0.168832
0.274629, 0.16342
0.296091, 0.158573
0.317554, 0.154267
0.339016, 0.150484
0.360479, 0.147206
0.381943, 0.144419
0.403407, 0.142114
0.424871, 0.14028
0.446336, 0.13891
0.467802, 0.138
0.489267, 0.137546
0.510733, 0.137546
0.532198, 0.138
0.553664, 0.13891
0.575129, 0.14028
0.596593, 0.142114
0.618057, 0.144419
0.639521, 0.147206
0.660984, 0.150484
0.682446, 0.154267
0.703909, 0.158573
0.725371, 0.16342
0.746834, 0.168832
0.768297, 0.174838
0.789762, 0.181472
0.811227, 0.188773
0.832694, 0.19679
0.854161, 0.205582
0.875628, 0.215221
0.897096, 0.225797
0.918564, 0.237423
0.0716154, 0.255532
0.0935874, 0.244708
0.11556, 0.234862
0.137531, 0.225888
0.159502, 0.217702
0.181472, 0.210238
0.20344, 0.20344
0.225406, 0.197262
0.247372, 0.191668
0.269336, 0.186626
0.291301, 0.18211
0.313266, 0.178099
0.335232, 0.174574
0.357199, 0.171521
0.379167, 0.168926
0.401136, 0.166779
0.423105, 0.165072
0.445075, 0.163798
0.467045, 0.162951
0.489015, 0.162528
0.510985, 0.162528
0.532955, 0.162951
0.554925, 0.163798
0.576895, 0.165072
0.598864, 0.166779
0.620833, 0.168926
0.642801, 0.171521
0.664768, 0.174574
0.686734, 0.178099
0.708699, 0.18211
0.730664, 0.186626
0.752628, 0.191668
0.774594, 0.197262
0.79656, 0.20344
0.818528, 0.210238
0.840498, 0.217702
0.862469, 0.225888
0.88444, 0.234862
0.906413, 0.244708
0.928385, 0.255532
0.0626937, 0.273641
0.085124, 0.263619
0.107554, 0.254503
0.129984, 0.246194
0.152412, 0.238615
0.174838, 0.231703
0.197262, 0.225406
0.219684, 0.219684
0.242105, 0.214502
0.264525, 0.20983
0.286947, 0.205647
0.30937, 0.201931
0.331794, 0.198668
0.35422, 0.195842
0.376647, 0.193441
0.399074, 0.191455
0.421502, 0.189875
0.44393, 0.188696
0.466358, 0.187913
0.488786, 0.187522
0.511214, 0.187522
0.533642, 0.187913
0.55607, 0.188696
0.578498, 0.189875
0.600926, 0.191455
0.623353, 0.193441
0.64578, 0.195842
0.668206, 0.198668
0.69063, 0.201931
0.713053, 0.205647
0.735475, 0.20983
0.757895, 0.214502
0.780316, 0.219684
0.802738, 0.225406
0.825162, 0.231703
0.847588, 0.238615
0.870016, 0.246194
0.892446, 0.254503
0.914876, 0.263619
0.937306, 0.273641
0.054617, 0.29175
0.0774623, 0.28253
0.100308, 0.274144
0.123151, 0.2665
0.145993, 0.259526
0.168832, 0.253166
0.191668, 0.247372
0.214502, 0.242105
0.237334, 0.237334
0.260168, 0.233035
0.283005, 0.229186
0.305843, 0.225769
0.328684, 0.222769
0.351526, 0.220171
0.374368, 0.217964
0.39721, 0.216139
0.420053, 0.214688
0.442895, 0.213604
0.465737, 0.212884
0.488579, 0.212525
0.511421, 0.212525
0.534263, 0.212884
0.557105, 0.213604
0.579947, 0.214688
0.60279, 0.216139
0.625632, 0.217964
0.648474, 0.220171
0.671316, 0.222769
0.694157, 0.225769
0.716995, 0.229186
0.739832, 0.233035
0.762666, 0.237334
0.785498, 0.242105
0.808332, 0.247372
0.831168, 0.253166
0.854007, 0.259526
0.876849, 0.2665
0.899692, 0.274144
0.922538, 0.28253
0.945383, 0.29175
0.04734, 0.309859
0.0705592, 0.301441
0.0937782, 0.293784
0.116995, 0.286805
0.14021, 0.280437
0.16342, 0.274629
0.186626, 0.269336
0.20983, 0.264525
0.233035, 0.260168
0.256243, 0.256243
0.279455, 0.25273
0.302669, 0.249613
0.325884, 0.246876
0.349101, 0.244506
0.372317, 0.242493
0.395533, 0.240829
0.418749, 0.239505
0.441964, 0.238517
0.465179, 0.237861
0.488393, 0.237534
0.511607, 0.237534
0.534821, 0.237861
0.558036, 0.238517
0.581251, 0.239505
0.604467, 0.240829
0.627683, 0.242493
0.650899, 0.244506
0.674116, 0.246876
0.697331, 0.249613
0.720545, 0.25273
0.743757, 0.256243
0.766965, 0.260168
0.79017, 0.264525
0.813374, 0.269336
0.83658, 0.274629
0.85979, 0.280437
0.883005, 0.286805
0.906222, 0.293784
0.929441, 0.301441
0.95266, 0.309859
0.0408246, 0.327968
0.0643787, 0.320352
0.0879323, 0.313424
0.111483, 0.30711
0.135031, 0.301348
0.158573, 0.296091
0.18211, 0.291301
0.205647, 0.286947
0.229186, 0.283005
0.25273, 0.279455
0.276278, 0.276278
0.299829, 0.27346
0.32338, 0.270986
0.346932, 0.268844
0.370483, 0.267025
0.394034, 0.265521
0.417583, 0.264325
0.441132, 0.263433
0.464679, 0.26284
0.488227, 0.262544
0.511773, 0.262544
0.535321, 0.26284
0.558868, 0.263433
0.582417, 0.264325
0.605966, 0.265521
0.629517, 0.267025
0.653068, 0.268844
0.67662, 0.270986
0.700171, 0.27346
0.723722, 0.276278
0.74727, 0.279455
0.770814, 0.283005
0.794353, 0.286947
0.81789, 0.291301
0.841427, 0.296091
0.864969, 0.301348
0.888517, 0.30711
0.912068, 0.313424
0.935621, 0.320352
0.959175, 0.327968
0.0350389, 0.346077
0.0588903, 0.339263
0.082741, 0.333064
0.106589, 0.327414
0.130431, 0.322258
0.154267, 0.317554
0.178099, 0.313266
0.201931, 0.30937
0.225769, 0.305843
0.249613, 0.302669
0.27346, 0.299829
0.297309, 0.297309
0.321159, 0.295098
0.345009, 0.293184
0.368857, 0.291558
0.392704, 0.290214
0.41655, 0.289145
0.440394, 0.288348
0.464237, 0.287818
0.488079, 0.287553
0.511921, 0.287553
0.535763, 0.287818
0.559606, 0.288348
0.58345, 0.289145
0.607296, 0.290214
0.631143, 0.291558
0.654991, 0.293184
0.678841, 0.295098
0.702691, 0.297309
0.72654, 0.299829
0.750387, 0.302669
0.774231, 0.305843
0.798069, 0.30937
0.821901, 0.313266
0.845733, 0.317554
0.869569, 0.322258
0.893411, 0.327414
0.917259, 0.333064
0.94111, 0.339263
0.964961, 0.346077
0.0299558, 0.364185
0.0540686, 0.358173
0.0781802, 0.352704
0.102288, 0.347719
0.12639, 0.343169
0.150484, 0.339016
0.174574, 0.335232
0.198668, 0.331794
0.222769, 0.328684
0.246876, 0.325884
0.270986, 0.32338
0.295098, 0.321159
0.31921, 0.31921
0.343321, 0.317523
0.36743, 0.31609
0.391537, 0.314905
0.415642, 0.313963
0.439746, 0.313259
0.463848, 0.312791
0.487949, 0.312558
0.512051, 0.312558
0.536152, 0.312791
0.560254, 0.313259
0.584358, 0.313963
0.608463, 0.314905
0.63257, 0.31609
0.656679, 0.317523
0.68079, 0.31921
0.704902, 0.321159
0.729014, 0.32338
0.753124, 0.325884
0.777231, 0.328684
0.801332, 0.331794
0.825426, 0.335232
0.849516, 0.339016
0.87361, 0.343169
0.897712, 0.347719
0.92182, 0.352704
0.945931, 0.358173
0.970044, 0.364185
0.0255528, 0.382294
0.0498919, 0.377084
0.0742296, 0.372344
0.0985628, 0.368023
0.122888, 0.364079
0.147206, 0.360479
0.171521, 0.357199
0.195842, 0.35422
0.220171, 0.351526
0.244506, 0.349101
0.268844, 0.346932
0.293184, 0.345009
0.317523, 0.343321
0.34186, 0.34186
0.366195, 0.340619
0.390526, 0.339592
0.414856, 0.338775
0.439183, 0.338164
0.46351, 0.337757
0.487837, 0.337553
0.512163, 0.337553
0.53649, 0.337757
0.560817, 0.338164
0.585144, 0.338775
0.609474, 0.339592
0.633805, 0.340619
0.65814, 0.34186
0.682477, 0.343321
0.706816, 0.345009
0.731156, 0.346932
0.755494, 0.349101
0.779829, 0.351526
0.804158, 0.35422
0.828479, 0.357199
0.852794, 0.360479
0.877112, 0.364079
0.901437, 0.368023
0.92577, 0.372344
0.950108, 0.377084
0.974447, 0.382294
0.0218111, 0.400403
0.0463426, 0.395994
0.0708724, 0.391984
0.0953968, 0.388327
0.119912, 0.384989
0.144419, 0.381943
0.168926, 0.379167
0.193441, 0.376647
0.217964, 0.374368
0.242493, 0.372317
0.267025, 0.370483
0.291558, 0.368857
0.31609, 0.36743
0.340619, 0.366195
0.365145, 0.365145
0.389666, 0.364274
0.414184, 0.36358
0.438701, 0.363058
0.46322, 0.362709
0.48774, 0.362534
0.51226, 0.362534
0.53678, 0.362709
0.561299, 0.363058
0.585816, 0.36358
0.610334, 0.364274
0.634855, 0.365145
0.659381, 0.366195
0.68391, 0.36743
0.708442, 0.368857
0.732975, 0.370483
0.757507, 0.372317
0.782036, 0.374368
0.806559, 0.376647
0.831074, 0.379167
0.855581, 0.381943
0.880088, 0.384989
0.904603, 0.388327
0.929128, 0.391984
0.953657, 0.395994
0.978189, 0.400403
0.0187152, 0.418511
0.0434059, 0.414904
0.0680946, 0.411623
0.0927772, 0.408631
0.11745, 0.4059
0.142114, 0.403407
0.166779, 0.401136
0.191455, 0.399074
0.216139, 0.39721
0.240829, 0.395533
0.265521, 0.394034
0.290214, 0.392704
0.314905, 0.391537
0.339592, 0.390526
0.364274, 0.389666
0.388951, 0.388951
0.413623, 0.388376
0.438297, 0.387943
0.462976, 0.387653
0.487658, 0.387507
0.512342, 0.387507
0.537024, 0.387653
0.561703, 0.387943
0.586377, 0.388376
0.611049, 0.388951
0.635726, 0.389666
0.660408, 0.390526
0.685095, 0.391537
0.709786, 0.392704
0.734479, 0.394034
0.759171, 0.395533
0.783861, 0.39721
0.808545, 0.399074
0.833221, 0.401136
0.857886, 0.403407
0.88255, 0.4059
0.907223, 0.408631
0.931905, 0.411623
0.956594, 0.414904
0.981285, 0.418511
0.0162528, 0.43662
0.0410701, 0.433815
0.0658851, 0.431263
0.0906935, 0.428935
0.115491, 0.426811
0.14028, 0.424871
0.165072, 0.423105
0.189875, 0.421502
0.214688, 0.420053
0.239505, 0.418749
0.264325, 0.417583
0.289145, 0.41655
0.313963, 0.415642
0.338775, 0.414856
0.36358, 0.414184
0.388376, 0.413623
0.413171, 0.413171
0.437971, 0.412829
0.462779, 0.412601
0.487592, 0.412487
0.512408, 0.412487
0.537221, 0.412601
0.562029, 0.412829
0.586829, 0.413171
0.611624, 0.413623
0.63642, 0.414184
0.661225, 0.414856
0.686037, 0.415642
0.710855, 0.41655
0.735675, 0.417583
0.760495, 0.418749
0.785312, 0.420053
0.810125, 0.421502
0.834928, 0.423105
0.85972, 0.424871
0.884509, 0.426811
0.909307, 0.428935
0.934115, 0.431263
0.95893, 0.433815
0.983747, 0.43662
0.0144142, 0.454729
0.039326, 0.452725
0.0642354, 0.450902
0.0891376, 0.44924
0.114028, 0.447722
0.13891, 0.446336
0.163798, 0.445075
0.188696, 0.44393
0.213604, 0.442895
0.238517, 0.441964
0.263433, 0.441132
0.288348, 0.440394
0.313259, 0.439746
0.338164, 0.439183
0.363058, 0.438701
0.387943, 0.438297
0.412829, 0.437971
0.437726, 0.437726
0.462631, 0.437562
0.487543, 0.437481
0.512457, 0.437481
0.537369, 0.437562
0.562274, 0.437726
0.587171, 0.437971
0.612057, 0.438297
0.636942, 0.438701
0.661836, 0.439183
0.686741, 0.439746
0.711652, 0.440394
0.736567, 0.441132
0.761483, 0.441964
0.786396, 0.442895
0.811304, 0.44393
0.836202, 0.445075
0.86109, 0.446336
0.885972, 0.447722
0.910862, 0.44924
0.935765, 0.450902
0.960674, 0.452725
0.985586, 0.454729
0.0131923, 0.472837
0.038167, 0.471635
0.063139, 0.470541
0.0881035, 0.469544
0.113056, 0.468633
0.138, 0.467802
0.162951, 0.467045
0.187913, 0.466358
0.212884, 0.465737
0.237861, 0.465179
0.26284, 0.464679
0.287818, 0.464237
0.312791, 0.463848
0.337757, 0.46351
0.362709, 0.46322
0.387653, 0.462976
0.412601, 0.462779
0.437562, 0.462631
0.462534, 0.462534
0.487511, 0.462485
0.512489, 0.462485
0.537466, 0.462534
0.562438, 0.462631
0.587399, 0.462779
0.612347, 0.462976
0.637291, 0.46322
0.662243, 0.46351
0.687209, 0.463848
0.712182, 0.464237
0.73716, 0.464679
0.762139, 0.465179
0.787116, 0.465737
0.812087, 0.466358
0.837049, 0.467045
0.862, 0.467802
0.886944, 0.468633
0.911896, 0.469544
0.936861, 0.470541
0.961833, 0.471635
0.986808, 0.472837
0.0125825, 0.490946
0.0375885, 0.490545
0.0625919, 0.49018
0.0875875, 0.489848
0.112571, 0.489544
0.137546, 0.489267
0.162528, 0.489015
0.187522, 0.488786
0.212525, 0.488579
0.237534, 0.488393
0.262544, 0.488227
0.287553, 0.488079
0.312558, 0.487949
0.337553, 0.487837
0.362534, 0.48774
0.387507, 0.487658
0.412487, 0.487592
0.437481, 0.487543
0.462485, 0.487511
0.487494, 0.487494
0.512506, 0.487494
0.537515, 0.487511
0.562519, 0.487543
0.587513, 0.487592
0.612493, 0.487658
0.637466, 0.48774
0.662447, 0.487837
0.687442, 0.487949
0.712447, 0.488079
0.737456, 0.488227
0.762466, 0.488393
0.787475, 0.488579
0.812478, 0.488786
0.837472, 0.489015
0.862454, 0.489267
0.887429, 0.489544
0.912413, 0.489848
0.937408, 0.49018
0.962411, 0.490545
0.987418, 0.490946
0.0125825, 0.509054
0.0375885, 0.509455
0.0625919, 0.50982
0.0875875, 0.510152
0.112571, 0.510456
0.137546, 0.510733
0.162528, 0.510985
0.187522, 0.511214
0.212525, 0.511421
0.237534, 0.511607
0.262544, 0.511773
0.287553, 0.511921
0.312558, 0.512051
0.337553, 0.512163
0.362534, 0.51226
0.387507, 0.512342
0.412487, 0.512408
0.437481, 0.512457
0.462485, 0.512489
0.487494, 0.512506
0.512506, 0.512506
0.537515, 0.512489
0.562519, 0.512457
0.587513, 0.512408
0.612493, 0.512342
0.637466, 0.51226
0.662447, 0.512163
0.687442, 0.512051
0.712447, 0.511921
0.737456, 0.511773
0.762466, 0.511607
0.787475, 0.511421
0.812478, 0.511214
0.837472, 0.510985
0.862454, 0.510733
0.887429, 0.510456
0.912413, 0.510152
0.937408, 0.50982
0.962411, 0.509455
0.987418, 0.509054
0.0131923, 0.527163
0.038167, 0.528365
0.063139, 0.529459
0.0881035, 0.530456
0.113056, 0.531367
0.138, 0.532198
0.162951, 0.532955
0.187913, 0.533642
0.212884, 0.534263
0.237861, 0.534821
0.26284, 0.535321
0.287818, 0.535763
0.312791, 0.536152
0.337757, 0.53649
0.362709, 0.53678
0.387653, 0.537024
0.412601, 0.537221
0.437562, 0.537369
0.462534, 0.537466
0.487511, 0.537515
0.512489, 0.537515
0.537466, 0.537466
0.562438, 0.537369
0.587399, 0.537221
0.612347, 0.537024
0.637291, 0.53678
0.662243, 0.53649
0.687209, 0.536152
0.712182, 0.535763
0.73716, 0.535321
0.762139, 0.534821
0.787116, 0.534263
0.812087, 0.533642
0.837049, 0.532955
0.862, 0.532198
0.886944, 0.531367
0.911896, 0.530456
0.936861, 0.529459
0.961833, 0.528365
0.986808, 0.527163
0.0144142, 0.545271
0.039326, 0.547275
0.0642354, 0.549098
0.0891376, 0.55076
0.114028, 0.552278
0.13891, 0.553664
0.163798, 0.554925
0.188696, 0.55607
0.213604, 0.557105
0.238517, 0.558036
0.263433, 0.558868
0.288348, 0.559606
0.313259, 0.560254
0.338164, 0.560817
0.363058, 0.561299
0.387943, 0.561703
0.412829, 0.562029
0.437726, 0.562274
0.462631, 0.562438
0.487543, 0.562519
0.512457, 0.562519
0.537369, 0.562438
0.562274, 0.562274
0.587171, 0.562029
0.612057, 0.561703
0.636942, 0.561299
0.661836, 0.560817
0.686741, 0.560254
0.711652, 0.559606
0.736567, 0.558868
0.761483, 0.558036
0.786396, 0.557105
0.811304, 0.55607
0.836202, 0.554925
0.86109, 0.553664
0.885972, 0.552278
0.910862, 0.55076
0.935765, 0.549098
0.960674, 0.547275
0.985586, 0.545271
0.0162528, 0.56338
0.0410701, 0.566185
0.0658851, 0.568737
0.0906935, 0.571065
0.115491, 0.573189
0.14028, 0.575129
0.165072, 0.576895
0.189875, 0.578498
0.214688, 0.579947
0.239505, 0.581251
0.264325, 0.582417
0.289145, 0.58345
0.313963, 0.584358
0.338775, 0.585144
0.36358, 0.585816
0.388376, 0.586377
0.413171, 0.586829
0.437971, 0.587171
0.462779, 0.587399
0.487592, 0.587513
0.512408, 0.587513
0.537221, 0.587399
0.562029, 0.587171
0.586829, 0.586829
0.611624, 0.586377
0.63642, 0.585816
0.661225, 0.585144
0.686037, 0.584358
0.710855, 0.58345
0.735675, 0.582417
0.760495, 0.581251
0.785312, 0.579947
0.810125, 0.578498
0.834928, 0.576895
0.85972, 0.575129
0.884509, 0.573189
0.909307, 0.571065
0.934115, 0.568737
0.95893, 0.566185
0.983747, 0.56338
0.0187152, 0.581489
0.0434059, 0.585096
0.0680946, 0.588377
0.0927772, 0.591369
0.11745, 0.5941
0.142114, 0.596593
0.166779, 0.598864
0.191455, 0.600926
0.216139, 0.60279
0.240829, 0.604467
0.265521, 0.605966
0.290214, 0.607296
0.314905, 0.608463
0.339592, 0.609474
0.364274, 0.610334
0.388951, 0.611049
0.413623, 0.611624
0.438297, 0.612057
0.462976, 0.612347
0.487658, 0.612493
0.512342, 0.612493
0.537024, 0.612347
0.561703, 0.612057
0.586377, 0.611624
0.611049, 0.611049
0.635726, 0.610334
0.660408, 0.609474
0.685095, 0.608463
0.709786, 0.607296
0.734479, 0.605966
0.759171, 0.604467
0.783861, 0.60279
0.808545, 0.600926
0.833221, 0.598864
0.857886, 0.596593
0.88255, 0.5941
0.907223, 0.591369
0.931905, 0.588377
0.956594, 0.585096
0.981285, 0.581489
0.0218111, 0.599597
0.0463426, 0.604006
0.0708724, 0.608016
0.0953968, 0.611673
0.119912, 0.615011
0.144419, 0.618057
0.168926, 0.620833
0.193441, 0.623353
0.217964, 0.625632
0.242493, 0.627683
0.267025, 0.629517
0.291558, 0.631143
0.31609, 0.63257
0.340619, 0.633805
0.365145, 0.634855
0.389666, 0.635726
0.414184, 0.63642
0.438701, 0.636942
0.46322, 0.637291
0.48774, 0.637466
0.51226, 0.637466
0.53678, 0.637291
0.561299, 0.636942
0.585816, 0.63642
0.610334, 0.635726
0.634855, 0.634855
0.659381, 0.633805
0.68391, 0.63257
0.708442, 0.631143
0.732975, 0.629517
0.757507, 0.627683
0.782036, 0.625632
0.806559, 0.623353
0.831074, 0.620833
0.855581, 0.618057
0.880088, 0.615011
0.904603, 0.611673
0.929128, 0.608016
0.953657, 0.604006
0.978189, 0.599597
0.0255528, 0.617706
0.0498919, 0.622916
0.0742296, 0.627656
0.0985628, 0.631977
0.122888, 0.635921
0.147206, 0.639521
0.171521, 0.642801
0.195842, 0.64578
0.220171, 0.648474
0.244506, 0.650899
0.268844, 0.653068
0.293184, 0.654991
0.317523, 0.656679
0.34186, 0.65814
0.366195, 0.659381
0.390526, 0.660408
0.414856, 0.661225
0.439183, 0.661836
0.46351, 0.662243
0.487837, 0.662447
0.512163, 0.662447
0.53649, 0.662243
0.560817, 0.661836
0.585144, 0.661225
0.609474, 0.660408
0.633805, 0.659381
0.65814, 0.65814
0.682477, 0.656679
0.706816, 0.654991
0.731156, 0.653068
0.755494, 0.650899
0.779829, 0.648474
0.804158, 0.64578
0.828479, 0.642801
0.852794, 0.639521
0.877112, 0.635921
0.901437, 0.631977
0.92577, 0.627656
0.950108, 0.622916
0.974447, 0.617706
0.0299558, 0.635815
0.0540686, 0.641827
0.0781802, 0.647296
0.102288, 0.652281
0.12639, 0.656831
0.150484, 0.660984
0.174574, 0.664768
0.198668, 0.668206
0.222769, 0.671316
0.246876, 0.674116
0.270986, 0.67662
0.295098, 0.678841
0.31921, 0.68079
0.343321, 0.682477
0.36743, 0.68391
0.391537, 0.685095
0.415642, 0.686037
0.439746, 0.686741
0.463848, 0.687209
0.487949, 0.687442
0.512051, 0.687442
0.536152, 0.687209
0.560254, 0.686741
0.584358, 0.686037
0.608463, 0.685095
0.63257, 0.68391
0.656679, 0.682477
0.68079, 0.68079
0.704902, 0.678841
0.729014, 0.67662
0.753124, 0.674116
0.777231, 0.671316
0.801332, 0.668206
0.825426, 0.664768
0.849516, 0.660984
0.87361, 0.656831
0.897712, 0.652281
0.92182, 0.647296
0.945931, 0.641827
0.970044, 0.635815
0.0350389, 0.653923
0.0588903, 0.660737
0.082741, 0.666936
0.106589, 0.672586
0.130431, 0.677742
0.154267, 0.682446
0.178099, 0.686734
0.201931, 0.69063
0.225769, 0.694157
0.249613, 0.697331
0.27346, 0.700171
0.297309, 0.702691
0.321159, 0.704902
0.345009, 0.706816
0.368857, 0.708442
0.392704, 0.709786
0.41655, 0.710855
0.440394, 0.711652
0.464237, 0.712182
0.488079, 0.712447
0.511921, 0.712447
0.535763, 0.712182
0.559606, 0.711652
0.58345, 0.710855
0.607296, 0.709786
0.631143, 0.708442
0.654991, 0.706816
0.678841, 0.704902
0.702691, 0.702691
0.72654, 0.700171
0.750387, 0.697331
0.774231, 0.694157
0.798069, 0.69063
0.821901, 0.686734
0.845733, 0.682446
0.869569, 0.677742
0.893411, 0.672586
0.917259, 0.666936
0.94111, 0.660737
0.964961, 0.653923
0.0408246, 0.672032
0.0643787, 0.679648
0.0879323, 0.686576
0.111483, 0.69289
0.135031, 0.698652
0.158573, 0.703909
0.18211, 0.708699
0.205647, 0.713053
0.229186, 0.716995
0.25273, 0.720545
0.276278, 0.723722
0.299829, 0.72654
0.32338, 0.729014
0.346932, 0.731156
0.370483, 0.732975
0.394034, 0.734479
0.417583, 0.735675
0.441132, 0.736567
0.464679, 0.73716
0.488227, 0.737456
0.511773, 0.737456
0.535321, 0.73716
0.558868, 0.736567
0.582417, 0.735675
0.605966, 0.734479
0.629517, 0.732975
0.653068, 0.731156
0.67662, 0.729014
0.700171, 0.72654
0.723722, 0.723722
0.74727, 0.720545
0.770814, 0.716995
0.794353, 0.713053
0.81789, 0.708699
0.841427, 0.703909
0.864969, 0.698652
0.888517, 0.69289
0.912068, 0.686576
0.935621, 0.679648
0.959175, 0.672032
0.04734, 0.690141
0.0705592, 0.698559
0.0937782, 0.706216
0.116995, 0.713195
0.14021, 0.719563
0.16342, 0.725371
0.186626, 0.730664
0.20983, 0.735475
0.233035, 0.739832
0.256243, 0.743757
0.279455, 0.74727
0.302669, 0.750387
0.325884, 0.753124
0.349101, 0.755494
0.372317, 0.757507
0.395533, 0.759171
0.418749, 0.760495
0.441964, 0.761483
0.465179, 0.762139
0.488393, 0.762466
0.511607, 0.762466
0.534821, 0.762139
0.558036, 0.761483
0.581251, 0.760495
0.604467, 0.759171
0.627683, 0.757507
0.650899, 0.755494
0.674116, 0.753124
0.697331, 0.750387
0.720545, 0.74727
0.743757, 0.743757
0.766965, 0.739832
0.79017, 0.735475
0.813374, 0.730664
0.83658, 0.725371
0.85979, 0.719563
0.883005, 0.713195
0.906222, 0.706216
0.929441, 0.698559
0.95266, 0.690141
0.054617, 0.70825
0.0774623, 0.71747
0.100308, 0.725856
0.123151, 0.7335
0.145993, 0.740474
0.168832, 0.746834
0.191668, 0.752628
0.214502, 0.757895
0.237334, 0.762666
0.260168, 0.766965
0.283005, 0.770814
0.305843, 0.774231
0.328684, 0.777231
0.351526, 0.779829
0.374368, 0.782036
0.39721, 0.783861
0.420053, 0.785312
0.442895, 0.786396
0.465737, 0.787116
0.488579, 0.787475
0.511421, 0.787475
0.534263, 0.787116
0.557105, 0.786396
0.579947, 0.785312
0.60279, 0.783861
0.625632, 0.782036
0.648474, 0.779829
0.671316, 0.777231
0.694157, 0.774231
0.716995, 0.770814
0.739832, 0.766965
0.762666, 0.762666
0.785498, 0.757895
0.808332, 0.752628
0.831168, 0.746834
0.854007, 0.740474
0.876849, 0.7335
0.899692, 0.725856
0.922538, 0.71747
0.945383, 0.70825
0.0626937, 0.726359
0.085124, 0.736381
0.107554, 0.745497
0.129984, 0.753806
0.152412, 0.761385
0.174838, 0.768297
0.197262, 0.774594
0.219684, 0.780316
0.242105, 0.785498
0.264525, 0.79017
0.286947, 0.794353
0.30937, 0.798069
0.331794, 0.801332
0.35422, 0.804158
0.376647, 0.806559
0.399074, 0.808545
0.421502, 0.810125
0.44393, 0.811304
0.466358, 0.812087
0.488786, 0.812478
0.511214, 0.812478
0.533642, 0.812087
0.55607, 0.811304
0.578498, 0.810125
0.600926, 0.808545
0.623353, 0.806559
0.64578, 0.804158
0.668206, 0.801332
0.69063, 0.798069
0.713053, 0.794353
0.735475, 0.79017
0.757895, 0.785498
0.780316, 0.780316
0.802738, 0.774594
0.825162, 0.768297
0.847588, 0.761385
0.870016, 0.753806
0.892446, 0.745497
0.914876, 0.736381
0.937306, 0.726359
0.0716154, 0.744468
0.0935874, 0.755292
0.11556, 0.765138
0.137531, 0.774112
0.159502, 0.782298
0.181472, 0.789762
0.20344, 0.79656
0.225406, 0.802738
0.247372, 0.808332
0.269336, 0.813374
0.291301, 0.81789
0.313266, 0.821901
0.335232, 0.825426
0.357199, 0.828479
0.379167, 0.831074
0.401136, 0.833221
0.423105, 0.834928
0.445075, 0.836202
0.467045, 0.837049
0.489015, 0.837472
0.510985, 0.837472
0.532955, 0.837049
0.554925, 0.836202
0.576895, 0.834928
0.598864, 0.833221
0.620833, 0.831074
0.642801, 0.828479
0.664768, 0.825426
0.686734, 0.821901
0.708699, 0.81789
0.730664, 0.813374
0.752628, 0.808332
0.774594, 0.802738
0.79656, 0.79656
0.818528, 0.789762
0.840498, 0.782298
0.862469, 0.774112
0.88444, 0.765138
0.906413, 0.755292
0.928385, 0.744468
0.081436, 0.762577
0.102904, 0.774203
0.124372, 0.784779
0.145839, 0.794418
0.167306, 0.80321
0.188773, 0.811227
0.210238, 0.818528
0.231703, 0.825162
0.253166, 0.831168
0.274629, 0.83658
0.296091, 0.841427
0.317554, 0.845733
0.339016, 0.849516
0.360479, 0.852794
0.381943, 0.855581
0.403407, 0.857886
0.424871, 0.85972
0.446336, 0.86109
0.467802, 0.862
0.489267, 0.862454
0.510733, 0.862454
0.532198, 0.862
0.553664, 0.86109
0.575129, 0.85972
0.596593, 0.857886
0.618057, 0.855581
0.639521, 0.852794
0.660984, 0.849516
0.682446, 0.845733
0.703909, 0.841427
0.725371, 0.83658
0.746834, 0.831168
0.768297, 0.825162
0.789762, 0.818528
0.811227, 0.811227
0.832694, 0.80321
0.854161, 0.794418
0.875628, 0.784779
0.897096, 0.774203
0.918564, 0.762577
0.0922205, 0.780686
0.113134, 0.793114
0.134049, 0.80442
0.154963, 0.814725
0.175876, 0.824124
0.19679, 0.832694
0.217702, 0.840498
0.238615, 0.847588
0.259526, 0.854007
0.280437, 0.85979
0.301348, 0.864969
0.322258, 0.869569
0.343169, 0.87361
0.364079, 0.877112
0.384989, 0.880088
0.4059, 0.88255
0.426811, 0.884509
0.447722, 0.885972
0.468633, 0.886944
0.489544, 0.887429
0.510456, 0.887429
0.531367, 0.886944
0.552278, 0.885972
0.573189, 0.884509
0.5941, 0.88255
0.615011, 0.880088
0.635921, 0.877112
0.656831, 0.87361
0.677742, 0.869569
0.698652, 0.864969
0.719563, 0.85979
0.740474, 0.854007
0.761385, 0.847588
0.782298, 0.840498
0.80321, 0.832694
0.824124, 0.824124
0.845037, 0.814725
0.865951, 0.80442
0.886866, 0.793114
0.90778, 0.780686
0.104048, 0.798795
0.124354, 0.812026
0.144661, 0.824062
0.164968, 0.835032
0.185275, 0.845037
0.205582, 0.854161
0.225888, 0.862469
0.246194, 0.870016
0.2665, 0.876849
0.286805, 0.883005
0.30711, 0.888517
0.327414, 0.893411
0.347719, 0.897712
0.368023, 0.901437
0.388327, 0.904603
0.408631, 0.907223
0.428935, 0.909307
0.44924, 0.910862
0.469544, 0.911896
0.489848, 0.912413
0.510152, 0.912413
0.530456, 0.911896
0.55076, 0.910862
0.571065, 0.909307
0.591369, 0.907223
0.611673, 0.904603
0.631977, 0.901437
0.652281, 0.897712
0.672586, 0.893411
0.69289, 0.888517
0.713195, 0.883005
0.7335, 0.876849
0.753806, 0.870016
0.774112, 0.862469
0.794418, 0.854161
0.814725, 0.845037
0.835032, 0.835032
0.855339, 0.824062
0.875646, 0.812026
0.895952, 0.798795
0.117014, 0.816904
0.136655, 0.830937
0.156297, 0.843703
0.175938, 0.855339
0.19558, 0.865951
0.215221, 0.875628
0.234862, 0.88444
0.254503, 0.892446
0.274144, 0.899692
0.293784, 0.906222
0.313424, 0.912068
0.333064, 0.917259
0.352704, 0.92182
0.372344, 0.92577
0.391984, 0.929128
0.411623, 0.931905
0.431263, 0.934115
0.450902, 0.935765
0.470541, 0.936861
0.49018, 0.937408
0.50982, 0.937408
0.529459, 0.936861
0.549098, 0.935765
0.568737, 0.934115
0.588377, 0.931905
0.608016, 0.929128
0.627656, 0.92577
0.647296, 0.92182
0.666936, 0.917259
0.686576, 0.912068
0.706216, 0.906222
0.725856, 0.899692
0.745497, 0.892446
0.765138, 0.88444
0.784779, 0.875628
0.80442, 0.865951
0.824062, 0.855339
0.843703, 0.843703
0.863345, 0.830937
0.882986, 0.816904
0.13124, 0.835013
0.150151, 0.849849
0.169063, 0.863345
0.187974, 0.875646
0.206886, 0.886866
0.225797, 0.897096
0.244708, 0.906413
0.263619, 0.914876
0.28253, 0.922538
0.301441, 0.929441
0.320352, 0.935621
0.339263, 0.94111
0.358173, 0.945931
0.377084, 0.950108
0.395994, 0.953657
0.414904, 0.956594
0.433815, 0.95893
0.452725, 0.960674
0.471635, 0.961833
0.490545, 0.962411
0.509455, 0.962411
0.528365, 0.961833
0.547275, 0.960674
0.566185, 0.95893
0.585096, 0.956594
0.604006, 0.953657
0.622916, 0.950108
0.641827, 0.945931
0.660737, 0.94111
0.679648, 0.935621
0.698559, 0.929441
0.71747, 0.922538
0.736381, 0.914876
0.755292, 0.906413
0.774203, 0.897096
0.793114, 0.886866
0.812026, 0.875646
0.830937, 0.863345
0.849849, 0.849849
0.86876, 0.835013
0.146878, 0.853122
0.164987, 0.86876
0.183096, 0.882986
0.201205, 0.895952
0.219314, 0.90778
0.237423, 0.918564
0.255532, 0.928385
0.273641, 0.937306
0.29175, 0.945383
0.309859, 0.95266
0.327968, 0.959175
0.346077, 0.964961
0.364185, 0.970044
0.382294, 0.974447
0.400403, 0.978189
0.418511, 0.981285
0.43662, 0.983747
0.454729, 0.985586
0.472837, 0.986808
0.490946, 0.987418
0.509054, 0.987418
0.527163, 0.986808
0.545271, 0.985586
0.56338, 0.983747
0.581489, 0.981285
0.599597, 0.978189
0.617706, 0.974447
0.635815, 0.970044
0.653923, 0.964961
0.672032, 0.959175
0.690141, 0.95266
0.70825, 0.945383
0.726359, 0.937306
0.744468, 0.928385
0.762577, 0.918564
0.780686, 0.90778
0.798795, 0.895952
0.816904, 0.882986
0.835013, 0.86876
0.853122, 0.853122
