0.146447, 0.146447
0.164124, 0.129612
0.181802, 0.114319
0.19948, 0.100391
0.217157, 0.0876894
0.234835, 0.0761044
0.252513, 0.0655463
0.27019, 0.055942
0.287868, 0.0472307
0.305546, 0.0393619
0.323223, 0.0322928
0.340901, 0.0259879
0.358579, 0.0204168
0.376256, 0.0155544
0.393934, 0.0113795
0.411612, 0.00787451
0.429289, 0.00502525
0.446967, 0.00282045
0.464645, 0.00125157
0.482322, 0.000312598
0.5, 0
0.517678, 0.000312598
0.535355, 0.00125157
0.553033, 0.00282045
0.570711, 0.00502525
0.588388, 0.00787451
0.606066, 0.0113795
0.623744, 0.0155544
0.641421, 0.0204168
0.659099, 0.0259879
0.676777, 0.0322928
0.694454, 0.0393619
0.712132, 0.0472307
0.72981, 0.055942
0.747487, 0.0655463
0.765165, 0.0761044
0.782843, 0.0876894
0.80052, 0.100391
0.818198, 0.114319
0.835876, 0.129612
0.853553, 0.146447
0.129612, 0.164124
0.148141, 0.148141
0.166671, 0.133626
0.185204, 0.120412
0.203737, 0.108367
0.222269, 0.0973863
0.2408, 0.0873837
0.25933, 0.0782889
0.277857, 0.0700435
0.296382, 0.0625987
0.314903, 0.0559134
0.333423, 0.049953
0.351939, 0.0446883
0.370453, 0.0400947
0.388964, 0.0361516
0.407474, 0.0328422
0.425981, 0.0301524
0.444487, 0.0280713
0.462992, 0.0265907
0.481496, 0.0257046
0.5, 0.0254096
0.518504, 0.0257046
0.537008, 0.0265907
0.555513, 0.0280713
0.574019, 0.0301524
0.592526, 0.0328422
0.611036, 0.0361516
0.629547, 0.0400947
0.648061, 0.0446883
0.666577, 0.049953
0.685097, 0.0559134
0.703618, 0.0625987
0.722143, 0.0700435
0.74067, 0.0782889
0.7592, 0.0873837
0.777731, 0.0973863
0.796263, 0.108367
0.814796, 0.120412
0.833329, 0.133626
0.851859, 0.148141
0.870388, 0.164124
0.114319, 0.181802
0.133626, 0.166671
0.152935, 0.152935
0.172248, 0.140436
0.191562, 0.129048
0.210874, 0.118671
0.230183, 0.109222
0.249487, 0.100633
0.268786, 0.0928495
0.28808, 0.0858234
0.307367, 0.0795155
0.326649, 0.0738925
0.345925, 0.0689263
0.365197, 0.0645934
0.384463, 0.0608743
0.403725, 0.0577526
0.422984, 0.0552155
0.442241, 0.0532524
0.461495, 0.0518556
0.480748, 0.0510197
0.5, 0.0507414
0.519252, 0.0510197
0.538505, 0.0518556
0.557759, 0.0532524
0.577016, 0.0552155
0.596275, 0.0577526
0.615537, 0.0608743
0.634803, 0.0645934
0.654075, 0.0689263
0.673351, 0.0738925
0.692633, 0.0795155
0.71192, 0.0858234
0.731214, 0.0928495
0.750513, 0.100633
0.769817, 0.109222
0.789126, 0.118671
0.808438, 0.129048
0.827752, 0.140436
0.847065, 0.152935
0.866374, 0.166671
0.885681, 0.181802
0.100391, 0.19948
0.120412, 0.185204
0.140436, 0.172248
0.160465, 0.160465
0.180492, 0.149733
0.200516, 0.139956
0.220533, 0.131056
0.240542, 0.122968
0.260541, 0.115637
0.280531, 0.109019
0.300511, 0.103075
0.320482, 0.0977735
0.340445, 0.0930881
0.360401, 0.088997
0.380352, 0.0854824
0.400298, 0.0825298
0.420242, 0.080128
0.440183, 0.0782683
0.460122, 0.0769442
0.480061, 0.0761514
0.5, 0.0758875
0.519939, 0.0761514
0.539878, 0.0769442
0.559817, 0.0782683
0.579758, 0.080128
0.599702, 0.0825298
0.619648, 0.0854824
0.639599, 0.088997
0.659555, 0.0930881
0.679518, 0.0977735
0.699489, 0.103075
0.719469, 0.109019
0.739459, 0.115637
0.759458, 0.122968
0.779467, 0.131056
0.799484, 0.139956
0.819508, 0.149733
0.839535, 0.160465
0.859564, 0.172248
0.879588, 0.185204
0.899609, 0.19948
0.0876894, 0.217157
0.108367, 0.203737
0.129048, 0.191562
0.149733, 0.180492
0.170413, 0.170413
0.191086, 0.161233
0.211746, 0.152874
0.232391, 0.145274
0.253021, 0.13838
0.273635, 0.132148
0.294235, 0.126541
0.314823, 0.121529
0.335402, 0.117089
0.355975, 0.113201
0.376545, 0.109851
0.397115, 0.10703
0.417687, 0.104729
0.438261, 0.102945
0.458839, 0.101672
0.479419, 0.100909
0.5, 0.100655
0.520581, 0.100909
0.541161, 0.101672
0.561739, 0.102945
0.582313, 0.104729
0.602885, 0.10703
0.623455, 0.109851
0.644025, 0.113201
0.664598, 0.117089
0.685177, 0.121529
0.705765, 0.126541
0.726365, 0.132148
0.746979, 0.13838
0.767609, 0.145274
0.788254, 0.152874
0.808914, 0.161233
0.829587, 0.170413
0.850267, 0.180492
0.870952, 0.191562
0.891633, 0.203737
0.912311, 0.217157
0.0761044, 0.234835
0.0973863, 0.222269
0.118671, 0.210874
0.139956, 0.200516
0.161233, 0.191086
0.182493, 0.182493
0.203732, 0.174664
0.224947, 0.167535
0.246135, 0.161053
0.267299, 0.155174
0.288442, 0.149863
0.309572, 0.145093
0.330695, 0.140847
0.351821, 0.137114
0.372954, 0.133887
0.3941, 0.131163
0.415259, 0.128939
0.436432, 0.127213
0.457615, 0.125982
0.478805, 0.125245
0.5, 0.124999
0.521195, 0.125245
0.542385, 0.125982
0.563568, 0.127213
0.584741, 0.128939
0.6059, 0.131163
0.627046, 0.133887
0.648179, 0.137114
0.669305, 0.140847
0.690428, 0.145093
0.711558, 0.149863
0.732701, 0.155174
0.753865, 0.161053
0.775053, 0.167535
0.796268, 0.174664
0.817507, 0.182493
0.838767, 0.191086
0.860044, 0.200516
0.881329, 0.210874
0.902614, 0.222269
0.923896, 0.234835
0.0655463, 0.252513
0.0873837, 0.2408
0.109222, 0.230183
0.131056, 0.220533
0.152874, 0.211746
0.174664, 0.203732
0.196418, 0.196418
0.21813, 0.189737
0.2398, 0.183635
0.261433, 0.178068
0.283043, 0.17301
0.304646, 0.168445
0.32626, 0.164373
0.347897, 0.160795
0.369564, 0.157712
0.391259, 0.155121
0.41298, 0.153015
0.434719, 0.151388
0.456472, 0.150231
0.478234, 0.14954
0.5, 0.14931
0.521766, 0.14954
0.543528, 0.150231
0.565281, 0.151388
0.58702, 0.153015
0.608741, 0.155121
0.630436, 0.157712
0.652103, 0.160795
0.67374, 0.164373
0.695354, 0.168445
0.716957, 0.17301
0.738567, 0.178068
0.7602, 0.183635
0.78187, 0.189737
0.803582, 0.196418
0.825336, 0.203732
0.847126, 0.211746
0.868944, 0.220533
0.890778, 0.230183
0.912616, 0.2408
0.934454, 0.252513
0.055942, 0.27019
0.0782889, 0.25933
0.100633, 0.249487
0.122968, 0.240542
0.145274, 0.232391
0.167535, 0.224947
0.189737, 0.21813
0.211872, 0.211872
0.233944, 0.206119
0.255975, 0.200838
0.277996, 0.196026
0.300044, 0.191696
0.322139, 0.18786
0.344284, 0.18452
0.366473, 0.181668
0.388695, 0.17929
0.410939, 0.17737
0.433196, 0.175893
0.455461, 0.174847
0.47773, 0.174223
0.5, 0.174016
0.52227, 0.174223
0.544539, 0.174847
0.566804, 0.175893
0.589061, 0.17737
0.611305, 0.17929
0.633527, 0.181668
0.655716, 0.18452
0.677861, 0.18786
0.699956, 0.191696
0.722004, 0.196026
0.744025, 0.200838
0.766056, 0.206119
0.788128, 0.211872
0.810263, 0.21813
0.832465, 0.224947
0.854726, 0.232391
0.877032, 0.240542
0.899367, 0.249487
0.921711, 0.25933
0.944058, 0.27019
0.0472307, 0.287868
0.0700435, 0.277857
0.0928495, 0.268786
0.115637, 0.260541
0.13838, 0.253021
0.161053, 0.246135
0.183635, 0.2398
0.206119, 0.233944
0.228527, 0.228527
0.250916, 0.22355
0.273347, 0.219045
0.295853, 0.215037
0.318435, 0.211528
0.341076, 0.208504
0.363757, 0.20594
0.386458, 0.203814
0.409168, 0.202104
0.43188, 0.200793
0.454589, 0.199867
0.477296, 0.199315
0.5, 0.199132
0.522704, 0.199315
0.545411, 0.199867
0.56812, 0.200793
0.590832, 0.202104
0.613542, 0.203814
0.636243, 0.20594
0.658924, 0.208504
0.681565, 0.211528
0.704147, 0.215037
0.726653, 0.219045
0.749084, 0.22355
0.771473, 0.228527
0.793881, 0.233944
0.816365, 0.2398
0.838947, 0.246135
0.86162, 0.253021
0.884363, 0.260541
0.90715, 0.268786
0.929957, 0.277857
0.952769, 0.287868
0.0393619, 0.305546
0.0625987, 0.296382
0.0858234, 0.28808
0.109019, 0.280531
0.132148, 0.273635
0.155174, 0.267299
0.178068, 0.261433
0.200838, 0.255975
0.22355, 0.250916
0.246305, 0.246305
0.269166, 0.242187
0.292135, 0.238569
0.315186, 0.23543
0.338284, 0.232742
0.361405, 0.230474
0.38453, 0.228601
0.407648, 0.2271
0.430753, 0.225952
0.453845, 0.225143
0.476926, 0.224662
0.5, 0.224503
0.523074, 0.224662
0.546155, 0.225143
0.569247, 0.225952
0.592352, 0.2271
0.61547, 0.228601
0.638595, 0.230474
0.661716, 0.232742
0.684814, 0.23543
0.707865, 0.238569
0.730834, 0.242187
0.753695, 0.246305
0.77645, 0.250916
0.799162, 0.255975
0.821932, 0.261433
0.844826, 0.267299
0.867852, 0.273635
0.890981, 0.280531
0.914177, 0.28808
0.937401, 0.296382
0.960638, 0.305546
0.0322928, 0.323223
0.0559134, 0.314903
0.0795155, 0.307367
0.103075, 0.300511
0.126541, 0.294235
0.149863, 0.288442
0.17301, 0.283043
0.196026, 0.277996
0.219045, 0.273347
0.242187, 0.269166
0.26548, 0.26548
0.288888, 0.26227
0.312366, 0.259502
0.335874, 0.257142
0.359385, 0.255161
0.382881, 0.253532
0.406353, 0.252233
0.429797, 0.251242
0.453215, 0.250546
0.476613, 0.250133
0.5, 0.249996
0.523387, 0.250133
0.546785, 0.250546
0.570203, 0.251242
0.593647, 0.252233
0.617119, 0.253532
0.640615, 0.255161
0.664126, 0.257142
0.687634, 0.259502
0.711112, 0.26227
0.73452, 0.26548
0.757813, 0.269166
0.780955, 0.273347
0.803974, 0.277996
0.82699, 0.283043
0.850137, 0.288442
0.873459, 0.294235
0.896925, 0.300511
0.920484, 0.307367
0.944087, 0.314903
0.967707, 0.323223
0.0259879, 0.340901
0.049953, 0.333423
0.0738925, 0.326649
0.0977735, 0.320482
0.121529, 0.314823
0.145093, 0.309572
0.168445, 0.304646
0.191696, 0.300044
0.215037, 0.295853
0.238569, 0.292135
0.26227, 0.288888
0.286077, 0.286077
0.309937, 0.283666
0.333809, 0.281622
0.357664, 0.279915
0.381484, 0.278518
0.40526, 0.277408
0.428992, 0.276565
0.452685, 0.275973
0.47635, 0.275621
0.5, 0.275505
0.52365, 0.275621
0.547315, 0.275973
0.571008, 0.276565
0.59474, 0.277408
0.618516, 0.278518
0.642336, 0.279915
0.666191, 0.281622
0.690063, 0.283666
0.713923, 0.286077
0.73773, 0.288888
0.761431, 0.292135
0.784963, 0.295853
0.808304, 0.300044
0.831555, 0.304646
0.854907, 0.309572
0.878471, 0.314823
0.902227, 0.320482
0.926107, 0.326649
0.950047, 0.333423
0.974012, 0.340901
0.0204168, 0.358579
0.0446883, 0.351939
0.0689263, 0.345925
0.0930881, 0.340445
0.117089, 0.335402
0.140847, 0.330695
0.164373, 0.32626
0.18786, 0.322139
0.211528, 0.318435
0.23543, 0.315186
0.259502, 0.312366
0.283666, 0.309937
0.307866, 0.307866
0.332058, 0.30612
0.356212, 0.30467
0.38031, 0.303487
0.404343, 0.302547
0.428316, 0.301829
0.452239, 0.30132
0.476128, 0.301015
0.5, 0.300914
0.523872, 0.301015
0.547761, 0.30132
0.571684, 0.301829
0.595657, 0.302547
0.61969, 0.303487
0.643788, 0.30467
0.667942, 0.30612
0.692134, 0.307866
0.716334, 0.309937
0.740498, 0.312366
0.76457, 0.315186
0.788472, 0.318435
0.81214, 0.322139
0.835627, 0.32626
0.859153, 0.330695
0.882911, 0.335402
0.906912, 0.340445
0.931074, 0.345925
0.955312, 0.351939
0.979583, 0.358579
0.0155544, 0.376256
0.0400947, 0.370453
0.0645934, 0.365197
0.088997, 0.360401
0.113201, 0.355975
0.137114, 0.351821
0.160795, 0.347897
0.18452, 0.344284
0.208504, 0.341076
0.232742, 0.338284
0.257142, 0.335874
0.281622, 0.333809
0.30612, 0.332058
0.33059, 0.33059
0.354998, 0.329373
0.379325, 0.328377
0.403565, 0.327571
0.42773, 0.326935
0.451841, 0.326465
0.475926, 0.326171
0.5, 0.32607
0.524074, 0.326171
0.548159, 0.326465
0.57227, 0.326935
0.596435, 0.327571
0.620675, 0.328377
0.645002, 0.329373
0.66941, 0.33059
0.69388, 0.332058
0.718378, 0.333809
0.742858, 0.335874
0.767258, 0.338284
0.791496, 0.341076
0.81548, 0.344284
0.839205, 0.347897
0.862886, 0.351821
0.886799, 0.355975
0.911003, 0.360401
0.935407, 0.365197
0.959905, 0.370453
0.984446, 0.376256
0.0113795, 0.393934
0.0361516, 0.388964
0.0608743, 0.384463
0.0854824, 0.380352
0.109851, 0.376545
0.133887, 0.372954
0.157712, 0.369564
0.181668, 0.366473
0.20594, 0.363757
0.230474, 0.361405
0.255161, 0.359385
0.279915, 0.357664
0.30467, 0.356212
0.329373, 0.354998
0.353986, 0.353986
0.378484, 0.353135
0.402867, 0.352404
0.427165, 0.351772
0.451429, 0.351254
0.475704, 0.350904
0.5, 0.35078
0.524296, 0.350904
0.548571, 0.351254
0.572835, 0.351772
0.597133, 0.352404
0.621516, 0.353135
0.646014, 0.353986
0.670627, 0.354998
0.69533, 0.356212
0.720085, 0.357664
0.744839, 0.359385
0.769526, 0.361405
0.79406, 0.363757
0.818332, 0.366473
0.842288, 0.369564
0.866113, 0.372954
0.890149, 0.376545
0.914518, 0.380352
0.939126, 0.384463
0.963848, 0.388964
0.988621, 0.393934
0.00787451, 0.411612
0.0328422, 0.407474
0.0577526, 0.403725
0.0825298, 0.400298
0.10703, 0.397115
0.131163, 0.3941
0.155121, 0.391259
0.17929, 0.388695
0.203814, 0.386458
0.228601, 0.38453
0.253532, 0.382881
0.278518, 0.381484
0.303487, 0.38031
0.328377, 0.379325
0.353135, 0.378484
0.377727, 0.377727
0.402164, 0.376994
0.426521, 0.376268
0.450914, 0.375622
0.475415, 0.375175
0.5, 0.375016
0.524585, 0.375175
0.549086, 0.375622
0.573479, 0.376268
0.597836, 0.376994
0.622273, 0.377727
0.646865, 0.378484
0.671623, 0.379325
0.696513, 0.38031
0.721482, 0.381484
0.746468, 0.382881
0.771399, 0.38453
0.796186, 0.386458
0.82071, 0.388695
0.844879, 0.391259
0.868837, 0.3941
0.89297, 0.397115
0.91747, 0.400298
0.942247, 0.403725
0.967158, 0.407474
0.992125, 0.411612
0.00502525, 0.429289
0.0301524, 0.425981
0.0552155, 0.422984
0.080128, 0.420242
0.104729, 0.417687
0.128939, 0.415259
0.153015, 0.41298
0.17737, 0.410939
0.202104, 0.409168
0.2271, 0.407648
0.252233, 0.406353
0.277408, 0.40526
0.302547, 0.404343
0.327571, 0.403565
0.352404, 0.402867
0.376994, 0.402164
0.40138, 0.40138
0.425749, 0.400556
0.450302, 0.399849
0.475083, 0.399393
0.5, 0.399238
0.524917, 0.399393
0.549698, 0.399849
0.574251, 0.400556
0.59862, 0.40138
0.623006, 0.402164
0.647596, 0.402867
0.672429, 0.403565
0.697453, 0.404343
0.722592, 0.40526
0.747767, 0.406353
0.7729, 0.407648
0.797896, 0.409168
0.82263, 0.410939
0.846985, 0.41298
0.871061, 0.415259
0.895271, 0.417687
0.919872, 0.420242
0.944785, 0.422984
0.969848, 0.425981
0.994975, 0.429289
0.00282045, 0.446967
0.0280713, 0.444487
0.0532524, 0.442241
0.0782683, 0.440183
0.102945, 0.438261
0.127213, 0.436432
0.151388, 0.434719
0.175893, 0.433196
0.200793, 0.43188
0.225952, 0.430753
0.251242, 0.429797
0.276565, 0.428992
0.301829, 0.428316
0.326935, 0.42773
0.351772, 0.427165
0.376268, 0.426521
0.400556, 0.425749
0.42498, 0.42498
0.449748, 0.424388
0.474803, 0.424035
0.5, 0.423919
0.525197, 0.424035
0.550252, 0.424388
0.57502, 0.42498
0.599444, 0.425749
0.623732, 0.426521
0.648228, 0.427165
0.673065, 0.42773
0.698171, 0.428316
0.723435, 0.428992
0.748758, 0.429797
0.774048, 0.430753
0.799207, 0.43188
0.824107, 0.433196
0.848612, 0.434719
0.872787, 0.436432
0.897055, 0.438261
0.921732, 0.440183
0.946748, 0.442241
0.971929, 0.444487
0.99718, 0.446967
0.00125157, 0.464645
0.0265907, 0.462992
0.0518556, 0.461495
0.0769442, 0.460122
0.101672, 0.458839
0.125982, 0.457615
0.150231, 0.456472
0.174847, 0.455461
0.199867, 0.454589
0.225143, 0.453845
0.250546, 0.453215
0.275973, 0.452685
0.30132, 0.452239
0.326465, 0.451841
0.351254, 0.451429
0.375622, 0.450914
0.399849, 0.450302
0.424388, 0.449748
0.449356, 0.449356
0.474613, 0.449131
0.5, 0.449058
0.525387, 0.449131
0.550644, 0.449356
0.575612, 0.449748
0.600151, 0.450302
0.624378, 0.450914
0.648746, 0.451429
0.673535, 0.451841
0.69868, 0.452239
0.724027, 0.452685
0.749454, 0.453215
0.774857, 0.453845
0.800133, 0.454589
0.825153, 0.455461
0.849769, 0.456472
0.874018, 0.457615
0.898328, 0.458839
0.923056, 0.460122
0.948144, 0.461495
0.973409, 0.462992
0.998748, 0.464645
0.000312598, 0.482322
0.0257046, 0.481496
0.0510197, 0.480748
0.0761514, 0.480061
0.100909, 0.479419
0.125245, 0.478805
0.14954, 0.478234
0.174223, 0.47773
0.199315, 0.477296
0.224662, 0.476926
0.250133, 0.476613
0.275621, 0.47635
0.301015, 0.476128
0.326171, 0.475926
0.350904, 0.475704
0.375175, 0.475415
0.399393, 0.475083
0.424035, 0.474803
0.449131, 0.474613
0.474505, 0.474505
0.5, 0.474469
0.525495, 0.474505
0.550869, 0.474613
0.575965, 0.474803
0.600607, 0.475083
0.624825, 0.475415
0.649096, 0.475704
0.673829, 0.475926
0.698985, 0.476128
0.724379, 0.47635
0.749867, 0.476613
0.775338, 0.476926
0.800685, 0.477296
0.825777, 0.47773
0.85046, 0.478234
0.874755, 0.478805
0.899091, 0.479419
0.923849, 0.480061
0.94898, 0.480748
0.974295, 0.481496
0.999687, 0.482322
0, 0.5
0.0254096, 0.5
0.0507414, 0.5
0.0758875, 0.5
0.100655, 0.5
0.124999, 0.5
0.14931, 0.5
0.174016, 0.5
0.199132, 0.5
0.224503, 0.5
0.249996, 0.5
0.275505, 0.5
0.300914, 0.5
0.32607, 0.5
0.35078, 0.5
0.375016, 0.5
0.399238, 0.5
0.423919, 0.5
0.449058, 0.5
0.474469, 0.5
0.5, 0.5
0.525531, 0.5
0.550942, 0.5
0.576081, 0.5
0.600762, 0.5
0.624984, 0.5
0.64922, 0.5
0.67393, 0.5
0.699086, 0.5
0.724495, 0.5
0.750004, 0.5
0.775497, 0.5
0.800868, 0.5
0.825984, 0.5
0.85069, 0.5
0.875001, 0.5
0.899345, 0.5
0.924113, 0.5
0.949259, 0.5
0.97459, 0.5
1, 0.5
0.000312598, 0.517678
0.0257046, 0.518504
0.0510197, 0.519252
0.0761514, 0.519939
0.100909, 0.520581
0.125245, 0.521195
0.14954, 0.521766
0.174223, 0.52227
0.199315, 0.522704
0.224662, 0.523074
0.250133, 0.523387
0.275621, 0.52365
0.301015, 0.523872
0.326171, 0.524074
0.350904, 0.524296
0.375175, 0.524585
0.399393, 0.524917
0.424035, 0.525197
0.449131, 0.525387
0.474505, 0.525495
0.5, 0.525531
0.525495, 0.525495
0.550869, 0.525387
0.575965, 0.525197
0.600607, 0.524917
0.624825, 0.524585
0.649096, 0.524296
0.673829, 0.524074
0.698985, 0.523872
0.724379, 0.52365
0.749867, 0.523387
0.775338, 0.523074
0.800685, 0.522704
0.825777, 0.52227
0.85046, 0.521766
0.874755, 0.521195
0.899091, 0.520581
0.923849, 0.519939
0.94898, 0.519252
0.974295, 0.518504
0.999687, 0.517678
0.00125157, 0.535355
0.0265907, 0.537008
0.0518556, 0.538505
0.0769442, 0.539878
0.101672, 0.541161
0.125982, 0.542385
0.150231, 0.543528
0.174847, 0.544539
0.199867, 0.545411
0.225143, 0.546155
0.250546, 0.546785
0.275973, 0.547315
0.30132, 0.547761
0.326465, 0.548159
0.351254, 0.548571
0.375622, 0.549086
0.399849, 0.549698
0.424388, 0.550252
0.449356, 0.550644
0.474613, 0.550869
0.5, 0.550942
0.525387, 0.550869
0.550644, 0.550644
0.575612, 0.550252
0.600151, 0.549698
0.624378, 0.549086
0.648746, 0.548571
0.673535, 0.548159
0.69868, 0.547761
0.724027, 0.547315
0.749454, 0.546785
0.774857, 0.546155
0.800133, 0.545411
0.825153, 0.544539
0.849769, 0.543528
0.874018, 0.542385
0.898328, 0.541161
0.923056, 0.539878
0.948144, 0.538505
0.973409, 0.537008
0.998748, 0.535355
0.00282045, 0.553033
0.0280713, 0.555513
0.0532524, 0.557759
0.0782683, 0.559817
0.102945, 0.561739
0.127213, 0.563568
0.151388, 0.565281
0.175893, 0.566804
0.200793, 0.56812
0.225952, 0.569247
0.251242, 0.570203
0.276565, 0.571008
0.301829, 0.571684
0.326935, 0.57227
0.351772, 0.572835
0.376268, 0.573479
0.400556, 0.574251
0.42498, 0.57502
0.449748, 0.575612
0.474803, 0.575965
0.5, 0.576081
0.525197, 0.575965
0.550252, 0.575612
0.57502, 0.57502
0.599444, 0.574251
0.623732, 0.573479
0.648228, 0.572835
0.673065, 0.57227
0.698171, 0.571684
0.723435, 0.571008
0.748758, 0.570203
0.774048, 0.569247
0.799207, 0.56812
0.824107, 0.566804
0.848612, 0.565281
0.872787, 0.563568
0.897055, 0.561739
0.921732, 0.559817
0.946748, 0.557759
0.971929, 0.555513
0.99718, 0.553033
0.00502525, 0.570711
0.0301524, 0.574019
0.0552155, 0.577016
0.080128, 0.579758
0.104729, 0.582313
0.128939, 0.584741
0.153015, 0.58702
0.17737, 0.589061
0.202104, 0.590832
0.2271, 0.592352
0.252233, 0.593647
0.277408, 0.59474
0.302547, 0.595657
0.327571, 0.596435
0.352404, 0.597133
0.376994, 0.597836
0.40138, 0.59862
0.425749, 0.599444
0.450302, 0.600151
0.475083, 0.600607
0.5, 0.600762
0.524917, 0.600607
0.549698, 0.600151
0.574251, 0.599444
0.59862, 0.59862
0.623006, 0.597836
0.647596, 0.597133
0.672429, 0.596435
0.697453, 0.595657
0.722592, 0.59474
0.747767, 0.593647
0.7729, 0.592352
0.797896, 0.590832
0.82263, 0.589061
0.846985, 0.58702
0.871061, 0.584741
0.895271, 0.582313
0.919872, 0.579758
0.944785, 0.577016
0.969848, 0.574019
0.994975, 0.570711
0.00787451, 0.588388
0.0328422, 0.592526
0.0577526, 0.596275
0.0825298, 0.599702
0.10703, 0.602885
0.131163, 0.6059
0.155121, 0.608741
0.17929, 0.611305
0.203814, 0.613542
0.228601, 0.61547
0.253532, 0.617119
0.278518, 0.618516
0.303487, 0.61969
0.328377, 0.620675
0.353135, 0.621516
0.377727, 0.622273
0.402164, 0.623006
0.426521, 0.623732
0.450914, 0.624378
0.475415, 0.624825
0.5, 0.624984
0.524585, 0.624825
0.549086, 0.624378
0.573479, 0.623732
0.597836, 0.623006
0.622273, 0.622273
0.646865, 0.621516
0.671623, 0.620675
0.696513, 0.61969
0.721482, 0.618516
0.746468, 0.617119
0.771399, 0.61547
0.796186, 0.613542
0.82071, 0.611305
0.844879, 0.608741
0.868837, 0.6059
0.89297, 0.602885
0.91747, 0.599702
0.942247, 0.596275
0.967158, 0.592526
0.992125, 0.588388
0.0113795, 0.606066
0.0361516, 0.611036
0.0608743, 0.615537
0.0854824, 0.619648
0.109851, 0.623455
0.133887, 0.627046
0.157712, 0.630436
0.181668, 0.633527
0.20594, 0.636243
0.230474, 0.638595
0.255161, 0.640615
0.279915, 0.642336
0.30467, 0.643788
0.329373, 0.645002
0.353986, 0.646014
0.378484, 0.646865
0.402867, 0.647596
0.427165, 0.648228
0.451429, 0.648746
0.475704, 0.649096
0.5, 0.64922
0.524296, 0.649096
0.548571, 0.648746
0.572835, 0.648228
0.597133, 0.647596
0.621516, 0.646865
0.646014, 0.646014
0.670627, 0.645002
0.69533, 0.643788
0.720085, 0.642336
0.744839, 0.640615
0.769526, 0.638595
0.79406, 0.636243
0.818332, 0.633527
0.842288, 0.630436
0.866113, 0.627046
0.890149, 0.623455
0.914518, 0.619648
0.939126, 0.615537
0.963848, 0.611036
0.988621, 0.606066
0.0155544, 0.623744
0.0400947, 0.629547
0.0645934, 0.634803
0.088997, 0.639599
0.113201, 0.644025
0.137114, 0.648179
0.160795, 0.652103
0.18452, 0.655716
0.208504, 0.658924
0.232742, 0.661716
0.257142, 0.664126
0.281622, 0.666191
0.30612, 0.667942
0.33059, 0.66941
0.354998, 0.670627
0.379325, 0.671623
0.403565, 0.672429
0.42773, 0.673065
0.451841, 0.673535
0.475926, 0.673829
0.5, 0.67393
0.524074, 0.673829
0.548159, 0.673535
0.57227, 0.673065
0.596435, 0.672429
0.620675, 0.671623
0.645002, 0.670627
0.66941, 0.66941
0.69388, 0.667942
0.718378, 0.666191
0.742858, 0.664126
0.767258, 0.661716
0.791496, 0.658924
0.81548, 0.655716
0.839205, 0.652103
0.862886, 0.648179
0.886799, 0.644025
0.911003, 0.639599
0.935407, 0.634803
0.959905, 0.629547
0.984446, 0.623744
0.0204168, 0.641421
0.0446883, 0.648061
0.0689263, 0.654075
0.0930881, 0.659555
0.117089, 0.664598
0.140847, 0.669305
0.164373, 0.67374
0.18786, 0.677861
0.211528, 0.681565
0.23543, 0.684814
0.259502, 0.687634
0.283666, 0.690063
0.307866, 0.692134
0.332058, 0.69388
0.356212, 0.69533
0.38031, 0.696513
0.404343, 0.697453
0.428316, 0.698171
0.452239, 0.69868
0.476128, 0.698985
0.5, 0.699086
0.523872, 0.698985
0.547761, 0.69868
0.571684, 0.698171
0.595657, 0.697453
0.61969, 0.696513
0.643788, 0.69533
0.667942, 0.69388
0.692134, 0.692134
0.716334, 0.690063
0.740498, 0.687634
0.76457, 0.684814
0.788472, 0.681565
0.81214, 0.677861
0.835627, 0.67374
0.859153, 0.669305
0.882911, 0.664598
0.906912, 0.659555
0.931074, 0.654075
0.955312, 0.648061
0.979583, 0.641421
0.0259879, 0.659099
0.049953, 0.666577
0.0738925, 0.673351
0.0977735, 0.679518
0.121529, 0.685177
0.145093, 0.690428
0.168445, 0.695354
0.191696, 0.699956
0.215037, 0.704147
0.238569, 0.707865
0.26227, 0.711112
0.286077, 0.713923
0.309937, 0.716334
0.333809, 0.718378
0.357664, 0.720085
0.381484, 0.721482
0.40526, 0.722592
0.428992, 0.723435
0.452685, 0.724027
0.47635, 0.724379
0.5, 0.724495
0.52365, 0.724379
0.547315, 0.724027
0.571008, 0.723435
0.59474, 0.722592
0.618516, 0.721482
0.642336, 0.720085
0.666191, 0.718378
0.690063, 0.716334
0.713923, 0.713923
0.73773, 0.711112
0.761431, 0.707865
0.784963, 0.704147
0.808304, 0.699956
0.831555, 0.695354
0.854907, 0.690428
0.878471, 0.685177
0.902227, 0.679518
0.926107, 0.673351
0.950047, 0.666577
0.974012, 0.659099
0.0322928, 0.676777
0.0559134, 0.685097
0.0795155, 0.692633
0.103075, 0.699489
0.126541, 0.705765
0.149863, 0.711558
0.17301, 0.716957
0.196026, 0.722004
0.219045, 0.726653
0.242187, 0.730834
0.26548, 0.73452
0.288888, 0.73773
0.312366, 0.740498
0.335874, 0.742858
0.359385, 0.744839
0.382881, 0.746468
0.406353, 0.747767
0.429797, 0.748758
0.453215, 0.749454
0.476613, 0.749867
0.5, 0.750004
0.523387, 0.749867
0.546785, 0.749454
0.570203, 0.748758
0.593647, 0.747767
0.617119, 0.746468
0.640615, 0.744839
0.664126, 0.742858
0.687634, 0.740498
0.711112, 0.73773
0.73452, 0.73452
0.757813, 0.730834
0.780955, 0.726653
0.803974, 0.722004
0.82699, 0.716957
0.850137, 0.711558
0.873459, 0.705765
0.896925, 0.699489
0.920484, 0.692633
0.944087, 0.685097
0.967707, 0.676777
0.0393619, 0.694454
0.0625987, 0.703618
0.0858234, 0.71192
0.109019, 0.719469
0.132148, 0.726365
0.155174, 0.732701
0.178068, 0.738567
0.200838, 0.744025
0.22355, 0.749084
0.246305, 0.753695
0.269166, 0.757813
0.292135, 0.761431
0.315186, 0.76457
0.338284, 0.767258
0.361405, 0.769526
0.38453, 0.771399
0.407648, 0.7729
0.430753, 0.774048
0.453845, 0.774857
0.476926, 0.775338
0.5, 0.775497
0.523074, 0.775338
0.546155, 0.774857
0.569247, 0.774048
0.592352, 0.7729
0.61547, 0.771399
0.638595, 0.769526
0.661716, 0.767258
0.684814, 0.76457
0.707865, 0.761431
0.730834, 0.757813
0.753695, 0.753695
0.77645, 0.749084
0.799162, 0.744025
0.821932, 0.738567
0.844826, 0.732701
0.867852, 0.726365
0.890981, 0.719469
0.914177, 0.71192
0.937401, 0.703618
0.960638, 0.694454
0.0472307, 0.712132
0.0700435, 0.722143
0.0928495, 0.731214
0.115637, 0.739459
0.13838, 0.746979
0.161053, 0.753865
0.183635, 0.7602
0.206119, 0.766056
0.228527, 0.771473
0.250916, 0.77645
0.273347, 0.780955
0.295853, 0.784963
0.318435, 0.788472
0.341076, 0.791496
0.363757, 0.79406
0.386458, 0.796186
0.409168, 0.797896
0.43188, 0.799207
0.454589, 0.800133
0.477296, 0.800685
0.5, 0.800868
0.522704, 0.800685
0.545411, 0.800133
0.56812, 0.799207
0.590832, 0.797896
0.613542, 0.796186
0.636243, 0.79406
0.658924, 0.791496
0.681565, 0.788472
0.704147, 0.784963
0.726653, 0.780955
0.749084, 0.77645
0.771473, 0.771473
0.793881, 0.766056
0.816365, 0.7602
0.838947, 0.753865
0.86162, 0.746979
0.884363, 0.739459
0.90715, 0.731214
0.929957, 0.722143
0.952769, 0.712132
0.055942, 0.72981
0.0782889, 0.74067
0.100633, 0.750513
0.122968, 0.759458
0.145274, 0.767609
0.167535, 0.775053
0.189737, 0.78187
0.211872, 0.788128
0.233944, 0.793881
0.255975, 0.799162
0.277996, 0.803974
0.300044, 0.808304
0.322139, 0.81214
0.344284, 0.81548
0.366473, 0.818332
0.388695, 0.82071
0.410939, 0.82263
0.433196, 0.824107
0.455461, 0.825153
0.47773, 0.825777
0.5, 0.825984
0.52227, 0.825777
0.544539, 0.825153
0.566804, 0.824107
0.589061, 0.82263
0.611305, 0.82071
0.633527, 0.818332
0.655716, 0.81548
0.677861, 0.81214
0.699956, 0.808304
0.722004, 0.803974
0.744025, 0.799162
0.766056, 0.793881
0.788128, 0.788128
0.810263, 0.78187
0.832465, 0.775053
0.854726, 0.767609
0.877032, 0.759458
0.899367, 0.750513
0.921711, 0.74067
0.944058, 0.72981
0.0655463, 0.747487
0.0873837, 0.7592
0.109222, 0.769817
0.131056, 0.779467
0.152874, 0.788254
0.174664, 0.796268
0.196418, 0.803582
0.21813, 0.810263
0.2398, 0.816365
0.261433, 0.821932
0.283043, 0.82699
0.304646, 0.831555
0.32626, 0.835627
0.347897, 0.839205
0.369564, 0.842288
0.391259, 0.844879
0.41298, 0.846985
0.434719, 0.848612
0.456472, 0.849769
0.478234, 0.85046
0.5, 0.85069
0.521766, 0.85046
0.543528, 0.849769
0.565281, 0.848612
0.58702, 0.846985
0.608741, 0.844879
0.630436, 0.842288
0.652103, 0.839205
0.67374, 0.835627
0.695354, 0.831555
0.716957, 0.82699
0.738567, 0.821932
0.7602, 0.816365
0.78187, 0.810263
0.803582, 0.803582
0.825336, 0.796268
0.847126, 0.788254
0.868944, 0.779467
0.890778, 0.769817
0.912616, 0.7592
0.934454, 0.747487
0.0761044, 0.765165
0.0973863, 0.777731
0.118671, 0.789126
0.139956, 0.799484
0.161233, 0.808914
0.182493, 0.817507
0.203732, 0.825336
0.224947, 0.832465
0.246135, 0.838947
0.267299, 0.844826
0.288442, 0.850137
0.309572, 0.854907
0.330695, 0.859153
0.351821, 0.862886
0.372954, 0.866113
0.3941, 0.868837
0.415259, 0.871061
0.436432, 0.872787
0.457615, 0.874018
0.478805, 0.874755
0.5, 0.875001
0.521195, 0.874755
0.542385, 0.874018
0.563568, 0.872787
0.584741, 0.871061
0.6059, 0.868837
0.627046, 0.866113
0.648179, 0.862886
0.669305, 0.859153
0.690428, 0.854907
0.711558, 0.850137
0.732701, 0.844826
0.753865, 0.838947
0.775053, 0.832465
0.796268, 0.825336
0.817507, 0.817507
0.838767, 0.808914
0.860044, 0.799484
0.881329, 0.789126
0.902614, 0.777731
0.923896, 0.765165
0.0876894, 0.782843
0.108367, 0.796263
0.129048, 0.808438
0.149733, 0.819508
0.170413, 0.829587
0.191086, 0.838767
0.211746, 0.847126
0.232391, 0.854726
0.253021, 0.86162
0.273635, 0.867852
0.294235, 0.873459
0.314823, 0.878471
0.335402, 0.882911
0.355975, 0.886799
0.376545, 0.890149
0.397115, 0.89297
0.417687, 0.895271
0.438261, 0.897055
0.458839, 0.898328
0.479419, 0.899091
0.5, 0.899345
0.520581, 0.899091
0.541161, 0.898328
0.561739, 0.897055
0.582313, 0.895271
0.602885, 0.89297
0.623455, 0.890149
0.644025, 0.886799
0.664598, 0.882911
0.685177, 0.878471
0.705765, 0.873459
0.726365, 0.867852
0.746979, 0.86162
0.767609, 0.854726
0.788254, 0.847126
0.808914, 0.838767
0.829587, 0.829587
0.850267, 0.819508
0.870952, 0.808438
0.891633, 0.796263
0.912311, 0.782843
0.100391, 0.80052
0.120412, 0.814796
0.140436, 0.827752
0.160465, 0.839535
0.180492, 0.850267
0.200516, 0.860044
0.220533, 0.868944
0.240542, 0.877032
0.260541, 0.884363
0.280531, 0.890981
0.300511, 0.896925
0.320482, 0.902227
0.340445, 0.906912
0.360401, 0.911003
0.380352, 0.914518
0.400298, 0.91747
0.420242, 0.919872
0.440183, 0.921732
0.460122, 0.923056
0.480061, 0.923849
0.5, 0.924113
0.519939, 0.923849
0.539878, 0.923056
0.559817, 0.921732
0.579758, 0.919872
0.599702, 0.91747
0.619648, 0.914518
0.639599, 0.911003
0.659555, 0.906912
0.679518, 0.902227
0.699489, 0.896925
0.719469, 0.890981
0.739459, 0.884363
0.759458, 0.877032
0.779467, 0.868944
0.799484, 0.860044
0.819508, 0.850267
0.839535, 0.839535
0.859564, 0.827752
0.879588, 0.814796
0.899609, 0.80052
0.114319, 0.818198
0.133626, 0.833329
0.152935, 0.847065
0.172248, 0.859564
0.191562, 0.870952
0.210874, 0.881329
0.230183, 0.890778
0.249487, 0.899367
0.268786, 0.90715
0.28808, 0.914177
0.307367, 0.920484
0.326649, 0.926107
0.345925, 0.931074
0.365197, 0.935407
0.384463, 0.939126
0.403725, 0.942247
0.422984, 0.944785
0.442241, 0.946748
0.461495, 0.948144
0.480748, 0.94898
0.5, 0.949259
0.519252, 0.94898
0.538505, 0.948144
0.557759, 0.946748
0.577016, 0.944785
0.596275, 0.942247
0.615537, 0.939126
0.634803, 0.935407
0.654075, 0.931074
0.673351, 0.926107
0.692633, 0.920484
0.71192, 0.914177
0.731214, 0.90715
0.750513, 0.899367
0.769817, 0.890778
0.789126, 0.881329
0.808438, 0.870952
0.827752, 0.859564
0.847065, 0.847065
0.866374, 0.833329
0.885681, 0.818198
0.129612, 0.835876
0.148141, 0.851859
0.166671, 0.866374
0.185204, 0.879588
0.203737, 0.891633
0.222269, 0.902614
0.2408, 0.912616
0.25933, 0.921711
0.277857, 0.929957
0.296382, 0.937401
0.314903, 0.944087
0.333423, 0.950047
0.351939, 0.955312
0.370453, 0.959905
0.388964, 0.963848
0.407474, 0.967158
0.425981, 0.969848
0.444487, 0.971929
0.462992, 0.973409
0.481496, 0.974295
0.5, 0.97459
0.518504, 0.974295
0.537008, 0.973409
0.555513, 0.971929
0.574019, 0.969848
0.592526, 0.967158
0.611036, 0.963848
0.629547, 0.959905
0.648061, 0.955312
0.666577, 0.950047
0.685097, 0.944087
0.703618, 0.937401
0.722143, 0.929957
0.74067, 0.921711
0.7592, 0.912616
0.777731, 0.902614
0.796263, 0.891633
0.814796, 0.879588
0.833329, 0.866374
0.851859, 0.851859
0.870388, 0.835876
0.146447, 0.853553
0.164124, 0.870388
0.181802, 0.885681
0.19948, 0.899609
0.217157, 0.912311
0.234835, 0.923896
0.252513, 0.934454
0.27019, 0.944058
0.287868, 0.952769
0.305546, 0.960638
0.323223, 0.967707
0.340901, 0.974012
0.358579, 0.979583
0.376256, 0.984446
0.393934, 0.988621
0.411612, 0.992125
0.429289, 0.994975
0.446967, 0.99718
0.464645, 0.998748
0.482322, 0.999687
0.5, 1
0.517678, 0.999687
0.535355, 0.998748
0.553033, 0.99718
0.570711, 0.994975
0.588388, 0.992125
0.606066, 0.988621
0.623744, 0.984446
0.641421, 0.979583
0.659099, 0.974012
0.676777, 0.967707
0.694454, 0.960638
0.712132, 0.952769
0.72981, 0.944058
0.747487, 0.934454
0.765165, 0.923896
0.782843, 0.912311
0.80052, 0.899609
0.818198, 0.885681
0.835876, 0.870388
0.853553, 0.853553
0.146881, 0.146881
0.164995, 0.131249
0.183109, 0.11703
0.201224, 0.104073
0.219339, 0.0922559
0.237453, 0.0814824
0.255566, 0.0716733
0.273678, 0.0627635
0.291789, 0.0546985
0.309899, 0.0474329
0.328007, 0.0409285
0.346115, 0.0351531
0.364222, 0.0300795
0.382327, 0.0256852
0.400432, 0.021951
0.418537, 0.0188616
0.43664, 0.0164044
0.454743, 0.0145698
0.472846, 0.0133506
0.490949, 0.0127421
0.509051, 0.0127421
0.527154, 0.0133506
0.545257, 0.0145698
0.56336, 0.0164044
0.581463, 0.0188616
0.599568, 0.021951
0.617673, 0.0256852
0.635778, 0.0300795
0.653885, 0.0351531
0.671993, 0.0409285
0.690101, 0.0474329
0.708211, 0.0546985
0.726322, 0.0627635
0.744434, 0.0716733
0.762547, 0.0814824
0.780661, 0.0922559
0.798776, 0.104073
0.816891, 0.11703
0.835005, 0.131249
0.853119, 0.146881
0.131249, 0.164995
0.150173, 0.150173
0.1691, 0.136696
0.188028, 0.124419
0.206955, 0.113226
0.225881, 0.103024
0.244805, 0.0937392
0.263725, 0.0853076
0.282642, 0.0776774
0.301556, 0.0708052
0.320467, 0.0646542
0.339375, 0.0591935
0.358279, 0.0543972
0.377181, 0.0502434
0.39608, 0.046714
0.414978, 0.0437943
0.433873, 0.0414722
0.452768, 0.0397385
0.471661, 0.0385864
0.490554, 0.0380114
0.509446, 0.0380114
0.528339, 0.0385864
0.547232, 0.0397385
0.566127, 0.0414722
0.585022, 0.0437943
0.60392, 0.046714
0.622819, 0.0502434
0.641721, 0.0543972
0.660625, 0.0591935
0.679533, 0.0646542
0.698444, 0.0708052
0.717358, 0.0776774
0.736275, 0.0853076
0.755195, 0.0937392
0.774119, 0.103024
0.793045, 0.113226
0.811972, 0.124419
0.8309, 0.136696
0.849827, 0.150173
0.868751, 0.164995
0.11703, 0.183109
0.136696, 0.1691
0.156367, 0.156367
0.176038, 0.14477
0.195707, 0.134201
0.215373, 0.124571
0.235034, 0.115807
0.254689, 0.107849
0.274338, 0.100649
0.293981, 0.0941629
0.313619, 0.0883573
0.333251, 0.0832023
0.352878, 0.0786735
0.372502, 0.0747503
0.392122, 0.071416
0.411739, 0.0686569
0.431355, 0.0664619
0.450969, 0.0648228
0.470582, 0.0637334
0.490194, 0.0631897
0.509806, 0.0631897
0.529418, 0.0637334
0.549031, 0.0648228
0.568645, 0.0664619
0.588261, 0.0686569
0.607878, 0.071416
0.627498, 0.0747503
0.647122, 0.0786735
0.666749, 0.0832023
0.686381, 0.0883573
0.706019, 0.0941629
0.725662, 0.100649
0.745311, 0.107849
0.764966, 0.115807
0.784627, 0.124571
0.804293, 0.134201
0.823962, 0.14477
0.843633, 0.156367
0.863304, 0.1691
0.88297, 0.183109
0.104073, 0.201224
0.124419, 0.188028
0.14477, 0.176038
0.165121, 0.165121
0.185467, 0.155173
0.205807, 0.146109
0.226137, 0.137859
0.246458, 0.130367
0.266768, 0.123584
0.28707, 0.11747
0.307363, 0.111993
0.32765, 0.107124
0.347931, 0.102842
0.368209, 0.0991289
0.388485, 0.0959691
0.408759, 0.0933515
0.429034, 0.0912672
0.44931, 0.0897095
0.469585, 0.0886735
0.489862, 0.0881563
0.510138, 0.0881563
0.530415, 0.0886735
0.55069, 0.0897095
0.570966, 0.0912672
0.591241, 0.0933515
0.611515, 0.0959691
0.631791, 0.0991289
0.652069, 0.102842
0.67235, 0.107124
0.692637, 0.111993
0.71293, 0.11747
0.733232, 0.123584
0.753542, 0.130367
0.773863, 0.137859
0.794193, 0.146109
0.814533, 0.155173
0.834879, 0.165121
0.85523, 0.176038
0.875581, 0.188028
0.895927, 0.201224
0.0922559, 0.219339
0.113226, 0.206955
0.134201, 0.195707
0.155173, 0.185467
0.176136, 0.176136
0.197086, 0.167631
0.218021, 0.159886
0.23894, 0.152844
0.259844, 0.14646
0.280734, 0.140696
0.301614, 0.135521
0.322486, 0.130909
0.343356, 0.126844
0.364227, 0.123309
0.385102, 0.120296
0.405981, 0.117795
0.426867, 0.115801
0.447757, 0.114309
0.468653, 0.113316
0.489551, 0.11282
0.510449, 0.11282
0.531347, 0.113316
0.552243, 0.114309
0.573133, 0.115801
0.594019, 0.117795
0.614898, 0.120296
0.635773, 0.123309
0.656644, 0.126844
0.677514, 0.130909
0.698386, 0.135521
0.719266, 0.140696
0.740156, 0.14646
0.76106, 0.152844
0.781979, 0.159886
0.802914, 0.167631
0.823864, 0.176136
0.844827, 0.185467
0.865799, 0.195707
0.886774, 0.206955
0.907744, 0.219339
0.0814824, 0.237453
0.103024, 0.225881
0.124571, 0.215373
0.146109, 0.205807
0.167631, 0.197086
0.189132, 0.189132
0.210608, 0.181878
0.232058, 0.17527
0.253485, 0.169262
0.274894, 0.163819
0.296292, 0.158915
0.317689, 0.154532
0.339092, 0.150659
0.360508, 0.147288
0.381937, 0.144413
0.403382, 0.142028
0.424839, 0.140129
0.446306, 0.138709
0.467781, 0.137766
0.48926, 0.137295
0.51074, 0.137295
0.532219, 0.137766
0.553694, 0.138709
0.575161, 0.140129
0.596618, 0.142028
0.618063, 0.144413
0.639492, 0.147288
0.660908, 0.150659
0.682311, 0.154532
0.703708, 0.158915
0.725106, 0.163819
0.746515, 0.169262
0.767942, 0.17527
0.789392, 0.181878
0.810868, 0.189132
0.832369, 0.197086
0.853891, 0.205807
0.875429, 0.215373
0.896976, 0.225881
0.918518, 0.237453
0.0716733, 0.255566
0.0937392, 0.244805
0.115807, 0.235034
0.137859, 0.226137
0.159886, 0.218021
0.181878, 0.210608
0.203831, 0.203831
0.225745, 0.197636
0.247627, 0.191982
0.269491, 0.18684
0.291355, 0.182197
0.313234, 0.178048
0.335137, 0.174389
0.357067, 0.171216
0.379021, 0.168523
0.400995, 0.166299
0.422983, 0.164535
0.444982, 0.163221
0.466987, 0.162349
0.488995, 0.161914
0.511005, 0.161914
0.533013, 0.162349
0.555018, 0.163221
0.577017, 0.164535
0.599005, 0.166299
0.620979, 0.168523
0.642933, 0.171216
0.664863, 0.174389
0.686766, 0.178048
0.708645, 0.182197
0.730509, 0.18684
0.752373, 0.191982
0.774255, 0.197636
0.796169, 0.203831
0.818122, 0.210608
0.840114, 0.218021
0.862141, 0.226137
0.884193, 0.235034
0.906261, 0.244805
0.928327, 0.255566
0.0627635, 0.273678
0.0853076, 0.263725
0.107849, 0.254689
0.130367, 0.246458
0.152844, 0.23894
0.17527, 0.232058
0.197636, 0.225745
0.219949, 0.219949
0.242229, 0.21464
0.264506, 0.209808
0.286809, 0.205458
0.309153, 0.201591
0.331538, 0.198206
0.353958, 0.19529
0.376403, 0.192829
0.398864, 0.190806
0.421334, 0.189206
0.443809, 0.188018
0.466285, 0.187231
0.488762, 0.186839
0.511238, 0.186839
0.533715, 0.187231
0.556191, 0.188018
0.578666, 0.189206
0.601136, 0.190806
0.623597, 0.192829
0.646042, 0.19529
0.668462, 0.198206
0.690847, 0.201591
0.713191, 0.205458
0.735494, 0.209808
0.757771, 0.21464
0.780051, 0.219949
0.802364, 0.225745
0.82473, 0.232058
0.847156, 0.23894
0.869633, 0.246458
0.892151, 0.254689
0.914692, 0.263725
0.937237, 0.273678
0.0546985, 0.291789
0.0776774, 0.282642
0.100649, 0.274338
0.123584, 0.266768
0.14646, 0.259844
0.169262, 0.253485
0.191982, 0.247627
0.21464, 0.242229
0.237282, 0.237282
0.259957, 0.2328
0.282691, 0.228794
0.305487, 0.225264
0.328331, 0.222195
0.351206, 0.219566
0.374099, 0.217356
0.396997, 0.215546
0.419895, 0.21412
0.442788, 0.213062
0.465676, 0.212363
0.488559, 0.212015
0.511441, 0.212015
0.534324, 0.212363
0.557212, 0.213062
0.580105, 0.21412
0.603003, 0.215546
0.625901, 0.217356
0.648794, 0.219566
0.671669, 0.222195
0.694513, 0.225264
0.717309, 0.228794
0.740043, 0.2328
0.762718, 0.237282
0.78536, 0.242229
0.808018, 0.247627
0.830738, 0.253485
0.85354, 0.259844
0.876416, 0.266768
0.899351, 0.274338
0.922323, 0.282642
0.945302, 0.291789
0.0474329, 0.309899
0.0708052, 0.301556
0.0941629, 0.293981
0.11747, 0.28707
0.140696, 0.280734
0.163819, 0.274894
0.18684, 0.269491
0.209808, 0.264506
0.2328, 0.259957
0.255868, 0.255868
0.279023, 0.252246
0.302247, 0.249076
0.325514, 0.246335
0.348802, 0.243998
0.372094, 0.242041
0.39538, 0.240443
0.418651, 0.239187
0.441908, 0.238259
0.465151, 0.237646
0.488385, 0.237341
0.511615, 0.237341
0.534849, 0.237646
0.558092, 0.238259
0.581349, 0.239187
0.60462, 0.240443
0.627906, 0.242041
0.651198, 0.243998
0.674486, 0.246335
0.697753, 0.249076
0.720977, 0.252246
0.744132, 0.255868
0.7672, 0.259957
0.790192, 0.264506
0.81316, 0.269491
0.836181, 0.274894
0.859304, 0.280734
0.88253, 0.28707
0.905837, 0.293981
0.929195, 0.301556
0.952567, 0.309899
0.0409285, 0.328007
0.0646542, 0.320467
0.0883573, 0.313619
0.111993, 0.307363
0.135521, 0.301614
0.158915, 0.296292
0.182197, 0.291355
0.205458, 0.286809
0.228794, 0.282691
0.252246, 0.279023
0.275797, 0.275797
0.299413, 0.272989
0.323063, 0.270573
0.346719, 0.268521
0.370365, 0.26681
0.393989, 0.265418
0.417585, 0.264326
0.441155, 0.26352
0.464703, 0.262989
0.488236, 0.262724
0.511764, 0.262724
0.535297, 0.262989
0.558845, 0.26352
0.582415, 0.264326
0.606011, 0.265418
0.629635, 0.26681
0.653281, 0.268521
0.676937, 0.270573
0.700587, 0.272989
0.724203, 0.275797
0.747754, 0.279023
0.771206, 0.282691
0.794542, 0.286809
0.817803, 0.291355
0.841085, 0.296292
0.864479, 0.301614
0.888007, 0.307363
0.911643, 0.313619
0.935346, 0.320467
0.959071, 0.328007
0.0351531, 0.346115
0.0591935, 0.339375
0.0832023, 0.333251
0.107124, 0.32765
0.130909, 0.322486
0.154532, 0.317689
0.178048, 0.313234
0.201591, 0.309153
0.225264, 0.305487
0.249076, 0.302247
0.272989, 0.299413
0.29696, 0.29696
0.32095, 0.294857
0.344932, 0.29308
0.368887, 0.291603
0.392803, 0.290403
0.416677, 0.289461
0.440513, 0.288764
0.46432, 0.288303
0.488109, 0.288073
0.511891, 0.288073
0.53568, 0.288303
0.559487, 0.288764
0.583323, 0.289461
0.607197, 0.290403
0.631113, 0.291603
0.655068, 0.29308
0.67905, 0.294857
0.70304, 0.29696
0.727011, 0.299413
0.750924, 0.302247
0.774736, 0.305487
0.798409, 0.309153
0.821952, 0.313234
0.845468, 0.317689
0.869091, 0.322486
0.892876, 0.32765
0.916798, 0.333251
0.940806, 0.339375
0.964847, 0.346115
0.0300795, 0.364222
0.0543972, 0.358279
0.0786735, 0.352878
0.102842, 0.347931
0.126844, 0.343356
0.150659, 0.339092
0.174389, 0.335137
0.198206, 0.331538
0.222195, 0.328331
0.246335, 0.325514
0.270573, 0.323063
0.294857, 0.32095
0.319148, 0.319148
0.343413, 0.317629
0.367631, 0.316366
0.391792, 0.315337
0.415897, 0.31452
0.439956, 0.313906
0.463984, 0.313493
0.487996, 0.313284
0.512004, 0.313284
0.536016, 0.313493
0.560044, 0.313906
0.584103, 0.31452
0.608208, 0.315337
0.632369, 0.316366
0.656587, 0.317629
0.680852, 0.319148
0.705143, 0.32095
0.729427, 0.323063
0.753665, 0.325514
0.777805, 0.328331
0.801794, 0.331538
0.825611, 0.335137
0.849341, 0.339092
0.873156, 0.343356
0.897158, 0.347931
0.921327, 0.352878
0.945603, 0.358279
0.96992, 0.364222
0.0256852, 0.382327
0.0502434, 0.377181
0.0747503, 0.372502
0.0991289, 0.368209
0.123309, 0.364227
0.147288, 0.360508
0.171216, 0.357067
0.19529, 0.353958
0.219566, 0.351206
0.243998, 0.348802
0.268521, 0.346719
0.29308, 0.344932
0.317629, 0.343413
0.342131, 0.342131
0.366564, 0.341059
0.390919, 0.340166
0.415204, 0.339433
0.439443, 0.338857
0.463664, 0.33845
0.487887, 0.338238
0.512113, 0.338238
0.536336, 0.33845
0.560557, 0.338857
0.584796, 0.339433
0.609081, 0.340166
0.633436, 0.341059
0.657869, 0.342131
0.682371, 0.343413
0.70692, 0.344932
0.731479, 0.346719
0.756002, 0.348802
0.780434, 0.351206
0.80471, 0.353958
0.828784, 0.357067
0.852712, 0.360508
0.876691, 0.364227
0.900871, 0.368209
0.92525, 0.372502
0.949757, 0.377181
0.974315, 0.382327
0.021951, 0.400432
0.046714, 0.39608
0.071416, 0.392122
0.0959691, 0.388485
0.120296, 0.385102
0.144413, 0.381937
0.168523, 0.379021
0.192829, 0.376403
0.217356, 0.374099
0.242041, 0.372094
0.26681, 0.370365
0.291603, 0.368887
0.316366, 0.367631
0.341059, 0.366564
0.365651, 0.365651
0.390135, 0.364852
0.414538, 0.364146
0.438913, 0.363545
0.463316, 0.363093
0.487765, 0.362848
0.512235, 0.362848
0.536684, 0.363093
0.561087, 0.363545
0.585462, 0.364146
0.609865, 0.364852
0.634349, 0.365651
0.658941, 0.366564
0.683634, 0.367631
0.708397, 0.368887
0.73319, 0.370365
0.757959, 0.372094
0.782644, 0.374099
0.807171, 0.376403
0.831477, 0.379021
0.855587, 0.381937
0.879704, 0.385102
0.904031, 0.388485
0.928584, 0.392122
0.953286, 0.39608
0.978049, 0.400432
0.0188616, 0.418537
0.0437943, 0.414978
0.0686569, 0.411739
0.0933515, 0.408759
0.117795, 0.405981
0.142028, 0.403382
0.166299, 0.400995
0.190806, 0.398864
0.215546, 0.396997
0.240443, 0.39538
0.265418, 0.393989
0.290403, 0.392803
0.315337, 0.391792
0.340166, 0.390919
0.364852, 0.390135
0.389391, 0.389391
0.413846, 0.38867
0.438333, 0.388017
0.46293, 0.387519
0.48763, 0.387251
0.51237, 0.387251
0.53707, 0.387519
0.561667, 0.388017
0.586154, 0.38867
0.610609, 0.389391
0.635148, 0.390135
0.659834, 0.390919
0.684663, 0.391792
0.709597, 0.392803
0.734582, 0.393989
0.759557, 0.39538
0.784454, 0.396997
0.809194, 0.398864
0.833701, 0.400995
0.857972, 0.403382
0.882205, 0.405981
0.906648, 0.408759
0.931343, 0.411739
0.956206, 0.414978
0.981138, 0.418537
0.0164044, 0.43664
0.0414722, 0.433873
0.0664619, 0.431355
0.0912672, 0.429034
0.115801, 0.426867
0.140129, 0.424839
0.164535, 0.422983
0.189206, 0.421334
0.21412, 0.419895
0.239187, 0.418651
0.264326, 0.417585
0.289461, 0.416677
0.31452, 0.415897
0.339433, 0.415204
0.364146, 0.414538
0.38867, 0.413846
0.413143, 0.413143
0.437749, 0.412516
0.462551, 0.41206
0.4875, 0.411827
0.5125, 0.411827
0.537449, 0.41206
0.562251, 0.412516
0.586857, 0.413143
0.61133, 0.413846
0.635854, 0.414538
0.660567, 0.415204
0.68548, 0.415897
0.710539, 0.416677
0.735674, 0.417585
0.760813, 0.418651
0.78588, 0.419895
0.810794, 0.421334
0.835465, 0.422983
0.859871, 0.424839
0.884199, 0.426867
0.908733, 0.429034
0.933538, 0.431355
0.958528, 0.433873
0.983596, 0.43664
0.0145698, 0.454743
0.0397385, 0.452768
0.0648228, 0.450969
0.0897095, 0.44931
0.114309, 0.447757
0.138709, 0.446306
0.163221, 0.444982
0.188018, 0.443809
0.213062, 0.442788
0.238259, 0.441908
0.26352, 0.441155
0.288764, 0.440513
0.313906, 0.439956
0.338857, 0.439443
0.363545, 0.438913
0.388017, 0.438333
0.412516, 0.437749
0.437255, 0.437255
0.462246, 0.436916
0.487398, 0.436749
0.512602, 0.436749
0.537754, 0.436916
0.562745, 0.437255
0.587484, 0.437749
0.611983, 0.438333
0.636455, 0.438913
0.661143, 0.439443
0.686094, 0.439956
0.711236, 0.440513
0.73648, 0.441155
0.761741, 0.441908
0.786938, 0.442788
0.811982, 0.443809
0.836779, 0.444982
0.861291, 0.446306
0.885691, 0.447757
0.910291, 0.44931
0.935177, 0.450969
0.960262, 0.452768
0.98543, 0.454743
0.0133506, 0.472846
0.0385864, 0.471661
0.0637334, 0.470582
0.0886735, 0.469585
0.113316, 0.468653
0.137766, 0.467781
0.162349, 0.466987
0.187231, 0.466285
0.212363, 0.465676
0.237646, 0.465151
0.262989, 0.464703
0.288303, 0.46432
0.313493, 0.463984
0.33845, 0.463664
0.363093, 0.463316
0.387519, 0.46293
0.41206, 0.462551
0.436916, 0.462246
0.462044, 0.462044
0.487331, 0.461945
0.512669, 0.461945
0.537956, 0.462044
0.563084, 0.462246
0.58794, 0.462551
0.612481, 0.46293
0.636907, 0.463316
0.66155, 0.463664
0.686507, 0.463984
0.711697, 0.46432
0.737011, 0.464703
0.762354, 0.465151
0.787637, 0.465676
0.812769, 0.466285
0.837651, 0.466987
0.862234, 0.467781
0.886684, 0.468653
0.911327, 0.469585
0.936267, 0.470582
0.961414, 0.471661
0.986649, 0.472846
0.0127421, 0.490949
0.0380114, 0.490554
0.0631897, 0.490194
0.0881563, 0.489862
0.11282, 0.489551
0.137295, 0.48926
0.161914, 0.488995
0.186839, 0.488762
0.212015, 0.488559
0.237341, 0.488385
0.262724, 0.488236
0.288073, 0.488109
0.313284, 0.487996
0.338238, 0.487887
0.362848, 0.487765
0.387251, 0.48763
0.411827, 0.4875
0.436749, 0.487398
0.461945, 0.487331
0.487298, 0.487298
0.512702, 0.487298
0.538055, 0.487331
0.563251, 0.487398
0.588173, 0.4875
0.612749, 0.48763
0.637152, 0.487765
0.661762, 0.487887
0.686716, 0.487996
0.711927, 0.488109
0.737276, 0.488236
0.762659, 0.488385
0.787985, 0.488559
0.813161, 0.488762
0.838086, 0.488995
0.862705, 0.48926
0.88718, 0.489551
0.911844, 0.489862
0.93681, 0.490194
0.961989, 0.490554
0.987258, 0.490949
0.0127421, 0.509051
0.0380114, 0.509446
0.0631897, 0.509806
0.0881563, 0.510138
0.11282, 0.510449
0.137295, 0.51074
0.161914, 0.511005
0.186839, 0.511238
0.212015, 0.511441
0.237341, 0.511615
0.262724, 0.511764
0.288073, 0.511891
0.313284, 0.512004
0.338238, 0.512113
0.362848, 0.512235
0.387251, 0.51237
0.411827, 0.5125
0.436749, 0.512602
0.461945, 0.512669
0.487298, 0.512702
0.512702, 0.512702
0.538055, 0.512669
0.563251, 0.512602
0.588173, 0.5125
0.612749, 0.51237
0.637152, 0.512235
0.661762, 0.512113
0.686716, 0.512004
0.711927, 0.511891
0.737276, 0.511764
0.762659, 0.511615
0.787985, 0.511441
0.813161, 0.511238
0.838086, 0.511005
0.862705, 0.51074
0.88718, 0.510449
0.911844, 0.510138
0.93681, 0.509806
0.961989, 0.509446
0.987258, 0.509051
0.0133506, 0.527154
0.0385864, 0.528339
0.0637334, 0.529418
0.0886735, 0.530415
0.113316, 0.531347
0.137766, 0.532219
0.162349, 0.533013
0.187231, 0.533715
0.212363, 0.534324
0.237646, 0.534849
0.262989, 0.535297
0.288303, 0.53568
0.313493, 0.536016
0.33845, 0.536336
0.363093, 0.536684
0.387519, 0.53707
0.41206, 0.537449
0.436916, 0.537754
0.462044, 0.537956
0.487331, 0.538055
0.512669, 0.538055
0.537956, 0.537956
0.563084, 0.537754
0.58794, 0.537449
0.612481, 0.53707
0.636907, 0.536684
0.66155, 0.536336
0.686507, 0.536016
0.711697, 0.53568
0.737011, 0.535297
0.762354, 0.534849
0.787637, 0.534324
0.812769, 0.533715
0.837651, 0.533013
0.862234, 0.532219
0.886684, 0.531347
0.911327, 0.530415
0.936267, 0.529418
0.961414, 0.528339
0.986649, 0.527154
0.0145698, 0.545257
0.0397385, 0.547232
0.0648228, 0.549031
0.0897095, 0.55069
0.114309, 0.552243
0.138709, 0.553694
0.163221, 0.555018
0.188018, 0.556191
0.213062, 0.557212
0.238259, 0.558092
0.26352, 0.558845
0.288764, 0.559487
0.313906, 0.560044
0.338857, 0.560557
0.363545, 0.561087
0.388017, 0.561667
0.412516, 0.562251
0.437255, 0.562745
0.462246, 0.563084
0.487398, 0.563251
0.512602, 0.563251
0.537754, 0.563084
0.562745, 0.562745
0.587484, 0.562251
0.611983, 0.561667
0.636455, 0.561087
0.661143, 0.560557
0.686094, 0.560044
0.711236, 0.559487
0.73648, 0.558845
0.761741, 0.558092
0.786938, 0.557212
0.811982, 0.556191
0.836779, 0.555018
0.861291, 0.553694
0.885691, 0.552243
0.910291, 0.55069
0.935177, 0.549031
0.960262, 0.547232
0.98543, 0.545257
0.0164044, 0.56336
0.0414722, 0.566127
0.0664619, 0.568645
0.0912672, 0.570966
0.115801, 0.573133
0.140129, 0.575161
0.164535, 0.577017
0.189206, 0.578666
0.21412, 0.580105
0.239187, 0.581349
0.264326, 0.582415
0.289461, 0.583323
0.31452, 0.584103
0.339433, 0.584796
0.364146, 0.585462
0.38867, 0.586154
0.413143, 0.586857
0.437749, 0.587484
0.462551, 0.58794
0.4875, 0.588173
0.5125, 0.588173
0.537449, 0.58794
0.562251, 0.587484
0.586857, 0.586857
0.61133, 0.586154
0.635854, 0.585462
0.660567, 0.584796
0.68548, 0.584103
0.710539, 0.583323
0.735674, 0.582415
0.760813, 0.581349
0.78588, 0.580105
0.810794, 0.578666
0.835465, 0.577017
0.859871, 0.575161
0.884199, 0.573133
0.908733, 0.570966
0.933538, 0.568645
0.958528, 0.566127
0.983596, 0.56336
0.0188616, 0.581463
0.0437943, 0.585022
0.0686569, 0.588261
0.0933515, 0.591241
0.117795, 0.594019
0.142028, 0.596618
0.166299, 0.599005
0.190806, 0.601136
0.215546, 0.603003
0.240443, 0.60462
0.265418, 0.606011
0.290403, 0.607197
0.315337, 0.608208
0.340166, 0.609081
0.364852, 0.609865
0.389391, 0.610609
0.413846, 0.61133
0.438333, 0.611983
0.46293, 0.612481
0.48763, 0.612749
0.51237, 0.612749
0.53707, 0.612481
0.561667, 0.611983
0.586154, 0.61133
0.610609, 0.610609
0.635148, 0.609865
0.659834, 0.609081
0.684663, 0.608208
0.709597, 0.607197
0.734582, 0.606011
0.759557, 0.60462
0.784454, 0.603003
0.809194, 0.601136
0.833701, 0.599005
0.857972, 0.596618
0.882205, 0.594019
0.906648, 0.591241
0.931343, 0.588261
0.956206, 0.585022
0.981138, 0.581463
0.021951, 0.599568
0.046714, 0.60392
0.071416, 0.607878
0.0959691, 0.611515
0.120296, 0.614898
0.144413, 0.618063
0.168523, 0.620979
0.192829, 0.623597
0.217356, 0.625901
0.242041, 0.627906
0.26681, 0.629635
0.291603, 0.631113
0.316366, 0.632369
0.341059, 0.633436
0.365651, 0.634349
0.390135, 0.635148
0.414538, 0.635854
0.438913, 0.636455
0.463316, 0.636907
0.487765, 0.637152
0.512235, 0.637152
0.536684, 0.636907
0.561087, 0.636455
0.585462, 0.635854
0.609865, 0.635148
0.634349, 0.634349
0.658941, 0.633436
0.683634, 0.632369
0.708397, 0.631113
0.73319, 0.629635
0.757959, 0.627906
0.782644, 0.625901
0.807171, 0.623597
0.831477, 0.620979
0.855587, 0.618063
0.879704, 0.614898
0.904031, 0.611515
0.928584, 0.607878
0.953286, 0.60392
0.978049, 0.599568
0.0256852, 0.617673
0.0502434, 0.622819
0.0747503, 0.627498
0.0991289, 0.631791
0.123309, 0.635773
0.147288, 0.639492
0.171216, 0.642933
0.19529, 0.646042
0.219566, 0.648794
0.243998, 0.651198
0.268521, 0.653281
0.29308, 0.655068
0.317629, 0.656587
0.342131, 0.657869
0.366564, 0.658941
0.390919, 0.659834
0.415204, 0.660567
0.439443, 0.661143
0.463664, 0.66155
0.487887, 0.661762
0.512113, 0.661762
0.536336, 0.66155
0.560557, 0.661143
0.584796, 0.660567
0.609081, 0.659834
0.633436, 0.658941
0.657869, 0.657869
0.682371, 0.656587
0.70692, 0.655068
0.731479, 0.653281
0.756002, 0.651198
0.780434, 0.648794
0.80471, 0.646042
0.828784, 0.642933
0.852712, 0.639492
0.876691, 0.635773
0.900871, 0.631791
0.92525, 0.627498
0.949757, 0.622819
0.974315, 0.617673
0.0300795, 0.635778
0.0543972, 0.641721
0.0786735, 0.647122
0.102842, 0.652069
0.126844, 0.656644
0.150659, 0.660908
0.174389, 0.664863
0.198206, 0.668462
0.222195, 0.671669
0.246335, 0.674486
0.270573, 0.676937
0.294857, 0.67905
0.319148, 0.680852
0.343413, 0.682371
0.367631, 0.683634
0.391792, 0.684663
0.415897, 0.68548
0.439956, 0.686094
0.463984, 0.686507
0.487996, 0.686716
0.512004, 0.686716
0.536016, 0.686507
0.560044, 0.686094
0.584103, 0.68548
0.608208, 0.684663
0.632369, 0.683634
0.656587, 0.682371
0.680852, 0.680852
0.705143, 0.67905
0.729427, 0.676937
0.753665, 0.674486
0.777805, 0.671669
0.801794, 0.668462
0.825611, 0.664863
0.849341, 0.660908
0.873156, 0.656644
0.897158, 0.652069
0.921327, 0.647122
0.945603, 0.641721
0.96992, 0.635778
0.0351531, 0.653885
0.0591935, 0.660625
0.0832023, 0.666749
0.107124, 0.67235
0.130909, 0.677514
0.154532, 0.682311
0.178048, 0.686766
0.201591, 0.690847
0.225264, 0.694513
0.249076, 0.697753
0.272989, 0.700587
0.29696, 0.70304
0.32095, 0.705143
0.344932, 0.70692
0.368887, 0.708397
0.392803, 0.709597
0.416677, 0.710539
0.440513, 0.711236
0.46432, 0.711697
0.488109, 0.711927
0.511891, 0.711927
0.53568, 0.711697
0.559487, 0.711236
0.583323, 0.710539
0.607197, 0.709597
0.631113, 0.708397
0.655068, 0.70692
0.67905, 0.705143
0.70304, 0.70304
0.727011, 0.700587
0.750924, 0.697753
0.774736, 0.694513
0.798409, 0.690847
0.821952, 0.686766
0.845468, 0.682311
0.869091, 0.677514
0.892876, 0.67235
0.916798, 0.666749
0.940806, 0.660625
0.964847, 0.653885
0.0409285, 0.671993
0.0646542, 0.679533
0.0883573, 0.686381
0.111993, 0.692637
0.135521, 0.698386
0.158915, 0.703708
0.182197, 0.708645
0.205458, 0.713191
0.228794, 0.717309
0.252246, 0.720977
0.275797, 0.724203
0.299413, 0.727011
0.323063, 0.729427
0.346719, 0.731479
0.370365, 0.73319
0.393989, 0.734582
0.417585, 0.735674
0.441155, 0.73648
0.464703, 0.737011
0.488236, 0.737276
0.511764, 0.737276
0.535297, 0.737011
0.558845, 0.73648
0.582415, 0.735674
0.606011, 0.734582
0.629635, 0.73319
0.653281, 0.731479
0.676937, 0.729427
0.700587, 0.727011
0.724203, 0.724203
0.747754, 0.720977
0.771206, 0.717309
0.794542, 0.713191
0.817803, 0.708645
0.841085, 0.703708
0.864479, 0.698386
0.888007, 0.692637
0.911643, 0.686381
0.935346, 0.679533
0.959071, 0.671993
0.0474329, 0.690101
0.0708052, 0.698444
0.0941629, 0.706019
0.11747, 0.71293
0.140696, 0.719266
0.163819, 0.725106
0.18684, 0.730509
0.209808, 0.735494
0.2328, 0.740043
0.255868, 0.744132
0.279023, 0.747754
0.302247, 0.750924
0.325514, 0.753665
0.348802, 0.756002
0.372094, 0.757959
0.39538, 0.759557
0.418651, 0.760813
0.441908, 0.761741
0.465151, 0.762354
0.488385, 0.762659
0.511615, 0.762659
0.534849, 0.762354
0.558092, 0.761741
0.581349, 0.760813
0.60462, 0.759557
0.627906, 0.757959
0.651198, 0.756002
0.674486, 0.753665
0.697753, 0.750924
0.720977, 0.747754
0.744132, 0.744132
0.7672, 0.740043
0.790192, 0.735494
0.81316, 0.730509
0.836181, 0.725106
0.859304, 0.719266
0.88253, 0.71293
0.905837, 0.706019
0.929195, 0.698444
0.952567, 0.690101
0.0546985, 0.708211
0.0776774, 0.717358
0.100649, 0.725662
0.123584, 0.733232
0.14646, 0.740156
0.169262, 0.746515
0.191982, 0.752373
0.21464, 0.757771
0.237282, 0.762718
0.259957, 0.7672
0.282691, 0.771206
0.305487, 0.774736
0.328331, 0.777805
0.351206, 0.780434
0.374099, 0.782644
0.396997, 0.784454
0.419895, 0.78588
0.442788, 0.786938
0.465676, 0.787637
0.488559, 0.787985
0.511441, 0.787985
0.534324, 0.787637
0.557212, 0.786938
0.580105, 0.78588
0.603003, 0.784454
0.625901, 0.782644
0.648794, 0.780434
0.671669, 0.777805
0.694513, 0.774736
0.717309, 0.771206
0.740043, 0.7672
0.762718, 0.762718
0.78536, 0.757771
0.808018, 0.752373
0.830738, 0.746515
0.85354, 0.740156
0.876416, 0.733232
0.899351, 0.725662
0.922323, 0.717358
0.945302, 0.708211
0.0627635, 0.726322
0.0853076, 0.736275
0.107849, 0.745311
0.130367, 0.753542
0.152844, 0.76106
0.17527, 0.767942
0.197636, 0.774255
0.219949, 0.780051
0.242229, 0.78536
0.264506, 0.790192
0.286809, 0.794542
0.309153, 0.798409
0.331538, 0.801794
0.353958, 0.80471
0.376403, 0.807171
0.398864, 0.809194
0.421334, 0.810794
0.443809, 0.811982
0.466285, 0.812769
0.488762, 0.813161
0.511238, 0.813161
0.533715, 0.812769
0.556191, 0.811982
0.578666, 0.810794
0.601136, 0.809194
0.623597, 0.807171
0.646042, 0.80471
0.668462, 0.801794
0.690847, 0.798409
0.713191, 0.794542
0.735494, 0.790192
0.757771, 0.78536
0.780051, 0.780051
0.802364, 0.774255
0.82473, 0.767942
0.847156, 0.76106
0.869633, 0.753542
0.892151, 0.745311
0.914692, 0.736275
0.937237, 0.726322
0.0716733, 0.744434
0.0937392, 0.755195
0.115807, 0.764966
0.137859, 0.773863
0.159886, 0.781979
0.181878, 0.789392
0.203831, 0.796169
0.225745, 0.802364
0.247627, 0.808018
0.269491, 0.81316
0.291355, 0.817803
0.313234, 0.821952
0.335137, 0.825611
0.357067, 0.828784
0.379021, 0.831477
0.400995, 0.833701
0.422983, 0.835465
0.444982, 0.836779
0.466987, 0.837651
0.488995, 0.838086
0.511005, 0.838086
0.533013, 0.837651
0.555018, 0.836779
0.577017, 0.835465
0.599005, 0.833701
0.620979, 0.831477
0.642933, 0.828784
0.664863, 0.825611
0.686766, 0.821952
0.708645, 0.817803
0.730509, 0.81316
0.752373, 0.808018
0.774255, 0.802364
0.796169, 0.796169
0.818122, 0.789392
0.840114, 0.781979
0.862141, 0.773863
0.884193, 0.764966
0.906261, 0.755195
0.928327, 0.744434
0.0814824, 0.762547
0.103024, 0.774119
0.124571, 0.784627
0.146109, 0.794193
0.167631, 0.802914
0.189132, 0.810868
0.210608, 0.818122
0.232058, 0.82473
0.253485, 0.830738
0.274894, 0.836181
0.296292, 0.841085
0.317689, 0.845468
0.339092, 0.849341
0.360508, 0.852712
0.381937, 0.855587
0.403382, 0.857972
0.424839, 0.859871
0.446306, 0.861291
0.467781, 0.862234
0.48926, 0.862705
0.51074, 0.862705
0.532219, 0.862234
0.553694, 0.861291
0.575161, 0.859871
0.596618, 0.857972
0.618063, 0.855587
0.639492, 0.852712
0.660908, 0.849341
0.682311, 0.845468
0.703708, 0.841085
0.725106, 0.836181
0.746515, 0.830738
0.767942, 0.82473
0.789392, 0.818122
0.810868, 0.810868
0.832369, 0.802914
0.853891, 0.794193
0.875429, 0.784627
0.896976, 0.774119
0.918518, 0.762547
0.0922559, 0.780661
0.113226, 0.793045
0.134201, 0.804293
0.155173, 0.814533
0.176136, 0.823864
0.197086, 0.832369
0.218021, 0.840114
0.23894, 0.847156
0.259844, 0.85354
0.280734, 0.859304
0.301614, 0.864479
0.322486, 0.869091
0.343356, 0.873156
0.364227, 0.876691
0.385102, 0.879704
0.405981, 0.882205
0.426867, 0.884199
0.447757, 0.885691
0.468653, 0.886684
0.489551, 0.88718
0.510449, 0.88718
0.531347, 0.886684
0.552243, 0.885691
0.573133, 0.884199
0.594019, 0.882205
0.614898, 0.879704
0.635773, 0.876691
0.656644, 0.873156
0.677514, 0.869091
0.698386, 0.864479
0.719266, 0.859304
0.740156, 0.85354
0.76106, 0.847156
0.781979, 0.840114
0.802914, 0.832369
0.823864, 0.823864
0.844827, 0.814533
0.865799, 0.804293
0.886774, 0.793045
0.907744, 0.780661
0.104073, 0.798776
0.124419, 0.811972
0.14477, 0.823962
0.165121, 0.834879
0.185467, 0.844827
0.205807, 0.853891
0.226137, 0.862141
0.246458, 0.869633
0.266768, 0.876416
0.28707, 0.88253
0.307363, 0.888007
0.32765, 0.892876
0.347931, 0.897158
0.368209, 0.900871
0.388485, 0.904031
0.408759, 0.906648
0.429034, 0.908733
0.44931, 0.910291
0.469585, 0.911327
0.489862, 0.911844
0.510138, 0.911844
0.530415, 0.911327
0.55069, 0.910291
0.570966, 0.908733
0.591241, 0.906648
0.611515, 0.904031
0.631791, 0.900871
0.652069, 0.897158
0.67235, 0.892876
0.692637, 0.888007
0.71293, 0.88253
0.733232, 0.876416
0.753542, 0.869633
0.773863, 0.862141
0.794193, 0.853891
0.814533, 0.844827
0.834879, 0.834879
0.85523, 0.823962
0.875581, 0.811972
0.895927, 0.798776
0.11703, 0.816891
0.136696, 0.8309
0.156367, 0.843633
0.176038, 0.85523
0.195707, 0.865799
0.215373, 0.875429
0.235034, 0.884193
0.254689, 0.892151
0.274338, 0.899351
0.293981, 0.905837
0.313619, 0.911643
0.333251, 0.916798
0.352878, 0.921327
0.372502, 0.92525
0.392122, 0.928584
0.411739, 0.931343
0.431355, 0.933538
0.450969, 0.935177
0.470582, 0.936267
0.490194, 0.93681
0.509806, 0.93681
0.529418, 0.936267
0.549031, 0.935177
0.568645, 0.933538
0.588261, 0.931343
0.607878, 0.928584
0.627498, 0.92525
0.647122, 0.921327
0.666749, 0.916798
0.686381, 0.911643
0.706019, 0.905837
0.725662, 0.899351
0.745311, 0.892151
0.764966, 0.884193
0.784627, 0.875429
0.804293, 0.865799
0.823962, 0.85523
0.843633, 0.843633
0.863304, 0.8309
0.88297, 0.816891
0.131249, 0.835005
0.150173, 0.849827
0.1691, 0.863304
0.188028, 0.875581
0.206955, 0.886774
0.225881, 0.896976
0.244805, 0.906261
0.263725, 0.914692
0.282642, 0.922323
0.301556, 0.929195
0.320467, 0.935346
0.339375, 0.940806
0.358279, 0.945603
0.377181, 0.949757
0.39608, 0.953286
0.414978, 0.956206
0.433873, 0.958528
0.452768, 0.960262
0.471661, 0.961414
0.490554, 0.961989
0.509446, 0.961989
0.528339, 0.961414
0.547232, 0.960262
0.566127, 0.958528
0.585022, 0.956206
0.60392, 0.953286
0.622819, 0.949757
0.641721, 0.945603
0.660625, 0.940806
0.679533, 0.935346
0.698444, 0.929195
0.717358, 0.922323
0.736275, 0.914692
0.755195, 0.906261
0.774119, 0.896976
0.793045, 0.886774
0.811972, 0.875581
0.8309, 0.863304
0.849827, 0.849827
0.868751, 0.835005
0.146881, 0.853119
0.164995, 0.868751
0.183109, 0.88297
0.201224, 0.895927
0.219339, 0.907744
0.237453, 0.918518
0.255566, 0.928327
0.273678, 0.937237
0.291789, 0.945302
0.309899, 0.952567
0.328007, 0.959071
0.346115, 0.964847
0.364222, 0.96992
0.382327, 0.974315
0.400432, 0.978049
0.418537, 0.981138
0.43664, 0.983596
0.454743, 0.98543
0.472846, 0.986649
0.490949, 0.987258
0.509051, 0.987258
0.527154, 0.986649
0.545257, 0.98543
0.56336, 0.983596
0.581463, 0.981138
0.599568, 0.978049
0.617673, 0.974315
0.635778, 0.96992
0.653885, 0.964847
0.671993, 0.959071
0.690101, 0.952567
0.708211, 0.945302
0.726322, 0.937237
0.744434, 0.928327
0.762547, 0.918518
0.780661, 0.907744
0.798776, 0.895927
0.816891, 0.88297
0.835005, 0.868751
0.853119, 0.853119
