0.146447, 0.146447
0.164124, 0.129612
0.181802, 0.114319
0.19948, 0.100391
0.217157, 0.0876894
0.234835, 0.0761044
0.252513, 0.0655463
0.27019, 0.055942
0.287868, 0.0472307
0.305546, 0.0393619
0.323223, 0.0322928
0.340901, 0.0259879
0.358579, 0.0204168
0.376256, 0.0155544
0.393934, 0.0113795
0.411612, 0.00787451
0.429289, 0.00502525
0.446967, 0.00282045
0.464645, 0.00125157
0.482322, 0.000312598
0.5, 0
0.517678, 0.000312598
0.535355, 0.00125157
0.553033, 0.00282045
0.570711, 0.00502525
0.588388, 0.00787451
0.606066, 0.0113795
0.623744, 0.0155544
0.641421, 0.0204168
0.659099, 0.0259879
0.676777, 0.0322928
0.694454, 0.0393619
0.712132, 0.0472307
0.72981, 0.055942
0.747487, 0.0655463
0.765165, 0.0761044
0.782843, 0.0876894
0.80052, 0.100391
0.818198, 0.114319
0.835876, 0.129612
0.853553, 0.146447
0.129612, 0.164124
0.148143, 0.148143
0.166676, 0.13363
0.18521, 0.120419
0.203745, 0.108378
0.22228, 0.0974014
0.240813, 0.0874032
0.259344, 0.078313
0.277872, 0.0700725
0.296397, 0.0626326
0.31492, 0.0559522
0.333439, 0.0499965
0.351955, 0.0447362
0.370468, 0.0401468
0.388978, 0.0362075
0.407485, 0.0329013
0.425991, 0.0302143
0.444495, 0.0281354
0.462997, 0.0266564
0.481499, 0.0257712
0.5, 0.0254766
0.518501, 0.0257712
0.537003, 0.0266564
0.555505, 0.0281354
0.574009, 0.0302143
0.592515, 0.0329013
0.611022, 0.0362075
0.629532, 0.0401468
0.648045, 0.0447362
0.666561, 0.0499965
0.68508, 0.0559522
0.703603, 0.0626326
0.722128, 0.0700725
0.740656, 0.078313
0.759187, 0.0874032
0.77772, 0.0974014
0.796255, 0.108378
0.81479, 0.120419
0.833324, 0.13363
0.851857, 0.148143
0.870388, 0.164124
0.114319, 0.181802
0.13363, 0.166676
0.152944, 0.152944
0.172261, 0.140451
0.19158, 0.12907
0.210896, 0.1187
0.230209, 0.109259
0.249516, 0.10068
0.268818, 0.0929052
0.288113, 0.0858881
0.307401, 0.0795889
0.326683, 0.0739741
0.345957, 0.0690156
0.365226, 0.0646896
0.38449, 0.0609766
0.403749, 0.0578603
0.423004, 0.0553275
0.442256, 0.0533679
0.461505, 0.0519736
0.480753, 0.0511392
0.5, 0.0508614
0.519247, 0.0511392
0.538495, 0.0519736
0.557744, 0.0533679
0.576996, 0.0553275
0.596251, 0.0578603
0.61551, 0.0609766
0.634774, 0.0646896
0.654043, 0.0690156
0.673317, 0.0739741
0.692599, 0.0795889
0.711887, 0.0858881
0.731182, 0.0929052
0.750484, 0.10068
0.769791, 0.109259
0.789104, 0.1187
0.80842, 0.12907
0.827739, 0.140451
0.847056, 0.152944
0.86637, 0.166676
0.885681, 0.181802
0.100391, 0.19948
0.120419, 0.18521
0.140451, 0.172261
0.160487, 0.160487
0.180522, 0.149765
0.200552, 0.14
0.220575, 0.131112
0.240589, 0.123036
0.260591, 0.115717
0.280582, 0.10911
0.300562, 0.103176
0.320531, 0.0978838
0.340492, 0.0932065
0.360444, 0.0891222
0.38039, 0.0856131
0.400331, 0.0826649
0.420268, 0.0802664
0.440203, 0.078409
0.460136, 0.0770865
0.480068, 0.0762946
0.5, 0.0760309
0.519932, 0.0762946
0.539864, 0.0770865
0.559797, 0.078409
0.579732, 0.0802664
0.599669, 0.0826649
0.61961, 0.0856131
0.639556, 0.0891222
0.659508, 0.0932065
0.679469, 0.0978838
0.699438, 0.103176
0.719418, 0.10911
0.739409, 0.115717
0.759411, 0.123036
0.779425, 0.131112
0.799448, 0.14
0.819478, 0.149765
0.839513, 0.160487
0.859549, 0.172261
0.879581, 0.18521
0.899609, 0.19948
0.0876894, 0.217157
0.108378, 0.203745
0.12907, 0.19158
0.149765, 0.180522
0.170456, 0.170456
0.191137, 0.161289
0.211805, 0.152945
0.232455, 0.145358
0.253087, 0.138476
0.2737, 0.132254
0.294298, 0.126655
0.314881, 0.121648
0.335454, 0.11721
0.35602, 0.113323
0.376583, 0.109972
0.397146, 0.107148
0.417711, 0.104844
0.438279, 0.103056
0.45885, 0.10178
0.479424, 0.101016
0.5, 0.100761
0.520576, 0.101016
0.54115, 0.10178
0.561721, 0.103056
0.582289, 0.104844
0.602854, 0.107148
0.623417, 0.109972
0.64398, 0.113323
0.664546, 0.11721
0.685119, 0.121648
0.705702, 0.126655
0.7263, 0.132254
0.746913, 0.138476
0.767545, 0.145358
0.788195, 0.152945
0.808863, 0.161289
0.829544, 0.170456
0.850235, 0.180522
0.87093, 0.19158
0.891622, 0.203745
0.912311, 0.217157
0.0761044, 0.234835
0.0974014, 0.22228
0.1187, 0.210896
0.14, 0.200552
0.161289, 0.191137
0.18256, 0.18256
0.203806, 0.174745
0.225024, 0.167628
0.246211, 0.161154
0.267369, 0.155278
0.288504, 0.149966
0.309623, 0.14519
0.330736, 0.140933
0.35185, 0.137186
0.372974, 0.133943
0.394112, 0.131204
0.415266, 0.128967
0.436434, 0.127229
0.457616, 0.12599
0.478806, 0.125247
0.5, 0.124999
0.521194, 0.125247
0.542384, 0.12599
0.563566, 0.127229
0.584734, 0.128967
0.605888, 0.131204
0.627026, 0.133943
0.64815, 0.137186
0.669264, 0.140933
0.690377, 0.14519
0.711496, 0.149966
0.732631, 0.155278
0.753789, 0.161154
0.774976, 0.167628
0.796194, 0.174745
0.81744, 0.18256
0.838711, 0.191137
0.86, 0.200552
0.8813, 0.210896
0.902599, 0.22228
0.923896, 0.234835
0.0655463, 0.252513
0.0874032, 0.240813
0.109259, 0.230209
0.131112, 0.220575
0.152945, 0.211805
0.174745, 0.203806
0.196504, 0.196504
0.218214, 0.189829
0.239875, 0.183726
0.261494, 0.178151
0.283085, 0.173074
0.304669, 0.168486
0.326266, 0.164386
0.34789, 0.16078
0.369548, 0.157671
0.391239, 0.155058
0.412959, 0.152934
0.434701, 0.151293
0.456459, 0.150127
0.478227, 0.149431
0.5, 0.149199
0.521773, 0.149431
0.543541, 0.150127
0.565299, 0.151293
0.587041, 0.152934
0.608761, 0.155058
0.630452, 0.157671
0.65211, 0.16078
0.673734, 0.164386
0.695331, 0.168486
0.716915, 0.173074
0.738506, 0.178151
0.760125, 0.183726
0.781786, 0.189829
0.803496, 0.196504
0.825255, 0.203806
0.847055, 0.211805
0.868888, 0.220575
0.890741, 0.230209
0.912597, 0.240813
0.934454, 0.252513
0.055942, 0.27019
0.078313, 0.259344
0.10068, 0.249516
0.123036, 0.240589
0.145358, 0.232455
0.167628, 0.225024
0.189829, 0.218214
0.211953, 0.211953
0.234005, 0.206185
0.256007, 0.200878
0.278, 0.196032
0.300023, 0.191665
0.322101, 0.187794
0.344237, 0.184425
0.366423, 0.181551
0.388648, 0.179157
0.410899, 0.177225
0.433165, 0.175742
0.455439, 0.174691
0.477719, 0.174065
0.5, 0.173857
0.522281, 0.174065
0.544561, 0.174691
0.566835, 0.175742
0.589101, 0.177225
0.611352, 0.179157
0.633577, 0.181551
0.655763, 0.184425
0.677899, 0.187794
0.699977, 0.191665
0.722, 0.196032
0.743993, 0.200878
0.765995, 0.206185
0.788047, 0.211953
0.810171, 0.218214
0.832372, 0.225024
0.854642, 0.232455
0.876964, 0.240589
0.89932, 0.249516
0.921687, 0.259344
0.944058, 0.27019
0.0472307, 0.287868
0.0700725, 0.277872
0.0929052, 0.268818
0.115717, 0.260591
0.138476, 0.253087
0.161154, 0.246211
0.183726, 0.239875
0.206185, 0.234005
0.228557, 0.228557
0.250906, 0.22354
0.273304, 0.218992
0.295789, 0.214948
0.318362, 0.211412
0.341004, 0.20837
0.36369, 0.205797
0.386402, 0.203667
0.409123, 0.201958
0.431847, 0.200648
0.454568, 0.199724
0.477285, 0.199174
0.5, 0.198992
0.522715, 0.199174
0.545432, 0.199724
0.568153, 0.200648
0.590877, 0.201958
0.613598, 0.203667
0.63631, 0.205797
0.658996, 0.20837
0.681638, 0.211412
0.704211, 0.214948
0.726696, 0.218992
0.749094, 0.22354
0.771443, 0.228557
0.793815, 0.234005
0.816274, 0.239875
0.838846, 0.246211
0.861524, 0.253087
0.884283, 0.260591
0.907095, 0.268818
0.929927, 0.277872
0.952769, 0.287868
0.0393619, 0.305546
0.0626326, 0.296397
0.0858881, 0.288113
0.10911, 0.280582
0.132254, 0.2737
0.155278, 0.267369
0.178151, 0.261494
0.200878, 0.256007
0.22354, 0.250906
0.24625, 0.24625
0.269083, 0.242095
0.292043, 0.238452
0.315096, 0.235302
0.338205, 0.232611
0.36134, 0.230348
0.38448, 0.228483
0.407612, 0.226993
0.430729, 0.225855
0.45383, 0.225055
0.476919, 0.22458
0.5, 0.224422
0.523081, 0.22458
0.54617, 0.225055
0.569271, 0.225855
0.592388, 0.226993
0.61552, 0.228483
0.63866, 0.230348
0.661795, 0.232611
0.684904, 0.235302
0.707957, 0.238452
0.730917, 0.242095
0.75375, 0.24625
0.77646, 0.250906
0.799122, 0.256007
0.821849, 0.261494
0.844722, 0.267369
0.867746, 0.2737
0.89089, 0.280582
0.914112, 0.288113
0.937367, 0.296397
0.960638, 0.305546
0.0322928, 0.323223
0.0559522, 0.31492
0.0795889, 0.307401
0.103176, 0.300562
0.126655, 0.294298
0.149966, 0.288504
0.173074, 0.283085
0.196032, 0.278
0.218992, 0.273304
0.242095, 0.269083
0.265373, 0.265373
0.288785, 0.262153
0.312277, 0.259388
0.335805, 0.25704
0.359336, 0.255076
0.38285, 0.253467
0.406336, 0.252187
0.429789, 0.251215
0.453212, 0.250533
0.476612, 0.250129
0.5, 0.249995
0.523388, 0.250129
0.546788, 0.250533
0.570211, 0.251215
0.593664, 0.252187
0.61715, 0.253467
0.640664, 0.255076
0.664195, 0.25704
0.687723, 0.259388
0.711215, 0.262153
0.734627, 0.265373
0.757905, 0.269083
0.781008, 0.273304
0.803968, 0.278
0.826926, 0.283085
0.850034, 0.288504
0.873345, 0.294298
0.896824, 0.300562
0.920411, 0.307401
0.944048, 0.31492
0.967707, 0.323223
0.0259879, 0.340901
0.0499965, 0.333439
0.0739741, 0.326683
0.0978838, 0.320531
0.121648, 0.314881
0.14519, 0.309623
0.168486, 0.304669
0.191665, 0.300023
0.214948, 0.295789
0.238452, 0.292043
0.262153, 0.288785
0.285978, 0.285978
0.309864, 0.283582
0.333762, 0.281561
0.357642, 0.279881
0.381482, 0.278514
0.40527, 0.277432
0.429007, 0.276613
0.452699, 0.276039
0.476358, 0.275699
0.5, 0.275586
0.523642, 0.275699
0.547301, 0.276039
0.570993, 0.276613
0.59473, 0.277432
0.618518, 0.278514
0.642358, 0.279881
0.666238, 0.281561
0.690136, 0.283582
0.714022, 0.285978
0.737847, 0.288785
0.761548, 0.292043
0.785052, 0.295789
0.808335, 0.300023
0.831514, 0.304669
0.85481, 0.309623
0.878352, 0.314881
0.902116, 0.320531
0.926026, 0.326683
0.950004, 0.333439
0.974012, 0.340901
0.0204168, 0.358579
0.0447362, 0.351955
0.0690156, 0.345957
0.0932065, 0.340492
0.11721, 0.335454
0.140933, 0.330736
0.164386, 0.326266
0.187794, 0.322101
0.211412, 0.318362
0.235302, 0.315096
0.259388, 0.312277
0.283582, 0.309864
0.307817, 0.307817
0.332043, 0.306103
0.356226, 0.304688
0.380343, 0.303541
0.404385, 0.302633
0.428357, 0.301942
0.45227, 0.301452
0.476145, 0.301158
0.5, 0.30106
0.523855, 0.301158
0.54773, 0.301452
0.571643, 0.301942
0.595615, 0.302633
0.619657, 0.303541
0.643774, 0.304688
0.667957, 0.306103
0.692183, 0.307817
0.716418, 0.309864
0.740612, 0.312277
0.764698, 0.315096
0.788588, 0.318362
0.812206, 0.322101
0.835614, 0.326266
0.859067, 0.330736
0.88279, 0.335454
0.906793, 0.340492
0.930984, 0.345957
0.955264, 0.351955
0.979583, 0.358579
0.0155544, 0.376256
0.0401468, 0.370468
0.0646896, 0.365226
0.0891222, 0.360444
0.113323, 0.35602
0.137186, 0.35185
0.16078, 0.34789
0.184425, 0.344237
0.20837, 0.341004
0.232611, 0.338205
0.25704, 0.335805
0.281561, 0.333762
0.306103, 0.332043
0.330613, 0.330613
0.355051, 0.329436
0.379395, 0.328476
0.403638, 0.327701
0.427793, 0.327088
0.451887, 0.32663
0.475949, 0.326342
0.5, 0.326242
0.524051, 0.326342
0.548113, 0.32663
0.572207, 0.327088
0.596362, 0.327701
0.620605, 0.328476
0.644949, 0.329436
0.669387, 0.330613
0.693897, 0.332043
0.718439, 0.333762
0.74296, 0.335805
0.767389, 0.338205
0.79163, 0.341004
0.815575, 0.344237
0.83922, 0.34789
0.862814, 0.35185
0.886677, 0.35602
0.910878, 0.360444
0.93531, 0.365226
0.959853, 0.370468
0.984446, 0.376256
0.0113795, 0.393934
0.0362075, 0.388978
0.0609766, 0.38449
0.0856131, 0.38039
0.109972, 0.376583
0.133943, 0.372974
0.157671, 0.369548
0.181551, 0.366423
0.205797, 0.36369
0.230348, 0.36134
0.255076, 0.359336
0.279881, 0.357642
0.304688, 0.356226
0.329436, 0.355051
0.354078, 0.354078
0.378587, 0.353259
0.402962, 0.352548
0.427238, 0.351921
0.451476, 0.351395
0.475726, 0.351035
0.5, 0.350905
0.524274, 0.351035
0.548524, 0.351395
0.572762, 0.351921
0.597038, 0.352548
0.621413, 0.353259
0.645922, 0.354078
0.670564, 0.355051
0.695312, 0.356226
0.720119, 0.357642
0.744924, 0.359336
0.769652, 0.36134
0.794203, 0.36369
0.818449, 0.366423
0.842329, 0.369548
0.866057, 0.372974
0.890028, 0.376583
0.914387, 0.38039
0.939023, 0.38449
0.963793, 0.388978
0.988621, 0.393934
0.00787451, 0.411612
0.0329013, 0.407485
0.0578603, 0.403749
0.0826649, 0.400331
0.107148, 0.397146
0.131204, 0.394112
0.155058, 0.391239
0.179157, 0.388648
0.203667, 0.386402
0.228483, 0.38448
0.253467, 0.38285
0.278514, 0.381482
0.303541, 0.380343
0.328476, 0.379395
0.353259, 0.378587
0.377849, 0.377849
0.402258, 0.377112
0.426575, 0.376358
0.450934, 0.375672
0.475418, 0.375191
0.5, 0.37502
0.524582, 0.375191
0.549066, 0.375672
0.573425, 0.376358
0.597742, 0.377112
0.622151, 0.377849
0.646741, 0.378587
0.671524, 0.379395
0.696459, 0.380343
0.721486, 0.381482
0.746533, 0.38285
0.771517, 0.38448
0.796333, 0.386402
0.820843, 0.388648
0.844942, 0.391239
0.868796, 0.394112
0.892852, 0.397146
0.917335, 0.400331
0.94214, 0.403749
0.967099, 0.407485
0.992125, 0.411612
0.00502525, 0.429289
0.0302143, 0.425991
0.0553275, 0.423004
0.0802664, 0.420268
0.104844, 0.417711
0.128967, 0.415266
0.152934, 0.412959
0.177225, 0.410899
0.201958, 0.409123
0.226993, 0.407612
0.252187, 0.406336
0.277432, 0.40527
0.302633, 0.404385
0.327701, 0.403638
0.352548, 0.402962
0.377112, 0.402258
0.40144, 0.40144
0.425749, 0.400555
0.450271, 0.399786
0.475057, 0.399287
0.5, 0.399117
0.524943, 0.399287
0.549729, 0.399786
0.574251, 0.400555
0.59856, 0.40144
0.622888, 0.402258
0.647452, 0.402962
0.672299, 0.403638
0.697367, 0.404385
0.722568, 0.40527
0.747813, 0.406336
0.773007, 0.407612
0.798042, 0.409123
0.822775, 0.410899
0.847066, 0.412959
0.871033, 0.415266
0.895156, 0.417711
0.919734, 0.420268
0.944672, 0.423004
0.969786, 0.425991
0.994975, 0.429289
0.00282045, 0.446967
0.0281354, 0.444495
0.0533679, 0.442256
0.078409, 0.440203
0.103056, 0.438279
0.127229, 0.436434
0.151293, 0.434701
0.175742, 0.433165
0.200648, 0.431847
0.225855, 0.430729
0.251215, 0.429789
0.276613, 0.429007
0.301942, 0.428357
0.327088, 0.427793
0.351921, 0.427238
0.376358, 0.426575
0.400555, 0.425749
0.42491, 0.42491
0.449663, 0.424261
0.47475, 0.423873
0.5, 0.423746
0.52525, 0.423873
0.550337, 0.424261
0.57509, 0.42491
0.599445, 0.425749
0.623642, 0.426575
0.648079, 0.427238
0.672912, 0.427793
0.698058, 0.428357
0.723387, 0.429007
0.748785, 0.429789
0.774145, 0.430729
0.799352, 0.431847
0.824258, 0.433165
0.848707, 0.434701
0.872771, 0.436434
0.896944, 0.438279
0.921591, 0.440203
0.946632, 0.442256
0.971865, 0.444495
0.99718, 0.446967
0.00125157, 0.464645
0.0266564, 0.462997
0.0519736, 0.461505
0.0770865, 0.460136
0.10178, 0.45885
0.12599, 0.457616
0.150127, 0.456459
0.174691, 0.455439
0.199724, 0.454568
0.225055, 0.45383
0.250533, 0.453212
0.276039, 0.452699
0.301452, 0.45227
0.32663, 0.451887
0.351395, 0.451476
0.375672, 0.450934
0.399786, 0.450271
0.424261, 0.449663
0.449234, 0.449234
0.474541, 0.448987
0.5, 0.448907
0.525459, 0.448987
0.550766, 0.449234
0.575739, 0.449663
0.600214, 0.450271
0.624328, 0.450934
0.648605, 0.451476
0.67337, 0.451887
0.698548, 0.45227
0.723961, 0.452699
0.749467, 0.453212
0.774945, 0.45383
0.800276, 0.454568
0.825309, 0.455439
0.849873, 0.456459
0.87401, 0.457616
0.89822, 0.45885
0.922914, 0.460136
0.948026, 0.461505
0.973344, 0.462997
0.998748, 0.464645
0.000312598, 0.482322
0.0257712, 0.481499
0.0511392, 0.480753
0.0762946, 0.480068
0.101016, 0.479424
0.125247, 0.478806
0.149431, 0.478227
0.174065, 0.477719
0.199174, 0.477285
0.22458, 0.476919
0.250129, 0.476612
0.275699, 0.476358
0.301158, 0.476145
0.326342, 0.475949
0.351035, 0.475726
0.375191, 0.475418
0.399287, 0.475057
0.423873, 0.47475
0.448987, 0.474541
0.474422, 0.474422
0.5, 0.474384
0.525578, 0.474422
0.551013, 0.474541
0.576127, 0.47475
0.600713, 0.475057
0.624809, 0.475418
0.648965, 0.475726
0.673658, 0.475949
0.698842, 0.476145
0.724301, 0.476358
0.749871, 0.476612
0.77542, 0.476919
0.800826, 0.477285
0.825935, 0.477719
0.850569, 0.478227
0.874753, 0.478806
0.898984, 0.479424
0.923705, 0.480068
0.948861, 0.480753
0.974229, 0.481499
0.999687, 0.482322
0, 0.5
0.0254766, 0.5
0.0508614, 0.5
0.0760309, 0.5
0.100761, 0.5
0.124999, 0.5
0.149199, 0.5
0.173857, 0.5
0.198992, 0.5
0.224422, 0.5
0.249995, 0.5
0.275586, 0.5
0.30106, 0.5
0.326242, 0.5
0.350905, 0.5
0.37502, 0.5
0.399117, 0.5
0.423746, 0.5
0.448907, 0.5
0.474384, 0.5
0.5, 0.5
0.525616, 0.5
0.551093, 0.5
0.576254, 0.5
0.600883, 0.5
0.62498, 0.5
0.649095, 0.5
0.673758, 0.5
0.69894, 0.5
0.724414, 0.5
0.750005, 0.5
0.775578, 0.5
0.801008, 0.5
0.826143, 0.5
0.850801, 0.5
0.875001, 0.5
0.899239, 0.5
0.923969, 0.5
0.949139, 0.5
0.974523, 0.5
1, 0.5
0.000312598, 0.517678
0.0257712, 0.518501
0.0511392, 0.519247
0.0762946, 0.519932
0.101016, 0.520576
0.125247, 0.521194
0.149431, 0.521773
0.174065, 0.522281
0.199174, 0.522715
0.22458, 0.523081
0.250129, 0.523388
0.275699, 0.523642
0.301158, 0.523855
0.326342, 0.524051
0.351035, 0.524274
0.375191, 0.524582
0.399287, 0.524943
0.423873, 0.52525
0.448987, 0.525459
0.474422, 0.525578
0.5, 0.525616
0.525578, 0.525578
0.551013, 0.525459
0.576127, 0.52525
0.600713, 0.524943
0.624809, 0.524582
0.648965, 0.524274
0.673658, 0.524051
0.698842, 0.523855
0.724301, 0.523642
0.749871, 0.523388
0.77542, 0.523081
0.800826, 0.522715
0.825935, 0.522281
0.850569, 0.521773
0.874753, 0.521194
0.898984, 0.520576
0.923705, 0.519932
0.948861, 0.519247
0.974229, 0.518501
0.999687, 0.517678
0.00125157, 0.535355
0.0266564, 0.537003
0.0519736, 0.538495
0.0770865, 0.539864
0.10178, 0.54115
0.12599, 0.542384
0.150127, 0.543541
0.174691, 0.544561
0.199724, 0.545432
0.225055, 0.54617
0.250533, 0.546788
0.276039, 0.547301
0.301452, 0.54773
0.32663, 0.548113
0.351395, 0.548524
0.375672, 0.549066
0.399786, 0.549729
0.424261, 0.550337
0.449234, 0.550766
0.474541, 0.551013
0.5, 0.551093
0.525459, 0.551013
0.550766, 0.550766
0.575739, 0.550337
0.600214, 0.549729
0.624328, 0.549066
0.648605, 0.548524
0.67337, 0.548113
0.698548, 0.54773
0.723961, 0.547301
0.749467, 0.546788
0.774945, 0.54617
0.800276, 0.545432
0.825309, 0.544561
0.849873, 0.543541
0.87401, 0.542384
0.89822, 0.54115
0.922914, 0.539864
0.948026, 0.538495
0.973344, 0.537003
0.998748, 0.535355
0.00282045, 0.553033
0.0281354, 0.555505
0.0533679, 0.557744
0.078409, 0.559797
0.103056, 0.561721
0.127229, 0.563566
0.151293, 0.565299
0.175742, 0.566835
0.200648, 0.568153
0.225855, 0.569271
0.251215, 0.570211
0.276613, 0.570993
0.301942, 0.571643
0.327088, 0.572207
0.351921, 0.572762
0.376358, 0.573425
0.400555, 0.574251
0.42491, 0.57509
0.449663, 0.575739
0.47475, 0.576127
0.5, 0.576254
0.52525, 0.576127
0.550337, 0.575739
0.57509, 0.57509
0.599445, 0.574251
0.623642, 0.573425
0.648079, 0.572762
0.672912, 0.572207
0.698058, 0.571643
0.723387, 0.570993
0.748785, 0.570211
0.774145, 0.569271
0.799352, 0.568153
0.824258, 0.566835
0.848707, 0.565299
0.872771, 0.563566
0.896944, 0.561721
0.921591, 0.559797
0.946632, 0.557744
0.971865, 0.555505
0.99718, 0.553033
0.00502525, 0.570711
0.0302143, 0.574009
0.0553275, 0.576996
0.0802664, 0.579732
0.104844, 0.582289
0.128967, 0.584734
0.152934, 0.587041
0.177225, 0.589101
0.201958, 0.590877
0.226993, 0.592388
0.252187, 0.593664
0.277432, 0.59473
0.302633, 0.595615
0.327701, 0.596362
0.352548, 0.597038
0.377112, 0.597742
0.40144, 0.59856
0.425749, 0.599445
0.450271, 0.600214
0.475057, 0.600713
0.5, 0.600883
0.524943, 0.600713
0.549729, 0.600214
0.574251, 0.599445
0.59856, 0.59856
0.622888, 0.597742
0.647452, 0.597038
0.672299, 0.596362
0.697367, 0.595615
0.722568, 0.59473
0.747813, 0.593664
0.773007, 0.592388
0.798042, 0.590877
0.822775, 0.589101
0.847066, 0.587041
0.871033, 0.584734
0.895156, 0.582289
0.919734, 0.579732
0.944672, 0.576996
0.969786, 0.574009
0.994975, 0.570711
0.00787451, 0.588388
0.0329013, 0.592515
0.0578603, 0.596251
0.0826649, 0.599669
0.107148, 0.602854
0.131204, 0.605888
0.155058, 0.608761
0.179157, 0.611352
0.203667, 0.613598
0.228483, 0.61552
0.253467, 0.61715
0.278514, 0.618518
0.303541, 0.619657
0.328476, 0.620605
0.353259, 0.621413
0.377849, 0.622151
0.402258, 0.622888
0.426575, 0.623642
0.450934, 0.624328
0.475418, 0.624809
0.5, 0.62498
0.524582, 0.624809
0.549066, 0.624328
0.573425, 0.623642
0.597742, 0.622888
0.622151, 0.622151
0.646741, 0.621413
0.671524, 0.620605
0.696459, 0.619657
0.721486, 0.618518
0.746533, 0.61715
0.771517, 0.61552
0.796333, 0.613598
0.820843, 0.611352
0.844942, 0.608761
0.868796, 0.605888
0.892852, 0.602854
0.917335, 0.599669
0.94214, 0.596251
0.967099, 0.592515
0.992125, 0.588388
0.0113795, 0.606066
0.0362075, 0.611022
0.0609766, 0.61551
0.0856131, 0.61961
0.109972, 0.623417
0.133943, 0.627026
0.157671, 0.630452
0.181551, 0.633577
0.205797, 0.63631
0.230348, 0.63866
0.255076, 0.640664
0.279881, 0.642358
0.304688, 0.643774
0.329436, 0.644949
0.354078, 0.645922
0.378587, 0.646741
0.402962, 0.647452
0.427238, 0.648079
0.451476, 0.648605
0.475726, 0.648965
0.5, 0.649095
0.524274, 0.648965
0.548524, 0.648605
0.572762, 0.648079
0.597038, 0.647452
0.621413, 0.646741
0.645922, 0.645922
0.670564, 0.644949
0.695312, 0.643774
0.720119, 0.642358
0.744924, 0.640664
0.769652, 0.63866
0.794203, 0.63631
0.818449, 0.633577
0.842329, 0.630452
0.866057, 0.627026
0.890028, 0.623417
0.914387, 0.61961
0.939023, 0.61551
0.963793, 0.611022
0.988621, 0.606066
0.0155544, 0.623744
0.0401468, 0.629532
0.0646896, 0.634774
0.0891222, 0.639556
0.113323, 0.64398
0.137186, 0.64815
0.16078, 0.65211
0.184425, 0.655763
0.20837, 0.658996
0.232611, 0.661795
0.25704, 0.664195
0.281561, 0.666238
0.306103, 0.667957
0.330613, 0.669387
0.355051, 0.670564
0.379395, 0.671524
0.403638, 0.672299
0.427793, 0.672912
0.451887, 0.67337
0.475949, 0.673658
0.5, 0.673758
0.524051, 0.673658
0.548113, 0.67337
0.572207, 0.672912
0.596362, 0.672299
0.620605, 0.671524
0.644949, 0.670564
0.669387, 0.669387
0.693897, 0.667957
0.718439, 0.666238
0.74296, 0.664195
0.767389, 0.661795
0.79163, 0.658996
0.815575, 0.655763
0.83922, 0.65211
0.862814, 0.64815
0.886677, 0.64398
0.910878, 0.639556
0.93531, 0.634774
0.959853, 0.629532
0.984446, 0.623744
0.0204168, 0.641421
0.0447362, 0.648045
0.0690156, 0.654043
0.0932065, 0.659508
0.11721, 0.664546
0.140933, 0.669264
0.164386, 0.673734
0.187794, 0.677899
0.211412, 0.681638
0.235302, 0.684904
0.259388, 0.687723
0.283582, 0.690136
0.307817, 0.692183
0.332043, 0.693897
0.356226, 0.695312
0.380343, 0.696459
0.404385, 0.697367
0.428357, 0.698058
0.45227, 0.698548
0.476145, 0.698842
0.5, 0.69894
0.523855, 0.698842
0.54773, 0.698548
0.571643, 0.698058
0.595615, 0.697367
0.619657, 0.696459
0.643774, 0.695312
0.667957, 0.693897
0.692183, 0.692183
0.716418, 0.690136
0.740612, 0.687723
0.764698, 0.684904
0.788588, 0.681638
0.812206, 0.677899
0.835614, 0.673734
0.859067, 0.669264
0.88279, 0.664546
0.906793, 0.659508
0.930984, 0.654043
0.955264, 0.648045
0.979583, 0.641421
0.0259879, 0.659099
0.0499965, 0.666561
0.0739741, 0.673317
0.0978838, 0.679469
0.121648, 0.685119
0.14519, 0.690377
0.168486, 0.695331
0.191665, 0.699977
0.214948, 0.704211
0.238452, 0.707957
0.262153, 0.711215
0.285978, 0.714022
0.309864, 0.716418
0.333762, 0.718439
0.357642, 0.720119
0.381482, 0.721486
0.40527, 0.722568
0.429007, 0.723387
0.452699, 0.723961
0.476358, 0.724301
0.5, 0.724414
0.523642, 0.724301
0.547301, 0.723961
0.570993, 0.723387
0.59473, 0.722568
0.618518, 0.721486
0.642358, 0.720119
0.666238, 0.718439
0.690136, 0.716418
0.714022, 0.714022
0.737847, 0.711215
0.761548, 0.707957
0.785052, 0.704211
0.808335, 0.699977
0.831514, 0.695331
0.85481, 0.690377
0.878352, 0.685119
0.902116, 0.679469
0.926026, 0.673317
0.950004, 0.666561
0.974012, 0.659099
0.0322928, 0.676777
0.0559522, 0.68508
0.0795889, 0.692599
0.103176, 0.699438
0.126655, 0.705702
0.149966, 0.711496
0.173074, 0.716915
0.196032, 0.722
0.218992, 0.726696
0.242095, 0.730917
0.265373, 0.734627
0.288785, 0.737847
0.312277, 0.740612
0.335805, 0.74296
0.359336, 0.744924
0.38285, 0.746533
0.406336, 0.747813
0.429789, 0.748785
0.453212, 0.749467
0.476612, 0.749871
0.5, 0.750005
0.523388, 0.749871
0.546788, 0.749467
0.570211, 0.748785
0.593664, 0.747813
0.61715, 0.746533
0.640664, 0.744924
0.664195, 0.74296
0.687723, 0.740612
0.711215, 0.737847
0.734627, 0.734627
0.757905, 0.730917
0.781008, 0.726696
0.803968, 0.722
0.826926, 0.716915
0.850034, 0.711496
0.873345, 0.705702
0.896824, 0.699438
0.920411, 0.692599
0.944048, 0.68508
0.967707, 0.676777
0.0393619, 0.694454
0.0626326, 0.703603
0.0858881, 0.711887
0.10911, 0.719418
0.132254, 0.7263
0.155278, 0.732631
0.178151, 0.738506
0.200878, 0.743993
0.22354, 0.749094
0.24625, 0.75375
0.269083, 0.757905
0.292043, 0.761548
0.315096, 0.764698
0.338205, 0.767389
0.36134, 0.769652
0.38448, 0.771517
0.407612, 0.773007
0.430729, 0.774145
0.45383, 0.774945
0.476919, 0.77542
0.5, 0.775578
0.523081, 0.77542
0.54617, 0.774945
0.569271, 0.774145
0.592388, 0.773007
0.61552, 0.771517
0.63866, 0.769652
0.661795, 0.767389
0.684904, 0.764698
0.707957, 0.761548
0.730917, 0.757905
0.75375, 0.75375
0.77646, 0.749094
0.799122, 0.743993
0.821849, 0.738506
0.844722, 0.732631
0.867746, 0.7263
0.89089, 0.719418
0.914112, 0.711887
0.937367, 0.703603
0.960638, 0.694454
0.0472307, 0.712132
0.0700725, 0.722128
0.0929052, 0.731182
0.115717, 0.739409
0.138476, 0.746913
0.161154, 0.753789
0.183726, 0.760125
0.206185, 0.765995
0.228557, 0.771443
0.250906, 0.77646
0.273304, 0.781008
0.295789, 0.785052
0.318362, 0.788588
0.341004, 0.79163
0.36369, 0.794203
0.386402, 0.796333
0.409123, 0.798042
0.431847, 0.799352
0.454568, 0.800276
0.477285, 0.800826
0.5, 0.801008
0.522715, 0.800826
0.545432, 0.800276
0.568153, 0.799352
0.590877, 0.798042
0.613598, 0.796333
0.63631, 0.794203
0.658996, 0.79163
0.681638, 0.788588
0.704211, 0.785052
0.726696, 0.781008
0.749094, 0.77646
0.771443, 0.771443
0.793815, 0.765995
0.816274, 0.760125
0.838846, 0.753789
0.861524, 0.746913
0.884283, 0.739409
0.907095, 0.731182
0.929927, 0.722128
0.952769, 0.712132
0.055942, 0.72981
0.078313, 0.740656
0.10068, 0.750484
0.123036, 0.759411
0.145358, 0.767545
0.167628, 0.774976
0.189829, 0.781786
0.211953, 0.788047
0.234005, 0.793815
0.256007, 0.799122
0.278, 0.803968
0.300023, 0.808335
0.322101, 0.812206
0.344237, 0.815575
0.366423, 0.818449
0.388648, 0.820843
0.410899, 0.822775
0.433165, 0.824258
0.455439, 0.825309
0.477719, 0.825935
0.5, 0.826143
0.522281, 0.825935
0.544561, 0.825309
0.566835, 0.824258
0.589101, 0.822775
0.611352, 0.820843
0.633577, 0.818449
0.655763, 0.815575
0.677899, 0.812206
0.699977, 0.808335
0.722, 0.803968
0.743993, 0.799122
0.765995, 0.793815
0.788047, 0.788047
0.810171, 0.781786
0.832372, 0.774976
0.854642, 0.767545
0.876964, 0.759411
0.89932, 0.750484
0.921687, 0.740656
0.944058, 0.72981
0.0655463, 0.747487
0.0874032, 0.759187
0.109259, 0.769791
0.131112, 0.779425
0.152945, 0.788195
0.174745, 0.796194
0.196504, 0.803496
0.218214, 0.810171
0.239875, 0.816274
0.261494, 0.821849
0.283085, 0.826926
0.304669, 0.831514
0.326266, 0.835614
0.34789, 0.83922
0.369548, 0.842329
0.391239, 0.844942
0.412959, 0.847066
0.434701, 0.848707
0.456459, 0.849873
0.478227, 0.850569
0.5, 0.850801
0.521773, 0.850569
0.543541, 0.849873
0.565299, 0.848707
0.587041, 0.847066
0.608761, 0.844942
0.630452, 0.842329
0.65211, 0.83922
0.673734, 0.835614
0.695331, 0.831514
0.716915, 0.826926
0.738506, 0.821849
0.760125, 0.816274
0.781786, 0.810171
0.803496, 0.803496
0.825255, 0.796194
0.847055, 0.788195
0.868888, 0.779425
0.890741, 0.769791
0.912597, 0.759187
0.934454, 0.747487
0.0761044, 0.765165
0.0974014, 0.77772
0.1187, 0.789104
0.14, 0.799448
0.161289, 0.808863
0.18256, 0.81744
0.203806, 0.825255
0.225024, 0.832372
0.246211, 0.838846
0.267369, 0.844722
0.288504, 0.850034
0.309623, 0.85481
0.330736, 0.859067
0.35185, 0.862814
0.372974, 0.866057
0.394112, 0.868796
0.415266, 0.871033
0.436434, 0.872771
0.457616, 0.87401
0.478806, 0.874753
0.5, 0.875001
0.521194, 0.874753
0.542384, 0.87401
0.563566, 0.872771
0.584734, 0.871033
0.605888, 0.868796
0.627026, 0.866057
0.64815, 0.862814
0.669264, 0.859067
0.690377, 0.85481
0.711496, 0.850034
0.732631, 0.844722
0.753789, 0.838846
0.774976, 0.832372
0.796194, 0.825255
0.81744, 0.81744
0.838711, 0.808863
0.86, 0.799448
0.8813, 0.789104
0.902599, 0.77772
0.923896, 0.765165
0.0876894, 0.782843
0.108378, 0.796255
0.12907, 0.80842
0.149765, 0.819478
0.170456, 0.829544
0.191137, 0.838711
0.211805, 0.847055
0.232455, 0.854642
0.253087, 0.861524
0.2737, 0.867746
0.294298, 0.873345
0.314881, 0.878352
0.335454, 0.88279
0.35602, 0.886677
0.376583, 0.890028
0.397146, 0.892852
0.417711, 0.895156
0.438279, 0.896944
0.45885, 0.89822
0.479424, 0.898984
0.5, 0.899239
0.520576, 0.898984
0.54115, 0.89822
0.561721, 0.896944
0.582289, 0.895156
0.602854, 0.892852
0.623417, 0.890028
0.64398, 0.886677
0.664546, 0.88279
0.685119, 0.878352
0.705702, 0.873345
0.7263, 0.867746
0.746913, 0.861524
0.767545, 0.854642
0.788195, 0.847055
0.808863, 0.838711
0.829544, 0.829544
0.850235, 0.819478
0.87093, 0.80842
0.891622, 0.796255
0.912311, 0.782843
0.100391, 0.80052
0.120419, 0.81479
0.140451, 0.827739
0.160487, 0.839513
0.180522, 0.850235
0.200552, 0.86
0.220575, 0.868888
0.240589, 0.876964
0.260591, 0.884283
0.280582, 0.89089
0.300562, 0.896824
0.320531, 0.902116
0.340492, 0.906793
0.360444, 0.910878
0.38039, 0.914387
0.400331, 0.917335
0.420268, 0.919734
0.440203, 0.921591
0.460136, 0.922914
0.480068, 0.923705
0.5, 0.923969
0.519932, 0.923705
0.539864, 0.922914
0.559797, 0.921591
0.579732, 0.919734
0.599669, 0.917335
0.61961, 0.914387
0.639556, 0.910878
0.659508, 0.906793
0.679469, 0.902116
0.699438, 0.896824
0.719418, 0.89089
0.739409, 0.884283
0.759411, 0.876964
0.779425, 0.868888
0.799448, 0.86
0.819478, 0.850235
0.839513, 0.839513
0.859549, 0.827739
0.879581, 0.81479
0.899609, 0.80052
0.114319, 0.818198
0.13363, 0.833324
0.152944, 0.847056
0.172261, 0.859549
0.19158, 0.87093
0.210896, 0.8813
0.230209, 0.890741
0.249516, 0.89932
0.268818, 0.907095
0.288113, 0.914112
0.307401, 0.920411
0.326683, 0.926026
0.345957, 0.930984
0.365226, 0.93531
0.38449, 0.939023
0.403749, 0.94214
0.423004, 0.944672
0.442256, 0.946632
0.461505, 0.948026
0.480753, 0.948861
0.5, 0.949139
0.519247, 0.948861
0.538495, 0.948026
0.557744, 0.946632
0.576996, 0.944672
0.596251, 0.94214
0.61551, 0.939023
0.634774, 0.93531
0.654043, 0.930984
0.673317, 0.926026
0.692599, 0.920411
0.711887, 0.914112
0.731182, 0.907095
0.750484, 0.89932
0.769791, 0.890741
0.789104, 0.8813
0.80842, 0.87093
0.827739, 0.859549
0.847056, 0.847056
0.86637, 0.833324
0.885681, 0.818198
0.129612, 0.835876
0.148143, 0.851857
0.166676, 0.86637
0.18521, 0.879581
0.203745, 0.891622
0.22228, 0.902599
0.240813, 0.912597
0.259344, 0.921687
0.277872, 0.929927
0.296397, 0.937367
0.31492, 0.944048
0.333439, 0.950004
0.351955, 0.955264
0.370468, 0.959853
0.388978, 0.963793
0.407485, 0.967099
0.425991, 0.969786
0.444495, 0.971865
0.462997, 0.973344
0.481499, 0.974229
0.5, 0.974523
0.518501, 0.974229
0.537003, 0.973344
0.555505, 0.971865
0.574009, 0.969786
0.592515, 0.967099
0.611022, 0.963793
0.629532, 0.959853
0.648045, 0.955264
0.666561, 0.950004
0.68508, 0.944048
0.703603, 0.937367
0.722128, 0.929927
0.740656, 0.921687
0.759187, 0.912597
0.77772, 0.902599
0.796255, 0.891622
0.81479, 0.879581
0.833324, 0.86637
0.851857, 0.851857
0.870388, 0.835876
0.146447, 0.853553
0.164124, 0.870388
0.181802, 0.885681
0.19948, 0.899609
0.217157, 0.912311
0.234835, 0.923896
0.252513, 0.934454
0.27019, 0.944058
0.287868, 0.952769
0.305546, 0.960638
0.323223, 0.967707
0.340901, 0.974012
0.358579, 0.979583
0.376256, 0.984446
0.393934, 0.988621
0.411612, 0.992125
0.429289, 0.994975
0.446967, 0.99718
0.464645, 0.998748
0.482322, 0.999687
0.5, 1
0.517678, 0.999687
0.535355, 0.998748
0.553033, 0.99718
0.570711, 0.994975
0.588388, 0.992125
0.606066, 0.988621
0.623744, 0.984446
0.641421, 0.979583
0.659099, 0.974012
0.676777, 0.967707
0.694454, 0.960638
0.712132, 0.952769
0.72981, 0.944058
0.747487, 0.934454
0.765165, 0.923896
0.782843, 0.912311
0.80052, 0.899609
0.818198, 0.885681
0.835876, 0.870388
0.853553, 0.853553
0.146882, 0.146882
0.164997, 0.131251
0.183113, 0.117034
0.201229, 0.104079
0.219344, 0.0922638
0.237459, 0.0814927
0.255573, 0.0716861
0.273685, 0.0627787
0.291797, 0.0547161
0.309907, 0.0474529
0.328015, 0.0409508
0.346123, 0.0351775
0.364229, 0.030106
0.382334, 0.0257133
0.400438, 0.0219807
0.418542, 0.0188926
0.436644, 0.0164365
0.454746, 0.0146027
0.472848, 0.013384
0.490949, 0.0127759
0.509051, 0.0127759
0.527152, 0.013384
0.545254, 0.0146027
0.563356, 0.0164365
0.581458, 0.0188926
0.599562, 0.0219807
0.617666, 0.0257133
0.635771, 0.030106
0.653877, 0.0351775
0.671985, 0.0409508
0.690093, 0.0474529
0.708203, 0.0547161
0.726315, 0.0627787
0.744427, 0.0716861
0.762541, 0.0814927
0.780656, 0.0922638
0.798771, 0.104079
0.816887, 0.117034
0.835003, 0.131251
0.853118, 0.146882
0.131251, 0.164997
0.150178, 0.150178
0.169108, 0.136705
0.18804, 0.124433
0.20697, 0.113245
0.225899, 0.10305
0.244825, 0.0937718
0.263748, 0.0853469
0.282666, 0.0777235
0.301581, 0.0708578
0.320492, 0.0647131
0.339398, 0.0592583
0.358302, 0.0544674
0.377202, 0.0503184
0.396099, 0.0467933
0.414993, 0.0438771
0.433886, 0.0415579
0.452777, 0.0398264
0.471667, 0.0386758
0.490556, 0.0381016
0.509444, 0.0381016
0.528333, 0.0386758
0.547223, 0.0398264
0.566114, 0.0415579
0.585007, 0.0438771
0.603901, 0.0467933
0.622798, 0.0503184
0.641698, 0.0544674
0.660602, 0.0592583
0.679508, 0.0647131
0.698419, 0.0708578
0.717334, 0.0777235
0.736252, 0.0853469
0.755175, 0.0937718
0.774101, 0.10305
0.79303, 0.113245
0.81196, 0.124433
0.830892, 0.136705
0.849822, 0.150178
0.868749, 0.164997
0.117034, 0.183113
0.136705, 0.169108
0.156382, 0.156382
0.176059, 0.144794
0.195734, 0.134234
0.215405, 0.124613
0.23507, 0.11586
0.254728, 0.107912
0.274379, 0.100721
0.294023, 0.0942448
0.31366, 0.0884477
0.33329, 0.0833003
0.352915, 0.0787782
0.372535, 0.0748608
0.392151, 0.0715313
0.411764, 0.068776
0.431374, 0.0665841
0.450983, 0.0649472
0.47059, 0.0638592
0.490197, 0.0633161
0.509803, 0.0633161
0.52941, 0.0638592
0.549017, 0.0649472
0.568626, 0.0665841
0.588236, 0.068776
0.607849, 0.0715313
0.627465, 0.0748608
0.647085, 0.0787782
0.66671, 0.0833003
0.68634, 0.0884477
0.705977, 0.0942448
0.725621, 0.100721
0.745272, 0.107912
0.76493, 0.11586
0.784595, 0.124613
0.804266, 0.134234
0.823941, 0.144794
0.843618, 0.156382
0.863295, 0.169108
0.882966, 0.183113
0.104079, 0.201229
0.124433, 0.18804
0.144794, 0.176059
0.165154, 0.165154
0.185508, 0.155218
0.205854, 0.146166
0.22619, 0.137929
0.246514, 0.130448
0.266825, 0.123675
0.287126, 0.117571
0.307417, 0.1121
0.3277, 0.107238
0.347976, 0.10296
0.368248, 0.0992483
0.388518, 0.0960897
0.408787, 0.0934723
0.429055, 0.0913877
0.449324, 0.0898294
0.469594, 0.0887929
0.489865, 0.0882754
0.510135, 0.0882754
0.530406, 0.0887929
0.550676, 0.0898294
0.570945, 0.0913877
0.591213, 0.0934723
0.611482, 0.0960897
0.631752, 0.0992483
0.652024, 0.10296
0.6723, 0.107238
0.692583, 0.1121
0.712874, 0.117571
0.733175, 0.123675
0.753486, 0.130448
0.77381, 0.137929
0.794146, 0.146166
0.814492, 0.155218
0.834846, 0.165154
0.855206, 0.176059
0.875567, 0.18804
0.895921, 0.201229
0.0922638, 0.219344
0.113245, 0.20697
0.134234, 0.195734
0.155218, 0.185508
0.176191, 0.176191
0.197149, 0.1677
0.218089, 0.159967
0.239009, 0.152936
0.259911, 0.146559
0.280797, 0.140799
0.30167, 0.135624
0.322535, 0.13101
0.343396, 0.126939
0.364259, 0.123398
0.385125, 0.120376
0.405998, 0.117867
0.426878, 0.115865
0.447765, 0.114367
0.468657, 0.11337
0.489552, 0.112872
0.510448, 0.112872
0.531343, 0.11337
0.552235, 0.114367
0.573122, 0.115865
0.594002, 0.117867
0.614875, 0.120376
0.635741, 0.123398
0.656604, 0.126939
0.677465, 0.13101
0.69833, 0.135624
0.719203, 0.140799
0.740089, 0.146559
0.760991, 0.152936
0.781911, 0.159967
0.802851, 0.1677
0.823809, 0.176191
0.844782, 0.185508
0.865766, 0.195734
0.886755, 0.20697
0.907736, 0.219344
0.0814927, 0.237459
0.10305, 0.225899
0.124613, 0.215405
0.146166, 0.205854
0.1677, 0.197149
0.189208, 0.189208
0.210686, 0.181964
0.232134, 0.175361
0.253553, 0.169352
0.27495, 0.163903
0.296335, 0.158987
0.317718, 0.154588
0.339109, 0.150696
0.360514, 0.147306
0.381936, 0.144412
0.403376, 0.14201
0.424832, 0.140097
0.446299, 0.138667
0.467776, 0.137717
0.489258, 0.137242
0.510742, 0.137242
0.532224, 0.137717
0.553701, 0.138667
0.575168, 0.140097
0.596624, 0.14201
0.618064, 0.144412
0.639486, 0.147306
0.660891, 0.150696
0.682282, 0.154588
0.703665, 0.158987
0.72505, 0.163903
0.746447, 0.169352
0.767866, 0.175361
0.789314, 0.181964
0.810792, 0.189208
0.8323, 0.197149
0.853834, 0.205854
0.875387, 0.215405
0.89695, 0.225899
0.918507, 0.237459
0.0716861, 0.255573
0.0937718, 0.244825
0.11586, 0.23507
0.137929, 0.22619
0.159967, 0.218089
0.181964, 0.210686
0.203914, 0.203914
0.225817, 0.197715
0.247681, 0.192048
0.269524, 0.186885
0.291366, 0.182216
0.313227, 0.178037
0.335117, 0.17435
0.357039, 0.171153
0.37899, 0.168439
0.400965, 0.166199
0.422957, 0.164422
0.444962, 0.1631
0.466974, 0.162223
0.488991, 0.161786
0.511009, 0.161786
0.533026, 0.162223
0.555038, 0.1631
0.577043, 0.164422
0.599035, 0.166199
0.62101, 0.168439
0.642961, 0.171153
0.664883, 0.17435
0.686773, 0.178037
0.708634, 0.182216
0.730476, 0.186885
0.752319, 0.192048
0.774183, 0.197715
0.796086, 0.203914
0.818036, 0.210686
0.840033, 0.218089
0.862071, 0.22619
0.88414, 0.23507
0.906228, 0.244825
0.928314, 0.255573
0.0627787, 0.273685
0.0853469, 0.263748
0.107912, 0.254728
0.130448, 0.246514
0.152936, 0.239009
0.175361, 0.232134
0.197715, 0.225817
0.220005, 0.220005
0.242255, 0.214669
0.264502, 0.209804
0.28678, 0.205418
0.309107, 0.20152
0.331484, 0.198109
0.353902, 0.195174
0.376351, 0.1927
0.398819, 0.190669
0.421299, 0.189065
0.443783, 0.187875
0.46627, 0.187087
0.488757, 0.186695
0.511243, 0.186695
0.53373, 0.187087
0.556217, 0.187875
0.578701, 0.189065
0.601181, 0.190669
0.623649, 0.1927
0.646098, 0.195174
0.668516, 0.198109
0.690893, 0.20152
0.71322, 0.205418
0.735498, 0.209804
0.757745, 0.214669
0.779995, 0.220005
0.802285, 0.225817
0.824639, 0.232134
0.847064, 0.239009
0.869552, 0.246514
0.892088, 0.254728
0.914653, 0.263748
0.937221, 0.273685
0.0547161, 0.291797
0.0777235, 0.282666
0.100721, 0.274379
0.123675, 0.266825
0.146559, 0.259911
0.169352, 0.253553
0.192048, 0.247681
0.214669, 0.242255
0.237271, 0.237271
0.259912, 0.23275
0.282625, 0.228712
0.305411, 0.225158
0.328256, 0.222074
0.351138, 0.219438
0.374042, 0.217227
0.396952, 0.215421
0.419862, 0.213999
0.442765, 0.212947
0.465663, 0.212252
0.488555, 0.211907
0.511445, 0.211907
0.534337, 0.212252
0.557235, 0.212947
0.580138, 0.213999
0.603048, 0.215421
0.625958, 0.217227
0.648862, 0.219438
0.671744, 0.222074
0.694589, 0.225158
0.717375, 0.228712
0.740088, 0.23275
0.762729, 0.237271
0.785331, 0.242255
0.807952, 0.247681
0.830648, 0.253553
0.853441, 0.259911
0.876325, 0.266825
0.899279, 0.274379
0.922277, 0.282666
0.945284, 0.291797
0.0474529, 0.309907
0.0708578, 0.301581
0.0942448, 0.294023
0.117571, 0.287126
0.140799, 0.280797
0.163903, 0.27495
0.186885, 0.269524
0.209804, 0.264502
0.23275, 0.259912
0.255789, 0.255789
0.278932, 0.252144
0.302157, 0.248963
0.325435, 0.24622
0.348738, 0.24389
0.372047, 0.241944
0.395347, 0.240361
0.418631, 0.23912
0.441896, 0.238203
0.465145, 0.2376
0.488383, 0.2373
0.511617, 0.2373
0.534855, 0.2376
0.558104, 0.238203
0.581369, 0.23912
0.604653, 0.240361
0.627953, 0.241944
0.651262, 0.24389
0.674565, 0.24622
0.697843, 0.248963
0.721068, 0.252144
0.744211, 0.255789
0.76725, 0.259912
0.790196, 0.264502
0.813115, 0.269524
0.836097, 0.27495
0.859201, 0.280797
0.882429, 0.287126
0.905755, 0.294023
0.929142, 0.301581
0.952547, 0.309907
0.0409508, 0.328015
0.0647131, 0.320492
0.0884477, 0.31366
0.1121, 0.307417
0.135624, 0.30167
0.158987, 0.296335
0.182216, 0.291366
0.205418, 0.28678
0.228712, 0.282625
0.252144, 0.278932
0.275695, 0.275695
0.299325, 0.27289
0.322995, 0.270485
0.346674, 0.268452
0.37034, 0.266764
0.393979, 0.265396
0.417586, 0.264326
0.44116, 0.263539
0.464707, 0.26302
0.488238, 0.262763
0.511762, 0.262763
0.535293, 0.26302
0.55884, 0.263539
0.582414, 0.264326
0.606021, 0.265396
0.62966, 0.266764
0.653326, 0.268452
0.677005, 0.270485
0.700675, 0.27289
0.724305, 0.275695
0.747856, 0.278932
0.771288, 0.282625
0.794582, 0.28678
0.817784, 0.291366
0.841013, 0.296335
0.864376, 0.30167
0.8879, 0.307417
0.911552, 0.31366
0.935287, 0.320492
0.959049, 0.328015
0.0351775, 0.346123
0.0592583, 0.339398
0.0833003, 0.33329
0.107238, 0.3277
0.13101, 0.322535
0.154588, 0.317718
0.178037, 0.313227
0.20152, 0.309107
0.225158, 0.305411
0.248963, 0.302157
0.27289, 0.299325
0.296885, 0.296885
0.320905, 0.294806
0.344916, 0.293058
0.368893, 0.291612
0.392823, 0.290443
0.416703, 0.289528
0.440538, 0.288852
0.464337, 0.288406
0.488115, 0.288183
0.511885, 0.288183
0.535663, 0.288406
0.559462, 0.288852
0.583297, 0.289528
0.607177, 0.290443
0.631107, 0.291612
0.655084, 0.293058
0.679095, 0.294806
0.703115, 0.296885
0.72711, 0.299325
0.751037, 0.302157
0.774842, 0.305411
0.79848, 0.309107
0.821963, 0.313227
0.845412, 0.317718
0.86899, 0.322535
0.892762, 0.3277
0.9167, 0.33329
0.940742, 0.339398
0.964822, 0.346123
0.030106, 0.364229
0.0544674, 0.358302
0.0787782, 0.352915
0.10296, 0.347976
0.126939, 0.343396
0.150696, 0.339109
0.17435, 0.335117
0.198109, 0.331484
0.222074, 0.328256
0.24622, 0.325435
0.270485, 0.322995
0.294806, 0.320905
0.319134, 0.319134
0.343432, 0.317651
0.367673, 0.316425
0.391845, 0.315428
0.41595, 0.314638
0.44, 0.314043
0.464013, 0.313641
0.488006, 0.313437
0.511994, 0.313437
0.535987, 0.313641
0.56, 0.314043
0.58405, 0.314638
0.608155, 0.315428
0.632327, 0.316425
0.656568, 0.317651
0.680866, 0.319134
0.705194, 0.320905
0.729515, 0.322995
0.75378, 0.325435
0.777926, 0.328256
0.801891, 0.331484
0.82565, 0.335117
0.849304, 0.339109
0.873061, 0.343396
0.89704, 0.347976
0.921222, 0.352915
0.945533, 0.358302
0.969894, 0.364229
0.0257133, 0.382334
0.0503184, 0.377202
0.0748608, 0.372535
0.0992483, 0.368248
0.123398, 0.364259
0.147306, 0.360514
0.171153, 0.357039
0.195174, 0.353902
0.219438, 0.351138
0.24389, 0.348738
0.268452, 0.346674
0.293058, 0.344916
0.317651, 0.343432
0.342189, 0.342189
0.366642, 0.341151
0.391002, 0.340287
0.415277, 0.339572
0.439497, 0.339002
0.463697, 0.338596
0.487898, 0.338381
0.512102, 0.338381
0.536303, 0.338596
0.560503, 0.339002
0.584723, 0.339572
0.608998, 0.340287
0.633358, 0.341151
0.657811, 0.342189
0.682349, 0.343432
0.706942, 0.344916
0.731548, 0.346674
0.75611, 0.348738
0.780562, 0.351138
0.804826, 0.353902
0.828847, 0.357039
0.852694, 0.360514
0.876602, 0.364259
0.900752, 0.368248
0.925139, 0.372535
0.949682, 0.377202
0.974287, 0.382334
0.0219807, 0.400438
0.0467933, 0.396099
0.0715313, 0.392151
0.0960897, 0.388518
0.120376, 0.385125
0.144412, 0.381936
0.168439, 0.37899
0.1927, 0.376351
0.217227, 0.374042
0.241944, 0.372047
0.266764, 0.37034
0.291612, 0.368893
0.316425, 0.367673
0.341151, 0.366642
0.365757, 0.365757
0.390234, 0.364974
0.414612, 0.364265
0.438958, 0.363646
0.463337, 0.363173
0.487771, 0.362913
0.512229, 0.362913
0.536663, 0.363173
0.561042, 0.363646
0.585388, 0.364265
0.609766, 0.364974
0.634243, 0.365757
0.658849, 0.366642
0.683575, 0.367673
0.708388, 0.368893
0.733236, 0.37034
0.758056, 0.372047
0.782773, 0.374042
0.8073, 0.376351
0.831561, 0.37899
0.855588, 0.381936
0.879624, 0.385125
0.90391, 0.388518
0.928469, 0.392151
0.953207, 0.396099
0.978019, 0.400438
0.0188926, 0.418542
0.0438771, 0.414993
0.068776, 0.411764
0.0934723, 0.408787
0.117867, 0.405998
0.14201, 0.403376
0.166199, 0.400965
0.190669, 0.398819
0.215421, 0.396952
0.240361, 0.395347
0.265396, 0.393979
0.290443, 0.392823
0.315428, 0.391845
0.340287, 0.391002
0.364974, 0.390234
0.389484, 0.389484
0.413894, 0.388732
0.438341, 0.388033
0.462921, 0.387492
0.487624, 0.387199
0.512376, 0.387199
0.537079, 0.387492
0.561659, 0.388033
0.586106, 0.388732
0.610516, 0.389484
0.635026, 0.390234
0.659713, 0.391002
0.684572, 0.391845
0.709557, 0.392823
0.734604, 0.393979
0.759639, 0.395347
0.784579, 0.396952
0.809331, 0.398819
0.833801, 0.400965
0.85799, 0.403376
0.882133, 0.405998
0.906528, 0.408787
0.931224, 0.411764
0.956123, 0.414993
0.981107, 0.418542
0.0164365, 0.436644
0.0415579, 0.433886
0.0665841, 0.431374
0.0913877, 0.429055
0.115865, 0.426878
0.140097, 0.424832
0.164422, 0.422957
0.189065, 0.421299
0.213999, 0.419862
0.23912, 0.418631
0.264326, 0.417586
0.289528, 0.416703
0.314638, 0.41595
0.339572, 0.415277
0.364265, 0.414612
0.388732, 0.413894
0.413138, 0.413138
0.437703, 0.412451
0.462503, 0.411948
0.48748, 0.411689
0.51252, 0.411689
0.537497, 0.411948
0.562297, 0.412451
0.586862, 0.413138
0.611268, 0.413894
0.635735, 0.414612
0.660428, 0.415277
0.685362, 0.41595
0.710472, 0.416703
0.735674, 0.417586
0.76088, 0.418631
0.786001, 0.419862
0.810935, 0.421299
0.835578, 0.422957
0.859903, 0.424832
0.884135, 0.426878
0.908612, 0.429055
0.933416, 0.431374
0.958442, 0.433886
0.983563, 0.436644
0.0146027, 0.454746
0.0398264, 0.452777
0.0649472, 0.450983
0.0898294, 0.449324
0.114367, 0.447765
0.138667, 0.446299
0.1631, 0.444962
0.187875, 0.443783
0.212947, 0.442765
0.238203, 0.441896
0.263539, 0.44116
0.288852, 0.440538
0.314043, 0.44
0.339002, 0.439497
0.363646, 0.438958
0.388033, 0.438341
0.412451, 0.437703
0.437156, 0.437156
0.462165, 0.436781
0.487367, 0.436595
0.512633, 0.436595
0.537835, 0.436781
0.562844, 0.437156
0.587549, 0.437703
0.611967, 0.438341
0.636354, 0.438958
0.660998, 0.439497
0.685957, 0.44
0.711148, 0.440538
0.736461, 0.44116
0.761797, 0.441896
0.787053, 0.442765
0.812125, 0.443783
0.8369, 0.444962
0.861333, 0.446299
0.885633, 0.447765
0.910171, 0.449324
0.935053, 0.450983
0.960174, 0.452777
0.985397, 0.454746
0.013384, 0.472848
0.0386758, 0.471667
0.0638592, 0.47059
0.0887929, 0.469594
0.11337, 0.468657
0.137717, 0.467776
0.162223, 0.466974
0.187087, 0.46627
0.212252, 0.465663
0.2376, 0.465145
0.26302, 0.464707
0.288406, 0.464337
0.313641, 0.464013
0.338596, 0.463697
0.363173, 0.463337
0.387492, 0.462921
0.411948, 0.462503
0.436781, 0.462165
0.461941, 0.461941
0.487293, 0.461831
0.512707, 0.461831
0.538059, 0.461941
0.563219, 0.462165
0.588052, 0.462503
0.612508, 0.462921
0.636827, 0.463337
0.661404, 0.463697
0.686359, 0.464013
0.711594, 0.464337
0.73698, 0.464707
0.7624, 0.465145
0.787748, 0.465663
0.812913, 0.46627
0.837777, 0.466974
0.862283, 0.467776
0.88663, 0.468657
0.911207, 0.469594
0.936141, 0.47059
0.961324, 0.471667
0.986616, 0.472848
0.0127759, 0.490949
0.0381016, 0.490556
0.0633161, 0.490197
0.0882754, 0.489865
0.112872, 0.489552
0.137242, 0.489258
0.161786, 0.488991
0.186695, 0.488757
0.211907, 0.488555
0.2373, 0.488383
0.262763, 0.488238
0.288183, 0.488115
0.313437, 0.488006
0.338381, 0.487898
0.362913, 0.487771
0.387199, 0.487624
0.411689, 0.48748
0.436595, 0.487367
0.461831, 0.487293
0.487257, 0.487257
0.512743, 0.487257
0.538169, 0.487293
0.563405, 0.487367
0.588311, 0.48748
0.612801, 0.487624
0.637087, 0.487771
0.661619, 0.487898
0.686563, 0.488006
0.711817, 0.488115
0.737237, 0.488238
0.7627, 0.488383
0.788093, 0.488555
0.813305, 0.488757
0.838214, 0.488991
0.862758, 0.489258
0.887128, 0.489552
0.911725, 0.489865
0.936684, 0.490197
0.961898, 0.490556
0.987224, 0.490949
0.0127759, 0.509051
0.0381016, 0.509444
0.0633161, 0.509803
0.0882754, 0.510135
0.112872, 0.510448
0.137242, 0.510742
0.161786, 0.511009
0.186695, 0.511243
0.211907, 0.511445
0.2373, 0.511617
0.262763, 0.511762
0.288183, 0.511885
0.313437, 0.511994
0.338381, 0.512102
0.362913, 0.512229
0.387199, 0.512376
0.411689, 0.51252
0.436595, 0.512633
0.461831, 0.512707
0.487257, 0.512743
0.512743, 0.512743
0.538169, 0.512707
0.563405, 0.512633
0.588311, 0.51252
0.612801, 0.512376
0.637087, 0.512229
0.661619, 0.512102
0.686563, 0.511994
0.711817, 0.511885
0.737237, 0.511762
0.7627, 0.511617
0.788093, 0.511445
0.813305, 0.511243
0.838214, 0.511009
0.862758, 0.510742
0.887128, 0.510448
0.911725, 0.510135
0.936684, 0.509803
0.961898, 0.509444
0.987224, 0.509051
0.013384, 0.527152
0.0386758, 0.528333
0.0638592, 0.52941
0.0887929, 0.530406
0.11337, 0.531343
0.137717, 0.532224
0.162223, 0.533026
0.187087, 0.53373
0.212252, 0.534337
0.2376, 0.534855
0.26302, 0.535293
0.288406, 0.535663
0.313641, 0.535987
0.338596, 0.536303
0.363173, 0.536663
0.387492, 0.537079
0.411948, 0.537497
0.436781, 0.537835
0.461941, 0.538059
0.487293, 0.538169
0.512707, 0.538169
0.538059, 0.538059
0.563219, 0.537835
0.588052, 0.537497
0.612508, 0.537079
0.636827, 0.536663
0.661404, 0.536303
0.686359, 0.535987
0.711594, 0.535663
0.73698, 0.535293
0.7624, 0.534855
0.787748, 0.534337
0.812913, 0.53373
0.837777, 0.533026
0.862283, 0.532224
0.88663, 0.531343
0.911207, 0.530406
0.936141, 0.52941
0.961324, 0.528333
0.986616, 0.527152
0.0146027, 0.545254
0.0398264, 0.547223
0.0649472, 0.549017
0.0898294, 0.550676
0.114367, 0.552235
0.138667, 0.553701
0.1631, 0.555038
0.187875, 0.556217
0.212947, 0.557235
0.238203, 0.558104
0.263539, 0.55884
0.288852, 0.559462
0.314043, 0.56
0.339002, 0.560503
0.363646, 0.561042
0.388033, 0.561659
0.412451, 0.562297
0.437156, 0.562844
0.462165, 0.563219
0.487367, 0.563405
0.512633, 0.563405
0.537835, 0.563219
0.562844, 0.562844
0.587549, 0.562297
0.611967, 0.561659
0.636354, 0.561042
0.660998, 0.560503
0.685957, 0.56
0.711148, 0.559462
0.736461, 0.55884
0.761797, 0.558104
0.787053, 0.557235
0.812125, 0.556217
0.8369, 0.555038
0.861333, 0.553701
0.885633, 0.552235
0.910171, 0.550676
0.935053, 0.549017
0.960174, 0.547223
0.985397, 0.545254
0.0164365, 0.563356
0.0415579, 0.566114
0.0665841, 0.568626
0.0913877, 0.570945
0.115865, 0.573122
0.140097, 0.575168
0.164422, 0.577043
0.189065, 0.578701
0.213999, 0.580138
0.23912, 0.581369
0.264326, 0.582414
0.289528, 0.583297
0.314638, 0.58405
0.339572, 0.584723
0.364265, 0.585388
0.388732, 0.586106
0.413138, 0.586862
0.437703, 0.587549
0.462503, 0.588052
0.48748, 0.588311
0.51252, 0.588311
0.537497, 0.588052
0.562297, 0.587549
0.586862, 0.586862
0.611268, 0.586106
0.635735, 0.585388
0.660428, 0.584723
0.685362, 0.58405
0.710472, 0.583297
0.735674, 0.582414
0.76088, 0.581369
0.786001, 0.580138
0.810935, 0.578701
0.835578, 0.577043
0.859903, 0.575168
0.884135, 0.573122
0.908612, 0.570945
0.933416, 0.568626
0.958442, 0.566114
0.983563, 0.563356
0.0188926, 0.581458
0.0438771, 0.585007
0.068776, 0.588236
0.0934723, 0.591213
0.117867, 0.594002
0.14201, 0.596624
0.166199, 0.599035
0.190669, 0.601181
0.215421, 0.603048
0.240361, 0.604653
0.265396, 0.606021
0.290443, 0.607177
0.315428, 0.608155
0.340287, 0.608998
0.364974, 0.609766
0.389484, 0.610516
0.413894, 0.611268
0.438341, 0.611967
0.462921, 0.612508
0.487624, 0.612801
0.512376, 0.612801
0.537079, 0.612508
0.561659, 0.611967
0.586106, 0.611268
0.610516, 0.610516
0.635026, 0.609766
0.659713, 0.608998
0.684572, 0.608155
0.709557, 0.607177
0.734604, 0.606021
0.759639, 0.604653
0.784579, 0.603048
0.809331, 0.601181
0.833801, 0.599035
0.85799, 0.596624
0.882133, 0.594002
0.906528, 0.591213
0.931224, 0.588236
0.956123, 0.585007
0.981107, 0.581458
0.0219807, 0.599562
0.0467933, 0.603901
0.0715313, 0.607849
0.0960897, 0.611482
0.120376, 0.614875
0.144412, 0.618064
0.168439, 0.62101
0.1927, 0.623649
0.217227, 0.625958
0.241944, 0.627953
0.266764, 0.62966
0.291612, 0.631107
0.316425, 0.632327
0.341151, 0.633358
0.365757, 0.634243
0.390234, 0.635026
0.414612, 0.635735
0.438958, 0.636354
0.463337, 0.636827
0.487771, 0.637087
0.512229, 0.637087
0.536663, 0.636827
0.561042, 0.636354
0.585388, 0.635735
0.609766, 0.635026
0.634243, 0.634243
0.658849, 0.633358
0.683575, 0.632327
0.708388, 0.631107
0.733236, 0.62966
0.758056, 0.627953
0.782773, 0.625958
0.8073, 0.623649
0.831561, 0.62101
0.855588, 0.618064
0.879624, 0.614875
0.90391, 0.611482
0.928469, 0.607849
0.953207, 0.603901
0.978019, 0.599562
0.0257133, 0.617666
0.0503184, 0.622798
0.0748608, 0.627465
0.0992483, 0.631752
0.123398, 0.635741
0.147306, 0.639486
0.171153, 0.642961
0.195174, 0.646098
0.219438, 0.648862
0.24389, 0.651262
0.268452, 0.653326
0.293058, 0.655084
0.317651, 0.656568
0.342189, 0.657811
0.366642, 0.658849
0.391002, 0.659713
0.415277, 0.660428
0.439497, 0.660998
0.463697, 0.661404
0.487898, 0.661619
0.512102, 0.661619
0.536303, 0.661404
0.560503, 0.660998
0.584723, 0.660428
0.608998, 0.659713
0.633358, 0.658849
0.657811, 0.657811
0.682349, 0.656568
0.706942, 0.655084
0.731548, 0.653326
0.75611, 0.651262
0.780562, 0.648862
0.804826, 0.646098
0.828847, 0.642961
0.852694, 0.639486
0.876602, 0.635741
0.900752, 0.631752
0.925139, 0.627465
0.949682, 0.622798
0.974287, 0.617666
0.030106, 0.635771
0.0544674, 0.641698
0.0787782, 0.647085
0.10296, 0.652024
0.126939, 0.656604
0.150696, 0.660891
0.17435, 0.664883
0.198109, 0.668516
0.222074, 0.671744
0.24622, 0.674565
0.270485, 0.677005
0.294806, 0.679095
0.319134, 0.680866
0.343432, 0.682349
0.367673, 0.683575
0.391845, 0.684572
0.41595, 0.685362
0.44, 0.685957
0.464013, 0.686359
0.488006, 0.686563
0.511994, 0.686563
0.535987, 0.686359
0.56, 0.685957
0.58405, 0.685362
0.608155, 0.684572
0.632327, 0.683575
0.656568, 0.682349
0.680866, 0.680866
0.705194, 0.679095
0.729515, 0.677005
0.75378, 0.674565
0.777926, 0.671744
0.801891, 0.668516
0.82565, 0.664883
0.849304, 0.660891
0.873061, 0.656604
0.89704, 0.652024
0.921222, 0.647085
0.945533, 0.641698
0.969894, 0.635771
0.0351775, 0.653877
0.0592583, 0.660602
0.0833003, 0.66671
0.107238, 0.6723
0.13101, 0.677465
0.154588, 0.682282
0.178037, 0.686773
0.20152, 0.690893
0.225158, 0.694589
0.248963, 0.697843
0.27289, 0.700675
0.296885, 0.703115
0.320905, 0.705194
0.344916, 0.706942
0.368893, 0.708388
0.392823, 0.709557
0.416703, 0.710472
0.440538, 0.711148
0.464337, 0.711594
0.488115, 0.711817
0.511885, 0.711817
0.535663, 0.711594
0.559462, 0.711148
0.583297, 0.710472
0.607177, 0.709557
0.631107, 0.708388
0.655084, 0.706942
0.679095, 0.705194
0.703115, 0.703115
0.72711, 0.700675
0.751037, 0.697843
0.774842, 0.694589
0.79848, 0.690893
0.821963, 0.686773
0.845412, 0.682282
0.86899, 0.677465
0.892762, 0.6723
0.9167, 0.66671
0.940742, 0.660602
0.964822, 0.653877
0.0409508, 0.671985
0.0647131, 0.679508
0.0884477, 0.68634
0.1121, 0.692583
0.135624, 0.69833
0.158987, 0.703665
0.182216, 0.708634
0.205418, 0.71322
0.228712, 0.717375
0.252144, 0.721068
0.275695, 0.724305
0.299325, 0.72711
0.322995, 0.729515
0.346674, 0.731548
0.37034, 0.733236
0.393979, 0.734604
0.417586, 0.735674
0.44116, 0.736461
0.464707, 0.73698
0.488238, 0.737237
0.511762, 0.737237
0.535293, 0.73698
0.55884, 0.736461
0.582414, 0.735674
0.606021, 0.734604
0.62966, 0.733236
0.653326, 0.731548
0.677005, 0.729515
0.700675, 0.72711
0.724305, 0.724305
0.747856, 0.721068
0.771288, 0.717375
0.794582, 0.71322
0.817784, 0.708634
0.841013, 0.703665
0.864376, 0.69833
0.8879, 0.692583
0.911552, 0.68634
0.935287, 0.679508
0.959049, 0.671985
0.0474529, 0.690093
0.0708578, 0.698419
0.0942448, 0.705977
0.117571, 0.712874
0.140799, 0.719203
0.163903, 0.72505
0.186885, 0.730476
0.209804, 0.735498
0.23275, 0.740088
0.255789, 0.744211
0.278932, 0.747856
0.302157, 0.751037
0.325435, 0.75378
0.348738, 0.75611
0.372047, 0.758056
0.395347, 0.759639
0.418631, 0.76088
0.441896, 0.761797
0.465145, 0.7624
0.488383, 0.7627
0.511617, 0.7627
0.534855, 0.7624
0.558104, 0.761797
0.581369, 0.76088
0.604653, 0.759639
0.627953, 0.758056
0.651262, 0.75611
0.674565, 0.75378
0.697843, 0.751037
0.721068, 0.747856
0.744211, 0.744211
0.76725, 0.740088
0.790196, 0.735498
0.813115, 0.730476
0.836097, 0.72505
0.859201, 0.719203
0.882429, 0.712874
0.905755, 0.705977
0.929142, 0.698419
0.952547, 0.690093
0.0547161, 0.708203
0.0777235, 0.717334
0.100721, 0.725621
0.123675, 0.733175
0.146559, 0.740089
0.169352, 0.746447
0.192048, 0.752319
0.214669, 0.757745
0.237271, 0.762729
0.259912, 0.76725
0.282625, 0.771288
0.305411, 0.774842
0.328256, 0.777926
0.351138, 0.780562
0.374042, 0.782773
0.396952, 0.784579
0.419862, 0.786001
0.442765, 0.787053
0.465663, 0.787748
0.488555, 0.788093
0.511445, 0.788093
0.534337, 0.787748
0.557235, 0.787053
0.580138, 0.786001
0.603048, 0.784579
0.625958, 0.782773
0.648862, 0.780562
0.671744, 0.777926
0.694589, 0.774842
0.717375, 0.771288
0.740088, 0.76725
0.762729, 0.762729
0.785331, 0.757745
0.807952, 0.752319
0.830648, 0.746447
0.853441, 0.740089
0.876325, 0.733175
0.899279, 0.725621
0.922277, 0.717334
0.945284, 0.708203
0.0627787, 0.726315
0.0853469, 0.736252
0.107912, 0.745272
0.130448, 0.753486
0.152936, 0.760991
0.175361, 0.767866
0.197715, 0.774183
0.220005, 0.779995
0.242255, 0.785331
0.264502, 0.790196
0.28678, 0.794582
0.309107, 0.79848
0.331484, 0.801891
0.353902, 0.804826
0.376351, 0.8073
0.398819, 0.809331
0.421299, 0.810935
0.443783, 0.812125
0.46627, 0.812913
0.488757, 0.813305
0.511243, 0.813305
0.53373, 0.812913
0.556217, 0.812125
0.578701, 0.810935
0.601181, 0.809331
0.623649, 0.8073
0.646098, 0.804826
0.668516, 0.801891
0.690893, 0.79848
0.71322, 0.794582
0.735498, 0.790196
0.757745, 0.785331
0.779995, 0.779995
0.802285, 0.774183
0.824639, 0.767866
0.847064, 0.760991
0.869552, 0.753486
0.892088, 0.745272
0.914653, 0.736252
0.937221, 0.726315
0.0716861, 0.744427
0.0937718, 0.755175
0.11586, 0.76493
0.137929, 0.77381
0.159967, 0.781911
0.181964, 0.789314
0.203914, 0.796086
0.225817, 0.802285
0.247681, 0.807952
0.269524, 0.813115
0.291366, 0.817784
0.313227, 0.821963
0.335117, 0.82565
0.357039, 0.828847
0.37899, 0.831561
0.400965, 0.833801
0.422957, 0.835578
0.444962, 0.8369
0.466974, 0.837777
0.488991, 0.838214
0.511009, 0.838214
0.533026, 0.837777
0.555038, 0.8369
0.577043, 0.835578
0.599035, 0.833801
0.62101, 0.831561
0.642961, 0.828847
0.664883, 0.82565
0.686773, 0.821963
0.708634, 0.817784
0.730476, 0.813115
0.752319, 0.807952
0.774183, 0.802285
0.796086, 0.796086
0.818036, 0.789314
0.840033, 0.781911
0.862071, 0.77381
0.88414, 0.76493
0.906228, 0.755175
0.928314, 0.744427
0.0814927, 0.762541
0.10305, 0.774101
0.124613, 0.784595
0.146166, 0.794146
0.1677, 0.802851
0.189208, 0.810792
0.210686, 0.818036
0.232134, 0.824639
0.253553, 0.830648
0.27495, 0.836097
0.296335, 0.841013
0.317718, 0.845412
0.339109, 0.849304
0.360514, 0.852694
0.381936, 0.855588
0.403376, 0.85799
0.424832, 0.859903
0.446299, 0.861333
0.467776, 0.862283
0.489258, 0.862758
0.510742, 0.862758
0.532224, 0.862283
0.553701, 0.861333
0.575168, 0.859903
0.596624, 0.85799
0.618064, 0.855588
0.639486, 0.852694
0.660891, 0.849304
0.682282, 0.845412
0.703665, 0.841013
0.72505, 0.836097
0.746447, 0.830648
0.767866, 0.824639
0.789314, 0.818036
0.810792, 0.810792
0.8323, 0.802851
0.853834, 0.794146
0.875387, 0.784595
0.89695, 0.774101
0.918507, 0.762541
0.0922638, 0.780656
0.113245, 0.79303
0.134234, 0.804266
0.155218, 0.814492
0.176191, 0.823809
0.197149, 0.8323
0.218089, 0.840033
0.239009, 0.847064
0.259911, 0.853441
0.280797, 0.859201
0.30167, 0.864376
0.322535, 0.86899
0.343396, 0.873061
0.364259, 0.876602
0.385125, 0.879624
0.405998, 0.882133
0.426878, 0.884135
0.447765, 0.885633
0.468657, 0.88663
0.489552, 0.887128
0.510448, 0.887128
0.531343, 0.88663
0.552235, 0.885633
0.573122, 0.884135
0.594002, 0.882133
0.614875, 0.879624
0.635741, 0.876602
0.656604, 0.873061
0.677465, 0.86899
0.69833, 0.864376
0.719203, 0.859201
0.740089, 0.853441
0.760991, 0.847064
0.781911, 0.840033
0.802851, 0.8323
0.823809, 0.823809
0.844782, 0.814492
0.865766, 0.804266
0.886755, 0.79303
0.907736, 0.780656
0.104079, 0.798771
0.124433, 0.81196
0.144794, 0.823941
0.165154, 0.834846
0.185508, 0.844782
0.205854, 0.853834
0.22619, 0.862071
0.246514, 0.869552
0.266825, 0.876325
0.287126, 0.882429
0.307417, 0.8879
0.3277, 0.892762
0.347976, 0.89704
0.368248, 0.900752
0.388518, 0.90391
0.408787, 0.906528
0.429055, 0.908612
0.449324, 0.910171
0.469594, 0.911207
0.489865, 0.911725
0.510135, 0.911725
0.530406, 0.911207
0.550676, 0.910171
0.570945, 0.908612
0.591213, 0.906528
0.611482, 0.90391
0.631752, 0.900752
0.652024, 0.89704
0.6723, 0.892762
0.692583, 0.8879
0.712874, 0.882429
0.733175, 0.876325
0.753486, 0.869552
0.77381, 0.862071
0.794146, 0.853834
0.814492, 0.844782
0.834846, 0.834846
0.855206, 0.823941
0.875567, 0.81196
0.895921, 0.798771
0.117034, 0.816887
0.136705, 0.830892
0.156382, 0.843618
0.176059, 0.855206
0.195734, 0.865766
0.215405, 0.875387
0.23507, 0.88414
0.254728, 0.892088
0.274379, 0.899279
0.294023, 0.905755
0.31366, 0.911552
0.33329, 0.9167
0.352915, 0.921222
0.372535, 0.925139
0.392151, 0.928469
0.411764, 0.931224
0.431374, 0.933416
0.450983, 0.935053
0.47059, 0.936141
0.490197, 0.936684
0.509803, 0.936684
0.52941, 0.936141
0.549017, 0.935053
0.568626, 0.933416
0.588236, 0.931224
0.607849, 0.928469
0.627465, 0.925139
0.647085, 0.921222
0.66671, 0.9167
0.68634, 0.911552
0.705977, 0.905755
0.725621, 0.899279
0.745272, 0.892088
0.76493, 0.88414
0.784595, 0.875387
0.804266, 0.865766
0.823941, 0.855206
0.843618, 0.843618
0.863295, 0.830892
0.882966, 0.816887
0.131251, 0.835003
0.150178, 0.849822
0.169108, 0.863295
0.18804, 0.875567
0.20697, 0.886755
0.225899, 0.89695
0.244825, 0.906228
0.263748, 0.914653
0.282666, 0.922277
0.301581, 0.929142
0.320492, 0.935287
0.339398, 0.940742
0.358302, 0.945533
0.377202, 0.949682
0.396099, 0.953207
0.414993, 0.956123
0.433886, 0.958442
0.452777, 0.960174
0.471667, 0.961324
0.490556, 0.961898
0.509444, 0.961898
0.528333, 0.961324
0.547223, 0.960174
0.566114, 0.958442
0.585007, 0.956123
0.603901, 0.953207
0.622798, 0.949682
0.641698, 0.945533
0.660602, 0.940742
0.679508, 0.935287
0.698419, 0.929142
0.717334, 0.922277
0.736252, 0.914653
0.755175, 0.906228
0.774101, 0.89695
0.79303, 0.886755
0.81196, 0.875567
0.830892, 0.863295
0.849822, 0.849822
0.868749, 0.835003
0.146882, 0.853118
0.164997, 0.868749
0.183113, 0.882966
0.201229, 0.895921
0.219344, 0.907736
0.237459, 0.918507
0.255573, 0.928314
0.273685, 0.937221
0.291797, 0.945284
0.309907, 0.952547
0.328015, 0.959049
0.346123, 0.964822
0.364229, 0.969894
0.382334, 0.974287
0.400438, 0.978019
0.418542, 0.981107
0.436644, 0.983563
0.454746, 0.985397
0.472848, 0.986616
0.490949, 0.987224
0.509051, 0.987224
0.527152, 0.986616
0.545254, 0.985397
0.563356, 0.983563
0.581458, 0.981107
0.599562, 0.978019
0.617666, 0.974287
0.635771, 0.969894
0.653877, 0.964822
0.671985, 0.959049
0.690093, 0.952547
0.708203, 0.945284
0.726315, 0.937221
0.744427, 0.928314
0.762541, 0.918507
0.780656, 0.907736
0.798771, 0.895921
0.816887, 0.882966
0.835003, 0.868749
0.853118, 0.853118
