0.146447, 0.146447
0.164124, 0.129612
0.181802, 0.114319
0.19948, 0.100391
0.217157, 0.0876894
0.234835, 0.0761044
0.252513, 0.0655463
0.27019, 0.055942
0.287868, 0.0472307
0.305546, 0.0393619
0.323223, 0.0322928
0.340901, 0.0259879
0.358579, 0.0204168
0.376256, 0.0155544
0.393934, 0.0113795
0.411612, 0.00787451
0.429289, 0.00502525
0.446967, 0.00282045
0.464645, 0.00125157
0.482322, 0.000312598
0.5, 0
0.517678, 0.000312598
0.535355, 0.00125157
0.553033, 0.00282045
0.570711, 0.00502525
0.588388, 0.00787451
0.606066, 0.0113795
0.623744, 0.0155544
0.641421, 0.0204168
0.659099, 0.0259879
0.676777, 0.0322928
0.694454, 0.0393619
0.712132, 0.0472307
0.72981, 0.055942
0.747487, 0.0655463
0.765165, 0.0761044
0.782843, 0.0876894
0.80052, 0.100391
0.818198, 0.114319
0.835876, 0.129612
0.853553, 0.146447
0.129612, 0.164124
0.148146, 0.148146
0.16668, 0.133635
0.185217, 0.120428
0.203754, 0.10839
0.222291, 0.0974178
0.240826, 0.0874243
0.259359, 0.0783391
0.277888, 0.0701037
0.296415, 0.062669
0.314937, 0.0559937
0.333456, 0.050043
0.351971, 0.0447874
0.370483, 0.0402023
0.388992, 0.036267
0.407498, 0.0329642
0.426001, 0.0302801
0.444503, 0.0282035
0.463003, 0.0267262
0.481502, 0.025842
0.5, 0.0255477
0.518498, 0.025842
0.536997, 0.0267262
0.555497, 0.0282035
0.573999, 0.0302801
0.592502, 0.0329642
0.611008, 0.036267
0.629517, 0.0402023
0.648029, 0.0447874
0.666544, 0.050043
0.685063, 0.0559937
0.703585, 0.062669
0.722112, 0.0701037
0.740641, 0.0783391
0.759174, 0.0874243
0.777709, 0.0974178
0.796246, 0.10839
0.814783, 0.120428
0.83332, 0.133635
0.851854, 0.148146
0.870388, 0.164124
0.114319, 0.181802
0.133635, 0.16668
0.152953, 0.152953
0.172276, 0.140466
0.191599, 0.129093
0.21092, 0.118732
0.230237, 0.1093
0.249548, 0.10073
0.268852, 0.0929647
0.288148, 0.085957
0.307437, 0.0796669
0.326718, 0.0740608
0.345991, 0.0691103
0.365258, 0.0647917
0.384519, 0.0610852
0.403774, 0.0579744
0.423024, 0.0554463
0.442271, 0.0534902
0.461516, 0.0520985
0.480758, 0.0512657
0.5, 0.0509884
0.519242, 0.0512657
0.538484, 0.0520985
0.557729, 0.0534902
0.576976, 0.0554463
0.596226, 0.0579744
0.615481, 0.0610852
0.634742, 0.0647917
0.654009, 0.0691103
0.673282, 0.0740608
0.692563, 0.0796669
0.711852, 0.085957
0.731148, 0.0929647
0.750452, 0.10073
0.769763, 0.1093
0.78908, 0.118732
0.808401, 0.129093
0.827724, 0.140466
0.847047, 0.152953
0.866365, 0.16668
0.885681, 0.181802
0.100391, 0.19948
0.120428, 0.185217
0.140466, 0.172276
0.16051, 0.16051
0.180554, 0.1498
0.200591, 0.140047
0.22062, 0.131171
0.240638, 0.123108
0.260644, 0.115801
0.280636, 0.109206
0.300616, 0.103283
0.320584, 0.0980007
0.340541, 0.0933319
0.360489, 0.0892547
0.38043, 0.0857513
0.400365, 0.0828077
0.420296, 0.0804126
0.440224, 0.0785576
0.46015, 0.0772368
0.480075, 0.0764459
0.5, 0.0761825
0.519925, 0.0764459
0.53985, 0.0772368
0.559776, 0.0785576
0.579704, 0.0804126
0.599635, 0.0828077
0.61957, 0.0857513
0.639511, 0.0892547
0.659459, 0.0933319
0.679416, 0.0980007
0.699384, 0.103283
0.719364, 0.109206
0.739356, 0.115801
0.759362, 0.123108
0.77938, 0.131171
0.799409, 0.140047
0.819446, 0.1498
0.83949, 0.16051
0.859534, 0.172276
0.879572, 0.185217
0.899609, 0.19948
0.0876894, 0.217157
0.10839, 0.203754
0.129093, 0.191599
0.1498, 0.180554
0.170502, 0.170502
0.191193, 0.16135
0.211867, 0.15302
0.232522, 0.145447
0.253156, 0.138578
0.27377, 0.132366
0.294364, 0.126775
0.314943, 0.121774
0.335509, 0.117338
0.356068, 0.113451
0.376623, 0.110099
0.397178, 0.107272
0.417736, 0.104964
0.438297, 0.103173
0.458862, 0.101894
0.47943, 0.101128
0.5, 0.100873
0.52057, 0.101128
0.541138, 0.101894
0.561703, 0.103173
0.582264, 0.104964
0.602822, 0.107272
0.623377, 0.110099
0.643932, 0.113451
0.664491, 0.117338
0.685057, 0.121774
0.705636, 0.126775
0.72623, 0.132366
0.746844, 0.138578
0.767478, 0.145447
0.788133, 0.15302
0.808807, 0.16135
0.829498, 0.170502
0.8502, 0.180554
0.870907, 0.191599
0.89161, 0.203754
0.912311, 0.217157
0.0761044, 0.234835
0.0974178, 0.222291
0.118732, 0.21092
0.140047, 0.200591
0.16135, 0.191193
0.182632, 0.182632
0.203885, 0.174831
0.225105, 0.167726
0.246291, 0.161261
0.267444, 0.155389
0.28857, 0.150074
0.309678, 0.145291
0.330778, 0.141023
0.351881, 0.137261
0.372994, 0.134003
0.394124, 0.131248
0.415272, 0.128995
0.436437, 0.127246
0.457616, 0.125997
0.478806, 0.125249
0.5, 0.124999
0.521194, 0.125249
0.542384, 0.125997
0.563563, 0.127246
0.584728, 0.128995
0.605876, 0.131248
0.627006, 0.134003
0.648119, 0.137261
0.669222, 0.141023
0.690322, 0.145291
0.71143, 0.150074
0.732556, 0.155389
0.753709, 0.161261
0.774895, 0.167726
0.796115, 0.174831
0.817368, 0.182632
0.83865, 0.191193
0.859953, 0.200591
0.881268, 0.21092
0.902582, 0.222291
0.923896, 0.234835
0.0655463, 0.252513
0.0874243, 0.240826
0.1093, 0.230237
0.131171, 0.22062
0.15302, 0.211867
0.174831, 0.203885
0.196595, 0.196595
0.218303, 0.189927
0.239955, 0.183823
0.261558, 0.178237
0.28313, 0.173142
0.304694, 0.168528
0.326273, 0.1644
0.347883, 0.160765
0.369531, 0.157628
0.391218, 0.154991
0.412937, 0.152849
0.434682, 0.151194
0.456445, 0.150018
0.47822, 0.149316
0.5, 0.149082
0.52178, 0.149316
0.543555, 0.150018
0.565318, 0.151194
0.587063, 0.152849
0.608782, 0.154991
0.630469, 0.157628
0.652117, 0.160765
0.673727, 0.1644
0.695306, 0.168528
0.71687, 0.173142
0.738442, 0.178237
0.760045, 0.183823
0.781697, 0.189927
0.803405, 0.196595
0.825169, 0.203885
0.84698, 0.211867
0.868829, 0.22062
0.8907, 0.230237
0.912576, 0.240826
0.934454, 0.252513
0.055942, 0.27019
0.0783391, 0.259359
0.10073, 0.249548
0.123108, 0.240638
0.145447, 0.232522
0.167726, 0.225105
0.189927, 0.218303
0.212039, 0.212039
0.234068, 0.206255
0.256041, 0.20092
0.278004, 0.196038
0.300002, 0.191631
0.322061, 0.187724
0.344187, 0.184325
0.366371, 0.181427
0.388599, 0.179016
0.410856, 0.177073
0.433132, 0.175582
0.455417, 0.174527
0.477707, 0.173899
0.5, 0.17369
0.522293, 0.173899
0.544583, 0.174527
0.566868, 0.175582
0.589144, 0.177073
0.611401, 0.179016
0.633629, 0.181427
0.655813, 0.184325
0.677939, 0.187724
0.699998, 0.191631
0.721996, 0.196038
0.743959, 0.20092
0.765932, 0.206255
0.787961, 0.212039
0.810073, 0.218303
0.832274, 0.225105
0.854553, 0.232522
0.876892, 0.240638
0.89927, 0.249548
0.921661, 0.259359
0.944058, 0.27019
0.0472307, 0.287868
0.0701037, 0.277888
0.0929647, 0.268852
0.115801, 0.260644
0.138578, 0.253156
0.161261, 0.246291
0.183823, 0.239955
0.206255, 0.234068
0.228588, 0.228588
0.250896, 0.223528
0.273259, 0.218936
0.295721, 0.214854
0.318285, 0.21129
0.340927, 0.20823
0.36362, 0.205646
0.386342, 0.203512
0.409076, 0.201802
0.431812, 0.200495
0.454545, 0.199573
0.477274, 0.199025
0.5, 0.198843
0.522726, 0.199025
0.545455, 0.199573
0.568188, 0.200495
0.590924, 0.201802
0.613658, 0.203512
0.63638, 0.205646
0.659073, 0.20823
0.681715, 0.21129
0.704279, 0.214854
0.726741, 0.218936
0.749104, 0.223528
0.771412, 0.228588
0.793745, 0.234068
0.816177, 0.239955
0.838739, 0.246291
0.861422, 0.253156
0.884199, 0.260644
0.907035, 0.268852
0.929896, 0.277888
0.952769, 0.287868
0.0393619, 0.305546
0.062669, 0.296415
0.085957, 0.288148
0.109206, 0.280636
0.132366, 0.27377
0.155389, 0.267444
0.178237, 0.261558
0.20092, 0.256041
0.223528, 0.250896
0.246192, 0.246192
0.268997, 0.241998
0.291945, 0.23833
0.315001, 0.235166
0.338122, 0.232473
0.361272, 0.230214
0.384427, 0.228358
0.407574, 0.226879
0.430703, 0.225753
0.453815, 0.224961
0.476911, 0.224492
0.5, 0.224337
0.523089, 0.224492
0.546185, 0.224961
0.569297, 0.225753
0.592426, 0.226879
0.615573, 0.228358
0.638728, 0.230214
0.661878, 0.232473
0.684999, 0.235166
0.708055, 0.23833
0.731003, 0.241998
0.753808, 0.246192
0.776472, 0.250896
0.79908, 0.256041
0.821763, 0.261558
0.844611, 0.267444
0.867634, 0.27377
0.890794, 0.280636
0.914043, 0.288148
0.937331, 0.296415
0.960638, 0.305546
0.0322928, 0.323223
0.0559937, 0.314937
0.0796669, 0.307437
0.103283, 0.300616
0.126775, 0.294364
0.150074, 0.28857
0.173142, 0.28313
0.196038, 0.278004
0.218936, 0.273259
0.241998, 0.268997
0.26526, 0.26526
0.288676, 0.26203
0.312183, 0.259267
0.335731, 0.256931
0.359284, 0.254985
0.382817, 0.253397
0.406318, 0.252139
0.429781, 0.251186
0.45321, 0.250519
0.476612, 0.250125
0.5, 0.249994
0.523388, 0.250125
0.54679, 0.250519
0.570219, 0.251186
0.593682, 0.252139
0.617183, 0.253397
0.640716, 0.254985
0.664269, 0.256931
0.687817, 0.259267
0.711324, 0.26203
0.73474, 0.26526
0.758002, 0.268997
0.781064, 0.273259
0.803962, 0.278004
0.826858, 0.28313
0.849926, 0.28857
0.873225, 0.294364
0.896717, 0.300616
0.920333, 0.307437
0.944006, 0.314937
0.967707, 0.323223
0.0259879, 0.340901
0.050043, 0.333456
0.0740608, 0.326718
0.0980007, 0.320584
0.121774, 0.314943
0.145291, 0.309678
0.168528, 0.304694
0.191631, 0.300002
0.214854, 0.295721
0.23833, 0.291945
0.26203, 0.288676
0.285873, 0.285873
0.309785, 0.283493
0.333713, 0.281496
0.357619, 0.279846
0.381479, 0.278509
0.405281, 0.277457
0.429023, 0.276663
0.452714, 0.276108
0.476367, 0.27578
0.5, 0.275671
0.523633, 0.27578
0.547286, 0.276108
0.570977, 0.276663
0.594719, 0.277457
0.618521, 0.278509
0.642381, 0.279846
0.666287, 0.281496
0.690215, 0.283493
0.714127, 0.285873
0.73797, 0.288676
0.76167, 0.291945
0.785146, 0.295721
0.808369, 0.300002
0.831472, 0.304694
0.854709, 0.309678
0.878226, 0.314943
0.901999, 0.320584
0.925939, 0.326718
0.949957, 0.333456
0.974012, 0.340901
0.0204168, 0.358579
0.0447874, 0.351971
0.0691103, 0.345991
0.0933319, 0.340541
0.117338, 0.335509
0.141023, 0.330778
0.1644, 0.326273
0.187724, 0.322061
0.21129, 0.318285
0.235166, 0.315001
0.259267, 0.312183
0.283493, 0.309785
0.307766, 0.307766
0.332028, 0.306085
0.35624, 0.304708
0.380378, 0.303598
0.404429, 0.302724
0.4284, 0.302061
0.452304, 0.301591
0.476163, 0.301309
0.5, 0.301215
0.523837, 0.301309
0.547696, 0.301591
0.5716, 0.302061
0.595571, 0.302724
0.619622, 0.303598
0.64376, 0.304708
0.667972, 0.306085
0.692234, 0.307766
0.716507, 0.309785
0.740733, 0.312183
0.764834, 0.315001
0.78871, 0.318285
0.812276, 0.322061
0.8356, 0.326273
0.858977, 0.330778
0.882662, 0.335509
0.906668, 0.340541
0.93089, 0.345991
0.955213, 0.351971
0.979583, 0.358579
0.0155544, 0.376256
0.0402023, 0.370483
0.0647917, 0.365258
0.0892547, 0.360489
0.113451, 0.356068
0.137261, 0.351881
0.160765, 0.347883
0.184325, 0.344187
0.20823, 0.340927
0.232473, 0.338122
0.256931, 0.335731
0.281496, 0.333713
0.306085, 0.332028
0.330638, 0.330638
0.355108, 0.329502
0.379469, 0.328582
0.403715, 0.327839
0.42786, 0.327248
0.451936, 0.326804
0.475974, 0.326521
0.5, 0.326423
0.524026, 0.326521
0.548064, 0.326804
0.57214, 0.327248
0.596285, 0.327839
0.620531, 0.328582
0.644892, 0.329502
0.669362, 0.330638
0.693915, 0.332028
0.718504, 0.333713
0.743069, 0.335731
0.767527, 0.338122
0.79177, 0.340927
0.815675, 0.344187
0.839235, 0.347883
0.862739, 0.351881
0.886549, 0.356068
0.910745, 0.360489
0.935208, 0.365258
0.959798, 0.370483
0.984446, 0.376256
0.0113795, 0.393934
0.036267, 0.388992
0.0610852, 0.384519
0.0857513, 0.38043
0.110099, 0.376623
0.134003, 0.372994
0.157628, 0.369531
0.181427, 0.366371
0.205646, 0.36362
0.230214, 0.361272
0.254985, 0.359284
0.279846, 0.357619
0.304708, 0.35624
0.329502, 0.355108
0.354175, 0.354175
0.378695, 0.35339
0.403062, 0.352699
0.427315, 0.352077
0.451524, 0.351544
0.475748, 0.351172
0.5, 0.351037
0.524252, 0.351172
0.548476, 0.351544
0.572685, 0.352077
0.596938, 0.352699
0.621305, 0.35339
0.645825, 0.354175
0.670498, 0.355108
0.695292, 0.35624
0.720154, 0.357619
0.745015, 0.359284
0.769786, 0.361272
0.794354, 0.36362
0.818573, 0.366371
0.842372, 0.369531
0.865997, 0.372994
0.889901, 0.376623
0.914249, 0.38043
0.938915, 0.384519
0.963733, 0.388992
0.988621, 0.393934
0.00787451, 0.411612
0.0329642, 0.407498
0.0579744, 0.403774
0.0828077, 0.400365
0.107272, 0.397178
0.131248, 0.394124
0.154991, 0.391218
0.179016, 0.388599
0.203512, 0.386342
0.228358, 0.384427
0.253397, 0.382817
0.278509, 0.381479
0.303598, 0.380378
0.328582, 0.379469
0.35339, 0.378695
0.377977, 0.377977
0.402357, 0.377236
0.426631, 0.376453
0.450955, 0.375725
0.475422, 0.375209
0.5, 0.375024
0.524578, 0.375209
0.549045, 0.375725
0.573369, 0.376453
0.597643, 0.377236
0.622023, 0.377977
0.64661, 0.378695
0.671418, 0.379469
0.696402, 0.380378
0.721491, 0.381479
0.746603, 0.382817
0.771642, 0.384427
0.796488, 0.386342
0.820984, 0.388599
0.845009, 0.391218
0.868752, 0.394124
0.892728, 0.397178
0.917192, 0.400365
0.942026, 0.403774
0.967036, 0.407498
0.992125, 0.411612
0.00502525, 0.429289
0.0302801, 0.426001
0.0554463, 0.423024
0.0804126, 0.420296
0.104964, 0.417736
0.128995, 0.415272
0.152849, 0.412937
0.177073, 0.410856
0.201802, 0.409076
0.226879, 0.407574
0.252139, 0.406318
0.277457, 0.405281
0.302724, 0.404429
0.327839, 0.403715
0.352699, 0.403062
0.377236, 0.402357
0.401503, 0.401503
0.425748, 0.400555
0.450238, 0.39972
0.475029, 0.399176
0.5, 0.39899
0.524971, 0.399176
0.549762, 0.39972
0.574252, 0.400555
0.598497, 0.401503
0.622764, 0.402357
0.647301, 0.403062
0.672161, 0.403715
0.697276, 0.404429
0.722543, 0.405281
0.747861, 0.406318
0.773121, 0.407574
0.798198, 0.409076
0.822927, 0.410856
0.847151, 0.412937
0.871005, 0.415272
0.895036, 0.417736
0.919587, 0.420296
0.944554, 0.423024
0.96972, 0.426001
0.994975, 0.429289
0.00282045, 0.446967
0.0282035, 0.444503
0.0534902, 0.442271
0.0785576, 0.440224
0.103173, 0.438297
0.127246, 0.436437
0.151194, 0.434682
0.175582, 0.433132
0.200495, 0.431812
0.225753, 0.430703
0.251186, 0.429781
0.276663, 0.429023
0.302061, 0.4284
0.327248, 0.42786
0.352077, 0.427315
0.376453, 0.426631
0.400555, 0.425748
0.424837, 0.424837
0.449575, 0.424127
0.474693, 0.423704
0.5, 0.423565
0.525307, 0.423704
0.550425, 0.424127
0.575163, 0.424837
0.599445, 0.425748
0.623547, 0.426631
0.647923, 0.427315
0.672752, 0.42786
0.697939, 0.4284
0.723337, 0.429023
0.748814, 0.429781
0.774247, 0.430703
0.799505, 0.431812
0.824418, 0.433132
0.848806, 0.434682
0.872754, 0.436437
0.896827, 0.438297
0.921442, 0.440224
0.94651, 0.442271
0.971796, 0.444503
0.99718, 0.446967
0.00125157, 0.464645
0.0267262, 0.463003
0.0520985, 0.461516
0.0772368, 0.46015
0.101894, 0.458862
0.125997, 0.457616
0.150018, 0.456445
0.174527, 0.455417
0.199573, 0.454545
0.224961, 0.453815
0.250519, 0.45321
0.276108, 0.452714
0.301591, 0.452304
0.326804, 0.451936
0.351544, 0.451524
0.375725, 0.450955
0.39972, 0.450238
0.424127, 0.449575
0.449104, 0.449104
0.474465, 0.448835
0.5, 0.448748
0.525535, 0.448835
0.550896, 0.449104
0.575873, 0.449575
0.60028, 0.450238
0.624275, 0.450955
0.648456, 0.451524
0.673196, 0.451936
0.698409, 0.452304
0.723892, 0.452714
0.749481, 0.45321
0.775039, 0.453815
0.800427, 0.454545
0.825473, 0.455417
0.849982, 0.456445
0.874003, 0.457616
0.898106, 0.458862
0.922763, 0.46015
0.947901, 0.461516
0.973274, 0.463003
0.998748, 0.464645
0.000312598, 0.482322
0.025842, 0.481502
0.0512657, 0.480758
0.0764459, 0.480075
0.101128, 0.47943
0.125249, 0.478806
0.149316, 0.47822
0.173899, 0.477707
0.199025, 0.477274
0.224492, 0.476911
0.250125, 0.476612
0.27578, 0.476367
0.301309, 0.476163
0.326521, 0.475974
0.351172, 0.475748
0.375209, 0.475422
0.399176, 0.475029
0.423704, 0.474693
0.448835, 0.474465
0.474336, 0.474336
0.5, 0.474294
0.525664, 0.474336
0.551165, 0.474465
0.576296, 0.474693
0.600824, 0.475029
0.624791, 0.475422
0.648828, 0.475748
0.673479, 0.475974
0.698691, 0.476163
0.72422, 0.476367
0.749875, 0.476612
0.775508, 0.476911
0.800975, 0.477274
0.826101, 0.477707
0.850684, 0.47822
0.874751, 0.478806
0.898872, 0.47943
0.923554, 0.480075
0.948734, 0.480758
0.974158, 0.481502
0.999687, 0.482322
0, 0.5
0.0255477, 0.5
0.0509884, 0.5
0.0761825, 0.5
0.100873, 0.5
0.124999, 0.5
0.149082, 0.5
0.17369, 0.5
0.198843, 0.5
0.224337, 0.5
0.249994, 0.5
0.275671, 0.5
0.301215, 0.5
0.326423, 0.5
0.351037, 0.5
0.375024, 0.5
0.39899, 0.5
0.423565, 0.5
0.448748, 0.5
0.474294, 0.5
0.5, 0.5
0.525706, 0.5
0.551252, 0.5
0.576435, 0.5
0.60101, 0.5
0.624976, 0.5
0.648963, 0.5
0.673577, 0.5
0.698785, 0.5
0.724329, 0.5
0.750006, 0.5
0.775663, 0.5
0.801157, 0.5
0.82631, 0.5
0.850918, 0.5
0.875001, 0.5
0.899127, 0.5
0.923818, 0.5
0.949012, 0.5
0.974452, 0.5
1, 0.5
0.000312598, 0.517678
0.025842, 0.518498
0.0512657, 0.519242
0.0764459, 0.519925
0.101128, 0.52057
0.125249, 0.521194
0.149316, 0.52178
0.173899, 0.522293
0.199025, 0.522726
0.224492, 0.523089
0.250125, 0.523388
0.27578, 0.523633
0.301309, 0.523837
0.326521, 0.524026
0.351172, 0.524252
0.375209, 0.524578
0.399176, 0.524971
0.423704, 0.525307
0.448835, 0.525535
0.474336, 0.525664
0.5, 0.525706
0.525664, 0.525664
0.551165, 0.525535
0.576296, 0.525307
0.600824, 0.524971
0.624791, 0.524578
0.648828, 0.524252
0.673479, 0.524026
0.698691, 0.523837
0.72422, 0.523633
0.749875, 0.523388
0.775508, 0.523089
0.800975, 0.522726
0.826101, 0.522293
0.850684, 0.52178
0.874751, 0.521194
0.898872, 0.52057
0.923554, 0.519925
0.948734, 0.519242
0.974158, 0.518498
0.999687, 0.517678
0.00125157, 0.535355
0.0267262, 0.536997
0.0520985, 0.538484
0.0772368, 0.53985
0.101894, 0.541138
0.125997, 0.542384
0.150018, 0.543555
0.174527, 0.544583
0.199573, 0.545455
0.224961, 0.546185
0.250519, 0.54679
0.276108, 0.547286
0.301591, 0.547696
0.326804, 0.548064
0.351544, 0.548476
0.375725, 0.549045
0.39972, 0.549762
0.424127, 0.550425
0.449104, 0.550896
0.474465, 0.551165
0.5, 0.551252
0.525535, 0.551165
0.550896, 0.550896
0.575873, 0.550425
0.60028, 0.549762
0.624275, 0.549045
0.648456, 0.548476
0.673196, 0.548064
0.698409, 0.547696
0.723892, 0.547286
0.749481, 0.54679
0.775039, 0.546185
0.800427, 0.545455
0.825473, 0.544583
0.849982, 0.543555
0.874003, 0.542384
0.898106, 0.541138
0.922763, 0.53985
0.947901, 0.538484
0.973274, 0.536997
0.998748, 0.535355
0.00282045, 0.553033
0.0282035, 0.555497
0.0534902, 0.557729
0.0785576, 0.559776
0.103173, 0.561703
0.127246, 0.563563
0.151194, 0.565318
0.175582, 0.566868
0.200495, 0.568188
0.225753, 0.569297
0.251186, 0.570219
0.276663, 0.570977
0.302061, 0.5716
0.327248, 0.57214
0.352077, 0.572685
0.376453, 0.573369
0.400555, 0.574252
0.424837, 0.575163
0.449575, 0.575873
0.474693, 0.576296
0.5, 0.576435
0.525307, 0.576296
0.550425, 0.575873
0.575163, 0.575163
0.599445, 0.574252
0.623547, 0.573369
0.647923, 0.572685
0.672752, 0.57214
0.697939, 0.5716
0.723337, 0.570977
0.748814, 0.570219
0.774247, 0.569297
0.799505, 0.568188
0.824418, 0.566868
0.848806, 0.565318
0.872754, 0.563563
0.896827, 0.561703
0.921442, 0.559776
0.94651, 0.557729
0.971796, 0.555497
0.99718, 0.553033
0.00502525, 0.570711
0.0302801, 0.573999
0.0554463, 0.576976
0.0804126, 0.579704
0.104964, 0.582264
0.128995, 0.584728
0.152849, 0.587063
0.177073, 0.589144
0.201802, 0.590924
0.226879, 0.592426
0.252139, 0.593682
0.277457, 0.594719
0.302724, 0.595571
0.327839, 0.596285
0.352699, 0.596938
0.377236, 0.597643
0.401503, 0.598497
0.425748, 0.599445
0.450238, 0.60028
0.475029, 0.600824
0.5, 0.60101
0.524971, 0.600824
0.549762, 0.60028
0.574252, 0.599445
0.598497, 0.598497
0.622764, 0.597643
0.647301, 0.596938
0.672161, 0.596285
0.697276, 0.595571
0.722543, 0.594719
0.747861, 0.593682
0.773121, 0.592426
0.798198, 0.590924
0.822927, 0.589144
0.847151, 0.587063
0.871005, 0.584728
0.895036, 0.582264
0.919587, 0.579704
0.944554, 0.576976
0.96972, 0.573999
0.994975, 0.570711
0.00787451, 0.588388
0.0329642, 0.592502
0.0579744, 0.596226
0.0828077, 0.599635
0.107272, 0.602822
0.131248, 0.605876
0.154991, 0.608782
0.179016, 0.611401
0.203512, 0.613658
0.228358, 0.615573
0.253397, 0.617183
0.278509, 0.618521
0.303598, 0.619622
0.328582, 0.620531
0.35339, 0.621305
0.377977, 0.622023
0.402357, 0.622764
0.426631, 0.623547
0.450955, 0.624275
0.475422, 0.624791
0.5, 0.624976
0.524578, 0.624791
0.549045, 0.624275
0.573369, 0.623547
0.597643, 0.622764
0.622023, 0.622023
0.64661, 0.621305
0.671418, 0.620531
0.696402, 0.619622
0.721491, 0.618521
0.746603, 0.617183
0.771642, 0.615573
0.796488, 0.613658
0.820984, 0.611401
0.845009, 0.608782
0.868752, 0.605876
0.892728, 0.602822
0.917192, 0.599635
0.942026, 0.596226
0.967036, 0.592502
0.992125, 0.588388
0.0113795, 0.606066
0.036267, 0.611008
0.0610852, 0.615481
0.0857513, 0.61957
0.110099, 0.623377
0.134003, 0.627006
0.157628, 0.630469
0.181427, 0.633629
0.205646, 0.63638
0.230214, 0.638728
0.254985, 0.640716
0.279846, 0.642381
0.304708, 0.64376
0.329502, 0.644892
0.354175, 0.645825
0.378695, 0.64661
0.403062, 0.647301
0.427315, 0.647923
0.451524, 0.648456
0.475748, 0.648828
0.5, 0.648963
0.524252, 0.648828
0.548476, 0.648456
0.572685, 0.647923
0.596938, 0.647301
0.621305, 0.64661
0.645825, 0.645825
0.670498, 0.644892
0.695292, 0.64376
0.720154, 0.642381
0.745015, 0.640716
0.769786, 0.638728
0.794354, 0.63638
0.818573, 0.633629
0.842372, 0.630469
0.865997, 0.627006
0.889901, 0.623377
0.914249, 0.61957
0.938915, 0.615481
0.963733, 0.611008
0.988621, 0.606066
0.0155544, 0.623744
0.0402023, 0.629517
0.0647917, 0.634742
0.0892547, 0.639511
0.113451, 0.643932
0.137261, 0.648119
0.160765, 0.652117
0.184325, 0.655813
0.20823, 0.659073
0.232473, 0.661878
0.256931, 0.664269
0.281496, 0.666287
0.306085, 0.667972
0.330638, 0.669362
0.355108, 0.670498
0.379469, 0.671418
0.403715, 0.672161
0.42786, 0.672752
0.451936, 0.673196
0.475974, 0.673479
0.5, 0.673577
0.524026, 0.673479
0.548064, 0.673196
0.57214, 0.672752
0.596285, 0.672161
0.620531, 0.671418
0.644892, 0.670498
0.669362, 0.669362
0.693915, 0.667972
0.718504, 0.666287
0.743069, 0.664269
0.767527, 0.661878
0.79177, 0.659073
0.815675, 0.655813
0.839235, 0.652117
0.862739, 0.648119
0.886549, 0.643932
0.910745, 0.639511
0.935208, 0.634742
0.959798, 0.629517
0.984446, 0.623744
0.0204168, 0.641421
0.0447874, 0.648029
0.0691103, 0.654009
0.0933319, 0.659459
0.117338, 0.664491
0.141023, 0.669222
0.1644, 0.673727
0.187724, 0.677939
0.21129, 0.681715
0.235166, 0.684999
0.259267, 0.687817
0.283493, 0.690215
0.307766, 0.692234
0.332028, 0.693915
0.35624, 0.695292
0.380378, 0.696402
0.404429, 0.697276
0.4284, 0.697939
0.452304, 0.698409
0.476163, 0.698691
0.5, 0.698785
0.523837, 0.698691
0.547696, 0.698409
0.5716, 0.697939
0.595571, 0.697276
0.619622, 0.696402
0.64376, 0.695292
0.667972, 0.693915
0.692234, 0.692234
0.716507, 0.690215
0.740733, 0.687817
0.764834, 0.684999
0.78871, 0.681715
0.812276, 0.677939
0.8356, 0.673727
0.858977, 0.669222
0.882662, 0.664491
0.906668, 0.659459
0.93089, 0.654009
0.955213, 0.648029
0.979583, 0.641421
0.0259879, 0.659099
0.050043, 0.666544
0.0740608, 0.673282
0.0980007, 0.679416
0.121774, 0.685057
0.145291, 0.690322
0.168528, 0.695306
0.191631, 0.699998
0.214854, 0.704279
0.23833, 0.708055
0.26203, 0.711324
0.285873, 0.714127
0.309785, 0.716507
0.333713, 0.718504
0.357619, 0.720154
0.381479, 0.721491
0.405281, 0.722543
0.429023, 0.723337
0.452714, 0.723892
0.476367, 0.72422
0.5, 0.724329
0.523633, 0.72422
0.547286, 0.723892
0.570977, 0.723337
0.594719, 0.722543
0.618521, 0.721491
0.642381, 0.720154
0.666287, 0.718504
0.690215, 0.716507
0.714127, 0.714127
0.73797, 0.711324
0.76167, 0.708055
0.785146, 0.704279
0.808369, 0.699998
0.831472, 0.695306
0.854709, 0.690322
0.878226, 0.685057
0.901999, 0.679416
0.925939, 0.673282
0.949957, 0.666544
0.974012, 0.659099
0.0322928, 0.676777
0.0559937, 0.685063
0.0796669, 0.692563
0.103283, 0.699384
0.126775, 0.705636
0.150074, 0.71143
0.173142, 0.71687
0.196038, 0.721996
0.218936, 0.726741
0.241998, 0.731003
0.26526, 0.73474
0.288676, 0.73797
0.312183, 0.740733
0.335731, 0.743069
0.359284, 0.745015
0.382817, 0.746603
0.406318, 0.747861
0.429781, 0.748814
0.45321, 0.749481
0.476612, 0.749875
0.5, 0.750006
0.523388, 0.749875
0.54679, 0.749481
0.570219, 0.748814
0.593682, 0.747861
0.617183, 0.746603
0.640716, 0.745015
0.664269, 0.743069
0.687817, 0.740733
0.711324, 0.73797
0.73474, 0.73474
0.758002, 0.731003
0.781064, 0.726741
0.803962, 0.721996
0.826858, 0.71687
0.849926, 0.71143
0.873225, 0.705636
0.896717, 0.699384
0.920333, 0.692563
0.944006, 0.685063
0.967707, 0.676777
0.0393619, 0.694454
0.062669, 0.703585
0.085957, 0.711852
0.109206, 0.719364
0.132366, 0.72623
0.155389, 0.732556
0.178237, 0.738442
0.20092, 0.743959
0.223528, 0.749104
0.246192, 0.753808
0.268997, 0.758002
0.291945, 0.76167
0.315001, 0.764834
0.338122, 0.767527
0.361272, 0.769786
0.384427, 0.771642
0.407574, 0.773121
0.430703, 0.774247
0.453815, 0.775039
0.476911, 0.775508
0.5, 0.775663
0.523089, 0.775508
0.546185, 0.775039
0.569297, 0.774247
0.592426, 0.773121
0.615573, 0.771642
0.638728, 0.769786
0.661878, 0.767527
0.684999, 0.764834
0.708055, 0.76167
0.731003, 0.758002
0.753808, 0.753808
0.776472, 0.749104
0.79908, 0.743959
0.821763, 0.738442
0.844611, 0.732556
0.867634, 0.72623
0.890794, 0.719364
0.914043, 0.711852
0.937331, 0.703585
0.960638, 0.694454
0.0472307, 0.712132
0.0701037, 0.722112
0.0929647, 0.731148
0.115801, 0.739356
0.138578, 0.746844
0.161261, 0.753709
0.183823, 0.760045
0.206255, 0.765932
0.228588, 0.771412
0.250896, 0.776472
0.273259, 0.781064
0.295721, 0.785146
0.318285, 0.78871
0.340927, 0.79177
0.36362, 0.794354
0.386342, 0.796488
0.409076, 0.798198
0.431812, 0.799505
0.454545, 0.800427
0.477274, 0.800975
0.5, 0.801157
0.522726, 0.800975
0.545455, 0.800427
0.568188, 0.799505
0.590924, 0.798198
0.613658, 0.796488
0.63638, 0.794354
0.659073, 0.79177
0.681715, 0.78871
0.704279, 0.785146
0.726741, 0.781064
0.749104, 0.776472
0.771412, 0.771412
0.793745, 0.765932
0.816177, 0.760045
0.838739, 0.753709
0.861422, 0.746844
0.884199, 0.739356
0.907035, 0.731148
0.929896, 0.722112
0.952769, 0.712132
0.055942, 0.72981
0.0783391, 0.740641
0.10073, 0.750452
0.123108, 0.759362
0.145447, 0.767478
0.167726, 0.774895
0.189927, 0.781697
0.212039, 0.787961
0.234068, 0.793745
0.256041, 0.79908
0.278004, 0.803962
0.300002, 0.808369
0.322061, 0.812276
0.344187, 0.815675
0.366371, 0.818573
0.388599, 0.820984
0.410856, 0.822927
0.433132, 0.824418
0.455417, 0.825473
0.477707, 0.826101
0.5, 0.82631
0.522293, 0.826101
0.544583, 0.825473
0.566868, 0.824418
0.589144, 0.822927
0.611401, 0.820984
0.633629, 0.818573
0.655813, 0.815675
0.677939, 0.812276
0.699998, 0.808369
0.721996, 0.803962
0.743959, 0.79908
0.765932, 0.793745
0.787961, 0.787961
0.810073, 0.781697
0.832274, 0.774895
0.854553, 0.767478
0.876892, 0.759362
0.89927, 0.750452
0.921661, 0.740641
0.944058, 0.72981
0.0655463, 0.747487
0.0874243, 0.759174
0.1093, 0.769763
0.131171, 0.77938
0.15302, 0.788133
0.174831, 0.796115
0.196595, 0.803405
0.218303, 0.810073
0.239955, 0.816177
0.261558, 0.821763
0.28313, 0.826858
0.304694, 0.831472
0.326273, 0.8356
0.347883, 0.839235
0.369531, 0.842372
0.391218, 0.845009
0.412937, 0.847151
0.434682, 0.848806
0.456445, 0.849982
0.47822, 0.850684
0.5, 0.850918
0.52178, 0.850684
0.543555, 0.849982
0.565318, 0.848806
0.587063, 0.847151
0.608782, 0.845009
0.630469, 0.842372
0.652117, 0.839235
0.673727, 0.8356
0.695306, 0.831472
0.71687, 0.826858
0.738442, 0.821763
0.760045, 0.816177
0.781697, 0.810073
0.803405, 0.803405
0.825169, 0.796115
0.84698, 0.788133
0.868829, 0.77938
0.8907, 0.769763
0.912576, 0.759174
0.934454, 0.747487
0.0761044, 0.765165
0.0974178, 0.777709
0.118732, 0.78908
0.140047, 0.799409
0.16135, 0.808807
0.182632, 0.817368
0.203885, 0.825169
0.225105, 0.832274
0.246291, 0.838739
0.267444, 0.844611
0.28857, 0.849926
0.309678, 0.854709
0.330778, 0.858977
0.351881, 0.862739
0.372994, 0.865997
0.394124, 0.868752
0.415272, 0.871005
0.436437, 0.872754
0.457616, 0.874003
0.478806, 0.874751
0.5, 0.875001
0.521194, 0.874751
0.542384, 0.874003
0.563563, 0.872754
0.584728, 0.871005
0.605876, 0.868752
0.627006, 0.865997
0.648119, 0.862739
0.669222, 0.858977
0.690322, 0.854709
0.71143, 0.849926
0.732556, 0.844611
0.753709, 0.838739
0.774895, 0.832274
0.796115, 0.825169
0.817368, 0.817368
0.83865, 0.808807
0.859953, 0.799409
0.881268, 0.78908
0.902582, 0.777709
0.923896, 0.765165
0.0876894, 0.782843
0.10839, 0.796246
0.129093, 0.808401
0.1498, 0.819446
0.170502, 0.829498
0.191193, 0.83865
0.211867, 0.84698
0.232522, 0.854553
0.253156, 0.861422
0.27377, 0.867634
0.294364, 0.873225
0.314943, 0.878226
0.335509, 0.882662
0.356068, 0.886549
0.376623, 0.889901
0.397178, 0.892728
0.417736, 0.895036
0.438297, 0.896827
0.458862, 0.898106
0.47943, 0.898872
0.5, 0.899127
0.52057, 0.898872
0.541138, 0.898106
0.561703, 0.896827
0.582264, 0.895036
0.602822, 0.892728
0.623377, 0.889901
0.643932, 0.886549
0.664491, 0.882662
0.685057, 0.878226
0.705636, 0.873225
0.72623, 0.867634
0.746844, 0.861422
0.767478, 0.854553
0.788133, 0.84698
0.808807, 0.83865
0.829498, 0.829498
0.8502, 0.819446
0.870907, 0.808401
0.89161, 0.796246
0.912311, 0.782843
0.100391, 0.80052
0.120428, 0.814783
0.140466, 0.827724
0.16051, 0.83949
0.180554, 0.8502
0.200591, 0.859953
0.22062, 0.868829
0.240638, 0.876892
0.260644, 0.884199
0.280636, 0.890794
0.300616, 0.896717
0.320584, 0.901999
0.340541, 0.906668
0.360489, 0.910745
0.38043, 0.914249
0.400365, 0.917192
0.420296, 0.919587
0.440224, 0.921442
0.46015, 0.922763
0.480075, 0.923554
0.5, 0.923818
0.519925, 0.923554
0.53985, 0.922763
0.559776, 0.921442
0.579704, 0.919587
0.599635, 0.917192
0.61957, 0.914249
0.639511, 0.910745
0.659459, 0.906668
0.679416, 0.901999
0.699384, 0.896717
0.719364, 0.890794
0.739356, 0.884199
0.759362, 0.876892
0.77938, 0.868829
0.799409, 0.859953
0.819446, 0.8502
0.83949, 0.83949
0.859534, 0.827724
0.879572, 0.814783
0.899609, 0.80052
0.114319, 0.818198
0.133635, 0.83332
0.152953, 0.847047
0.172276, 0.859534
0.191599, 0.870907
0.21092, 0.881268
0.230237, 0.8907
0.249548, 0.89927
0.268852, 0.907035
0.288148, 0.914043
0.307437, 0.920333
0.326718, 0.925939
0.345991, 0.93089
0.365258, 0.935208
0.384519, 0.938915
0.403774, 0.942026
0.423024, 0.944554
0.442271, 0.94651
0.461516, 0.947901
0.480758, 0.948734
0.5, 0.949012
0.519242, 0.948734
0.538484, 0.947901
0.557729, 0.94651
0.576976, 0.944554
0.596226, 0.942026
0.615481, 0.938915
0.634742, 0.935208
0.654009, 0.93089
0.673282, 0.925939
0.692563, 0.920333
0.711852, 0.914043
0.731148, 0.907035
0.750452, 0.89927
0.769763, 0.8907
0.78908, 0.881268
0.808401, 0.870907
0.827724, 0.859534
0.847047, 0.847047
0.866365, 0.83332
0.885681, 0.818198
0.129612, 0.835876
0.148146, 0.851854
0.16668, 0.866365
0.185217, 0.879572
0.203754, 0.89161
0.222291, 0.902582
0.240826, 0.912576
0.259359, 0.921661
0.277888, 0.929896
0.296415, 0.937331
0.314937, 0.944006
0.333456, 0.949957
0.351971, 0.955213
0.370483, 0.959798
0.388992, 0.963733
0.407498, 0.967036
0.426001, 0.96972
0.444503, 0.971796
0.463003, 0.973274
0.481502, 0.974158
0.5, 0.974452
0.518498, 0.974158
0.536997, 0.973274
0.555497, 0.971796
0.573999, 0.96972
0.592502, 0.967036
0.611008, 0.963733
0.629517, 0.959798
0.648029, 0.955213
0.666544, 0.949957
0.685063, 0.944006
0.703585, 0.937331
0.722112, 0.929896
0.740641, 0.921661
0.759174, 0.912576
0.777709, 0.902582
0.796246, 0.89161
0.814783, 0.879572
0.83332, 0.866365
0.851854, 0.851854
0.870388, 0.835876
0.146447, 0.853553
0.164124, 0.870388
0.181802, 0.885681
0.19948, 0.899609
0.217157, 0.912311
0.234835, 0.923896
0.252513, 0.934454
0.27019, 0.944058
0.287868, 0.952769
0.305546, 0.960638
0.323223, 0.967707
0.340901, 0.974012
0.358579, 0.979583
0.376256, 0.984446
0.393934, 0.988621
0.411612, 0.992125
0.429289, 0.994975
0.446967, 0.99718
0.464645, 0.998748
0.482322, 0.999687
0.5, 1
0.517678, 0.999687
0.535355, 0.998748
0.553033, 0.99718
0.570711, 0.994975
0.588388, 0.992125
0.606066, 0.988621
0.623744, 0.984446
0.641421, 0.979583
0.659099, 0.974012
0.676777, 0.967707
0.694454, 0.960638
0.712132, 0.952769
0.72981, 0.944058
0.747487, 0.934454
0.765165, 0.923896
0.782843, 0.912311
0.80052, 0.899609
0.818198, 0.885681
0.835876, 0.870388
0.853553, 0.853553
0.146883, 0.146883
0.164999, 0.131254
0.183116, 0.117038
0.201233, 0.104085
0.21935, 0.0922727
0.237466, 0.0815041
0.255581, 0.0717002
0.273694, 0.0627955
0.291806, 0.0547357
0.309916, 0.0474751
0.328024, 0.0409755
0.346131, 0.0352046
0.364237, 0.0301351
0.382342, 0.0257444
0.400445, 0.0220135
0.418547, 0.0189269
0.436649, 0.0164719
0.45475, 0.014639
0.47285, 0.0134209
0.49095, 0.0128131
0.50905, 0.0128131
0.52715, 0.0134209
0.54525, 0.014639
0.563351, 0.0164719
0.581453, 0.0189269
0.599555, 0.0220135
0.617658, 0.0257444
0.635763, 0.0301351
0.653869, 0.0352046
0.671976, 0.0409755
0.690084, 0.0474751
0.708194, 0.0547357
0.726306, 0.0627955
0.744419, 0.0717002
0.762534, 0.0815041
0.78065, 0.0922727
0.798767, 0.104085
0.816884, 0.117038
0.835001, 0.131254
0.853117, 0.146883
0.131254, 0.164999
0.150183, 0.150183
0.169117, 0.136715
0.188052, 0.124448
0.206987, 0.113267
0.225919, 0.103079
0.244848, 0.0938077
0.263773, 0.0853902
0.282693, 0.0777742
0.301608, 0.0709158
0.320519, 0.064778
0.339425, 0.0593297
0.358326, 0.0545447
0.377224, 0.0504011
0.396119, 0.0468807
0.41501, 0.0439685
0.4339, 0.0416525
0.452787, 0.0399234
0.471673, 0.0387744
0.490558, 0.038201
0.509442, 0.038201
0.528327, 0.0387744
0.547213, 0.0399234
0.5661, 0.0416525
0.58499, 0.0439685
0.603881, 0.0468807
0.622776, 0.0504011
0.641674, 0.0545447
0.660575, 0.0593297
0.679481, 0.064778
0.698392, 0.0709158
0.717307, 0.0777742
0.736227, 0.0853902
0.755152, 0.0938077
0.774081, 0.103079
0.793013, 0.113267
0.811948, 0.124448
0.830883, 0.136715
0.849817, 0.150183
0.868746, 0.164999
0.117038, 0.183116
0.136715, 0.169117
0.156398, 0.156398
0.176083, 0.144819
0.195764, 0.13427
0.215441, 0.12466
0.23511, 0.115917
0.254772, 0.107981
0.274425, 0.100801
0.294069, 0.0943349
0.313705, 0.0885471
0.333334, 0.0834083
0.352955, 0.0788936
0.372572, 0.0749825
0.392183, 0.0716583
0.411791, 0.0689073
0.431395, 0.0667187
0.450998, 0.0650842
0.470599, 0.0639978
0.4902, 0.0634555
0.5098, 0.0634555
0.529401, 0.0639978
0.549002, 0.0650842
0.568605, 0.0667187
0.588209, 0.0689073
0.607817, 0.0716583
0.627428, 0.0749825
0.647045, 0.0788936
0.666666, 0.0834083
0.686295, 0.0885471
0.705931, 0.0943349
0.725575, 0.100801
0.745228, 0.107981
0.76489, 0.115917
0.784559, 0.12466
0.804236, 0.13427
0.823917, 0.144819
0.843602, 0.156398
0.863285, 0.169117
0.882962, 0.183116
0.104085, 0.201233
0.124448, 0.188052
0.144819, 0.176083
0.165189, 0.165189
0.185553, 0.155267
0.205907, 0.146229
0.226248, 0.138006
0.246575, 0.130538
0.266888, 0.123776
0.287188, 0.117681
0.307476, 0.112219
0.327755, 0.107362
0.348026, 0.103089
0.368292, 0.0993799
0.388555, 0.0962224
0.408816, 0.0936053
0.429078, 0.0915203
0.449341, 0.0899614
0.469604, 0.0889244
0.489868, 0.0884065
0.510132, 0.0884065
0.530396, 0.0889244
0.550659, 0.0899614
0.570922, 0.0915203
0.591184, 0.0936053
0.611445, 0.0962224
0.631708, 0.0993799
0.651974, 0.103089
0.672245, 0.107362
0.692524, 0.112219
0.712812, 0.117681
0.733112, 0.123776
0.753425, 0.130538
0.773752, 0.138006
0.794093, 0.146229
0.814447, 0.155267
0.834811, 0.165189
0.855181, 0.176083
0.875552, 0.188052
0.895915, 0.201233
0.0922727, 0.21935
0.113267, 0.206987
0.13427, 0.195764
0.155267, 0.185553
0.176252, 0.176252
0.197218, 0.167776
0.218163, 0.160057
0.239085, 0.153037
0.259985, 0.146668
0.280866, 0.140912
0.301732, 0.135738
0.322588, 0.131121
0.34344, 0.127044
0.364293, 0.123494
0.385151, 0.120464
0.406017, 0.117946
0.426891, 0.115936
0.447773, 0.114431
0.468661, 0.113429
0.489553, 0.112929
0.510447, 0.112929
0.531339, 0.113429
0.552227, 0.114431
0.573109, 0.115936
0.593983, 0.117946
0.614849, 0.120464
0.635707, 0.123494
0.65656, 0.127044
0.677412, 0.131121
0.698268, 0.135738
0.719134, 0.140912
0.740015, 0.146668
0.760915, 0.153037
0.781837, 0.160057
0.802782, 0.167776
0.823748, 0.176252
0.844733, 0.185553
0.86573, 0.195764
0.886733, 0.206987
0.907727, 0.21935
0.0815041, 0.237466
0.103079, 0.225919
0.12466, 0.215441
0.146229, 0.205907
0.167776, 0.197218
0.189292, 0.189292
0.210773, 0.182059
0.232217, 0.175461
0.253627, 0.169452
0.275012, 0.163995
0.296382, 0.159066
0.317749, 0.154649
0.339127, 0.150736
0.360521, 0.147324
0.381935, 0.14441
0.403371, 0.141991
0.424824, 0.140063
0.446292, 0.138621
0.467771, 0.137663
0.489256, 0.137185
0.510744, 0.137185
0.532229, 0.137663
0.553708, 0.138621
0.575176, 0.140063
0.596629, 0.141991
0.618065, 0.14441
0.639479, 0.147324
0.660873, 0.150736
0.682251, 0.154649
0.703618, 0.159066
0.724988, 0.163995
0.746373, 0.169452
0.767783, 0.175461
0.789227, 0.182059
0.810708, 0.189292
0.832224, 0.197218
0.853771, 0.205907
0.87534, 0.215441
0.896921, 0.225919
0.918496, 0.237466
0.0717002, 0.255581
0.0938077, 0.244848
0.115917, 0.23511
0.138006, 0.226248
0.160057, 0.218163
0.182059, 0.210773
0.204005, 0.204005
0.225895, 0.197802
0.24774, 0.192121
0.26956, 0.186935
0.291379, 0.182236
0.31322, 0.178026
0.335095, 0.174308
0.357009, 0.171083
0.378956, 0.168346
0.400932, 0.166088
0.422929, 0.164299
0.44494, 0.162967
0.466961, 0.162084
0.488986, 0.161644
0.511014, 0.161644
0.533039, 0.162084
0.55506, 0.162967
0.577071, 0.164299
0.599068, 0.166088
0.621044, 0.168346
0.642991, 0.171083
0.664905, 0.174308
0.68678, 0.178026
0.708621, 0.182236
0.73044, 0.186935
0.75226, 0.192121
0.774105, 0.197802
0.795995, 0.204005
0.817941, 0.210773
0.839943, 0.218163
0.861994, 0.226248
0.884083, 0.23511
0.906192, 0.244848
0.9283, 0.255581
0.0627955, 0.273694
0.0853902, 0.263773
0.107981, 0.254772
0.130538, 0.246575
0.153037, 0.239085
0.175461, 0.232217
0.197802, 0.225895
0.220067, 0.220067
0.242284, 0.214701
0.264498, 0.209799
0.286748, 0.205374
0.309057, 0.201441
0.331424, 0.198002
0.353841, 0.195046
0.376294, 0.192558
0.39877, 0.190518
0.421259, 0.18891
0.443755, 0.187717
0.466253, 0.186929
0.488751, 0.186536
0.511249, 0.186536
0.533747, 0.186929
0.556245, 0.187717
0.578741, 0.18891
0.60123, 0.190518
0.623706, 0.192558
0.646159, 0.195046
0.668576, 0.198002
0.690943, 0.201441
0.713252, 0.205374
0.735502, 0.209799
0.757716, 0.214701
0.779933, 0.220067
0.802198, 0.225895
0.824539, 0.232217
0.846963, 0.239085
0.869462, 0.246575
0.892019, 0.254772
0.91461, 0.263773
0.937204, 0.273694
0.0547357, 0.291806
0.0777742, 0.282693
0.100801, 0.274425
0.123776, 0.266888
0.146668, 0.259985
0.169452, 0.253627
0.192121, 0.24774
0.214701, 0.242284
0.237259, 0.237259
0.259863, 0.232696
0.282552, 0.228621
0.305328, 0.22504
0.328173, 0.22194
0.351064, 0.219297
0.373979, 0.217086
0.396902, 0.215283
0.419825, 0.213866
0.44274, 0.21282
0.465648, 0.21213
0.48855, 0.211787
0.51145, 0.211787
0.534352, 0.21213
0.55726, 0.21282
0.580175, 0.213866
0.603098, 0.215283
0.626021, 0.217086
0.648936, 0.219297
0.671827, 0.22194
0.694672, 0.22504
0.717448, 0.228621
0.740137, 0.232696
0.762741, 0.237259
0.785299, 0.242284
0.807879, 0.24774
0.830548, 0.253627
0.853332, 0.259985
0.876224, 0.266888
0.899199, 0.274425
0.922226, 0.282693
0.945264, 0.291806
0.0474751, 0.309916
0.0709158, 0.301608
0.0943349, 0.294069
0.117681, 0.287188
0.140912, 0.280866
0.163995, 0.275012
0.186935, 0.26956
0.209799, 0.264498
0.232696, 0.259863
0.255702, 0.255702
0.278831, 0.252031
0.302059, 0.248837
0.325348, 0.246094
0.348668, 0.243771
0.371995, 0.241838
0.395311, 0.240271
0.418608, 0.239045
0.441883, 0.238143
0.465138, 0.237549
0.488381, 0.237255
0.511619, 0.237255
0.534862, 0.237549
0.558117, 0.238143
0.581392, 0.239045
0.604689, 0.240271
0.628005, 0.241838
0.651332, 0.243771
0.674652, 0.246094
0.697941, 0.248837
0.721169, 0.252031
0.744298, 0.255702
0.767304, 0.259863
0.790201, 0.264498
0.813065, 0.26956
0.836005, 0.275012
0.859088, 0.280866
0.882319, 0.287188
0.905665, 0.294069
0.929084, 0.301608
0.952525, 0.309916
0.0409755, 0.328024
0.064778, 0.320519
0.0885471, 0.313705
0.112219, 0.307476
0.135738, 0.301732
0.159066, 0.296382
0.182236, 0.291379
0.205374, 0.286748
0.228621, 0.282552
0.252031, 0.278831
0.275583, 0.275583
0.299228, 0.272779
0.322921, 0.270388
0.346624, 0.268377
0.370312, 0.266714
0.393969, 0.265371
0.417586, 0.264326
0.441165, 0.263559
0.464713, 0.263054
0.48824, 0.262804
0.51176, 0.262804
0.535287, 0.263054
0.558835, 0.263559
0.582414, 0.264326
0.606031, 0.265371
0.629688, 0.266714
0.653376, 0.268377
0.677079, 0.270388
0.700772, 0.272779
0.724417, 0.275583
0.747969, 0.278831
0.771379, 0.282552
0.794626, 0.286748
0.817764, 0.291379
0.840934, 0.296382
0.864262, 0.301732
0.887781, 0.307476
0.911453, 0.313705
0.935222, 0.320519
0.959025, 0.328024
0.0352046, 0.346131
0.0593297, 0.339425
0.0834083, 0.333334
0.107362, 0.327755
0.131121, 0.322588
0.154649, 0.317749
0.178026, 0.31322
0.201441, 0.309057
0.22504, 0.305328
0.248837, 0.302059
0.272779, 0.299228
0.296803, 0.296803
0.320856, 0.29475
0.344898, 0.293033
0.368899, 0.291622
0.392846, 0.290486
0.416733, 0.289601
0.440565, 0.288949
0.464356, 0.288518
0.488122, 0.288304
0.511878, 0.288304
0.535644, 0.288518
0.559435, 0.288949
0.583267, 0.289601
0.607154, 0.290486
0.631101, 0.291622
0.655102, 0.293033
0.679144, 0.29475
0.703197, 0.296803
0.727221, 0.299228
0.751163, 0.302059
0.77496, 0.305328
0.798559, 0.309057
0.821974, 0.31322
0.845351, 0.317749
0.868879, 0.322588
0.892638, 0.327755
0.916592, 0.333334
0.94067, 0.339425
0.964795, 0.346131
0.0301351, 0.364237
0.0545447, 0.358326
0.0788936, 0.352955
0.103089, 0.348026
0.127044, 0.34344
0.150736, 0.339127
0.174308, 0.335095
0.198002, 0.331424
0.22194, 0.328173
0.246094, 0.325348
0.270388, 0.322921
0.29475, 0.320856
0.31912, 0.31912
0.343453, 0.317675
0.367719, 0.316489
0.391904, 0.315528
0.416009, 0.314767
0.440049, 0.314193
0.464044, 0.313804
0.488017, 0.313606
0.511983, 0.313606
0.535956, 0.313804
0.559951, 0.314193
0.583991, 0.314767
0.608096, 0.315528
0.632281, 0.316489
0.656547, 0.317675
0.68088, 0.31912
0.70525, 0.320856
0.729612, 0.322921
0.753906, 0.325348
0.77806, 0.328173
0.801998, 0.331424
0.825692, 0.335095
0.849264, 0.339127
0.872956, 0.34344
0.896911, 0.348026
0.921106, 0.352955
0.945455, 0.358326
0.969865, 0.364237
0.0257444, 0.382342
0.0504011, 0.377224
0.0749825, 0.372572
0.0993799, 0.368292
0.123494, 0.364293
0.147324, 0.360521
0.171083, 0.357009
0.195046, 0.353841
0.219297, 0.351064
0.243771, 0.348668
0.268377, 0.346624
0.293033, 0.344898
0.317675, 0.343453
0.342252, 0.342252
0.366728, 0.341253
0.391093, 0.34042
0.415358, 0.339725
0.439558, 0.339163
0.463733, 0.338756
0.487909, 0.338539
0.512091, 0.338539
0.536267, 0.338756
0.560442, 0.339163
0.584642, 0.339725
0.608907, 0.34042
0.633272, 0.341253
0.657748, 0.342252
0.682325, 0.343453
0.706967, 0.344898
0.731623, 0.346624
0.756229, 0.348668
0.780703, 0.351064
0.804954, 0.353841
0.828917, 0.357009
0.852676, 0.360521
0.876506, 0.364293
0.90062, 0.368292
0.925017, 0.372572
0.949599, 0.377224
0.974256, 0.382342
0.0220135, 0.400445
0.0468807, 0.396119
0.0716583, 0.392183
0.0962224, 0.388555
0.120464, 0.385151
0.14441, 0.381935
0.168346, 0.378956
0.192558, 0.376294
0.217086, 0.373979
0.241838, 0.371995
0.266714, 0.370312
0.291622, 0.368899
0.316489, 0.367719
0.341253, 0.366728
0.365875, 0.365875
0.390343, 0.365108
0.414695, 0.364397
0.439008, 0.363758
0.46336, 0.363261
0.487777, 0.362985
0.512223, 0.362985
0.53664, 0.363261
0.560992, 0.363758
0.585305, 0.364397
0.609657, 0.365108
0.634125, 0.365875
0.658747, 0.366728
0.683511, 0.367719
0.708378, 0.368899
0.733286, 0.370312
0.758162, 0.371995
0.782914, 0.373979
0.807442, 0.376294
0.831654, 0.378956
0.85559, 0.381935
0.879536, 0.385151
0.903778, 0.388555
0.928342, 0.392183
0.953119, 0.396119
0.977986, 0.400445
0.0189269, 0.418547
0.0439685, 0.41501
0.0689073, 0.411791
0.0936053, 0.408816
0.117946, 0.406017
0.141991, 0.403371
0.166088, 0.400932
0.190518, 0.39877
0.215283, 0.396902
0.240271, 0.395311
0.265371, 0.393969
0.290486, 0.392846
0.315528, 0.391904
0.34042, 0.391093
0.365108, 0.390343
0.389587, 0.389587
0.413946, 0.3888
0.438351, 0.388051
0.462911, 0.387462
0.487618, 0.387142
0.512382, 0.387142
0.537089, 0.387462
0.561649, 0.388051
0.586054, 0.3888
0.610413, 0.389587
0.634892, 0.390343
0.65958, 0.391093
0.684472, 0.391904
0.709514, 0.392846
0.734629, 0.393969
0.759729, 0.395311
0.784717, 0.396902
0.809482, 0.39877
0.833912, 0.400932
0.858009, 0.403371
0.882054, 0.406017
0.906395, 0.408816
0.931093, 0.411791
0.956032, 0.41501
0.981073, 0.418547
0.0164719, 0.436649
0.0416525, 0.4339
0.0667187, 0.431395
0.0915203, 0.429078
0.115936, 0.426891
0.140063, 0.424824
0.164299, 0.422929
0.18891, 0.421259
0.213866, 0.419825
0.239045, 0.418608
0.264326, 0.417586
0.289601, 0.416733
0.314767, 0.416009
0.339725, 0.415358
0.364397, 0.414695
0.3888, 0.413946
0.413133, 0.413133
0.437653, 0.41238
0.462451, 0.411825
0.487459, 0.411539
0.512541, 0.411539
0.537549, 0.411825
0.562347, 0.41238
0.586867, 0.413133
0.6112, 0.413946
0.635603, 0.414695
0.660275, 0.415358
0.685233, 0.416009
0.710399, 0.416733
0.735674, 0.417586
0.760955, 0.418608
0.786134, 0.419825
0.81109, 0.421259
0.835701, 0.422929
0.859937, 0.424824
0.884064, 0.426891
0.90848, 0.429078
0.933281, 0.431395
0.958348, 0.4339
0.983528, 0.436649
0.014639, 0.45475
0.0399234, 0.452787
0.0650842, 0.450998
0.0899614, 0.449341
0.114431, 0.447773
0.138621, 0.446292
0.162967, 0.44494
0.187717, 0.443755
0.21282, 0.44274
0.238143, 0.441883
0.263559, 0.441165
0.288949, 0.440565
0.314193, 0.440049
0.339163, 0.439558
0.363758, 0.439008
0.388051, 0.438351
0.41238, 0.437653
0.437048, 0.437048
0.462076, 0.436632
0.487333, 0.436425
0.512667, 0.436425
0.537924, 0.436632
0.562952, 0.437048
0.58762, 0.437653
0.611949, 0.438351
0.636242, 0.439008
0.660837, 0.439558
0.685807, 0.440049
0.711051, 0.440565
0.736441, 0.441165
0.761857, 0.441883
0.78718, 0.44274
0.812283, 0.443755
0.837033, 0.44494
0.861379, 0.446292
0.885569, 0.447773
0.910039, 0.449341
0.934916, 0.450998
0.960077, 0.452787
0.985361, 0.45475
0.0134209, 0.47285
0.0387744, 0.471673
0.0639978, 0.470599
0.0889244, 0.469604
0.113429, 0.468661
0.137663, 0.467771
0.162084, 0.466961
0.186929, 0.466253
0.21213, 0.465648
0.237549, 0.465138
0.263054, 0.464713
0.288518, 0.464356
0.313804, 0.464044
0.338756, 0.463733
0.363261, 0.46336
0.387462, 0.462911
0.411825, 0.462451
0.436632, 0.462076
0.461828, 0.461828
0.487251, 0.461706
0.512749, 0.461706
0.538172, 0.461828
0.563368, 0.462076
0.588175, 0.462451
0.612538, 0.462911
0.636739, 0.46336
0.661244, 0.463733
0.686196, 0.464044
0.711482, 0.464356
0.736946, 0.464713
0.762451, 0.465138
0.78787, 0.465648
0.813071, 0.466253
0.837916, 0.466961
0.862337, 0.467771
0.886571, 0.468661
0.911076, 0.469604
0.936002, 0.470599
0.961226, 0.471673
0.986579, 0.47285
0.0128131, 0.49095
0.038201, 0.490558
0.0634555, 0.4902
0.0884065, 0.489868
0.112929, 0.489553
0.137185, 0.489256
0.161644, 0.488986
0.186536, 0.488751
0.211787, 0.48855
0.237255, 0.488381
0.262804, 0.48824
0.288304, 0.488122
0.313606, 0.488017
0.338539, 0.487909
0.362985, 0.487777
0.387142, 0.487618
0.411539, 0.487459
0.436425, 0.487333
0.461706, 0.487251
0.487211, 0.487211
0.512789, 0.487211
0.538294, 0.487251
0.563575, 0.487333
0.588461, 0.487459
0.612858, 0.487618
0.637015, 0.487777
0.661461, 0.487909
0.686394, 0.488017
0.711696, 0.488122
0.737196, 0.48824
0.762745, 0.488381
0.788213, 0.48855
0.813464, 0.488751
0.838356, 0.488986
0.862815, 0.489256
0.887071, 0.489553
0.911593, 0.489868
0.936544, 0.4902
0.961799, 0.490558
0.987187, 0.49095
0.0128131, 0.50905
0.038201, 0.509442
0.0634555, 0.5098
0.0884065, 0.510132
0.112929, 0.510447
0.137185, 0.510744
0.161644, 0.511014
0.186536, 0.511249
0.211787, 0.51145
0.237255, 0.511619
0.262804, 0.51176
0.288304, 0.511878
0.313606, 0.511983
0.338539, 0.512091
0.362985, 0.512223
0.387142, 0.512382
0.411539, 0.512541
0.436425, 0.512667
0.461706, 0.512749
0.487211, 0.512789
0.512789, 0.512789
0.538294, 0.512749
0.563575, 0.512667
0.588461, 0.512541
0.612858, 0.512382
0.637015, 0.512223
0.661461, 0.512091
0.686394, 0.511983
0.711696, 0.511878
0.737196, 0.51176
0.762745, 0.511619
0.788213, 0.51145
0.813464, 0.511249
0.838356, 0.511014
0.862815, 0.510744
0.887071, 0.510447
0.911593, 0.510132
0.936544, 0.5098
0.961799, 0.509442
0.987187, 0.50905
0.0134209, 0.52715
0.0387744, 0.528327
0.0639978, 0.529401
0.0889244, 0.530396
0.113429, 0.531339
0.137663, 0.532229
0.162084, 0.533039
0.186929, 0.533747
0.21213, 0.534352
0.237549, 0.534862
0.263054, 0.535287
0.288518, 0.535644
0.313804, 0.535956
0.338756, 0.536267
0.363261, 0.53664
0.387462, 0.537089
0.411825, 0.537549
0.436632, 0.537924
0.461828, 0.538172
0.487251, 0.538294
0.512749, 0.538294
0.538172, 0.538172
0.563368, 0.537924
0.588175, 0.537549
0.612538, 0.537089
0.636739, 0.53664
0.661244, 0.536267
0.686196, 0.535956
0.711482, 0.535644
0.736946, 0.535287
0.762451, 0.534862
0.78787, 0.534352
0.813071, 0.533747
0.837916, 0.533039
0.862337, 0.532229
0.886571, 0.531339
0.911076, 0.530396
0.936002, 0.529401
0.961226, 0.528327
0.986579, 0.52715
0.014639, 0.54525
0.0399234, 0.547213
0.0650842, 0.549002
0.0899614, 0.550659
0.114431, 0.552227
0.138621, 0.553708
0.162967, 0.55506
0.187717, 0.556245
0.21282, 0.55726
0.238143, 0.558117
0.263559, 0.558835
0.288949, 0.559435
0.314193, 0.559951
0.339163, 0.560442
0.363758, 0.560992
0.388051, 0.561649
0.41238, 0.562347
0.437048, 0.562952
0.462076, 0.563368
0.487333, 0.563575
0.512667, 0.563575
0.537924, 0.563368
0.562952, 0.562952
0.58762, 0.562347
0.611949, 0.561649
0.636242, 0.560992
0.660837, 0.560442
0.685807, 0.559951
0.711051, 0.559435
0.736441, 0.558835
0.761857, 0.558117
0.78718, 0.55726
0.812283, 0.556245
0.837033, 0.55506
0.861379, 0.553708
0.885569, 0.552227
0.910039, 0.550659
0.934916, 0.549002
0.960077, 0.547213
0.985361, 0.54525
0.0164719, 0.563351
0.0416525, 0.5661
0.0667187, 0.568605
0.0915203, 0.570922
0.115936, 0.573109
0.140063, 0.575176
0.164299, 0.577071
0.18891, 0.578741
0.213866, 0.580175
0.239045, 0.581392
0.264326, 0.582414
0.289601, 0.583267
0.314767, 0.583991
0.339725, 0.584642
0.364397, 0.585305
0.3888, 0.586054
0.413133, 0.586867
0.437653, 0.58762
0.462451, 0.588175
0.487459, 0.588461
0.512541, 0.588461
0.537549, 0.588175
0.562347, 0.58762
0.586867, 0.586867
0.6112, 0.586054
0.635603, 0.585305
0.660275, 0.584642
0.685233, 0.583991
0.710399, 0.583267
0.735674, 0.582414
0.760955, 0.581392
0.786134, 0.580175
0.81109, 0.578741
0.835701, 0.577071
0.859937, 0.575176
0.884064, 0.573109
0.90848, 0.570922
0.933281, 0.568605
0.958348, 0.5661
0.983528, 0.563351
0.0189269, 0.581453
0.0439685, 0.58499
0.0689073, 0.588209
0.0936053, 0.591184
0.117946, 0.593983
0.141991, 0.596629
0.166088, 0.599068
0.190518, 0.60123
0.215283, 0.603098
0.240271, 0.604689
0.265371, 0.606031
0.290486, 0.607154
0.315528, 0.608096
0.34042, 0.608907
0.365108, 0.609657
0.389587, 0.610413
0.413946, 0.6112
0.438351, 0.611949
0.462911, 0.612538
0.487618, 0.612858
0.512382, 0.612858
0.537089, 0.612538
0.561649, 0.611949
0.586054, 0.6112
0.610413, 0.610413
0.634892, 0.609657
0.65958, 0.608907
0.684472, 0.608096
0.709514, 0.607154
0.734629, 0.606031
0.759729, 0.604689
0.784717, 0.603098
0.809482, 0.60123
0.833912, 0.599068
0.858009, 0.596629
0.882054, 0.593983
0.906395, 0.591184
0.931093, 0.588209
0.956032, 0.58499
0.981073, 0.581453
0.0220135, 0.599555
0.0468807, 0.603881
0.0716583, 0.607817
0.0962224, 0.611445
0.120464, 0.614849
0.14441, 0.618065
0.168346, 0.621044
0.192558, 0.623706
0.217086, 0.626021
0.241838, 0.628005
0.266714, 0.629688
0.291622, 0.631101
0.316489, 0.632281
0.341253, 0.633272
0.365875, 0.634125
0.390343, 0.634892
0.414695, 0.635603
0.439008, 0.636242
0.46336, 0.636739
0.487777, 0.637015
0.512223, 0.637015
0.53664, 0.636739
0.560992, 0.636242
0.585305, 0.635603
0.609657, 0.634892
0.634125, 0.634125
0.658747, 0.633272
0.683511, 0.632281
0.708378, 0.631101
0.733286, 0.629688
0.758162, 0.628005
0.782914, 0.626021
0.807442, 0.623706
0.831654, 0.621044
0.85559, 0.618065
0.879536, 0.614849
0.903778, 0.611445
0.928342, 0.607817
0.953119, 0.603881
0.977986, 0.599555
0.0257444, 0.617658
0.0504011, 0.622776
0.0749825, 0.627428
0.0993799, 0.631708
0.123494, 0.635707
0.147324, 0.639479
0.171083, 0.642991
0.195046, 0.646159
0.219297, 0.648936
0.243771, 0.651332
0.268377, 0.653376
0.293033, 0.655102
0.317675, 0.656547
0.342252, 0.657748
0.366728, 0.658747
0.391093, 0.65958
0.415358, 0.660275
0.439558, 0.660837
0.463733, 0.661244
0.487909, 0.661461
0.512091, 0.661461
0.536267, 0.661244
0.560442, 0.660837
0.584642, 0.660275
0.608907, 0.65958
0.633272, 0.658747
0.657748, 0.657748
0.682325, 0.656547
0.706967, 0.655102
0.731623, 0.653376
0.756229, 0.651332
0.780703, 0.648936
0.804954, 0.646159
0.828917, 0.642991
0.852676, 0.639479
0.876506, 0.635707
0.90062, 0.631708
0.925017, 0.627428
0.949599, 0.622776
0.974256, 0.617658
0.0301351, 0.635763
0.0545447, 0.641674
0.0788936, 0.647045
0.103089, 0.651974
0.127044, 0.65656
0.150736, 0.660873
0.174308, 0.664905
0.198002, 0.668576
0.22194, 0.671827
0.246094, 0.674652
0.270388, 0.677079
0.29475, 0.679144
0.31912, 0.68088
0.343453, 0.682325
0.367719, 0.683511
0.391904, 0.684472
0.416009, 0.685233
0.440049, 0.685807
0.464044, 0.686196
0.488017, 0.686394
0.511983, 0.686394
0.535956, 0.686196
0.559951, 0.685807
0.583991, 0.685233
0.608096, 0.684472
0.632281, 0.683511
0.656547, 0.682325
0.68088, 0.68088
0.70525, 0.679144
0.729612, 0.677079
0.753906, 0.674652
0.77806, 0.671827
0.801998, 0.668576
0.825692, 0.664905
0.849264, 0.660873
0.872956, 0.65656
0.896911, 0.651974
0.921106, 0.647045
0.945455, 0.641674
0.969865, 0.635763
0.0352046, 0.653869
0.0593297, 0.660575
0.0834083, 0.666666
0.107362, 0.672245
0.131121, 0.677412
0.154649, 0.682251
0.178026, 0.68678
0.201441, 0.690943
0.22504, 0.694672
0.248837, 0.697941
0.272779, 0.700772
0.296803, 0.703197
0.320856, 0.70525
0.344898, 0.706967
0.368899, 0.708378
0.392846, 0.709514
0.416733, 0.710399
0.440565, 0.711051
0.464356, 0.711482
0.488122, 0.711696
0.511878, 0.711696
0.535644, 0.711482
0.559435, 0.711051
0.583267, 0.710399
0.607154, 0.709514
0.631101, 0.708378
0.655102, 0.706967
0.679144, 0.70525
0.703197, 0.703197
0.727221, 0.700772
0.751163, 0.697941
0.77496, 0.694672
0.798559, 0.690943
0.821974, 0.68678
0.845351, 0.682251
0.868879, 0.677412
0.892638, 0.672245
0.916592, 0.666666
0.94067, 0.660575
0.964795, 0.653869
0.0409755, 0.671976
0.064778, 0.679481
0.0885471, 0.686295
0.112219, 0.692524
0.135738, 0.698268
0.159066, 0.703618
0.182236, 0.708621
0.205374, 0.713252
0.228621, 0.717448
0.252031, 0.721169
0.275583, 0.724417
0.299228, 0.727221
0.322921, 0.729612
0.346624, 0.731623
0.370312, 0.733286
0.393969, 0.734629
0.417586, 0.735674
0.441165, 0.736441
0.464713, 0.736946
0.48824, 0.737196
0.51176, 0.737196
0.535287, 0.736946
0.558835, 0.736441
0.582414, 0.735674
0.606031, 0.734629
0.629688, 0.733286
0.653376, 0.731623
0.677079, 0.729612
0.700772, 0.727221
0.724417, 0.724417
0.747969, 0.721169
0.771379, 0.717448
0.794626, 0.713252
0.817764, 0.708621
0.840934, 0.703618
0.864262, 0.698268
0.887781, 0.692524
0.911453, 0.686295
0.935222, 0.679481
0.959025, 0.671976
0.0474751, 0.690084
0.0709158, 0.698392
0.0943349, 0.705931
0.117681, 0.712812
0.140912, 0.719134
0.163995, 0.724988
0.186935, 0.73044
0.209799, 0.735502
0.232696, 0.740137
0.255702, 0.744298
0.278831, 0.747969
0.302059, 0.751163
0.325348, 0.753906
0.348668, 0.756229
0.371995, 0.758162
0.395311, 0.759729
0.418608, 0.760955
0.441883, 0.761857
0.465138, 0.762451
0.488381, 0.762745
0.511619, 0.762745
0.534862, 0.762451
0.558117, 0.761857
0.581392, 0.760955
0.604689, 0.759729
0.628005, 0.758162
0.651332, 0.756229
0.674652, 0.753906
0.697941, 0.751163
0.721169, 0.747969
0.744298, 0.744298
0.767304, 0.740137
0.790201, 0.735502
0.813065, 0.73044
0.836005, 0.724988
0.859088, 0.719134
0.882319, 0.712812
0.905665, 0.705931
0.929084, 0.698392
0.952525, 0.690084
0.0547357, 0.708194
0.0777742, 0.717307
0.100801, 0.725575
0.123776, 0.733112
0.146668, 0.740015
0.169452, 0.746373
0.192121, 0.75226
0.214701, 0.757716
0.237259, 0.762741
0.259863, 0.767304
0.282552, 0.771379
0.305328, 0.77496
0.328173, 0.77806
0.351064, 0.780703
0.373979, 0.782914
0.396902, 0.784717
0.419825, 0.786134
0.44274, 0.78718
0.465648, 0.78787
0.48855, 0.788213
0.51145, 0.788213
0.534352, 0.78787
0.55726, 0.78718
0.580175, 0.786134
0.603098, 0.784717
0.626021, 0.782914
0.648936, 0.780703
0.671827, 0.77806
0.694672, 0.77496
0.717448, 0.771379
0.740137, 0.767304
0.762741, 0.762741
0.785299, 0.757716
0.807879, 0.75226
0.830548, 0.746373
0.853332, 0.740015
0.876224, 0.733112
0.899199, 0.725575
0.922226, 0.717307
0.945264, 0.708194
0.0627955, 0.726306
0.0853902, 0.736227
0.107981, 0.745228
0.130538, 0.753425
0.153037, 0.760915
0.175461, 0.767783
0.197802, 0.774105
0.220067, 0.779933
0.242284, 0.785299
0.264498, 0.790201
0.286748, 0.794626
0.309057, 0.798559
0.331424, 0.801998
0.353841, 0.804954
0.376294, 0.807442
0.39877, 0.809482
0.421259, 0.81109
0.443755, 0.812283
0.466253, 0.813071
0.488751, 0.813464
0.511249, 0.813464
0.533747, 0.813071
0.556245, 0.812283
0.578741, 0.81109
0.60123, 0.809482
0.623706, 0.807442
0.646159, 0.804954
0.668576, 0.801998
0.690943, 0.798559
0.713252, 0.794626
0.735502, 0.790201
0.757716, 0.785299
0.779933, 0.779933
0.802198, 0.774105
0.824539, 0.767783
0.846963, 0.760915
0.869462, 0.753425
0.892019, 0.745228
0.91461, 0.736227
0.937204, 0.726306
0.0717002, 0.744419
0.0938077, 0.755152
0.115917, 0.76489
0.138006, 0.773752
0.160057, 0.781837
0.182059, 0.789227
0.204005, 0.795995
0.225895, 0.802198
0.24774, 0.807879
0.26956, 0.813065
0.291379, 0.817764
0.31322, 0.821974
0.335095, 0.825692
0.357009, 0.828917
0.378956, 0.831654
0.400932, 0.833912
0.422929, 0.835701
0.44494, 0.837033
0.466961, 0.837916
0.488986, 0.838356
0.511014, 0.838356
0.533039, 0.837916
0.55506, 0.837033
0.577071, 0.835701
0.599068, 0.833912
0.621044, 0.831654
0.642991, 0.828917
0.664905, 0.825692
0.68678, 0.821974
0.708621, 0.817764
0.73044, 0.813065
0.75226, 0.807879
0.774105, 0.802198
0.795995, 0.795995
0.817941, 0.789227
0.839943, 0.781837
0.861994, 0.773752
0.884083, 0.76489
0.906192, 0.755152
0.9283, 0.744419
0.0815041, 0.762534
0.103079, 0.774081
0.12466, 0.784559
0.146229, 0.794093
0.167776, 0.802782
0.189292, 0.810708
0.210773, 0.817941
0.232217, 0.824539
0.253627, 0.830548
0.275012, 0.836005
0.296382, 0.840934
0.317749, 0.845351
0.339127, 0.849264
0.360521, 0.852676
0.381935, 0.85559
0.403371, 0.858009
0.424824, 0.859937
0.446292, 0.861379
0.467771, 0.862337
0.489256, 0.862815
0.510744, 0.862815
0.532229, 0.862337
0.553708, 0.861379
0.575176, 0.859937
0.596629, 0.858009
0.618065, 0.85559
0.639479, 0.852676
0.660873, 0.849264
0.682251, 0.845351
0.703618, 0.840934
0.724988, 0.836005
0.746373, 0.830548
0.767783, 0.824539
0.789227, 0.817941
0.810708, 0.810708
0.832224, 0.802782
0.853771, 0.794093
0.87534, 0.784559
0.896921, 0.774081
0.918496, 0.762534
0.0922727, 0.78065
0.113267, 0.793013
0.13427, 0.804236
0.155267, 0.814447
0.176252, 0.823748
0.197218, 0.832224
0.218163, 0.839943
0.239085, 0.846963
0.259985, 0.853332
0.280866, 0.859088
0.301732, 0.864262
0.322588, 0.868879
0.34344, 0.872956
0.364293, 0.876506
0.385151, 0.879536
0.406017, 0.882054
0.426891, 0.884064
0.447773, 0.885569
0.468661, 0.886571
0.489553, 0.887071
0.510447, 0.887071
0.531339, 0.886571
0.552227, 0.885569
0.573109, 0.884064
0.593983, 0.882054
0.614849, 0.879536
0.635707, 0.876506
0.65656, 0.872956
0.677412, 0.868879
0.698268, 0.864262
0.719134, 0.859088
0.740015, 0.853332
0.760915, 0.846963
0.781837, 0.839943
0.802782, 0.832224
0.823748, 0.823748
0.844733, 0.814447
0.86573, 0.804236
0.886733, 0.793013
0.907727, 0.78065
0.104085, 0.798767
0.124448, 0.811948
0.144819, 0.823917
0.165189, 0.834811
0.185553, 0.844733
0.205907, 0.853771
0.226248, 0.861994
0.246575, 0.869462
0.266888, 0.876224
0.287188, 0.882319
0.307476, 0.887781
0.327755, 0.892638
0.348026, 0.896911
0.368292, 0.90062
0.388555, 0.903778
0.408816, 0.906395
0.429078, 0.90848
0.449341, 0.910039
0.469604, 0.911076
0.489868, 0.911593
0.510132, 0.911593
0.530396, 0.911076
0.550659, 0.910039
0.570922, 0.90848
0.591184, 0.906395
0.611445, 0.903778
0.631708, 0.90062
0.651974, 0.896911
0.672245, 0.892638
0.692524, 0.887781
0.712812, 0.882319
0.733112, 0.876224
0.753425, 0.869462
0.773752, 0.861994
0.794093, 0.853771
0.814447, 0.844733
0.834811, 0.834811
0.855181, 0.823917
0.875552, 0.811948
0.895915, 0.798767
0.117038, 0.816884
0.136715, 0.830883
0.156398, 0.843602
0.176083, 0.855181
0.195764, 0.86573
0.215441, 0.87534
0.23511, 0.884083
0.254772, 0.892019
0.274425, 0.899199
0.294069, 0.905665
0.313705, 0.911453
0.333334, 0.916592
0.352955, 0.921106
0.372572, 0.925017
0.392183, 0.928342
0.411791, 0.931093
0.431395, 0.933281
0.450998, 0.934916
0.470599, 0.936002
0.4902, 0.936544
0.5098, 0.936544
0.529401, 0.936002
0.549002, 0.934916
0.568605, 0.933281
0.588209, 0.931093
0.607817, 0.928342
0.627428, 0.925017
0.647045, 0.921106
0.666666, 0.916592
0.686295, 0.911453
0.705931, 0.905665
0.725575, 0.899199
0.745228, 0.892019
0.76489, 0.884083
0.784559, 0.87534
0.804236, 0.86573
0.823917, 0.855181
0.843602, 0.843602
0.863285, 0.830883
0.882962, 0.816884
0.131254, 0.835001
0.150183, 0.849817
0.169117, 0.863285
0.188052, 0.875552
0.206987, 0.886733
0.225919, 0.896921
0.244848, 0.906192
0.263773, 0.91461
0.282693, 0.922226
0.301608, 0.929084
0.320519, 0.935222
0.339425, 0.94067
0.358326, 0.945455
0.377224, 0.949599
0.396119, 0.953119
0.41501, 0.956032
0.4339, 0.958348
0.452787, 0.960077
0.471673, 0.961226
0.490558, 0.961799
0.509442, 0.961799
0.528327, 0.961226
0.547213, 0.960077
0.5661, 0.958348
0.58499, 0.956032
0.603881, 0.953119
0.622776, 0.949599
0.641674, 0.945455
0.660575, 0.94067
0.679481, 0.935222
0.698392, 0.929084
0.717307, 0.922226
0.736227, 0.91461
0.755152, 0.906192
0.774081, 0.896921
0.793013, 0.886733
0.811948, 0.875552
0.830883, 0.863285
0.849817, 0.849817
0.868746, 0.835001
0.146883, 0.853117
0.164999, 0.868746
0.183116, 0.882962
0.201233, 0.895915
0.21935, 0.907727
0.237466, 0.918496
0.255581, 0.9283
0.273694, 0.937204
0.291806, 0.945264
0.309916, 0.952525
0.328024, 0.959025
0.346131, 0.964795
0.364237, 0.969865
0.382342, 0.974256
0.400445, 0.977986
0.418547, 0.981073
0.436649, 0.983528
0.45475, 0.985361
0.47285, 0.986579
0.49095, 0.987187
0.50905, 0.987187
0.52715, 0.986579
0.54525, 0.985361
0.563351, 0.983528
0.581453, 0.981073
0.599555, 0.977986
0.617658, 0.974256
0.635763, 0.969865
0.653869, 0.964795
0.671976, 0.959025
0.690084, 0.952525
0.708194, 0.945264
0.726306, 0.937204
0.744419, 0.9283
0.762534, 0.918496
0.78065, 0.907727
0.798767, 0.895915
0.816884, 0.882962
0.835001, 0.868746
0.853117, 0.853117
