0.146447, 0.146447
0.164124, 0.129612
0.181802, 0.114319
0.19948, 0.100391
0.217157, 0.0876894
0.234835, 0.0761044
0.252513, 0.0655463
0.27019, 0.055942
0.287868, 0.0472307
0.305546, 0.0393619
0.323223, 0.0322928
0.340901, 0.0259879
0.358579, 0.0204168
0.376256, 0.0155544
0.393934, 0.0113795
0.411612, 0.00787451
0.429289, 0.00502525
0.446967, 0.00282045
0.464645, 0.00125157
0.482322, 0.000312598
0.5, 0
0.517678, 0.000312598
0.535355, 0.00125157
0.553033, 0.00282045
0.570711, 0.00502525
0.588388, 0.00787451
0.606066, 0.0113795
0.623744, 0.0155544
0.641421, 0.0204168
0.659099, 0.0259879
0.676777, 0.0322928
0.694454, 0.0393619
0.712132, 0.0472307
0.72981, 0.055942
0.747487, 0.0655463
0.765165, 0.0761044
0.782843, 0.0876894
0.80052, 0.100391
0.818198, 0.114319
0.835876, 0.129612
0.853553, 0.146447
0.129612, 0.164124
0.148149, 0.148149
0.166685, 0.133641
0.185225, 0.120437
0.203764, 0.108404
0.222304, 0.0974357
0.240841, 0.0874471
0.259375, 0.0783672
0.277906, 0.0701372
0.296433, 0.062708
0.314956, 0.056038
0.333475, 0.0500925
0.351989, 0.0448419
0.3705, 0.0402614
0.389007, 0.0363301
0.407511, 0.033031
0.426012, 0.0303499
0.444511, 0.0282758
0.463009, 0.0268001
0.481505, 0.0259171
0.5, 0.0256231
0.518495, 0.0259171
0.536991, 0.0268001
0.555489, 0.0282758
0.573988, 0.0303499
0.592489, 0.033031
0.610993, 0.0363301
0.6295, 0.0402614
0.648011, 0.0448419
0.666525, 0.0500925
0.685044, 0.056038
0.703567, 0.062708
0.722094, 0.0701372
0.740625, 0.0783672
0.759159, 0.0874471
0.777696, 0.0974357
0.796236, 0.108404
0.814775, 0.120437
0.833315, 0.133641
0.851851, 0.148149
0.870388, 0.164124
0.114319, 0.181802
0.133641, 0.166685
0.152964, 0.152964
0.172291, 0.140484
0.19162, 0.129118
0.210946, 0.118766
0.230267, 0.109343
0.249581, 0.100783
0.268888, 0.0930279
0.288186, 0.0860302
0.307475, 0.0797497
0.326755, 0.0741527
0.346027, 0.0692106
0.365292, 0.0648997
0.384549, 0.0611999
0.4038, 0.058095
0.423046, 0.0555717
0.442288, 0.0536194
0.461527, 0.0522304
0.480764, 0.0513992
0.5, 0.0511225
0.519236, 0.0513992
0.538473, 0.0522304
0.557712, 0.0536194
0.576954, 0.0555717
0.5962, 0.058095
0.615451, 0.0611999
0.634708, 0.0648997
0.653973, 0.0692106
0.673245, 0.0741527
0.692525, 0.0797497
0.711814, 0.0860302
0.731112, 0.0930279
0.750419, 0.100783
0.769733, 0.109343
0.789054, 0.118766
0.80838, 0.129118
0.827709, 0.140484
0.847036, 0.152964
0.866359, 0.166685
0.885681, 0.181802
0.100391, 0.19948
0.120437, 0.185225
0.140484, 0.172291
0.160536, 0.160536
0.180588, 0.149837
0.200633, 0.140097
0.220668, 0.131235
0.240691, 0.123185
0.2607, 0.115891
0.280694, 0.109308
0.300673, 0.103397
0.320639, 0.0981242
0.340593, 0.0934641
0.360536, 0.0893943
0.380472, 0.0858969
0.400401, 0.0829579
0.420325, 0.0805664
0.440246, 0.078714
0.460165, 0.0773949
0.480083, 0.0766049
0.5, 0.0763419
0.519917, 0.0766049
0.539835, 0.0773949
0.559754, 0.078714
0.579675, 0.0805664
0.599599, 0.0829579
0.619528, 0.0858969
0.639464, 0.0893943
0.659407, 0.0934641
0.679361, 0.0981242
0.699327, 0.103397
0.719306, 0.109308
0.7393, 0.115891
0.759309, 0.123185
0.779332, 0.131235
0.799367, 0.140097
0.819412, 0.149837
0.839464, 0.160536
0.859516, 0.172291
0.879563, 0.185225
0.899609, 0.19948
0.0876894, 0.217157
0.108404, 0.203764
0.129118, 0.19162
0.149837, 0.180588
0.170551, 0.170551
0.191251, 0.161414
0.211933, 0.1531
0.232593, 0.145542
0.25323, 0.138685
0.273842, 0.132484
0.294434, 0.126901
0.315007, 0.121906
0.335567, 0.117473
0.356118, 0.113586
0.376665, 0.110232
0.397212, 0.107402
0.417762, 0.105091
0.438316, 0.103295
0.458874, 0.102014
0.479436, 0.101246
0.5, 0.100989
0.520564, 0.101246
0.541126, 0.102014
0.561684, 0.103295
0.582238, 0.105091
0.602788, 0.107402
0.623335, 0.110232
0.643882, 0.113586
0.664433, 0.117473
0.684993, 0.121906
0.705566, 0.126901
0.726158, 0.132484
0.74677, 0.138685
0.767407, 0.145542
0.788067, 0.1531
0.808749, 0.161414
0.829449, 0.170551
0.850163, 0.180588
0.870882, 0.19162
0.891596, 0.203764
0.912311, 0.217157
0.0761044, 0.234835
0.0974357, 0.222304
0.118766, 0.210946
0.140097, 0.200633
0.161414, 0.191251
0.182708, 0.182708
0.203968, 0.174923
0.225191, 0.16783
0.246375, 0.161373
0.267522, 0.155505
0.288639, 0.150188
0.309735, 0.145398
0.330822, 0.141117
0.351913, 0.13734
0.373016, 0.134065
0.394137, 0.131293
0.415279, 0.129026
0.43644, 0.127263
0.457617, 0.126005
0.478806, 0.125251
0.5, 0.124999
0.521194, 0.125251
0.542383, 0.126005
0.56356, 0.127263
0.584721, 0.129026
0.605863, 0.131293
0.626984, 0.134065
0.648087, 0.13734
0.669178, 0.141117
0.690265, 0.145398
0.711361, 0.150188
0.732478, 0.155505
0.753625, 0.161373
0.774809, 0.16783
0.796032, 0.174923
0.817292, 0.182708
0.838586, 0.191251
0.859903, 0.200633
0.881234, 0.210946
0.902564, 0.222304
0.923896, 0.234835
0.0655463, 0.252513
0.0874471, 0.240841
0.109343, 0.230267
0.131235, 0.220668
0.1531, 0.211933
0.174923, 0.203968
0.196691, 0.196691
0.218396, 0.19003
0.240038, 0.183924
0.261625, 0.178328
0.283177, 0.173213
0.30472, 0.168573
0.32628, 0.164414
0.347875, 0.160748
0.369514, 0.157584
0.391196, 0.154922
0.412915, 0.15276
0.434663, 0.15109
0.456431, 0.149904
0.478212, 0.149195
0.5, 0.148959
0.521788, 0.149195
0.543569, 0.149904
0.565337, 0.15109
0.587085, 0.15276
0.608804, 0.154922
0.630486, 0.157584
0.652125, 0.160748
0.67372, 0.164414
0.69528, 0.168573
0.716823, 0.173213
0.738375, 0.178328
0.759962, 0.183924
0.781604, 0.19003
0.803309, 0.196691
0.825077, 0.203968
0.8469, 0.211933
0.868765, 0.220668
0.890657, 0.230267
0.912553, 0.240841
0.934454, 0.252513
0.055942, 0.27019
0.0783672, 0.259375
0.100783, 0.249581
0.123185, 0.240691
0.145542, 0.232593
0.16783, 0.225191
0.19003, 0.218396
0.212129, 0.212129
0.234134, 0.206328
0.256077, 0.200964
0.278008, 0.196044
0.299979, 0.191597
0.322019, 0.187652
0.344135, 0.184221
0.366317, 0.181298
0.388548, 0.178869
0.410812, 0.176914
0.433097, 0.175414
0.455393, 0.174354
0.477695, 0.173724
0.5, 0.173514
0.522305, 0.173724
0.544607, 0.174354
0.566903, 0.175414
0.589188, 0.176914
0.611452, 0.178869
0.633683, 0.181298
0.655865, 0.184221
0.677981, 0.187652
0.700021, 0.191597
0.721992, 0.196044
0.743923, 0.200964
0.765866, 0.206328
0.787871, 0.212129
0.80997, 0.218396
0.83217, 0.225191
0.854458, 0.232593
0.876815, 0.240691
0.899217, 0.249581
0.921633, 0.259375
0.944058, 0.27019
0.0472307, 0.287868
0.0701372, 0.277906
0.0930279, 0.268888
0.115891, 0.2607
0.138685, 0.25323
0.161373, 0.246375
0.183924, 0.240038
0.206328, 0.234134
0.228621, 0.228621
0.250885, 0.223516
0.273212, 0.218878
0.295651, 0.214756
0.318204, 0.211162
0.340847, 0.208082
0.363547, 0.205488
0.38628, 0.203349
0.409027, 0.201639
0.431775, 0.200333
0.454521, 0.199414
0.477262, 0.198868
0.5, 0.198687
0.522738, 0.198868
0.545479, 0.199414
0.568225, 0.200333
0.590973, 0.201639
0.61372, 0.203349
0.636453, 0.205488
0.659153, 0.208082
0.681796, 0.211162
0.704349, 0.214756
0.726788, 0.218878
0.749115, 0.223516
0.771379, 0.228621
0.793672, 0.234134
0.816076, 0.240038
0.838627, 0.246375
0.861315, 0.25323
0.884109, 0.2607
0.906972, 0.268888
0.929863, 0.277906
0.952769, 0.287868
0.0393619, 0.305546
0.062708, 0.296433
0.0860302, 0.288186
0.109308, 0.280694
0.132484, 0.273842
0.155505, 0.267522
0.178328, 0.261625
0.200964, 0.256077
0.223516, 0.250885
0.246132, 0.246132
0.268906, 0.241897
0.291843, 0.238201
0.314902, 0.235024
0.338034, 0.232327
0.361199, 0.230073
0.384372, 0.228227
0.407533, 0.226759
0.430676, 0.225644
0.453798, 0.224862
0.476904, 0.224399
0.5, 0.224246
0.523096, 0.224399
0.546202, 0.224862
0.569324, 0.225644
0.592467, 0.226759
0.615628, 0.228227
0.638801, 0.230073
0.661966, 0.232327
0.685098, 0.235024
0.708157, 0.238201
0.731094, 0.241897
0.753868, 0.246132
0.776484, 0.250885
0.799036, 0.256077
0.821672, 0.261625
0.844495, 0.267522
0.867516, 0.273842
0.890692, 0.280694
0.91397, 0.288186
0.937292, 0.296433
0.960638, 0.305546
0.0322928, 0.323223
0.056038, 0.314956
0.0797497, 0.307475
0.103397, 0.300673
0.126901, 0.294434
0.150188, 0.288639
0.173213, 0.283177
0.196044, 0.278008
0.218878, 0.273212
0.241897, 0.268906
0.265142, 0.265142
0.288561, 0.261901
0.312084, 0.259141
0.335654, 0.256817
0.359229, 0.25489
0.382783, 0.253324
0.406299, 0.252088
0.429773, 0.251155
0.453207, 0.250504
0.476611, 0.25012
0.5, 0.249993
0.523389, 0.25012
0.546793, 0.250504
0.570227, 0.251155
0.593701, 0.252088
0.617217, 0.253324
0.640771, 0.25489
0.664346, 0.256817
0.687916, 0.259141
0.711439, 0.261901
0.734858, 0.265142
0.758103, 0.268906
0.781122, 0.273212
0.803956, 0.278008
0.826787, 0.283177
0.849812, 0.288639
0.873099, 0.294434
0.896603, 0.300673
0.92025, 0.307475
0.943962, 0.314956
0.967707, 0.323223
0.0259879, 0.340901
0.0500925, 0.333475
0.0741527, 0.326755
0.0981242, 0.320639
0.121906, 0.315007
0.145398, 0.309735
0.168573, 0.30472
0.191597, 0.299979
0.214756, 0.295651
0.238201, 0.291843
0.261901, 0.288561
0.285762, 0.285762
0.309703, 0.283399
0.333661, 0.281428
0.357595, 0.279808
0.381477, 0.278504
0.405292, 0.277483
0.42904, 0.276715
0.452729, 0.276181
0.476376, 0.275866
0.5, 0.275762
0.523624, 0.275866
0.547271, 0.276181
0.57096, 0.276715
0.594708, 0.277483
0.618523, 0.278504
0.642405, 0.279808
0.666339, 0.281428
0.690297, 0.283399
0.714238, 0.285762
0.738099, 0.288561
0.761799, 0.291843
0.785244, 0.295651
0.808403, 0.299979
0.831427, 0.30472
0.854602, 0.309735
0.878094, 0.315007
0.901876, 0.320639
0.925847, 0.326755
0.949907, 0.333475
0.974012, 0.340901
0.0204168, 0.358579
0.0448419, 0.351989
0.0692106, 0.346027
0.0934641, 0.340593
0.117473, 0.335567
0.141117, 0.330822
0.164414, 0.32628
0.187652, 0.322019
0.211162, 0.318204
0.235024, 0.314902
0.259141, 0.312084
0.283399, 0.309703
0.307711, 0.307711
0.332012, 0.306067
0.356256, 0.304729
0.380414, 0.303659
0.404476, 0.30282
0.428445, 0.302186
0.452339, 0.301738
0.476182, 0.301468
0.5, 0.301378
0.523818, 0.301468
0.547661, 0.301738
0.571555, 0.302186
0.595524, 0.30282
0.619586, 0.303659
0.643744, 0.304729
0.667988, 0.306067
0.692289, 0.307711
0.716601, 0.309703
0.740859, 0.312084
0.764976, 0.314902
0.788838, 0.318204
0.812348, 0.322019
0.835586, 0.32628
0.858883, 0.330822
0.882527, 0.335567
0.906536, 0.340593
0.930789, 0.346027
0.955158, 0.351989
0.979583, 0.358579
0.0155544, 0.376256
0.0402614, 0.3705
0.0648997, 0.365292
0.0893943, 0.360536
0.113586, 0.356118
0.13734, 0.351913
0.160748, 0.347875
0.184221, 0.344135
0.208082, 0.340847
0.232327, 0.338034
0.256817, 0.335654
0.281428, 0.333661
0.306067, 0.332012
0.330664, 0.330664
0.355167, 0.329572
0.379547, 0.328693
0.403796, 0.327984
0.427931, 0.327417
0.451986, 0.326986
0.476, 0.32671
0.5, 0.326614
0.524, 0.32671
0.548014, 0.326986
0.572069, 0.327417
0.596204, 0.327984
0.620453, 0.328693
0.644833, 0.329572
0.669336, 0.330664
0.693933, 0.332012
0.718572, 0.333661
0.743183, 0.335654
0.767673, 0.338034
0.791918, 0.340847
0.815779, 0.344135
0.839252, 0.347875
0.86266, 0.351913
0.886414, 0.356118
0.910606, 0.360536
0.9351, 0.365292
0.959739, 0.3705
0.984446, 0.376256
0.0113795, 0.393934
0.0363301, 0.389007
0.0611999, 0.384549
0.0858969, 0.380472
0.110232, 0.376665
0.134065, 0.373016
0.157584, 0.369514
0.181298, 0.366317
0.205488, 0.363547
0.230073, 0.361199
0.25489, 0.359229
0.279808, 0.357595
0.304729, 0.356256
0.329572, 0.355167
0.354278, 0.354278
0.378809, 0.353527
0.403166, 0.352858
0.427396, 0.352241
0.451575, 0.351699
0.475772, 0.351316
0.5, 0.351176
0.524228, 0.351316
0.548425, 0.351699
0.572604, 0.352241
0.596834, 0.352858
0.621191, 0.353527
0.645722, 0.354278
0.670428, 0.355167
0.695271, 0.356256
0.720192, 0.357595
0.74511, 0.359229
0.769927, 0.361199
0.794512, 0.363547
0.818702, 0.366317
0.842416, 0.369514
0.865935, 0.373016
0.889768, 0.376665
0.914103, 0.380472
0.9388, 0.384549
0.96367, 0.389007
0.988621, 0.393934
0.00787451, 0.411612
0.033031, 0.407511
0.058095, 0.4038
0.0829579, 0.400401
0.107402, 0.397212
0.131293, 0.394137
0.154922, 0.391196
0.178869, 0.388548
0.203349, 0.38628
0.228227, 0.384372
0.253324, 0.382783
0.278504, 0.381477
0.303659, 0.380414
0.328693, 0.379547
0.353527, 0.378809
0.378111, 0.378111
0.40246, 0.377366
0.426691, 0.376552
0.450977, 0.37578
0.475426, 0.375228
0.5, 0.375029
0.524574, 0.375228
0.549023, 0.37578
0.573309, 0.376552
0.59754, 0.377366
0.621889, 0.378111
0.646473, 0.378809
0.671307, 0.379547
0.696341, 0.380414
0.721496, 0.381477
0.746676, 0.382783
0.771773, 0.384372
0.796651, 0.38628
0.821131, 0.388548
0.845078, 0.391196
0.868707, 0.394137
0.892598, 0.397212
0.917042, 0.400401
0.941905, 0.4038
0.966969, 0.407511
0.992125, 0.411612
0.00502525, 0.429289
0.0303499, 0.426012
0.0555717, 0.423046
0.0805664, 0.420325
0.105091, 0.417762
0.129026, 0.415279
0.15276, 0.412915
0.176914, 0.410812
0.201639, 0.409027
0.226759, 0.407533
0.252088, 0.406299
0.277483, 0.405292
0.30282, 0.404476
0.327984, 0.403796
0.352858, 0.403166
0.377366, 0.40246
0.401569, 0.401569
0.425748, 0.400555
0.450204, 0.399652
0.475, 0.39906
0.5, 0.398858
0.525, 0.39906
0.549796, 0.399652
0.574252, 0.400555
0.598431, 0.401569
0.622634, 0.40246
0.647142, 0.403166
0.672016, 0.403796
0.69718, 0.404476
0.722517, 0.405292
0.747912, 0.406299
0.773241, 0.407533
0.798361, 0.409027
0.823086, 0.410812
0.84724, 0.412915
0.870974, 0.415279
0.894909, 0.417762
0.919434, 0.420325
0.944428, 0.423046
0.96965, 0.426012
0.994975, 0.429289
0.00282045, 0.446967
0.0282758, 0.444511
0.0536194, 0.442288
0.078714, 0.440246
0.103295, 0.438316
0.127263, 0.43644
0.15109, 0.434663
0.175414, 0.433097
0.200333, 0.431775
0.225644, 0.430676
0.251155, 0.429773
0.276715, 0.42904
0.302186, 0.428445
0.327417, 0.427931
0.352241, 0.427396
0.376552, 0.426691
0.400555, 0.425748
0.424761, 0.424761
0.449482, 0.423988
0.474634, 0.423526
0.5, 0.423374
0.525366, 0.423526
0.550518, 0.423988
0.575239, 0.424761
0.599445, 0.425748
0.623448, 0.426691
0.647759, 0.427396
0.672583, 0.427931
0.697814, 0.428445
0.723285, 0.42904
0.748845, 0.429773
0.774356, 0.430676
0.799667, 0.431775
0.824586, 0.433097
0.84891, 0.434663
0.872737, 0.43644
0.896705, 0.438316
0.921286, 0.440246
0.946381, 0.442288
0.971724, 0.444511
0.99718, 0.446967
0.00125157, 0.464645
0.0268001, 0.463009
0.0522304, 0.461527
0.0773949, 0.460165
0.102014, 0.458874
0.126005, 0.457617
0.149904, 0.456431
0.174354, 0.455393
0.199414, 0.454521
0.224862, 0.453798
0.250504, 0.453207
0.276181, 0.452729
0.301738, 0.452339
0.326986, 0.451986
0.351699, 0.451575
0.37578, 0.450977
0.399652, 0.450204
0.423988, 0.449482
0.448969, 0.448969
0.474385, 0.448675
0.5, 0.44858
0.525615, 0.448675
0.551031, 0.448969
0.576012, 0.449482
0.600348, 0.450204
0.62422, 0.450977
0.648301, 0.451575
0.673014, 0.451986
0.698262, 0.452339
0.723819, 0.452729
0.749496, 0.453207
0.775138, 0.453798
0.800586, 0.454521
0.825646, 0.455393
0.850096, 0.456431
0.873995, 0.457617
0.897986, 0.458874
0.922605, 0.460165
0.94777, 0.461527
0.9732, 0.463009
0.998748, 0.464645
0.000312598, 0.482322
0.0259171, 0.481505
0.0513992, 0.480764
0.0766049, 0.480083
0.101246, 0.479436
0.125251, 0.478806
0.149195, 0.478212
0.173724, 0.477695
0.198868, 0.477262
0.224399, 0.476904
0.25012, 0.476611
0.275866, 0.476376
0.301468, 0.476182
0.32671, 0.476
0.351316, 0.475772
0.375228, 0.475426
0.39906, 0.475
0.423526, 0.474634
0.448675, 0.474385
0.474244, 0.474244
0.5, 0.474198
0.525756, 0.474244
0.551325, 0.474385
0.576474, 0.474634
0.60094, 0.475
0.624772, 0.475426
0.648684, 0.475772
0.67329, 0.476
0.698532, 0.476182
0.724134, 0.476376
0.74988, 0.476611
0.775601, 0.476904
0.801132, 0.477262
0.826276, 0.477695
0.850805, 0.478212
0.874749, 0.478806
0.898754, 0.479436
0.923395, 0.480083
0.948601, 0.480764
0.974083, 0.481505
0.999687, 0.482322
0, 0.5
0.0256231, 0.5
0.0511225, 0.5
0.0763419, 0.5
0.100989, 0.5
0.124999, 0.5
0.148959, 0.5
0.173514, 0.5
0.198687, 0.5
0.224246, 0.5
0.249993, 0.5
0.275762, 0.5
0.301378, 0.5
0.326614, 0.5
0.351176, 0.5
0.375029, 0.5
0.398858, 0.5
0.423374, 0.5
0.44858, 0.5
0.474198, 0.5
0.5, 0.5
0.525802, 0.5
0.55142, 0.5
0.576626, 0.5
0.601142, 0.5
0.624971, 0.5
0.648824, 0.5
0.673386, 0.5
0.698622, 0.5
0.724238, 0.5
0.750007, 0.5
0.775754, 0.5
0.801313, 0.5
0.826486, 0.5
0.851041, 0.5
0.875001, 0.5
0.899011, 0.5
0.923658, 0.5
0.948878, 0.5
0.974377, 0.5
1, 0.5
0.000312598, 0.517678
0.0259171, 0.518495
0.0513992, 0.519236
0.0766049, 0.519917
0.101246, 0.520564
0.125251, 0.521194
0.149195, 0.521788
0.173724, 0.522305
0.198868, 0.522738
0.224399, 0.523096
0.25012, 0.523389
0.275866, 0.523624
0.301468, 0.523818
0.32671, 0.524
0.351316, 0.524228
0.375228, 0.524574
0.39906, 0.525
0.423526, 0.525366
0.448675, 0.525615
0.474244, 0.525756
0.5, 0.525802
0.525756, 0.525756
0.551325, 0.525615
0.576474, 0.525366
0.60094, 0.525
0.624772, 0.524574
0.648684, 0.524228
0.67329, 0.524
0.698532, 0.523818
0.724134, 0.523624
0.74988, 0.523389
0.775601, 0.523096
0.801132, 0.522738
0.826276, 0.522305
0.850805, 0.521788
0.874749, 0.521194
0.898754, 0.520564
0.923395, 0.519917
0.948601, 0.519236
0.974083, 0.518495
0.999687, 0.517678
0.00125157, 0.535355
0.0268001, 0.536991
0.0522304, 0.538473
0.0773949, 0.539835
0.102014, 0.541126
0.126005, 0.542383
0.149904, 0.543569
0.174354, 0.544607
0.199414, 0.545479
0.224862, 0.546202
0.250504, 0.546793
0.276181, 0.547271
0.301738, 0.547661
0.326986, 0.548014
0.351699, 0.548425
0.37578, 0.549023
0.399652, 0.549796
0.423988, 0.550518
0.448969, 0.551031
0.474385, 0.551325
0.5, 0.55142
0.525615, 0.551325
0.551031, 0.551031
0.576012, 0.550518
0.600348, 0.549796
0.62422, 0.549023
0.648301, 0.548425
0.673014, 0.548014
0.698262, 0.547661
0.723819, 0.547271
0.749496, 0.546793
0.775138, 0.546202
0.800586, 0.545479
0.825646, 0.544607
0.850096, 0.543569
0.873995, 0.542383
0.897986, 0.541126
0.922605, 0.539835
0.94777, 0.538473
0.9732, 0.536991
0.998748, 0.535355
0.00282045, 0.553033
0.0282758, 0.555489
0.0536194, 0.557712
0.078714, 0.559754
0.103295, 0.561684
0.127263, 0.56356
0.15109, 0.565337
0.175414, 0.566903
0.200333, 0.568225
0.225644, 0.569324
0.251155, 0.570227
0.276715, 0.57096
0.302186, 0.571555
0.327417, 0.572069
0.352241, 0.572604
0.376552, 0.573309
0.400555, 0.574252
0.424761, 0.575239
0.449482, 0.576012
0.474634, 0.576474
0.5, 0.576626
0.525366, 0.576474
0.550518, 0.576012
0.575239, 0.575239
0.599445, 0.574252
0.623448, 0.573309
0.647759, 0.572604
0.672583, 0.572069
0.697814, 0.571555
0.723285, 0.57096
0.748845, 0.570227
0.774356, 0.569324
0.799667, 0.568225
0.824586, 0.566903
0.84891, 0.565337
0.872737, 0.56356
0.896705, 0.561684
0.921286, 0.559754
0.946381, 0.557712
0.971724, 0.555489
0.99718, 0.553033
0.00502525, 0.570711
0.0303499, 0.573988
0.0555717, 0.576954
0.0805664, 0.579675
0.105091, 0.582238
0.129026, 0.584721
0.15276, 0.587085
0.176914, 0.589188
0.201639, 0.590973
0.226759, 0.592467
0.252088, 0.593701
0.277483, 0.594708
0.30282, 0.595524
0.327984, 0.596204
0.352858, 0.596834
0.377366, 0.59754
0.401569, 0.598431
0.425748, 0.599445
0.450204, 0.600348
0.475, 0.60094
0.5, 0.601142
0.525, 0.60094
0.549796, 0.600348
0.574252, 0.599445
0.598431, 0.598431
0.622634, 0.59754
0.647142, 0.596834
0.672016, 0.596204
0.69718, 0.595524
0.722517, 0.594708
0.747912, 0.593701
0.773241, 0.592467
0.798361, 0.590973
0.823086, 0.589188
0.84724, 0.587085
0.870974, 0.584721
0.894909, 0.582238
0.919434, 0.579675
0.944428, 0.576954
0.96965, 0.573988
0.994975, 0.570711
0.00787451, 0.588388
0.033031, 0.592489
0.058095, 0.5962
0.0829579, 0.599599
0.107402, 0.602788
0.131293, 0.605863
0.154922, 0.608804
0.178869, 0.611452
0.203349, 0.61372
0.228227, 0.615628
0.253324, 0.617217
0.278504, 0.618523
0.303659, 0.619586
0.328693, 0.620453
0.353527, 0.621191
0.378111, 0.621889
0.40246, 0.622634
0.426691, 0.623448
0.450977, 0.62422
0.475426, 0.624772
0.5, 0.624971
0.524574, 0.624772
0.549023, 0.62422
0.573309, 0.623448
0.59754, 0.622634
0.621889, 0.621889
0.646473, 0.621191
0.671307, 0.620453
0.696341, 0.619586
0.721496, 0.618523
0.746676, 0.617217
0.771773, 0.615628
0.796651, 0.61372
0.821131, 0.611452
0.845078, 0.608804
0.868707, 0.605863
0.892598, 0.602788
0.917042, 0.599599
0.941905, 0.5962
0.966969, 0.592489
0.992125, 0.588388
0.0113795, 0.606066
0.0363301, 0.610993
0.0611999, 0.615451
0.0858969, 0.619528
0.110232, 0.623335
0.134065, 0.626984
0.157584, 0.630486
0.181298, 0.633683
0.205488, 0.636453
0.230073, 0.638801
0.25489, 0.640771
0.279808, 0.642405
0.304729, 0.643744
0.329572, 0.644833
0.354278, 0.645722
0.378809, 0.646473
0.403166, 0.647142
0.427396, 0.647759
0.451575, 0.648301
0.475772, 0.648684
0.5, 0.648824
0.524228, 0.648684
0.548425, 0.648301
0.572604, 0.647759
0.596834, 0.647142
0.621191, 0.646473
0.645722, 0.645722
0.670428, 0.644833
0.695271, 0.643744
0.720192, 0.642405
0.74511, 0.640771
0.769927, 0.638801
0.794512, 0.636453
0.818702, 0.633683
0.842416, 0.630486
0.865935, 0.626984
0.889768, 0.623335
0.914103, 0.619528
0.9388, 0.615451
0.96367, 0.610993
0.988621, 0.606066
0.0155544, 0.623744
0.0402614, 0.6295
0.0648997, 0.634708
0.0893943, 0.639464
0.113586, 0.643882
0.13734, 0.648087
0.160748, 0.652125
0.184221, 0.655865
0.208082, 0.659153
0.232327, 0.661966
0.256817, 0.664346
0.281428, 0.666339
0.306067, 0.667988
0.330664, 0.669336
0.355167, 0.670428
0.379547, 0.671307
0.403796, 0.672016
0.427931, 0.672583
0.451986, 0.673014
0.476, 0.67329
0.5, 0.673386
0.524, 0.67329
0.548014, 0.673014
0.572069, 0.672583
0.596204, 0.672016
0.620453, 0.671307
0.644833, 0.670428
0.669336, 0.669336
0.693933, 0.667988
0.718572, 0.666339
0.743183, 0.664346
0.767673, 0.661966
0.791918, 0.659153
0.815779, 0.655865
0.839252, 0.652125
0.86266, 0.648087
0.886414, 0.643882
0.910606, 0.639464
0.9351, 0.634708
0.959739, 0.6295
0.984446, 0.623744
0.0204168, 0.641421
0.0448419, 0.648011
0.0692106, 0.653973
0.0934641, 0.659407
0.117473, 0.664433
0.141117, 0.669178
0.164414, 0.67372
0.187652, 0.677981
0.211162, 0.681796
0.235024, 0.685098
0.259141, 0.687916
0.283399, 0.690297
0.307711, 0.692289
0.332012, 0.693933
0.356256, 0.695271
0.380414, 0.696341
0.404476, 0.69718
0.428445, 0.697814
0.452339, 0.698262
0.476182, 0.698532
0.5, 0.698622
0.523818, 0.698532
0.547661, 0.698262
0.571555, 0.697814
0.595524, 0.69718
0.619586, 0.696341
0.643744, 0.695271
0.667988, 0.693933
0.692289, 0.692289
0.716601, 0.690297
0.740859, 0.687916
0.764976, 0.685098
0.788838, 0.681796
0.812348, 0.677981
0.835586, 0.67372
0.858883, 0.669178
0.882527, 0.664433
0.906536, 0.659407
0.930789, 0.653973
0.955158, 0.648011
0.979583, 0.641421
0.0259879, 0.659099
0.0500925, 0.666525
0.0741527, 0.673245
0.0981242, 0.679361
0.121906, 0.684993
0.145398, 0.690265
0.168573, 0.69528
0.191597, 0.700021
0.214756, 0.704349
0.238201, 0.708157
0.261901, 0.711439
0.285762, 0.714238
0.309703, 0.716601
0.333661, 0.718572
0.357595, 0.720192
0.381477, 0.721496
0.405292, 0.722517
0.42904, 0.723285
0.452729, 0.723819
0.476376, 0.724134
0.5, 0.724238
0.523624, 0.724134
0.547271, 0.723819
0.57096, 0.723285
0.594708, 0.722517
0.618523, 0.721496
0.642405, 0.720192
0.666339, 0.718572
0.690297, 0.716601
0.714238, 0.714238
0.738099, 0.711439
0.761799, 0.708157
0.785244, 0.704349
0.808403, 0.700021
0.831427, 0.69528
0.854602, 0.690265
0.878094, 0.684993
0.901876, 0.679361
0.925847, 0.673245
0.949907, 0.666525
0.974012, 0.659099
0.0322928, 0.676777
0.056038, 0.685044
0.0797497, 0.692525
0.103397, 0.699327
0.126901, 0.705566
0.150188, 0.711361
0.173213, 0.716823
0.196044, 0.721992
0.218878, 0.726788
0.241897, 0.731094
0.265142, 0.734858
0.288561, 0.738099
0.312084, 0.740859
0.335654, 0.743183
0.359229, 0.74511
0.382783, 0.746676
0.406299, 0.747912
0.429773, 0.748845
0.453207, 0.749496
0.476611, 0.74988
0.5, 0.750007
0.523389, 0.74988
0.546793, 0.749496
0.570227, 0.748845
0.593701, 0.747912
0.617217, 0.746676
0.640771, 0.74511
0.664346, 0.743183
0.687916, 0.740859
0.711439, 0.738099
0.734858, 0.734858
0.758103, 0.731094
0.781122, 0.726788
0.803956, 0.721992
0.826787, 0.716823
0.849812, 0.711361
0.873099, 0.705566
0.896603, 0.699327
0.92025, 0.692525
0.943962, 0.685044
0.967707, 0.676777
0.0393619, 0.694454
0.062708, 0.703567
0.0860302, 0.711814
0.109308, 0.719306
0.132484, 0.726158
0.155505, 0.732478
0.178328, 0.738375
0.200964, 0.743923
0.223516, 0.749115
0.246132, 0.753868
0.268906, 0.758103
0.291843, 0.761799
0.314902, 0.764976
0.338034, 0.767673
0.361199, 0.769927
0.384372, 0.771773
0.407533, 0.773241
0.430676, 0.774356
0.453798, 0.775138
0.476904, 0.775601
0.5, 0.775754
0.523096, 0.775601
0.546202, 0.775138
0.569324, 0.774356
0.592467, 0.773241
0.615628, 0.771773
0.638801, 0.769927
0.661966, 0.767673
0.685098, 0.764976
0.708157, 0.761799
0.731094, 0.758103
0.753868, 0.753868
0.776484, 0.749115
0.799036, 0.743923
0.821672, 0.738375
0.844495, 0.732478
0.867516, 0.726158
0.890692, 0.719306
0.91397, 0.711814
0.937292, 0.703567
0.960638, 0.694454
0.0472307, 0.712132
0.0701372, 0.722094
0.0930279, 0.731112
0.115891, 0.7393
0.138685, 0.74677
0.161373, 0.753625
0.183924, 0.759962
0.206328, 0.765866
0.228621, 0.771379
0.250885, 0.776484
0.273212, 0.781122
0.295651, 0.785244
0.318204, 0.788838
0.340847, 0.791918
0.363547, 0.794512
0.38628, 0.796651
0.409027, 0.798361
0.431775, 0.799667
0.454521, 0.800586
0.477262, 0.801132
0.5, 0.801313
0.522738, 0.801132
0.545479, 0.800586
0.568225, 0.799667
0.590973, 0.798361
0.61372, 0.796651
0.636453, 0.794512
0.659153, 0.791918
0.681796, 0.788838
0.704349, 0.785244
0.726788, 0.781122
0.749115, 0.776484
0.771379, 0.771379
0.793672, 0.765866
0.816076, 0.759962
0.838627, 0.753625
0.861315, 0.74677
0.884109, 0.7393
0.906972, 0.731112
0.929863, 0.722094
0.952769, 0.712132
0.055942, 0.72981
0.0783672, 0.740625
0.100783, 0.750419
0.123185, 0.759309
0.145542, 0.767407
0.16783, 0.774809
0.19003, 0.781604
0.212129, 0.787871
0.234134, 0.793672
0.256077, 0.799036
0.278008, 0.803956
0.299979, 0.808403
0.322019, 0.812348
0.344135, 0.815779
0.366317, 0.818702
0.388548, 0.821131
0.410812, 0.823086
0.433097, 0.824586
0.455393, 0.825646
0.477695, 0.826276
0.5, 0.826486
0.522305, 0.826276
0.544607, 0.825646
0.566903, 0.824586
0.589188, 0.823086
0.611452, 0.821131
0.633683, 0.818702
0.655865, 0.815779
0.677981, 0.812348
0.700021, 0.808403
0.721992, 0.803956
0.743923, 0.799036
0.765866, 0.793672
0.787871, 0.787871
0.80997, 0.781604
0.83217, 0.774809
0.854458, 0.767407
0.876815, 0.759309
0.899217, 0.750419
0.921633, 0.740625
0.944058, 0.72981
0.0655463, 0.747487
0.0874471, 0.759159
0.109343, 0.769733
0.131235, 0.779332
0.1531, 0.788067
0.174923, 0.796032
0.196691, 0.803309
0.218396, 0.80997
0.240038, 0.816076
0.261625, 0.821672
0.283177, 0.826787
0.30472, 0.831427
0.32628, 0.835586
0.347875, 0.839252
0.369514, 0.842416
0.391196, 0.845078
0.412915, 0.84724
0.434663, 0.84891
0.456431, 0.850096
0.478212, 0.850805
0.5, 0.851041
0.521788, 0.850805
0.543569, 0.850096
0.565337, 0.84891
0.587085, 0.84724
0.608804, 0.845078
0.630486, 0.842416
0.652125, 0.839252
0.67372, 0.835586
0.69528, 0.831427
0.716823, 0.826787
0.738375, 0.821672
0.759962, 0.816076
0.781604, 0.80997
0.803309, 0.803309
0.825077, 0.796032
0.8469, 0.788067
0.868765, 0.779332
0.890657, 0.769733
0.912553, 0.759159
0.934454, 0.747487
0.0761044, 0.765165
0.0974357, 0.777696
0.118766, 0.789054
0.140097, 0.799367
0.161414, 0.808749
0.182708, 0.817292
0.203968, 0.825077
0.225191, 0.83217
0.246375, 0.838627
0.267522, 0.844495
0.288639, 0.849812
0.309735, 0.854602
0.330822, 0.858883
0.351913, 0.86266
0.373016, 0.865935
0.394137, 0.868707
0.415279, 0.870974
0.43644, 0.872737
0.457617, 0.873995
0.478806, 0.874749
0.5, 0.875001
0.521194, 0.874749
0.542383, 0.873995
0.56356, 0.872737
0.584721, 0.870974
0.605863, 0.868707
0.626984, 0.865935
0.648087, 0.86266
0.669178, 0.858883
0.690265, 0.854602
0.711361, 0.849812
0.732478, 0.844495
0.753625, 0.838627
0.774809, 0.83217
0.796032, 0.825077
0.817292, 0.817292
0.838586, 0.808749
0.859903, 0.799367
0.881234, 0.789054
0.902564, 0.777696
0.923896, 0.765165
0.0876894, 0.782843
0.108404, 0.796236
0.129118, 0.80838
0.149837, 0.819412
0.170551, 0.829449
0.191251, 0.838586
0.211933, 0.8469
0.232593, 0.854458
0.25323, 0.861315
0.273842, 0.867516
0.294434, 0.873099
0.315007, 0.878094
0.335567, 0.882527
0.356118, 0.886414
0.376665, 0.889768
0.397212, 0.892598
0.417762, 0.894909
0.438316, 0.896705
0.458874, 0.897986
0.479436, 0.898754
0.5, 0.899011
0.520564, 0.898754
0.541126, 0.897986
0.561684, 0.896705
0.582238, 0.894909
0.602788, 0.892598
0.623335, 0.889768
0.643882, 0.886414
0.664433, 0.882527
0.684993, 0.878094
0.705566, 0.873099
0.726158, 0.867516
0.74677, 0.861315
0.767407, 0.854458
0.788067, 0.8469
0.808749, 0.838586
0.829449, 0.829449
0.850163, 0.819412
0.870882, 0.80838
0.891596, 0.796236
0.912311, 0.782843
0.100391, 0.80052
0.120437, 0.814775
0.140484, 0.827709
0.160536, 0.839464
0.180588, 0.850163
0.200633, 0.859903
0.220668, 0.868765
0.240691, 0.876815
0.2607, 0.884109
0.280694, 0.890692
0.300673, 0.896603
0.320639, 0.901876
0.340593, 0.906536
0.360536, 0.910606
0.380472, 0.914103
0.400401, 0.917042
0.420325, 0.919434
0.440246, 0.921286
0.460165, 0.922605
0.480083, 0.923395
0.5, 0.923658
0.519917, 0.923395
0.539835, 0.922605
0.559754, 0.921286
0.579675, 0.919434
0.599599, 0.917042
0.619528, 0.914103
0.639464, 0.910606
0.659407, 0.906536
0.679361, 0.901876
0.699327, 0.896603
0.719306, 0.890692
0.7393, 0.884109
0.759309, 0.876815
0.779332, 0.868765
0.799367, 0.859903
0.819412, 0.850163
0.839464, 0.839464
0.859516, 0.827709
0.879563, 0.814775
0.899609, 0.80052
0.114319, 0.818198
0.133641, 0.833315
0.152964, 0.847036
0.172291, 0.859516
0.19162, 0.870882
0.210946, 0.881234
0.230267, 0.890657
0.249581, 0.899217
0.268888, 0.906972
0.288186, 0.91397
0.307475, 0.92025
0.326755, 0.925847
0.346027, 0.930789
0.365292, 0.9351
0.384549, 0.9388
0.4038, 0.941905
0.423046, 0.944428
0.442288, 0.946381
0.461527, 0.94777
0.480764, 0.948601
0.5, 0.948878
0.519236, 0.948601
0.538473, 0.94777
0.557712, 0.946381
0.576954, 0.944428
0.5962, 0.941905
0.615451, 0.9388
0.634708, 0.9351
0.653973, 0.930789
0.673245, 0.925847
0.692525, 0.92025
0.711814, 0.91397
0.731112, 0.906972
0.750419, 0.899217
0.769733, 0.890657
0.789054, 0.881234
0.80838, 0.870882
0.827709, 0.859516
0.847036, 0.847036
0.866359, 0.833315
0.885681, 0.818198
0.129612, 0.835876
0.148149, 0.851851
0.166685, 0.866359
0.185225, 0.879563
0.203764, 0.891596
0.222304, 0.902564
0.240841, 0.912553
0.259375, 0.921633
0.277906, 0.929863
0.296433, 0.937292
0.314956, 0.943962
0.333475, 0.949907
0.351989, 0.955158
0.3705, 0.959739
0.389007, 0.96367
0.407511, 0.966969
0.426012, 0.96965
0.444511, 0.971724
0.463009, 0.9732
0.481505, 0.974083
0.5, 0.974377
0.518495, 0.974083
0.536991, 0.9732
0.555489, 0.971724
0.573988, 0.96965
0.592489, 0.966969
0.610993, 0.96367
0.6295, 0.959739
0.648011, 0.955158
0.666525, 0.949907
0.685044, 0.943962
0.703567, 0.937292
0.722094, 0.929863
0.740625, 0.921633
0.759159, 0.912553
0.777696, 0.902564
0.796236, 0.891596
0.814775, 0.879563
0.833315, 0.866359
0.851851, 0.851851
0.870388, 0.835876
0.146447, 0.853553
0.164124, 0.870388
0.181802, 0.885681
0.19948, 0.899609
0.217157, 0.912311
0.234835, 0.923896
0.252513, 0.934454
0.27019, 0.944058
0.287868, 0.952769
0.305546, 0.960638
0.323223, 0.967707
0.340901, 0.974012
0.358579, 0.979583
0.376256, 0.984446
0.393934, 0.988621
0.411612, 0.992125
0.429289, 0.994975
0.446967, 0.99718
0.464645, 0.998748
0.482322, 0.999687
0.5, 1
0.517678, 0.999687
0.535355, 0.998748
0.553033, 0.99718
0.570711, 0.994975
0.588388, 0.992125
0.606066, 0.988621
0.623744, 0.984446
0.641421, 0.979583
0.659099, 0.974012
0.676777, 0.967707
0.694454, 0.960638
0.712132, 0.952769
0.72981, 0.944058
0.747487, 0.934454
0.765165, 0.923896
0.782843, 0.912311
0.80052, 0.899609
0.818198, 0.885681
0.835876, 0.870388
0.853553, 0.853553
0.146885, 0.146885
0.165002, 0.131256
0.18312, 0.117043
0.201238, 0.104092
0.219357, 0.0922824
0.237474, 0.0815167
0.255589, 0.0717157
0.273703, 0.062814
0.291815, 0.0547571
0.309925, 0.0474994
0.328034, 0.0410025
0.346141, 0.0352341
0.364246, 0.030167
0.38235, 0.0257784
0.400452, 0.0220494
0.418553, 0.0189643
0.436653, 0.0165106
0.454753, 0.0146786
0.472852, 0.0134612
0.490951, 0.0128537
0.509049, 0.0128537
0.527148, 0.0134612
0.545247, 0.0146786
0.563347, 0.0165106
0.581447, 0.0189643
0.599548, 0.0220494
0.61765, 0.0257784
0.635754, 0.030167
0.653859, 0.0352341
0.671966, 0.0410025
0.690075, 0.0474994
0.708185, 0.0547571
0.726297, 0.062814
0.744411, 0.0717157
0.762526, 0.0815167
0.780643, 0.0922824
0.798762, 0.104092
0.81688, 0.117043
0.834998, 0.131256
0.853115, 0.146885
0.131256, 0.165002
0.150189, 0.150189
0.169127, 0.136726
0.188067, 0.124465
0.207005, 0.113291
0.225941, 0.10311
0.244873, 0.0938468
0.2638, 0.0854374
0.282721, 0.0778295
0.301637, 0.0709789
0.320548, 0.0648487
0.339453, 0.0594075
0.358353, 0.054629
0.377249, 0.0504913
0.396141, 0.046976
0.415029, 0.0440681
0.433915, 0.0417557
0.452798, 0.0400292
0.471679, 0.038882
0.49056, 0.0383095
0.50944, 0.0383095
0.528321, 0.038882
0.547202, 0.0400292
0.566085, 0.0417557
0.584971, 0.0440681
0.603859, 0.046976
0.622751, 0.0504913
0.641647, 0.054629
0.660547, 0.0594075
0.679452, 0.0648487
0.698363, 0.0709789
0.717279, 0.0778295
0.7362, 0.0854374
0.755127, 0.0938468
0.774059, 0.10311
0.792995, 0.113291
0.811933, 0.124465
0.830873, 0.136726
0.849811, 0.150189
0.868744, 0.165002
0.117043, 0.18312
0.136726, 0.169127
0.156416, 0.156416
0.176108, 0.144847
0.195797, 0.134309
0.21548, 0.124711
0.235154, 0.115981
0.254819, 0.108057
0.274474, 0.100888
0.294119, 0.094433
0.313754, 0.0886555
0.333381, 0.0835259
0.353, 0.0790193
0.372612, 0.0751153
0.392218, 0.0717969
0.41182, 0.0690505
0.431419, 0.0668656
0.451015, 0.0652337
0.47061, 0.064149
0.490203, 0.0636076
0.509797, 0.0636076
0.52939, 0.064149
0.548985, 0.0652337
0.568581, 0.0668656
0.58818, 0.0690505
0.607782, 0.0717969
0.627388, 0.0751153
0.647, 0.0790193
0.666619, 0.0835259
0.686246, 0.0886555
0.705881, 0.094433
0.725526, 0.100888
0.745181, 0.108057
0.764846, 0.115981
0.78452, 0.124711
0.804203, 0.134309
0.823892, 0.144847
0.843584, 0.156416
0.863274, 0.169127
0.882957, 0.18312
0.104092, 0.201238
0.124465, 0.188067
0.144847, 0.176108
0.165228, 0.165228
0.185602, 0.155321
0.205964, 0.146298
0.226311, 0.138089
0.246642, 0.130635
0.266957, 0.123886
0.287255, 0.117802
0.307541, 0.112349
0.327814, 0.107499
0.348079, 0.103229
0.368339, 0.0995234
0.388595, 0.0963672
0.408849, 0.0937504
0.429103, 0.091665
0.449358, 0.0901055
0.469614, 0.0890679
0.489871, 0.0885496
0.510129, 0.0885496
0.530386, 0.0890679
0.550642, 0.0901055
0.570897, 0.091665
0.591151, 0.0937504
0.611405, 0.0963672
0.631661, 0.0995234
0.651921, 0.103229
0.672186, 0.107499
0.692459, 0.112349
0.712745, 0.117802
0.733043, 0.123886
0.753358, 0.130635
0.773689, 0.138089
0.794036, 0.146298
0.814398, 0.155321
0.834772, 0.165228
0.855153, 0.176108
0.875535, 0.188067
0.895908, 0.201238
0.0922824, 0.219357
0.113291, 0.207005
0.134309, 0.195797
0.155321, 0.185602
0.176318, 0.176318
0.197293, 0.167859
0.218244, 0.160155
0.239168, 0.153147
0.260066, 0.146787
0.280941, 0.141036
0.301799, 0.135862
0.322646, 0.131242
0.343488, 0.127158
0.364331, 0.1236
0.38518, 0.12056
0.406038, 0.118032
0.426906, 0.116013
0.447782, 0.114501
0.468666, 0.113494
0.489555, 0.11299
0.510445, 0.11299
0.531334, 0.113494
0.552218, 0.114501
0.573094, 0.116013
0.593962, 0.118032
0.61482, 0.12056
0.635669, 0.1236
0.656512, 0.127158
0.677354, 0.131242
0.698201, 0.135862
0.719059, 0.141036
0.739934, 0.146787
0.760832, 0.153147
0.781756, 0.160155
0.802707, 0.167859
0.823682, 0.176318
0.844679, 0.185602
0.865691, 0.195797
0.886709, 0.207005
0.907718, 0.219357
0.0815167, 0.237474
0.10311, 0.225941
0.124711, 0.21548
0.146298, 0.205964
0.167859, 0.197293
0.189383, 0.189383
0.210867, 0.182162
0.232307, 0.175571
0.253708, 0.169561
0.275079, 0.164096
0.296433, 0.159152
0.317784, 0.154715
0.339146, 0.15078
0.360528, 0.147345
0.381934, 0.144409
0.403364, 0.14197
0.424816, 0.140025
0.446285, 0.138571
0.467766, 0.137605
0.489254, 0.137122
0.510746, 0.137122
0.532234, 0.137605
0.553715, 0.138571
0.575184, 0.140025
0.596636, 0.14197
0.618066, 0.144409
0.639472, 0.147345
0.660854, 0.15078
0.682216, 0.154715
0.703567, 0.159152
0.724921, 0.164096
0.746292, 0.169561
0.767693, 0.175571
0.789133, 0.182162
0.810617, 0.189383
0.832141, 0.197293
0.853702, 0.205964
0.875289, 0.21548
0.89689, 0.225941
0.918483, 0.237474
0.0717157, 0.255589
0.0938468, 0.244873
0.115981, 0.235154
0.138089, 0.226311
0.160155, 0.218244
0.182162, 0.210867
0.204105, 0.204105
0.225981, 0.197897
0.247805, 0.1922
0.269599, 0.186989
0.291393, 0.182258
0.313212, 0.178013
0.335071, 0.174262
0.356975, 0.171007
0.378919, 0.168245
0.400896, 0.165968
0.422898, 0.164164
0.444917, 0.162822
0.466946, 0.161933
0.488981, 0.16149
0.511019, 0.16149
0.533054, 0.161933
0.555083, 0.162822
0.577102, 0.164164
0.599104, 0.165968
0.621081, 0.168245
0.643025, 0.171007
0.664929, 0.174262
0.686788, 0.178013
0.708607, 0.182258
0.730401, 0.186989
0.752195, 0.1922
0.774019, 0.197897
0.795895, 0.204105
0.817838, 0.210867
0.839845, 0.218244
0.861911, 0.226311
0.884019, 0.235154
0.906153, 0.244873
0.928284, 0.255589
0.062814, 0.273703
0.0854374, 0.2638
0.108057, 0.254819
0.130635, 0.246642
0.153147, 0.239168
0.175571, 0.232307
0.197897, 0.225981
0.220134, 0.220134
0.242315, 0.214736
0.264493, 0.209793
0.286714, 0.205327
0.309001, 0.201356
0.331359, 0.197885
0.353774, 0.194907
0.376231, 0.192403
0.398716, 0.190354
0.421217, 0.18874
0.443724, 0.187545
0.466234, 0.186756
0.488745, 0.186363
0.511255, 0.186363
0.533766, 0.186756
0.556276, 0.187545
0.578783, 0.18874
0.601284, 0.190354
0.623769, 0.192403
0.646226, 0.194907
0.668641, 0.197885
0.690999, 0.201356
0.713286, 0.205327
0.735507, 0.209793
0.757685, 0.214736
0.779866, 0.220134
0.802103, 0.225981
0.824429, 0.232307
0.846853, 0.239168
0.869365, 0.246642
0.891943, 0.254819
0.914563, 0.2638
0.937186, 0.273703
0.0547571, 0.291815
0.0778295, 0.282721
0.100888, 0.274474
0.123886, 0.266957
0.146787, 0.260066
0.169561, 0.253708
0.1922, 0.247805
0.214736, 0.242315
0.237246, 0.237246
0.25981, 0.232636
0.282473, 0.228522
0.305238, 0.224912
0.328083, 0.221794
0.350982, 0.219143
0.37391, 0.216931
0.396848, 0.215132
0.419784, 0.213722
0.442713, 0.212682
0.465632, 0.211997
0.488545, 0.211657
0.511455, 0.211657
0.534368, 0.211997
0.557287, 0.212682
0.580216, 0.213722
0.603152, 0.215132
0.62609, 0.216931
0.649018, 0.219143
0.671917, 0.221794
0.694762, 0.224912
0.717527, 0.228522
0.74019, 0.232636
0.762754, 0.237246
0.785264, 0.242315
0.8078, 0.247805
0.830439, 0.253708
0.853213, 0.260066
0.876114, 0.266957
0.899112, 0.274474
0.922171, 0.282721
0.945243, 0.291815
0.0474994, 0.309925
0.0709789, 0.301637
0.094433, 0.294119
0.117802, 0.287255
0.141036, 0.280941
0.164096, 0.275079
0.186989, 0.269599
0.209793, 0.264493
0.232636, 0.25981
0.255607, 0.255607
0.278721, 0.251908
0.301951, 0.248701
0.325254, 0.245956
0.348592, 0.243641
0.371938, 0.241723
0.395271, 0.240172
0.418582, 0.238964
0.441868, 0.238077
0.465131, 0.237494
0.488379, 0.237205
0.511621, 0.237205
0.534869, 0.237494
0.558132, 0.238077
0.581418, 0.238964
0.604729, 0.240172
0.628062, 0.241723
0.651408, 0.243641
0.674746, 0.245956
0.698049, 0.248701
0.721279, 0.251908
0.744393, 0.255607
0.767364, 0.25981
0.790207, 0.264493
0.813011, 0.269599
0.835904, 0.275079
0.858964, 0.280941
0.882198, 0.287255
0.905567, 0.294119
0.929021, 0.301637
0.952501, 0.309925
0.0410025, 0.328034
0.0648487, 0.320548
0.0886555, 0.313754
0.112349, 0.307541
0.135862, 0.301799
0.159152, 0.296433
0.182258, 0.291393
0.205327, 0.286714
0.228522, 0.282473
0.251908, 0.278721
0.27546, 0.27546
0.299122, 0.272659
0.32284, 0.270283
0.34657, 0.268294
0.370282, 0.266658
0.393957, 0.265345
0.417586, 0.264326
0.441171, 0.26358
0.464718, 0.263092
0.488242, 0.26285
0.511758, 0.26285
0.535282, 0.263092
0.558829, 0.26358
0.582414, 0.264326
0.606043, 0.265345
0.629718, 0.266658
0.65343, 0.268294
0.67716, 0.270283
0.700878, 0.272659
0.72454, 0.27546
0.748092, 0.278721
0.771478, 0.282473
0.794673, 0.286714
0.817742, 0.291393
0.840848, 0.296433
0.864138, 0.301799
0.887651, 0.307541
0.911344, 0.313754
0.935151, 0.320548
0.958998, 0.328034
0.0352341, 0.346141
0.0594075, 0.339453
0.0835259, 0.333381
0.107499, 0.327814
0.131242, 0.322646
0.154715, 0.317784
0.178013, 0.313212
0.201356, 0.309001
0.224912, 0.305238
0.248701, 0.301951
0.272659, 0.299122
0.296714, 0.296714
0.320803, 0.294688
0.344878, 0.293007
0.368906, 0.291633
0.39287, 0.290534
0.416764, 0.289681
0.440595, 0.289055
0.464377, 0.288641
0.488129, 0.288436
0.511871, 0.288436
0.535623, 0.288641
0.559405, 0.289055
0.583236, 0.289681
0.60713, 0.290534
0.631094, 0.291633
0.655122, 0.293007
0.679197, 0.294688
0.703286, 0.296714
0.727341, 0.299122
0.751299, 0.301951
0.775088, 0.305238
0.798644, 0.309001
0.821987, 0.313212
0.845285, 0.317784
0.868758, 0.322646
0.892501, 0.327814
0.916474, 0.333381
0.940593, 0.339453
0.964766, 0.346141
0.030167, 0.364246
0.054629, 0.358353
0.0790193, 0.353
0.103229, 0.348079
0.127158, 0.343488
0.15078, 0.339146
0.174262, 0.335071
0.197885, 0.331359
0.221794, 0.328083
0.245956, 0.325254
0.270283, 0.32284
0.294688, 0.320803
0.319103, 0.319103
0.343476, 0.317702
0.36777, 0.316559
0.391969, 0.315637
0.416073, 0.314908
0.440102, 0.314357
0.464079, 0.313981
0.488029, 0.313789
0.511971, 0.313789
0.535921, 0.313981
0.559898, 0.314357
0.583927, 0.314908
0.608031, 0.315637
0.63223, 0.316559
0.656524, 0.317702
0.680897, 0.319103
0.705312, 0.320803
0.729717, 0.32284
0.754044, 0.325254
0.778206, 0.328083
0.802115, 0.331359
0.825738, 0.335071
0.84922, 0.339146
0.872842, 0.343488
0.896771, 0.348079
0.920981, 0.353
0.945371, 0.358353
0.969833, 0.364246
0.0257784, 0.38235
0.0504913, 0.377249
0.0751153, 0.372612
0.0995234, 0.368339
0.1236, 0.364331
0.147345, 0.360528
0.171007, 0.356975
0.194907, 0.353774
0.219143, 0.350982
0.243641, 0.348592
0.268294, 0.34657
0.293007, 0.344878
0.317702, 0.343476
0.34232, 0.34232
0.366822, 0.341365
0.391192, 0.340565
0.415446, 0.339891
0.439623, 0.339337
0.463772, 0.33893
0.487922, 0.338711
0.512078, 0.338711
0.536228, 0.33893
0.560377, 0.339337
0.584554, 0.339891
0.608808, 0.340565
0.633178, 0.341365
0.65768, 0.34232
0.682298, 0.343476
0.706993, 0.344878
0.731706, 0.34657
0.756359, 0.348592
0.780857, 0.350982
0.805093, 0.353774
0.828993, 0.356975
0.852655, 0.360528
0.8764, 0.364331
0.900477, 0.368339
0.924885, 0.372612
0.949509, 0.377249
0.974222, 0.38235
0.0220494, 0.400452
0.046976, 0.396141
0.0717969, 0.392218
0.0963672, 0.388595
0.12056, 0.38518
0.144409, 0.381934
0.168245, 0.378919
0.192403, 0.376231
0.216931, 0.37391
0.241723, 0.371938
0.266658, 0.370282
0.291633, 0.368906
0.316559, 0.36777
0.341365, 0.366822
0.366003, 0.366003
0.390462, 0.365254
0.414785, 0.36454
0.439062, 0.363881
0.463386, 0.363357
0.487784, 0.363063
0.512216, 0.363063
0.536614, 0.363357
0.560938, 0.363881
0.585215, 0.36454
0.609538, 0.365254
0.633997, 0.366003
0.658635, 0.366822
0.683441, 0.36777
0.708367, 0.368906
0.733342, 0.370282
0.758277, 0.371938
0.783069, 0.37391
0.807597, 0.376231
0.831755, 0.378919
0.855591, 0.381934
0.87944, 0.38518
0.903633, 0.388595
0.928203, 0.392218
0.953024, 0.396141
0.977951, 0.400452
0.0189643, 0.418553
0.0440681, 0.415029
0.0690505, 0.41182
0.0937504, 0.408849
0.118032, 0.406038
0.14197, 0.403364
0.165968, 0.400896
0.190354, 0.398716
0.215132, 0.396848
0.240172, 0.395271
0.265345, 0.393957
0.290534, 0.39287
0.315637, 0.391969
0.340565, 0.391192
0.365254, 0.390462
0.389698, 0.389698
0.414004, 0.388875
0.438361, 0.388071
0.4629, 0.387431
0.487611, 0.38708
0.512389, 0.38708
0.5371, 0.387431
0.561639, 0.388071
0.585996, 0.388875
0.610302, 0.389698
0.634746, 0.390462
0.659435, 0.391192
0.684363, 0.391969
0.709466, 0.39287
0.734655, 0.393957
0.759828, 0.395271
0.784868, 0.396848
0.809646, 0.398716
0.834032, 0.400896
0.85803, 0.403364
0.881968, 0.406038
0.90625, 0.408849
0.930949, 0.41182
0.955932, 0.415029
0.981036, 0.418553
0.0165106, 0.436653
0.0417557, 0.433915
0.0668656, 0.431419
0.091665, 0.429103
0.116013, 0.426906
0.140025, 0.424816
0.164164, 0.422898
0.18874, 0.421217
0.213722, 0.419784
0.238964, 0.418582
0.264326, 0.417586
0.289681, 0.416764
0.314908, 0.416073
0.339891, 0.415446
0.36454, 0.414785
0.388875, 0.414004
0.413128, 0.413128
0.437598, 0.412303
0.462394, 0.411691
0.487436, 0.411375
0.512564, 0.411375
0.537606, 0.411691
0.562402, 0.412303
0.586872, 0.413128
0.611125, 0.414004
0.63546, 0.414785
0.660109, 0.415446
0.685092, 0.416073
0.710319, 0.416764
0.735674, 0.417586
0.761036, 0.418582
0.786278, 0.419784
0.81126, 0.421217
0.835836, 0.422898
0.859975, 0.424816
0.883987, 0.426906
0.908335, 0.429103
0.933134, 0.431419
0.958244, 0.433915
0.983489, 0.436653
0.0146786, 0.454753
0.0400292, 0.452798
0.0652337, 0.451015
0.0901055, 0.449358
0.114501, 0.447782
0.138571, 0.446285
0.162822, 0.444917
0.187545, 0.443724
0.212682, 0.442713
0.238077, 0.441868
0.26358, 0.441171
0.289055, 0.440595
0.314357, 0.440102
0.339337, 0.439623
0.363881, 0.439062
0.388071, 0.438361
0.412303, 0.437598
0.43693, 0.43693
0.461979, 0.43647
0.487297, 0.436241
0.512703, 0.436241
0.538021, 0.43647
0.56307, 0.43693
0.587697, 0.437598
0.611929, 0.438361
0.636119, 0.439062
0.660663, 0.439623
0.685643, 0.440102
0.710945, 0.440595
0.73642, 0.441171
0.761923, 0.441868
0.787318, 0.442713
0.812455, 0.443724
0.837178, 0.444917
0.861429, 0.446285
0.885499, 0.447782
0.909894, 0.449358
0.934766, 0.451015
0.959971, 0.452798
0.985321, 0.454753
0.0134612, 0.472852
0.038882, 0.471679
0.064149, 0.47061
0.0890679, 0.469614
0.113494, 0.468666
0.137605, 0.467766
0.161933, 0.466946
0.186756, 0.466234
0.211997, 0.465632
0.237494, 0.465131
0.263092, 0.464718
0.288641, 0.464377
0.313981, 0.464079
0.33893, 0.463772
0.363357, 0.463386
0.387431, 0.4629
0.411691, 0.462394
0.43647, 0.461979
0.461704, 0.461704
0.487206, 0.461569
0.512794, 0.461569
0.538296, 0.461704
0.56353, 0.461979
0.588309, 0.462394
0.612569, 0.4629
0.636643, 0.463386
0.66107, 0.463772
0.686019, 0.464079
0.711359, 0.464377
0.736908, 0.464718
0.762506, 0.465131
0.788003, 0.465632
0.813244, 0.466234
0.838067, 0.466946
0.862395, 0.467766
0.886506, 0.468666
0.910932, 0.469614
0.935851, 0.47061
0.961118, 0.471679
0.986539, 0.472852
0.0128537, 0.490951
0.0383095, 0.49056
0.0636076, 0.490203
0.0885496, 0.489871
0.11299, 0.489555
0.137122, 0.489254
0.16149, 0.488981
0.186363, 0.488745
0.211657, 0.488545
0.237205, 0.488379
0.26285, 0.488242
0.288436, 0.488129
0.313789, 0.488029
0.338711, 0.487922
0.363063, 0.487784
0.38708, 0.487611
0.411375, 0.487436
0.436241, 0.487297
0.461569, 0.487206
0.487162, 0.487162
0.512838, 0.487162
0.538431, 0.487206
0.563759, 0.487297
0.588625, 0.487436
0.61292, 0.487611
0.636937, 0.487784
0.661289, 0.487922
0.686211, 0.488029
0.711564, 0.488129
0.73715, 0.488242
0.762795, 0.488379
0.788343, 0.488545
0.813637, 0.488745
0.83851, 0.488981
0.862878, 0.489254
0.88701, 0.489555
0.91145, 0.489871
0.936392, 0.490203
0.961691, 0.49056
0.987146, 0.490951
0.0128537, 0.509049
0.0383095, 0.50944
0.0636076, 0.509797
0.0885496, 0.510129
0.11299, 0.510445
0.137122, 0.510746
0.16149, 0.511019
0.186363, 0.511255
0.211657, 0.511455
0.237205, 0.511621
0.26285, 0.511758
0.288436, 0.511871
0.313789, 0.511971
0.338711, 0.512078
0.363063, 0.512216
0.38708, 0.512389
0.411375, 0.512564
0.436241, 0.512703
0.461569, 0.512794
0.487162, 0.512838
0.512838, 0.512838
0.538431, 0.512794
0.563759, 0.512703
0.588625, 0.512564
0.61292, 0.512389
0.636937, 0.512216
0.661289, 0.512078
0.686211, 0.511971
0.711564, 0.511871
0.73715, 0.511758
0.762795, 0.511621
0.788343, 0.511455
0.813637, 0.511255
0.83851, 0.511019
0.862878, 0.510746
0.88701, 0.510445
0.91145, 0.510129
0.936392, 0.509797
0.961691, 0.50944
0.987146, 0.509049
0.0134612, 0.527148
0.038882, 0.528321
0.064149, 0.52939
0.0890679, 0.530386
0.113494, 0.531334
0.137605, 0.532234
0.161933, 0.533054
0.186756, 0.533766
0.211997, 0.534368
0.237494, 0.534869
0.263092, 0.535282
0.288641, 0.535623
0.313981, 0.535921
0.33893, 0.536228
0.363357, 0.536614
0.387431, 0.5371
0.411691, 0.537606
0.43647, 0.538021
0.461704, 0.538296
0.487206, 0.538431
0.512794, 0.538431
0.538296, 0.538296
0.56353, 0.538021
0.588309, 0.537606
0.612569, 0.5371
0.636643, 0.536614
0.66107, 0.536228
0.686019, 0.535921
0.711359, 0.535623
0.736908, 0.535282
0.762506, 0.534869
0.788003, 0.534368
0.813244, 0.533766
0.838067, 0.533054
0.862395, 0.532234
0.886506, 0.531334
0.910932, 0.530386
0.935851, 0.52939
0.961118, 0.528321
0.986539, 0.527148
0.0146786, 0.545247
0.0400292, 0.547202
0.0652337, 0.548985
0.0901055, 0.550642
0.114501, 0.552218
0.138571, 0.553715
0.162822, 0.555083
0.187545, 0.556276
0.212682, 0.557287
0.238077, 0.558132
0.26358, 0.558829
0.289055, 0.559405
0.314357, 0.559898
0.339337, 0.560377
0.363881, 0.560938
0.388071, 0.561639
0.412303, 0.562402
0.43693, 0.56307
0.461979, 0.56353
0.487297, 0.563759
0.512703, 0.563759
0.538021, 0.56353
0.56307, 0.56307
0.587697, 0.562402
0.611929, 0.561639
0.636119, 0.560938
0.660663, 0.560377
0.685643, 0.559898
0.710945, 0.559405
0.73642, 0.558829
0.761923, 0.558132
0.787318, 0.557287
0.812455, 0.556276
0.837178, 0.555083
0.861429, 0.553715
0.885499, 0.552218
0.909894, 0.550642
0.934766, 0.548985
0.959971, 0.547202
0.985321, 0.545247
0.0165106, 0.563347
0.0417557, 0.566085
0.0668656, 0.568581
0.091665, 0.570897
0.116013, 0.573094
0.140025, 0.575184
0.164164, 0.577102
0.18874, 0.578783
0.213722, 0.580216
0.238964, 0.581418
0.264326, 0.582414
0.289681, 0.583236
0.314908, 0.583927
0.339891, 0.584554
0.36454, 0.585215
0.388875, 0.585996
0.413128, 0.586872
0.437598, 0.587697
0.462394, 0.588309
0.487436, 0.588625
0.512564, 0.588625
0.537606, 0.588309
0.562402, 0.587697
0.586872, 0.586872
0.611125, 0.585996
0.63546, 0.585215
0.660109, 0.584554
0.685092, 0.583927
0.710319, 0.583236
0.735674, 0.582414
0.761036, 0.581418
0.786278, 0.580216
0.81126, 0.578783
0.835836, 0.577102
0.859975, 0.575184
0.883987, 0.573094
0.908335, 0.570897
0.933134, 0.568581
0.958244, 0.566085
0.983489, 0.563347
0.0189643, 0.581447
0.0440681, 0.584971
0.0690505, 0.58818
0.0937504, 0.591151
0.118032, 0.593962
0.14197, 0.596636
0.165968, 0.599104
0.190354, 0.601284
0.215132, 0.603152
0.240172, 0.604729
0.265345, 0.606043
0.290534, 0.60713
0.315637, 0.608031
0.340565, 0.608808
0.365254, 0.609538
0.389698, 0.610302
0.414004, 0.611125
0.438361, 0.611929
0.4629, 0.612569
0.487611, 0.61292
0.512389, 0.61292
0.5371, 0.612569
0.561639, 0.611929
0.585996, 0.611125
0.610302, 0.610302
0.634746, 0.609538
0.659435, 0.608808
0.684363, 0.608031
0.709466, 0.60713
0.734655, 0.606043
0.759828, 0.604729
0.784868, 0.603152
0.809646, 0.601284
0.834032, 0.599104
0.85803, 0.596636
0.881968, 0.593962
0.90625, 0.591151
0.930949, 0.58818
0.955932, 0.584971
0.981036, 0.581447
0.0220494, 0.599548
0.046976, 0.603859
0.0717969, 0.607782
0.0963672, 0.611405
0.12056, 0.61482
0.144409, 0.618066
0.168245, 0.621081
0.192403, 0.623769
0.216931, 0.62609
0.241723, 0.628062
0.266658, 0.629718
0.291633, 0.631094
0.316559, 0.63223
0.341365, 0.633178
0.366003, 0.633997
0.390462, 0.634746
0.414785, 0.63546
0.439062, 0.636119
0.463386, 0.636643
0.487784, 0.636937
0.512216, 0.636937
0.536614, 0.636643
0.560938, 0.636119
0.585215, 0.63546
0.609538, 0.634746
0.633997, 0.633997
0.658635, 0.633178
0.683441, 0.63223
0.708367, 0.631094
0.733342, 0.629718
0.758277, 0.628062
0.783069, 0.62609
0.807597, 0.623769
0.831755, 0.621081
0.855591, 0.618066
0.87944, 0.61482
0.903633, 0.611405
0.928203, 0.607782
0.953024, 0.603859
0.977951, 0.599548
0.0257784, 0.61765
0.0504913, 0.622751
0.0751153, 0.627388
0.0995234, 0.631661
0.1236, 0.635669
0.147345, 0.639472
0.171007, 0.643025
0.194907, 0.646226
0.219143, 0.649018
0.243641, 0.651408
0.268294, 0.65343
0.293007, 0.655122
0.317702, 0.656524
0.34232, 0.65768
0.366822, 0.658635
0.391192, 0.659435
0.415446, 0.660109
0.439623, 0.660663
0.463772, 0.66107
0.487922, 0.661289
0.512078, 0.661289
0.536228, 0.66107
0.560377, 0.660663
0.584554, 0.660109
0.608808, 0.659435
0.633178, 0.658635
0.65768, 0.65768
0.682298, 0.656524
0.706993, 0.655122
0.731706, 0.65343
0.756359, 0.651408
0.780857, 0.649018
0.805093, 0.646226
0.828993, 0.643025
0.852655, 0.639472
0.8764, 0.635669
0.900477, 0.631661
0.924885, 0.627388
0.949509, 0.622751
0.974222, 0.61765
0.030167, 0.635754
0.054629, 0.641647
0.0790193, 0.647
0.103229, 0.651921
0.127158, 0.656512
0.15078, 0.660854
0.174262, 0.664929
0.197885, 0.668641
0.221794, 0.671917
0.245956, 0.674746
0.270283, 0.67716
0.294688, 0.679197
0.319103, 0.680897
0.343476, 0.682298
0.36777, 0.683441
0.391969, 0.684363
0.416073, 0.685092
0.440102, 0.685643
0.464079, 0.686019
0.488029, 0.686211
0.511971, 0.686211
0.535921, 0.686019
0.559898, 0.685643
0.583927, 0.685092
0.608031, 0.684363
0.63223, 0.683441
0.656524, 0.682298
0.680897, 0.680897
0.705312, 0.679197
0.729717, 0.67716
0.754044, 0.674746
0.778206, 0.671917
0.802115, 0.668641
0.825738, 0.664929
0.84922, 0.660854
0.872842, 0.656512
0.896771, 0.651921
0.920981, 0.647
0.945371, 0.641647
0.969833, 0.635754
0.0352341, 0.653859
0.0594075, 0.660547
0.0835259, 0.666619
0.107499, 0.672186
0.131242, 0.677354
0.154715, 0.682216
0.178013, 0.686788
0.201356, 0.690999
0.224912, 0.694762
0.248701, 0.698049
0.272659, 0.700878
0.296714, 0.703286
0.320803, 0.705312
0.344878, 0.706993
0.368906, 0.708367
0.39287, 0.709466
0.416764, 0.710319
0.440595, 0.710945
0.464377, 0.711359
0.488129, 0.711564
0.511871, 0.711564
0.535623, 0.711359
0.559405, 0.710945
0.583236, 0.710319
0.60713, 0.709466
0.631094, 0.708367
0.655122, 0.706993
0.679197, 0.705312
0.703286, 0.703286
0.727341, 0.700878
0.751299, 0.698049
0.775088, 0.694762
0.798644, 0.690999
0.821987, 0.686788
0.845285, 0.682216
0.868758, 0.677354
0.892501, 0.672186
0.916474, 0.666619
0.940593, 0.660547
0.964766, 0.653859
0.0410025, 0.671966
0.0648487, 0.679452
0.0886555, 0.686246
0.112349, 0.692459
0.135862, 0.698201
0.159152, 0.703567
0.182258, 0.708607
0.205327, 0.713286
0.228522, 0.717527
0.251908, 0.721279
0.27546, 0.72454
0.299122, 0.727341
0.32284, 0.729717
0.34657, 0.731706
0.370282, 0.733342
0.393957, 0.734655
0.417586, 0.735674
0.441171, 0.73642
0.464718, 0.736908
0.488242, 0.73715
0.511758, 0.73715
0.535282, 0.736908
0.558829, 0.73642
0.582414, 0.735674
0.606043, 0.734655
0.629718, 0.733342
0.65343, 0.731706
0.67716, 0.729717
0.700878, 0.727341
0.72454, 0.72454
0.748092, 0.721279
0.771478, 0.717527
0.794673, 0.713286
0.817742, 0.708607
0.840848, 0.703567
0.864138, 0.698201
0.887651, 0.692459
0.911344, 0.686246
0.935151, 0.679452
0.958998, 0.671966
0.0474994, 0.690075
0.0709789, 0.698363
0.094433, 0.705881
0.117802, 0.712745
0.141036, 0.719059
0.164096, 0.724921
0.186989, 0.730401
0.209793, 0.735507
0.232636, 0.74019
0.255607, 0.744393
0.278721, 0.748092
0.301951, 0.751299
0.325254, 0.754044
0.348592, 0.756359
0.371938, 0.758277
0.395271, 0.759828
0.418582, 0.761036
0.441868, 0.761923
0.465131, 0.762506
0.488379, 0.762795
0.511621, 0.762795
0.534869, 0.762506
0.558132, 0.761923
0.581418, 0.761036
0.604729, 0.759828
0.628062, 0.758277
0.651408, 0.756359
0.674746, 0.754044
0.698049, 0.751299
0.721279, 0.748092
0.744393, 0.744393
0.767364, 0.74019
0.790207, 0.735507
0.813011, 0.730401
0.835904, 0.724921
0.858964, 0.719059
0.882198, 0.712745
0.905567, 0.705881
0.929021, 0.698363
0.952501, 0.690075
0.0547571, 0.708185
0.0778295, 0.717279
0.100888, 0.725526
0.123886, 0.733043
0.146787, 0.739934
0.169561, 0.746292
0.1922, 0.752195
0.214736, 0.757685
0.237246, 0.762754
0.25981, 0.767364
0.282473, 0.771478
0.305238, 0.775088
0.328083, 0.778206
0.350982, 0.780857
0.37391, 0.783069
0.396848, 0.784868
0.419784, 0.786278
0.442713, 0.787318
0.465632, 0.788003
0.488545, 0.788343
0.511455, 0.788343
0.534368, 0.788003
0.557287, 0.787318
0.580216, 0.786278
0.603152, 0.784868
0.62609, 0.783069
0.649018, 0.780857
0.671917, 0.778206
0.694762, 0.775088
0.717527, 0.771478
0.74019, 0.767364
0.762754, 0.762754
0.785264, 0.757685
0.8078, 0.752195
0.830439, 0.746292
0.853213, 0.739934
0.876114, 0.733043
0.899112, 0.725526
0.922171, 0.717279
0.945243, 0.708185
0.062814, 0.726297
0.0854374, 0.7362
0.108057, 0.745181
0.130635, 0.753358
0.153147, 0.760832
0.175571, 0.767693
0.197897, 0.774019
0.220134, 0.779866
0.242315, 0.785264
0.264493, 0.790207
0.286714, 0.794673
0.309001, 0.798644
0.331359, 0.802115
0.353774, 0.805093
0.376231, 0.807597
0.398716, 0.809646
0.421217, 0.81126
0.443724, 0.812455
0.466234, 0.813244
0.488745, 0.813637
0.511255, 0.813637
0.533766, 0.813244
0.556276, 0.812455
0.578783, 0.81126
0.601284, 0.809646
0.623769, 0.807597
0.646226, 0.805093
0.668641, 0.802115
0.690999, 0.798644
0.713286, 0.794673
0.735507, 0.790207
0.757685, 0.785264
0.779866, 0.779866
0.802103, 0.774019
0.824429, 0.767693
0.846853, 0.760832
0.869365, 0.753358
0.891943, 0.745181
0.914563, 0.7362
0.937186, 0.726297
0.0717157, 0.744411
0.0938468, 0.755127
0.115981, 0.764846
0.138089, 0.773689
0.160155, 0.781756
0.182162, 0.789133
0.204105, 0.795895
0.225981, 0.802103
0.247805, 0.8078
0.269599, 0.813011
0.291393, 0.817742
0.313212, 0.821987
0.335071, 0.825738
0.356975, 0.828993
0.378919, 0.831755
0.400896, 0.834032
0.422898, 0.835836
0.444917, 0.837178
0.466946, 0.838067
0.488981, 0.83851
0.511019, 0.83851
0.533054, 0.838067
0.555083, 0.837178
0.577102, 0.835836
0.599104, 0.834032
0.621081, 0.831755
0.643025, 0.828993
0.664929, 0.825738
0.686788, 0.821987
0.708607, 0.817742
0.730401, 0.813011
0.752195, 0.8078
0.774019, 0.802103
0.795895, 0.795895
0.817838, 0.789133
0.839845, 0.781756
0.861911, 0.773689
0.884019, 0.764846
0.906153, 0.755127
0.928284, 0.744411
0.0815167, 0.762526
0.10311, 0.774059
0.124711, 0.78452
0.146298, 0.794036
0.167859, 0.802707
0.189383, 0.810617
0.210867, 0.817838
0.232307, 0.824429
0.253708, 0.830439
0.275079, 0.835904
0.296433, 0.840848
0.317784, 0.845285
0.339146, 0.84922
0.360528, 0.852655
0.381934, 0.855591
0.403364, 0.85803
0.424816, 0.859975
0.446285, 0.861429
0.467766, 0.862395
0.489254, 0.862878
0.510746, 0.862878
0.532234, 0.862395
0.553715, 0.861429
0.575184, 0.859975
0.596636, 0.85803
0.618066, 0.855591
0.639472, 0.852655
0.660854, 0.84922
0.682216, 0.845285
0.703567, 0.840848
0.724921, 0.835904
0.746292, 0.830439
0.767693, 0.824429
0.789133, 0.817838
0.810617, 0.810617
0.832141, 0.802707
0.853702, 0.794036
0.875289, 0.78452
0.89689, 0.774059
0.918483, 0.762526
0.0922824, 0.780643
0.113291, 0.792995
0.134309, 0.804203
0.155321, 0.814398
0.176318, 0.823682
0.197293, 0.832141
0.218244, 0.839845
0.239168, 0.846853
0.260066, 0.853213
0.280941, 0.858964
0.301799, 0.864138
0.322646, 0.868758
0.343488, 0.872842
0.364331, 0.8764
0.38518, 0.87944
0.406038, 0.881968
0.426906, 0.883987
0.447782, 0.885499
0.468666, 0.886506
0.489555, 0.88701
0.510445, 0.88701
0.531334, 0.886506
0.552218, 0.885499
0.573094, 0.883987
0.593962, 0.881968
0.61482, 0.87944
0.635669, 0.8764
0.656512, 0.872842
0.677354, 0.868758
0.698201, 0.864138
0.719059, 0.858964
0.739934, 0.853213
0.760832, 0.846853
0.781756, 0.839845
0.802707, 0.832141
0.823682, 0.823682
0.844679, 0.814398
0.865691, 0.804203
0.886709, 0.792995
0.907718, 0.780643
0.104092, 0.798762
0.124465, 0.811933
0.144847, 0.823892
0.165228, 0.834772
0.185602, 0.844679
0.205964, 0.853702
0.226311, 0.861911
0.246642, 0.869365
0.266957, 0.876114
0.287255, 0.882198
0.307541, 0.887651
0.327814, 0.892501
0.348079, 0.896771
0.368339, 0.900477
0.388595, 0.903633
0.408849, 0.90625
0.429103, 0.908335
0.449358, 0.909894
0.469614, 0.910932
0.489871, 0.91145
0.510129, 0.91145
0.530386, 0.910932
0.550642, 0.909894
0.570897, 0.908335
0.591151, 0.90625
0.611405, 0.903633
0.631661, 0.900477
0.651921, 0.896771
0.672186, 0.892501
0.692459, 0.887651
0.712745, 0.882198
0.733043, 0.876114
0.753358, 0.869365
0.773689, 0.861911
0.794036, 0.853702
0.814398, 0.844679
0.834772, 0.834772
0.855153, 0.823892
0.875535, 0.811933
0.895908, 0.798762
0.117043, 0.81688
0.136726, 0.830873
0.156416, 0.843584
0.176108, 0.855153
0.195797, 0.865691
0.21548, 0.875289
0.235154, 0.884019
0.254819, 0.891943
0.274474, 0.899112
0.294119, 0.905567
0.313754, 0.911344
0.333381, 0.916474
0.353, 0.920981
0.372612, 0.924885
0.392218, 0.928203
0.41182, 0.930949
0.431419, 0.933134
0.451015, 0.934766
0.47061, 0.935851
0.490203, 0.936392
0.509797, 0.936392
0.52939, 0.935851
0.548985, 0.934766
0.568581, 0.933134
0.58818, 0.930949
0.607782, 0.928203
0.627388, 0.924885
0.647, 0.920981
0.666619, 0.916474
0.686246, 0.911344
0.705881, 0.905567
0.725526, 0.899112
0.745181, 0.891943
0.764846, 0.884019
0.78452, 0.875289
0.804203, 0.865691
0.823892, 0.855153
0.843584, 0.843584
0.863274, 0.830873
0.882957, 0.81688
0.131256, 0.834998
0.150189, 0.849811
0.169127, 0.863274
0.188067, 0.875535
0.207005, 0.886709
0.225941, 0.89689
0.244873, 0.906153
0.2638, 0.914563
0.282721, 0.922171
0.301637, 0.929021
0.320548, 0.935151
0.339453, 0.940593
0.358353, 0.945371
0.377249, 0.949509
0.396141, 0.953024
0.415029, 0.955932
0.433915, 0.958244
0.452798, 0.959971
0.471679, 0.961118
0.49056, 0.961691
0.50944, 0.961691
0.528321, 0.961118
0.547202, 0.959971
0.566085, 0.958244
0.584971, 0.955932
0.603859, 0.953024
0.622751, 0.949509
0.641647, 0.945371
0.660547, 0.940593
0.679452, 0.935151
0.698363, 0.929021
0.717279, 0.922171
0.7362, 0.914563
0.755127, 0.906153
0.774059, 0.89689
0.792995, 0.886709
0.811933, 0.875535
0.830873, 0.863274
0.849811, 0.849811
0.868744, 0.834998
0.146885, 0.853115
0.165002, 0.868744
0.18312, 0.882957
0.201238, 0.895908
0.219357, 0.907718
0.237474, 0.918483
0.255589, 0.928284
0.273703, 0.937186
0.291815, 0.945243
0.309925, 0.952501
0.328034, 0.958998
0.346141, 0.964766
0.364246, 0.969833
0.38235, 0.974222
0.400452, 0.977951
0.418553, 0.981036
0.436653, 0.983489
0.454753, 0.985321
0.472852, 0.986539
0.490951, 0.987146
0.509049, 0.987146
0.527148, 0.986539
0.545247, 0.985321
0.563347, 0.983489
0.581447, 0.981036
0.599548, 0.977951
0.61765, 0.974222
0.635754, 0.969833
0.653859, 0.964766
0.671966, 0.958998
0.690075, 0.952501
0.708185, 0.945243
0.726297, 0.937186
0.744411, 0.928284
0.762526, 0.918483
0.780643, 0.907718
0.798762, 0.895908
0.81688, 0.882957
0.834998, 0.868744
0.853115, 0.853115
