0.146447, 0.146447
0.164124, 0.129612
0.181802, 0.114319
0.19948, 0.100391
0.217157, 0.0876894
0.234835, 0.0761044
0.252513, 0.0655463
0.27019, 0.055942
0.287868, 0.0472307
0.305546, 0.0393619
0.323223, 0.0322928
0.340901, 0.0259879
0.358579, 0.0204168
0.376256, 0.0155544
0.393934, 0.0113795
0.411612, 0.00787451
0.429289, 0.00502525
0.446967, 0.00282045
0.464645, 0.00125157
0.482322, 0.000312598
0.5, 0
0.517678, 0.000312598
0.535355, 0.00125157
0.553033, 0.00282045
0.570711, 0.00502525
0.588388, 0.00787451
0.606066, 0.0113795
0.623744, 0.0155544
0.641421, 0.0204168
0.659099, 0.0259879
0.676777, 0.0322928
0.694454, 0.0393619
0.712132, 0.0472307
0.72981, 0.055942
0.747487, 0.0655463
0.765165, 0.0761044
0.782843, 0.0876894
0.80052, 0.100391
0.818198, 0.114319
0.835876, 0.129612
0.853553, 0.146447
0.129612, 0.164124
0.148152, 0.148152
0.166691, 0.133647
0.185233, 0.120447
0.203776, 0.108418
0.222317, 0.0974551
0.240856, 0.0874718
0.259392, 0.0783974
0.277925, 0.0701731
0.296452, 0.0627496
0.314976, 0.0560853
0.333494, 0.0501452
0.352008, 0.0448998
0.370518, 0.040324
0.389023, 0.0363971
0.407525, 0.0331017
0.426024, 0.0304238
0.44452, 0.0283522
0.463015, 0.0268784
0.481508, 0.0259964
0.5, 0.0257028
0.518492, 0.0259964
0.536985, 0.0268784
0.55548, 0.0283522
0.573976, 0.0304238
0.592475, 0.0331017
0.610977, 0.0363971
0.629482, 0.040324
0.647992, 0.0448998
0.666506, 0.0501452
0.685024, 0.0560853
0.703548, 0.0627496
0.722075, 0.0701731
0.740608, 0.0783974
0.759144, 0.0874718
0.777683, 0.0974551
0.796224, 0.108418
0.814767, 0.120447
0.833309, 0.133647
0.851848, 0.148152
0.870388, 0.164124
0.114319, 0.181802
0.133647, 0.166691
0.152975, 0.152975
0.172308, 0.140502
0.191642, 0.129145
0.210973, 0.118802
0.230299, 0.10939
0.249617, 0.10084
0.268926, 0.0930953
0.288226, 0.0861079
0.307515, 0.0798374
0.326795, 0.0742499
0.346065, 0.0693166
0.365327, 0.0650137
0.384581, 0.061321
0.403828, 0.0582222
0.423069, 0.0557038
0.442306, 0.0537555
0.461539, 0.0523693
0.48077, 0.0515398
0.5, 0.0512636
0.51923, 0.0515398
0.538461, 0.0523693
0.557694, 0.0537555
0.576931, 0.0557038
0.596172, 0.0582222
0.615419, 0.061321
0.634673, 0.0650137
0.653935, 0.0693166
0.673205, 0.0742499
0.692485, 0.0798374
0.711774, 0.0861079
0.731074, 0.0930953
0.750383, 0.10084
0.769701, 0.10939
0.789027, 0.118802
0.808358, 0.129145
0.827692, 0.140502
0.847025, 0.152975
0.866353, 0.166691
0.885681, 0.181802
0.100391, 0.19948
0.120447, 0.185233
0.140502, 0.172308
0.160564, 0.160564
0.180624, 0.149877
0.200677, 0.14015
0.220719, 0.131302
0.240747, 0.123266
0.260759, 0.115986
0.280754, 0.109416
0.300733, 0.103516
0.320697, 0.0982543
0.340647, 0.0936033
0.360586, 0.0895411
0.380516, 0.0860499
0.400439, 0.0831158
0.420356, 0.0807279
0.440269, 0.0788781
0.460181, 0.0775607
0.480091, 0.0767717
0.5, 0.076509
0.519909, 0.0767717
0.539819, 0.0775607
0.559731, 0.0788781
0.579644, 0.0807279
0.599561, 0.0831158
0.619484, 0.0860499
0.639414, 0.0895411
0.659353, 0.0936033
0.679303, 0.0982543
0.699267, 0.103516
0.719246, 0.109416
0.739241, 0.115986
0.759253, 0.123266
0.779281, 0.131302
0.799323, 0.14015
0.819376, 0.149877
0.839436, 0.160564
0.859498, 0.172308
0.879553, 0.185233
0.899609, 0.19948
0.0876894, 0.217157
0.108418, 0.203776
0.129145, 0.191642
0.149877, 0.180624
0.170603, 0.170603
0.191314, 0.161483
0.212004, 0.153184
0.232669, 0.145642
0.253307, 0.138799
0.273919, 0.132609
0.294507, 0.127034
0.315075, 0.122044
0.335628, 0.117614
0.356171, 0.113727
0.376709, 0.110371
0.397248, 0.107538
0.41779, 0.105223
0.438336, 0.103424
0.458887, 0.102139
0.479442, 0.101368
0.5, 0.101112
0.520558, 0.101368
0.541113, 0.102139
0.561664, 0.103424
0.58221, 0.105223
0.602752, 0.107538
0.623291, 0.110371
0.643829, 0.113727
0.664372, 0.117614
0.684925, 0.122044
0.705493, 0.127034
0.726081, 0.132609
0.746693, 0.138799
0.767331, 0.145642
0.787996, 0.153184
0.808686, 0.161483
0.829397, 0.170603
0.850123, 0.180624
0.870855, 0.191642
0.891582, 0.203776
0.912311, 0.217157
0.0761044, 0.234835
0.0974551, 0.222317
0.118802, 0.210973
0.14015, 0.200677
0.161483, 0.191314
0.182788, 0.182788
0.204056, 0.175019
0.225282, 0.16794
0.246464, 0.161491
0.267604, 0.155626
0.288711, 0.150307
0.309794, 0.145509
0.330869, 0.141216
0.351946, 0.137423
0.373038, 0.13413
0.39415, 0.131341
0.415286, 0.129057
0.436443, 0.127281
0.457618, 0.126013
0.478806, 0.125253
0.5, 0.125
0.521194, 0.125253
0.542382, 0.126013
0.563557, 0.127281
0.584714, 0.129057
0.60585, 0.131341
0.626962, 0.13413
0.648054, 0.137423
0.669131, 0.141216
0.690206, 0.145509
0.711289, 0.150307
0.732396, 0.155626
0.753536, 0.161491
0.774718, 0.16794
0.795944, 0.175019
0.817212, 0.182788
0.838517, 0.191314
0.85985, 0.200677
0.881198, 0.210973
0.902545, 0.222317
0.923896, 0.234835
0.0655463, 0.252513
0.0874718, 0.240856
0.10939, 0.230299
0.131302, 0.220719
0.153184, 0.212004
0.175019, 0.204056
0.196792, 0.196792
0.218494, 0.190138
0.240125, 0.18403
0.261695, 0.178422
0.283226, 0.173287
0.304747, 0.168619
0.326287, 0.164428
0.347867, 0.160731
0.369495, 0.157537
0.391172, 0.15485
0.412891, 0.152667
0.434642, 0.150981
0.456416, 0.149784
0.478205, 0.149069
0.5, 0.148832
0.521795, 0.149069
0.543584, 0.149784
0.565358, 0.150981
0.587109, 0.152667
0.608828, 0.15485
0.630505, 0.157537
0.652133, 0.160731
0.673713, 0.164428
0.695253, 0.168619
0.716774, 0.173287
0.738305, 0.178422
0.759875, 0.18403
0.781506, 0.190138
0.803208, 0.196792
0.824981, 0.204056
0.846816, 0.212004
0.868698, 0.220719
0.89061, 0.230299
0.912528, 0.240856
0.934454, 0.252513
0.055942, 0.27019
0.0783974, 0.259392
0.10084, 0.249617
0.123266, 0.240747
0.145642, 0.232669
0.16794, 0.225282
0.190138, 0.218494
0.212223, 0.212223
0.234203, 0.206404
0.256114, 0.20101
0.278013, 0.19605
0.299955, 0.191561
0.321976, 0.187577
0.344081, 0.184112
0.36626, 0.181163
0.388495, 0.178715
0.410766, 0.176747
0.433061, 0.175238
0.455369, 0.174174
0.477683, 0.17354
0.5, 0.17333
0.522317, 0.17354
0.544631, 0.174174
0.566939, 0.175238
0.589234, 0.176747
0.611505, 0.178715
0.63374, 0.181163
0.655919, 0.184112
0.678024, 0.187577
0.700045, 0.191561
0.721987, 0.19605
0.743886, 0.20101
0.765797, 0.206404
0.787777, 0.212223
0.809862, 0.218494
0.83206, 0.225282
0.854358, 0.232669
0.876734, 0.240747
0.89916, 0.249617
0.921603, 0.259392
0.944058, 0.27019
0.0472307, 0.287868
0.0701731, 0.277925
0.0930953, 0.268926
0.115986, 0.260759
0.138799, 0.253307
0.161491, 0.246464
0.18403, 0.240125
0.206404, 0.234203
0.228655, 0.228655
0.250874, 0.223504
0.273162, 0.218818
0.295577, 0.214654
0.31812, 0.211029
0.340762, 0.207928
0.36347, 0.205322
0.386214, 0.203178
0.408974, 0.201467
0.431737, 0.200163
0.454496, 0.199247
0.47725, 0.198703
0.5, 0.198522
0.52275, 0.198703
0.545504, 0.199247
0.568263, 0.200163
0.591026, 0.201467
0.613786, 0.203178
0.63653, 0.205322
0.659238, 0.207928
0.68188, 0.211029
0.704423, 0.214654
0.726838, 0.218818
0.749126, 0.223504
0.771345, 0.228655
0.793596, 0.234203
0.81597, 0.240125
0.838509, 0.246464
0.861201, 0.253307
0.884014, 0.260759
0.906905, 0.268926
0.929827, 0.277925
0.952769, 0.287868
0.0393619, 0.305546
0.0627496, 0.296452
0.0861079, 0.288226
0.109416, 0.280754
0.132609, 0.273919
0.155626, 0.267604
0.178422, 0.261695
0.20101, 0.256114
0.223504, 0.250874
0.246069, 0.246069
0.268811, 0.241791
0.291736, 0.238067
0.314797, 0.234874
0.337941, 0.232174
0.361123, 0.229924
0.384313, 0.228088
0.407491, 0.226632
0.430647, 0.225529
0.453781, 0.224758
0.476896, 0.224302
0.5, 0.224151
0.523104, 0.224302
0.546219, 0.224758
0.569353, 0.225529
0.592509, 0.226632
0.615687, 0.228088
0.638877, 0.229924
0.662059, 0.232174
0.685203, 0.234874
0.708264, 0.238067
0.731189, 0.241791
0.753931, 0.246069
0.776496, 0.250874
0.79899, 0.256114
0.821578, 0.261695
0.844374, 0.267604
0.867391, 0.273919
0.890584, 0.280754
0.913892, 0.288226
0.93725, 0.296452
0.960638, 0.305546
0.0322928, 0.323223
0.0560853, 0.314976
0.0798374, 0.307515
0.103516, 0.300733
0.127034, 0.294507
0.150307, 0.288711
0.173287, 0.283226
0.19605, 0.278013
0.218818, 0.273162
0.241791, 0.268811
0.265018, 0.265018
0.28844, 0.261765
0.31198, 0.259007
0.335573, 0.256696
0.359172, 0.254789
0.382746, 0.253246
0.406279, 0.252034
0.429764, 0.251122
0.453204, 0.250488
0.476611, 0.250114
0.5, 0.249991
0.523389, 0.250114
0.546796, 0.250488
0.570236, 0.251122
0.593721, 0.252034
0.617254, 0.253246
0.640828, 0.254789
0.664427, 0.256696
0.68802, 0.259007
0.71156, 0.261765
0.734982, 0.265018
0.758209, 0.268811
0.781182, 0.273162
0.80395, 0.278013
0.826713, 0.283226
0.849693, 0.288711
0.872966, 0.294507
0.896484, 0.300733
0.920163, 0.307515
0.943915, 0.314976
0.967707, 0.323223
0.0259879, 0.340901
0.0501452, 0.333494
0.0742499, 0.326795
0.0982543, 0.320697
0.122044, 0.315075
0.145509, 0.309794
0.168619, 0.304747
0.191561, 0.299955
0.214654, 0.295577
0.238067, 0.291736
0.261765, 0.28844
0.285646, 0.285646
0.309616, 0.2833
0.333606, 0.281356
0.35757, 0.279769
0.381474, 0.278499
0.405304, 0.27751
0.429058, 0.276771
0.452746, 0.276258
0.476386, 0.275956
0.5, 0.275857
0.523614, 0.275956
0.547254, 0.276258
0.570942, 0.276771
0.594696, 0.27751
0.618526, 0.278499
0.64243, 0.279769
0.666394, 0.281356
0.690384, 0.2833
0.714354, 0.285646
0.738235, 0.28844
0.761933, 0.291736
0.785346, 0.295577
0.808439, 0.299955
0.831381, 0.304747
0.854491, 0.309794
0.877956, 0.315075
0.901746, 0.320697
0.92575, 0.326795
0.949855, 0.333494
0.974012, 0.340901
0.0204168, 0.358579
0.0448998, 0.352008
0.0693166, 0.346065
0.0936033, 0.340647
0.117614, 0.335628
0.141216, 0.330869
0.164428, 0.326287
0.187577, 0.321976
0.211029, 0.31812
0.234874, 0.314797
0.259007, 0.31198
0.2833, 0.309616
0.307653, 0.307653
0.331995, 0.306047
0.356272, 0.304751
0.380453, 0.303722
0.404525, 0.302922
0.428493, 0.302318
0.452376, 0.301892
0.476202, 0.301635
0.5, 0.30155
0.523798, 0.301635
0.547624, 0.301892
0.571507, 0.302318
0.595475, 0.302922
0.619547, 0.303722
0.643728, 0.304751
0.668005, 0.306047
0.692347, 0.307653
0.7167, 0.309616
0.740993, 0.31198
0.765126, 0.314797
0.788971, 0.31812
0.812423, 0.321976
0.835572, 0.326287
0.858784, 0.330869
0.882386, 0.335628
0.906397, 0.340647
0.930683, 0.346065
0.9551, 0.352008
0.979583, 0.358579
0.0155544, 0.376256
0.040324, 0.370518
0.0650137, 0.365327
0.0895411, 0.360586
0.113727, 0.356171
0.137423, 0.351946
0.160731, 0.347867
0.184112, 0.344081
0.207928, 0.340762
0.232174, 0.337941
0.256696, 0.335573
0.281356, 0.333606
0.306047, 0.331995
0.330691, 0.330691
0.35523, 0.329646
0.37963, 0.32881
0.403881, 0.328136
0.428005, 0.327594
0.452039, 0.327178
0.476028, 0.326907
0.5, 0.326813
0.523972, 0.326907
0.547961, 0.327178
0.571995, 0.327594
0.596119, 0.328136
0.62037, 0.32881
0.64477, 0.329646
0.669309, 0.330691
0.693953, 0.331995
0.718644, 0.333606
0.743304, 0.335573
0.767826, 0.337941
0.792072, 0.340762
0.815888, 0.344081
0.839269, 0.347867
0.862577, 0.351946
0.886273, 0.356171
0.910459, 0.360586
0.934986, 0.365327
0.959676, 0.370518
0.984446, 0.376256
0.0113795, 0.393934
0.0363971, 0.389023
0.061321, 0.384581
0.0860499, 0.380516
0.110371, 0.376709
0.13413, 0.373038
0.157537, 0.369495
0.181163, 0.36626
0.205322, 0.36347
0.229924, 0.361123
0.254789, 0.359172
0.279769, 0.35757
0.304751, 0.356272
0.329646, 0.35523
0.354385, 0.354385
0.378928, 0.353671
0.403276, 0.353025
0.42748, 0.352412
0.451628, 0.351862
0.475796, 0.351465
0.5, 0.35132
0.524204, 0.351465
0.548372, 0.351862
0.57252, 0.352412
0.596724, 0.353025
0.621072, 0.353671
0.645615, 0.354385
0.670354, 0.35523
0.695249, 0.356272
0.720231, 0.35757
0.745211, 0.359172
0.770076, 0.361123
0.794678, 0.36347
0.818837, 0.36626
0.842463, 0.369495
0.86587, 0.373038
0.889629, 0.376709
0.91395, 0.380516
0.938679, 0.384581
0.963603, 0.389023
0.988621, 0.393934
0.00787451, 0.411612
0.0331017, 0.407525
0.0582222, 0.403828
0.0831158, 0.400439
0.107538, 0.397248
0.131341, 0.39415
0.15485, 0.391172
0.178715, 0.388495
0.203178, 0.386214
0.228088, 0.384313
0.253246, 0.382746
0.278499, 0.381474
0.303722, 0.380453
0.32881, 0.37963
0.353671, 0.378928
0.378251, 0.378251
0.402568, 0.377501
0.426752, 0.376656
0.451, 0.375838
0.475429, 0.375248
0.5, 0.375035
0.524571, 0.375248
0.549, 0.375838
0.573248, 0.376656
0.597432, 0.377501
0.621749, 0.378251
0.646329, 0.378928
0.67119, 0.37963
0.696278, 0.380453
0.721501, 0.381474
0.746754, 0.382746
0.771912, 0.384313
0.796822, 0.386214
0.821285, 0.388495
0.84515, 0.391172
0.868659, 0.39415
0.892462, 0.397248
0.916884, 0.400439
0.941778, 0.403828
0.966898, 0.407525
0.992125, 0.411612
0.00502525, 0.429289
0.0304238, 0.426024
0.0557038, 0.423069
0.0807279, 0.420356
0.105223, 0.41779
0.129057, 0.415286
0.152667, 0.412891
0.176747, 0.410766
0.201467, 0.408974
0.226632, 0.407491
0.252034, 0.406279
0.27751, 0.405304
0.302922, 0.404525
0.328136, 0.403881
0.353025, 0.403276
0.377501, 0.402568
0.401638, 0.401638
0.425748, 0.400555
0.450168, 0.399582
0.47497, 0.398941
0.5, 0.398722
0.52503, 0.398941
0.549832, 0.399582
0.574252, 0.400555
0.598362, 0.401638
0.622499, 0.402568
0.646975, 0.403276
0.671864, 0.403881
0.697078, 0.404525
0.72249, 0.405304
0.747966, 0.406279
0.773368, 0.407491
0.798533, 0.408974
0.823253, 0.410766
0.847333, 0.412891
0.870943, 0.415286
0.894777, 0.41779
0.919272, 0.420356
0.944296, 0.423069
0.969576, 0.426024
0.994975, 0.429289
0.00282045, 0.446967
0.0283522, 0.44452
0.0537555, 0.442306
0.0788781, 0.440269
0.103424, 0.438336
0.127281, 0.436443
0.150981, 0.434642
0.175238, 0.433061
0.200163, 0.431737
0.225529, 0.430647
0.251122, 0.429764
0.276771, 0.429058
0.302318, 0.428493
0.327594, 0.428005
0.352412, 0.42748
0.376656, 0.426752
0.400555, 0.425748
0.424683, 0.424683
0.449386, 0.423844
0.474573, 0.423341
0.5, 0.423175
0.525427, 0.423341
0.550614, 0.423844
0.575317, 0.424683
0.599445, 0.425748
0.623344, 0.426752
0.647588, 0.42748
0.672406, 0.428005
0.697682, 0.428493
0.723229, 0.429058
0.748878, 0.429764
0.774471, 0.430647
0.799837, 0.431737
0.824762, 0.433061
0.849019, 0.434642
0.872719, 0.436443
0.896576, 0.438336
0.921122, 0.440269
0.946244, 0.442306
0.971648, 0.44452
0.99718, 0.446967
0.00125157, 0.464645
0.0268784, 0.463015
0.0523693, 0.461539
0.0775607, 0.460181
0.102139, 0.458887
0.126013, 0.457618
0.149784, 0.456416
0.174174, 0.455369
0.199247, 0.454496
0.224758, 0.453781
0.250488, 0.453204
0.276258, 0.452746
0.301892, 0.452376
0.327178, 0.452039
0.351862, 0.451628
0.375838, 0.451
0.399582, 0.450168
0.423844, 0.449386
0.448827, 0.448827
0.474301, 0.448507
0.5, 0.448404
0.525699, 0.448507
0.551173, 0.448827
0.576156, 0.449386
0.600418, 0.450168
0.624162, 0.451
0.648138, 0.451628
0.672822, 0.452039
0.698108, 0.452376
0.723742, 0.452746
0.749512, 0.453204
0.775242, 0.453781
0.800753, 0.454496
0.825826, 0.455369
0.850216, 0.456416
0.873987, 0.457618
0.897861, 0.458887
0.922439, 0.460181
0.947631, 0.461539
0.973122, 0.463015
0.998748, 0.464645
0.000312598, 0.482322
0.0259964, 0.481508
0.0515398, 0.48077
0.0767717, 0.480091
0.101368, 0.479442
0.125253, 0.478806
0.149069, 0.478205
0.17354, 0.477683
0.198703, 0.47725
0.224302, 0.476896
0.250114, 0.476611
0.275956, 0.476386
0.301635, 0.476202
0.326907, 0.476028
0.351465, 0.475796
0.375248, 0.475429
0.398941, 0.47497
0.423341, 0.474573
0.448507, 0.474301
0.474148, 0.474148
0.5, 0.474098
0.525852, 0.474148
0.551493, 0.474301
0.576659, 0.474573
0.601059, 0.47497
0.624752, 0.475429
0.648535, 0.475796
0.673093, 0.476028
0.698365, 0.476202
0.724044, 0.476386
0.749886, 0.476611
0.775698, 0.476896
0.801297, 0.47725
0.82646, 0.477683
0.850931, 0.478205
0.874747, 0.478806
0.898632, 0.479442
0.923228, 0.480091
0.94846, 0.48077
0.974004, 0.481508
0.999687, 0.482322
0, 0.5
0.0257028, 0.5
0.0512636, 0.5
0.076509, 0.5
0.101112, 0.5
0.125, 0.5
0.148832, 0.5
0.17333, 0.5
0.198522, 0.5
0.224151, 0.5
0.249991, 0.5
0.275857, 0.5
0.30155, 0.5
0.326813, 0.5
0.35132, 0.5
0.375035, 0.5
0.398722, 0.5
0.423175, 0.5
0.448404, 0.5
0.474098, 0.5
0.5, 0.5
0.525902, 0.5
0.551596, 0.5
0.576825, 0.5
0.601278, 0.5
0.624965, 0.5
0.64868, 0.5
0.673187, 0.5
0.69845, 0.5
0.724143, 0.5
0.750009, 0.5
0.775849, 0.5
0.801478, 0.5
0.82667, 0.5
0.851168, 0.5
0.875, 0.5
0.898888, 0.5
0.923491, 0.5
0.948736, 0.5
0.974297, 0.5
1, 0.5
0.000312598, 0.517678
0.0259964, 0.518492
0.0515398, 0.51923
0.0767717, 0.519909
0.101368, 0.520558
0.125253, 0.521194
0.149069, 0.521795
0.17354, 0.522317
0.198703, 0.52275
0.224302, 0.523104
0.250114, 0.523389
0.275956, 0.523614
0.301635, 0.523798
0.326907, 0.523972
0.351465, 0.524204
0.375248, 0.524571
0.398941, 0.52503
0.423341, 0.525427
0.448507, 0.525699
0.474148, 0.525852
0.5, 0.525902
0.525852, 0.525852
0.551493, 0.525699
0.576659, 0.525427
0.601059, 0.52503
0.624752, 0.524571
0.648535, 0.524204
0.673093, 0.523972
0.698365, 0.523798
0.724044, 0.523614
0.749886, 0.523389
0.775698, 0.523104
0.801297, 0.52275
0.82646, 0.522317
0.850931, 0.521795
0.874747, 0.521194
0.898632, 0.520558
0.923228, 0.519909
0.94846, 0.51923
0.974004, 0.518492
0.999687, 0.517678
0.00125157, 0.535355
0.0268784, 0.536985
0.0523693, 0.538461
0.0775607, 0.539819
0.102139, 0.541113
0.126013, 0.542382
0.149784, 0.543584
0.174174, 0.544631
0.199247, 0.545504
0.224758, 0.546219
0.250488, 0.546796
0.276258, 0.547254
0.301892, 0.547624
0.327178, 0.547961
0.351862, 0.548372
0.375838, 0.549
0.399582, 0.549832
0.423844, 0.550614
0.448827, 0.551173
0.474301, 0.551493
0.5, 0.551596
0.525699, 0.551493
0.551173, 0.551173
0.576156, 0.550614
0.600418, 0.549832
0.624162, 0.549
0.648138, 0.548372
0.672822, 0.547961
0.698108, 0.547624
0.723742, 0.547254
0.749512, 0.546796
0.775242, 0.546219
0.800753, 0.545504
0.825826, 0.544631
0.850216, 0.543584
0.873987, 0.542382
0.897861, 0.541113
0.922439, 0.539819
0.947631, 0.538461
0.973122, 0.536985
0.998748, 0.535355
0.00282045, 0.553033
0.0283522, 0.55548
0.0537555, 0.557694
0.0788781, 0.559731
0.103424, 0.561664
0.127281, 0.563557
0.150981, 0.565358
0.175238, 0.566939
0.200163, 0.568263
0.225529, 0.569353
0.251122, 0.570236
0.276771, 0.570942
0.302318, 0.571507
0.327594, 0.571995
0.352412, 0.57252
0.376656, 0.573248
0.400555, 0.574252
0.424683, 0.575317
0.449386, 0.576156
0.474573, 0.576659
0.5, 0.576825
0.525427, 0.576659
0.550614, 0.576156
0.575317, 0.575317
0.599445, 0.574252
0.623344, 0.573248
0.647588, 0.57252
0.672406, 0.571995
0.697682, 0.571507
0.723229, 0.570942
0.748878, 0.570236
0.774471, 0.569353
0.799837, 0.568263
0.824762, 0.566939
0.849019, 0.565358
0.872719, 0.563557
0.896576, 0.561664
0.921122, 0.559731
0.946244, 0.557694
0.971648, 0.55548
0.99718, 0.553033
0.00502525, 0.570711
0.0304238, 0.573976
0.0557038, 0.576931
0.0807279, 0.579644
0.105223, 0.58221
0.129057, 0.584714
0.152667, 0.587109
0.176747, 0.589234
0.201467, 0.591026
0.226632, 0.592509
0.252034, 0.593721
0.27751, 0.594696
0.302922, 0.595475
0.328136, 0.596119
0.353025, 0.596724
0.377501, 0.597432
0.401638, 0.598362
0.425748, 0.599445
0.450168, 0.600418
0.47497, 0.601059
0.5, 0.601278
0.52503, 0.601059
0.549832, 0.600418
0.574252, 0.599445
0.598362, 0.598362
0.622499, 0.597432
0.646975, 0.596724
0.671864, 0.596119
0.697078, 0.595475
0.72249, 0.594696
0.747966, 0.593721
0.773368, 0.592509
0.798533, 0.591026
0.823253, 0.589234
0.847333, 0.587109
0.870943, 0.584714
0.894777, 0.58221
0.919272, 0.579644
0.944296, 0.576931
0.969576, 0.573976
0.994975, 0.570711
0.00787451, 0.588388
0.0331017, 0.592475
0.0582222, 0.596172
0.0831158, 0.599561
0.107538, 0.602752
0.131341, 0.60585
0.15485, 0.608828
0.178715, 0.611505
0.203178, 0.613786
0.228088, 0.615687
0.253246, 0.617254
0.278499, 0.618526
0.303722, 0.619547
0.32881, 0.62037
0.353671, 0.621072
0.378251, 0.621749
0.402568, 0.622499
0.426752, 0.623344
0.451, 0.624162
0.475429, 0.624752
0.5, 0.624965
0.524571, 0.624752
0.549, 0.624162
0.573248, 0.623344
0.597432, 0.622499
0.621749, 0.621749
0.646329, 0.621072
0.67119, 0.62037
0.696278, 0.619547
0.721501, 0.618526
0.746754, 0.617254
0.771912, 0.615687
0.796822, 0.613786
0.821285, 0.611505
0.84515, 0.608828
0.868659, 0.60585
0.892462, 0.602752
0.916884, 0.599561
0.941778, 0.596172
0.966898, 0.592475
0.992125, 0.588388
0.0113795, 0.606066
0.0363971, 0.610977
0.061321, 0.615419
0.0860499, 0.619484
0.110371, 0.623291
0.13413, 0.626962
0.157537, 0.630505
0.181163, 0.63374
0.205322, 0.63653
0.229924, 0.638877
0.254789, 0.640828
0.279769, 0.64243
0.304751, 0.643728
0.329646, 0.64477
0.354385, 0.645615
0.378928, 0.646329
0.403276, 0.646975
0.42748, 0.647588
0.451628, 0.648138
0.475796, 0.648535
0.5, 0.64868
0.524204, 0.648535
0.548372, 0.648138
0.57252, 0.647588
0.596724, 0.646975
0.621072, 0.646329
0.645615, 0.645615
0.670354, 0.64477
0.695249, 0.643728
0.720231, 0.64243
0.745211, 0.640828
0.770076, 0.638877
0.794678, 0.63653
0.818837, 0.63374
0.842463, 0.630505
0.86587, 0.626962
0.889629, 0.623291
0.91395, 0.619484
0.938679, 0.615419
0.963603, 0.610977
0.988621, 0.606066
0.0155544, 0.623744
0.040324, 0.629482
0.0650137, 0.634673
0.0895411, 0.639414
0.113727, 0.643829
0.137423, 0.648054
0.160731, 0.652133
0.184112, 0.655919
0.207928, 0.659238
0.232174, 0.662059
0.256696, 0.664427
0.281356, 0.666394
0.306047, 0.668005
0.330691, 0.669309
0.35523, 0.670354
0.37963, 0.67119
0.403881, 0.671864
0.428005, 0.672406
0.452039, 0.672822
0.476028, 0.673093
0.5, 0.673187
0.523972, 0.673093
0.547961, 0.672822
0.571995, 0.672406
0.596119, 0.671864
0.62037, 0.67119
0.64477, 0.670354
0.669309, 0.669309
0.693953, 0.668005
0.718644, 0.666394
0.743304, 0.664427
0.767826, 0.662059
0.792072, 0.659238
0.815888, 0.655919
0.839269, 0.652133
0.862577, 0.648054
0.886273, 0.643829
0.910459, 0.639414
0.934986, 0.634673
0.959676, 0.629482
0.984446, 0.623744
0.0204168, 0.641421
0.0448998, 0.647992
0.0693166, 0.653935
0.0936033, 0.659353
0.117614, 0.664372
0.141216, 0.669131
0.164428, 0.673713
0.187577, 0.678024
0.211029, 0.68188
0.234874, 0.685203
0.259007, 0.68802
0.2833, 0.690384
0.307653, 0.692347
0.331995, 0.693953
0.356272, 0.695249
0.380453, 0.696278
0.404525, 0.697078
0.428493, 0.697682
0.452376, 0.698108
0.476202, 0.698365
0.5, 0.69845
0.523798, 0.698365
0.547624, 0.698108
0.571507, 0.697682
0.595475, 0.697078
0.619547, 0.696278
0.643728, 0.695249
0.668005, 0.693953
0.692347, 0.692347
0.7167, 0.690384
0.740993, 0.68802
0.765126, 0.685203
0.788971, 0.68188
0.812423, 0.678024
0.835572, 0.673713
0.858784, 0.669131
0.882386, 0.664372
0.906397, 0.659353
0.930683, 0.653935
0.9551, 0.647992
0.979583, 0.641421
0.0259879, 0.659099
0.0501452, 0.666506
0.0742499, 0.673205
0.0982543, 0.679303
0.122044, 0.684925
0.145509, 0.690206
0.168619, 0.695253
0.191561, 0.700045
0.214654, 0.704423
0.238067, 0.708264
0.261765, 0.71156
0.285646, 0.714354
0.309616, 0.7167
0.333606, 0.718644
0.35757, 0.720231
0.381474, 0.721501
0.405304, 0.72249
0.429058, 0.723229
0.452746, 0.723742
0.476386, 0.724044
0.5, 0.724143
0.523614, 0.724044
0.547254, 0.723742
0.570942, 0.723229
0.594696, 0.72249
0.618526, 0.721501
0.64243, 0.720231
0.666394, 0.718644
0.690384, 0.7167
0.714354, 0.714354
0.738235, 0.71156
0.761933, 0.708264
0.785346, 0.704423
0.808439, 0.700045
0.831381, 0.695253
0.854491, 0.690206
0.877956, 0.684925
0.901746, 0.679303
0.92575, 0.673205
0.949855, 0.666506
0.974012, 0.659099
0.0322928, 0.676777
0.0560853, 0.685024
0.0798374, 0.692485
0.103516, 0.699267
0.127034, 0.705493
0.150307, 0.711289
0.173287, 0.716774
0.19605, 0.721987
0.218818, 0.726838
0.241791, 0.731189
0.265018, 0.734982
0.28844, 0.738235
0.31198, 0.740993
0.335573, 0.743304
0.359172, 0.745211
0.382746, 0.746754
0.406279, 0.747966
0.429764, 0.748878
0.453204, 0.749512
0.476611, 0.749886
0.5, 0.750009
0.523389, 0.749886
0.546796, 0.749512
0.570236, 0.748878
0.593721, 0.747966
0.617254, 0.746754
0.640828, 0.745211
0.664427, 0.743304
0.68802, 0.740993
0.71156, 0.738235
0.734982, 0.734982
0.758209, 0.731189
0.781182, 0.726838
0.80395, 0.721987
0.826713, 0.716774
0.849693, 0.711289
0.872966, 0.705493
0.896484, 0.699267
0.920163, 0.692485
0.943915, 0.685024
0.967707, 0.676777
0.0393619, 0.694454
0.0627496, 0.703548
0.0861079, 0.711774
0.109416, 0.719246
0.132609, 0.726081
0.155626, 0.732396
0.178422, 0.738305
0.20101, 0.743886
0.223504, 0.749126
0.246069, 0.753931
0.268811, 0.758209
0.291736, 0.761933
0.314797, 0.765126
0.337941, 0.767826
0.361123, 0.770076
0.384313, 0.771912
0.407491, 0.773368
0.430647, 0.774471
0.453781, 0.775242
0.476896, 0.775698
0.5, 0.775849
0.523104, 0.775698
0.546219, 0.775242
0.569353, 0.774471
0.592509, 0.773368
0.615687, 0.771912
0.638877, 0.770076
0.662059, 0.767826
0.685203, 0.765126
0.708264, 0.761933
0.731189, 0.758209
0.753931, 0.753931
0.776496, 0.749126
0.79899, 0.743886
0.821578, 0.738305
0.844374, 0.732396
0.867391, 0.726081
0.890584, 0.719246
0.913892, 0.711774
0.93725, 0.703548
0.960638, 0.694454
0.0472307, 0.712132
0.0701731, 0.722075
0.0930953, 0.731074
0.115986, 0.739241
0.138799, 0.746693
0.161491, 0.753536
0.18403, 0.759875
0.206404, 0.765797
0.228655, 0.771345
0.250874, 0.776496
0.273162, 0.781182
0.295577, 0.785346
0.31812, 0.788971
0.340762, 0.792072
0.36347, 0.794678
0.386214, 0.796822
0.408974, 0.798533
0.431737, 0.799837
0.454496, 0.800753
0.47725, 0.801297
0.5, 0.801478
0.52275, 0.801297
0.545504, 0.800753
0.568263, 0.799837
0.591026, 0.798533
0.613786, 0.796822
0.63653, 0.794678
0.659238, 0.792072
0.68188, 0.788971
0.704423, 0.785346
0.726838, 0.781182
0.749126, 0.776496
0.771345, 0.771345
0.793596, 0.765797
0.81597, 0.759875
0.838509, 0.753536
0.861201, 0.746693
0.884014, 0.739241
0.906905, 0.731074
0.929827, 0.722075
0.952769, 0.712132
0.055942, 0.72981
0.0783974, 0.740608
0.10084, 0.750383
0.123266, 0.759253
0.145642, 0.767331
0.16794, 0.774718
0.190138, 0.781506
0.212223, 0.787777
0.234203, 0.793596
0.256114, 0.79899
0.278013, 0.80395
0.299955, 0.808439
0.321976, 0.812423
0.344081, 0.815888
0.36626, 0.818837
0.388495, 0.821285
0.410766, 0.823253
0.433061, 0.824762
0.455369, 0.825826
0.477683, 0.82646
0.5, 0.82667
0.522317, 0.82646
0.544631, 0.825826
0.566939, 0.824762
0.589234, 0.823253
0.611505, 0.821285
0.63374, 0.818837
0.655919, 0.815888
0.678024, 0.812423
0.700045, 0.808439
0.721987, 0.80395
0.743886, 0.79899
0.765797, 0.793596
0.787777, 0.787777
0.809862, 0.781506
0.83206, 0.774718
0.854358, 0.767331
0.876734, 0.759253
0.89916, 0.750383
0.921603, 0.740608
0.944058, 0.72981
0.0655463, 0.747487
0.0874718, 0.759144
0.10939, 0.769701
0.131302, 0.779281
0.153184, 0.787996
0.175019, 0.795944
0.196792, 0.803208
0.218494, 0.809862
0.240125, 0.81597
0.261695, 0.821578
0.283226, 0.826713
0.304747, 0.831381
0.326287, 0.835572
0.347867, 0.839269
0.369495, 0.842463
0.391172, 0.84515
0.412891, 0.847333
0.434642, 0.849019
0.456416, 0.850216
0.478205, 0.850931
0.5, 0.851168
0.521795, 0.850931
0.543584, 0.850216
0.565358, 0.849019
0.587109, 0.847333
0.608828, 0.84515
0.630505, 0.842463
0.652133, 0.839269
0.673713, 0.835572
0.695253, 0.831381
0.716774, 0.826713
0.738305, 0.821578
0.759875, 0.81597
0.781506, 0.809862
0.803208, 0.803208
0.824981, 0.795944
0.846816, 0.787996
0.868698, 0.779281
0.89061, 0.769701
0.912528, 0.759144
0.934454, 0.747487
0.0761044, 0.765165
0.0974551, 0.777683
0.118802, 0.789027
0.14015, 0.799323
0.161483, 0.808686
0.182788, 0.817212
0.204056, 0.824981
0.225282, 0.83206
0.246464, 0.838509
0.267604, 0.844374
0.288711, 0.849693
0.309794, 0.854491
0.330869, 0.858784
0.351946, 0.862577
0.373038, 0.86587
0.39415, 0.868659
0.415286, 0.870943
0.436443, 0.872719
0.457618, 0.873987
0.478806, 0.874747
0.5, 0.875
0.521194, 0.874747
0.542382, 0.873987
0.563557, 0.872719
0.584714, 0.870943
0.60585, 0.868659
0.626962, 0.86587
0.648054, 0.862577
0.669131, 0.858784
0.690206, 0.854491
0.711289, 0.849693
0.732396, 0.844374
0.753536, 0.838509
0.774718, 0.83206
0.795944, 0.824981
0.817212, 0.817212
0.838517, 0.808686
0.85985, 0.799323
0.881198, 0.789027
0.902545, 0.777683
0.923896, 0.765165
0.0876894, 0.782843
0.108418, 0.796224
0.129145, 0.808358
0.149877, 0.819376
0.170603, 0.829397
0.191314, 0.838517
0.212004, 0.846816
0.232669, 0.854358
0.253307, 0.861201
0.273919, 0.867391
0.294507, 0.872966
0.315075, 0.877956
0.335628, 0.882386
0.356171, 0.886273
0.376709, 0.889629
0.397248, 0.892462
0.41779, 0.894777
0.438336, 0.896576
0.458887, 0.897861
0.479442, 0.898632
0.5, 0.898888
0.520558, 0.898632
0.541113, 0.897861
0.561664, 0.896576
0.58221, 0.894777
0.602752, 0.892462
0.623291, 0.889629
0.643829, 0.886273
0.664372, 0.882386
0.684925, 0.877956
0.705493, 0.872966
0.726081, 0.867391
0.746693, 0.861201
0.767331, 0.854358
0.787996, 0.846816
0.808686, 0.838517
0.829397, 0.829397
0.850123, 0.819376
0.870855, 0.808358
0.891582, 0.796224
0.912311, 0.782843
0.100391, 0.80052
0.120447, 0.814767
0.140502, 0.827692
0.160564, 0.839436
0.180624, 0.850123
0.200677, 0.85985
0.220719, 0.868698
0.240747, 0.876734
0.260759, 0.884014
0.280754, 0.890584
0.300733, 0.896484
0.320697, 0.901746
0.340647, 0.906397
0.360586, 0.910459
0.380516, 0.91395
0.400439, 0.916884
0.420356, 0.919272
0.440269, 0.921122
0.460181, 0.922439
0.480091, 0.923228
0.5, 0.923491
0.519909, 0.923228
0.539819, 0.922439
0.559731, 0.921122
0.579644, 0.919272
0.599561, 0.916884
0.619484, 0.91395
0.639414, 0.910459
0.659353, 0.906397
0.679303, 0.901746
0.699267, 0.896484
0.719246, 0.890584
0.739241, 0.884014
0.759253, 0.876734
0.779281, 0.868698
0.799323, 0.85985
0.819376, 0.850123
0.839436, 0.839436
0.859498, 0.827692
0.879553, 0.814767
0.899609, 0.80052
0.114319, 0.818198
0.133647, 0.833309
0.152975, 0.847025
0.172308, 0.859498
0.191642, 0.870855
0.210973, 0.881198
0.230299, 0.89061
0.249617, 0.89916
0.268926, 0.906905
0.288226, 0.913892
0.307515, 0.920163
0.326795, 0.92575
0.346065, 0.930683
0.365327, 0.934986
0.384581, 0.938679
0.403828, 0.941778
0.423069, 0.944296
0.442306, 0.946244
0.461539, 0.947631
0.48077, 0.94846
0.5, 0.948736
0.51923, 0.94846
0.538461, 0.947631
0.557694, 0.946244
0.576931, 0.944296
0.596172, 0.941778
0.615419, 0.938679
0.634673, 0.934986
0.653935, 0.930683
0.673205, 0.92575
0.692485, 0.920163
0.711774, 0.913892
0.731074, 0.906905
0.750383, 0.89916
0.769701, 0.89061
0.789027, 0.881198
0.808358, 0.870855
0.827692, 0.859498
0.847025, 0.847025
0.866353, 0.833309
0.885681, 0.818198
0.129612, 0.835876
0.148152, 0.851848
0.166691, 0.866353
0.185233, 0.879553
0.203776, 0.891582
0.222317, 0.902545
0.240856, 0.912528
0.259392, 0.921603
0.277925, 0.929827
0.296452, 0.93725
0.314976, 0.943915
0.333494, 0.949855
0.352008, 0.9551
0.370518, 0.959676
0.389023, 0.963603
0.407525, 0.966898
0.426024, 0.969576
0.44452, 0.971648
0.463015, 0.973122
0.481508, 0.974004
0.5, 0.974297
0.518492, 0.974004
0.536985, 0.973122
0.55548, 0.971648
0.573976, 0.969576
0.592475, 0.966898
0.610977, 0.963603
0.629482, 0.959676
0.647992, 0.9551
0.666506, 0.949855
0.685024, 0.943915
0.703548, 0.93725
0.722075, 0.929827
0.740608, 0.921603
0.759144, 0.912528
0.777683, 0.902545
0.796224, 0.891582
0.814767, 0.879553
0.833309, 0.866353
0.851848, 0.851848
0.870388, 0.835876
0.146447, 0.853553
0.164124, 0.870388
0.181802, 0.885681
0.19948, 0.899609
0.217157, 0.912311
0.234835, 0.923896
0.252513, 0.934454
0.27019, 0.944058
0.287868, 0.952769
0.305546, 0.960638
0.323223, 0.967707
0.340901, 0.974012
0.358579, 0.979583
0.376256, 0.984446
0.393934, 0.988621
0.411612, 0.992125
0.429289, 0.994975
0.446967, 0.99718
0.464645, 0.998748
0.482322, 0.999687
0.5, 1
0.517678, 0.999687
0.535355, 0.998748
0.553033, 0.99718
0.570711, 0.994975
0.588388, 0.992125
0.606066, 0.988621
0.623744, 0.984446
0.641421, 0.979583
0.659099, 0.974012
0.676777, 0.967707
0.694454, 0.960638
0.712132, 0.952769
0.72981, 0.944058
0.747487, 0.934454
0.765165, 0.923896
0.782843, 0.912311
0.80052, 0.899609
0.818198, 0.885681
0.835876, 0.870388
0.853553, 0.853553
0.146886, 0.146886
0.165004, 0.13126
0.183124, 0.117049
0.201244, 0.1041
0.219364, 0.0922931
0.237482, 0.0815305
0.255598, 0.0717326
0.273713, 0.0628341
0.291825, 0.0547804
0.309936, 0.0475257
0.328044, 0.0410318
0.346151, 0.0352662
0.364255, 0.0302016
0.382358, 0.0258153
0.40046, 0.0220882
0.41856, 0.0190048
0.436659, 0.0165525
0.454757, 0.0147216
0.472854, 0.0135049
0.490951, 0.0128977
0.509049, 0.0128977
0.527146, 0.0135049
0.545243, 0.0147216
0.563341, 0.0165525
0.58144, 0.0190048
0.59954, 0.0220882
0.617642, 0.0258153
0.635745, 0.0302016
0.653849, 0.0352662
0.671956, 0.0410318
0.690064, 0.0475257
0.708175, 0.0547804
0.726287, 0.0628341
0.744402, 0.0717326
0.762518, 0.0815305
0.780636, 0.0922931
0.798756, 0.1041
0.816876, 0.117049
0.834996, 0.13126
0.853114, 0.146886
0.13126, 0.165004
0.150196, 0.150196
0.169138, 0.136738
0.188082, 0.124483
0.207025, 0.113317
0.225964, 0.103144
0.244899, 0.0938891
0.263829, 0.0854884
0.282752, 0.0778892
0.301669, 0.0710472
0.32058, 0.0649251
0.339484, 0.0594916
0.358383, 0.0547202
0.377276, 0.0505888
0.396165, 0.0470791
0.415049, 0.0441759
0.433931, 0.0418673
0.452809, 0.0401437
0.471686, 0.0389984
0.490562, 0.0384269
0.509438, 0.0384269
0.528314, 0.0389984
0.547191, 0.0401437
0.566069, 0.0418673
0.584951, 0.0441759
0.603835, 0.0470791
0.622724, 0.0505888
0.641617, 0.0547202
0.660516, 0.0594916
0.67942, 0.0649251
0.698331, 0.0710472
0.717248, 0.0778892
0.736171, 0.0854884
0.755101, 0.0938891
0.774036, 0.103144
0.792975, 0.113317
0.811918, 0.124483
0.830862, 0.136738
0.849804, 0.150196
0.86874, 0.165004
0.117049, 0.183124
0.136738, 0.169138
0.156436, 0.156436
0.176136, 0.144877
0.195832, 0.134351
0.215521, 0.124766
0.235201, 0.116048
0.25487, 0.108138
0.274527, 0.100982
0.294173, 0.0945389
0.313808, 0.0887726
0.333432, 0.083653
0.353047, 0.0791552
0.372655, 0.0752587
0.392256, 0.0719466
0.411852, 0.0692054
0.431444, 0.0670244
0.451033, 0.0653954
0.470621, 0.0643126
0.490207, 0.0637721
0.509793, 0.0637721
0.529379, 0.0643126
0.548967, 0.0653954
0.568556, 0.0670244
0.588148, 0.0692054
0.607744, 0.0719466
0.627345, 0.0752587
0.646953, 0.0791552
0.666568, 0.083653
0.686192, 0.0887726
0.705827, 0.0945389
0.725473, 0.100982
0.74513, 0.108138
0.764799, 0.116048
0.784479, 0.124766
0.804168, 0.134351
0.823864, 0.144877
0.843564, 0.156436
0.863262, 0.169138
0.882951, 0.183124
0.1041, 0.201244
0.124483, 0.188082
0.144877, 0.176136
0.16527, 0.16527
0.185655, 0.155378
0.206026, 0.146372
0.226379, 0.138179
0.246714, 0.13074
0.26703, 0.124005
0.287328, 0.117933
0.30761, 0.112489
0.327879, 0.107646
0.348138, 0.103381
0.36839, 0.0996785
0.388638, 0.0965239
0.408884, 0.0939073
0.42913, 0.0918216
0.449378, 0.0902613
0.469626, 0.089223
0.489875, 0.0887044
0.510125, 0.0887044
0.530374, 0.089223
0.550622, 0.0902613
0.57087, 0.0918216
0.591116, 0.0939073
0.611362, 0.0965239
0.63161, 0.0996785
0.651862, 0.103381
0.672121, 0.107646
0.69239, 0.112489
0.712672, 0.117933
0.73297, 0.124005
0.753286, 0.13074
0.773621, 0.138179
0.793974, 0.146372
0.814345, 0.155378
0.83473, 0.16527
0.855123, 0.176136
0.875517, 0.188082
0.8959, 0.201244
0.0922931, 0.219364
0.113317, 0.207025
0.134351, 0.195832
0.155378, 0.185655
0.176389, 0.176389
0.197375, 0.167948
0.218331, 0.16026
0.239257, 0.153266
0.260153, 0.146915
0.281023, 0.141169
0.301872, 0.135996
0.322708, 0.131372
0.343539, 0.127282
0.364372, 0.123714
0.385211, 0.120663
0.406061, 0.118125
0.426921, 0.116096
0.447792, 0.114576
0.468672, 0.113563
0.489557, 0.113057
0.510443, 0.113057
0.531328, 0.113563
0.552208, 0.114576
0.573079, 0.116096
0.593939, 0.118125
0.614789, 0.120663
0.635628, 0.123714
0.656461, 0.127282
0.677292, 0.131372
0.698128, 0.135996
0.718977, 0.141169
0.739847, 0.146915
0.760743, 0.153266
0.781669, 0.16026
0.802625, 0.167948
0.823611, 0.176389
0.844622, 0.185655
0.865649, 0.195832
0.886683, 0.207025
0.907707, 0.219364
0.0815305, 0.237482
0.103144, 0.225964
0.124766, 0.215521
0.146372, 0.206026
0.167948, 0.197375
0.189482, 0.189482
0.210968, 0.182274
0.232405, 0.175689
0.253796, 0.169679
0.275152, 0.164205
0.296488, 0.159245
0.317822, 0.154787
0.339167, 0.150828
0.360536, 0.147367
0.381933, 0.144407
0.403358, 0.141946
0.424807, 0.139984
0.446276, 0.138517
0.46776, 0.137542
0.489252, 0.137055
0.510748, 0.137055
0.53224, 0.137542
0.553724, 0.138517
0.575193, 0.139984
0.596642, 0.141946
0.618067, 0.144407
0.639464, 0.147367
0.660833, 0.150828
0.682178, 0.154787
0.703512, 0.159245
0.724848, 0.164205
0.746204, 0.169679
0.767595, 0.175689
0.789032, 0.182274
0.810518, 0.189482
0.832052, 0.197375
0.853628, 0.206026
0.875234, 0.215521
0.896856, 0.225964
0.91847, 0.237482
0.0717326, 0.255598
0.0938891, 0.244899
0.116048, 0.235201
0.138179, 0.226379
0.16026, 0.218331
0.182274, 0.210968
0.204212, 0.204212
0.226074, 0.198
0.247875, 0.192286
0.269642, 0.187047
0.291408, 0.182281
0.313203, 0.177999
0.335046, 0.174212
0.356939, 0.170925
0.378879, 0.168136
0.400857, 0.165838
0.422864, 0.164018
0.444891, 0.162665
0.46693, 0.161769
0.488976, 0.161323
0.511024, 0.161323
0.53307, 0.161769
0.555109, 0.162665
0.577136, 0.164018
0.599143, 0.165838
0.621121, 0.168136
0.643061, 0.170925
0.664954, 0.174212
0.686797, 0.177999
0.708592, 0.182281
0.730358, 0.187047
0.752125, 0.192286
0.773926, 0.198
0.795788, 0.204212
0.817726, 0.210968
0.83974, 0.218331
0.861821, 0.226379
0.883952, 0.235201
0.906111, 0.244899
0.928267, 0.255598
0.0628341, 0.273713
0.0854884, 0.263829
0.108138, 0.25487
0.13074, 0.246714
0.153266, 0.239257
0.175689, 0.232405
0.198, 0.226074
0.220206, 0.220206
0.242349, 0.214774
0.264488, 0.209788
0.286676, 0.205275
0.308942, 0.201263
0.331288, 0.197759
0.353701, 0.194756
0.376164, 0.192236
0.398658, 0.190176
0.42117, 0.188556
0.443691, 0.187359
0.466214, 0.186568
0.488738, 0.186176
0.511262, 0.186176
0.533786, 0.186568
0.556309, 0.187359
0.57883, 0.188556
0.601342, 0.190176
0.623836, 0.192236
0.646299, 0.194756
0.668712, 0.197759
0.691058, 0.201263
0.713324, 0.205275
0.735512, 0.209788
0.757651, 0.214774
0.779794, 0.220206
0.802, 0.226074
0.824311, 0.232405
0.846734, 0.239257
0.86926, 0.246714
0.891862, 0.25487
0.914512, 0.263829
0.937166, 0.273713
0.0547804, 0.291825
0.0778892, 0.282752
0.100982, 0.274527
0.124005, 0.26703
0.146915, 0.260153
0.169679, 0.253796
0.192286, 0.247875
0.214774, 0.242349
0.237232, 0.237232
0.259752, 0.232572
0.282386, 0.228414
0.305139, 0.224773
0.327986, 0.221636
0.350894, 0.218976
0.373836, 0.216764
0.396789, 0.214968
0.419741, 0.213565
0.442683, 0.212532
0.465615, 0.211853
0.488539, 0.211517
0.511461, 0.211517
0.534385, 0.211853
0.557317, 0.212532
0.580259, 0.213565
0.603211, 0.214968
0.626164, 0.216764
0.649106, 0.218976
0.672014, 0.221636
0.694861, 0.224773
0.717614, 0.228414
0.740248, 0.232572
0.762768, 0.237232
0.785226, 0.242349
0.807714, 0.247875
0.830321, 0.253796
0.853085, 0.260153
0.875995, 0.26703
0.899018, 0.274527
0.922111, 0.282752
0.94522, 0.291825
0.0475257, 0.309936
0.0710472, 0.301669
0.0945389, 0.294173
0.117933, 0.287328
0.141169, 0.281023
0.164205, 0.275152
0.187047, 0.269642
0.209788, 0.264488
0.232572, 0.259752
0.255504, 0.255504
0.278602, 0.251774
0.301834, 0.248553
0.325151, 0.245807
0.34851, 0.243501
0.371876, 0.241598
0.395229, 0.240066
0.418555, 0.238876
0.441852, 0.238005
0.465123, 0.237434
0.488377, 0.237152
0.511623, 0.237152
0.534877, 0.237434
0.558148, 0.238005
0.581445, 0.238876
0.604771, 0.240066
0.628124, 0.241598
0.65149, 0.243501
0.674849, 0.245807
0.698166, 0.248553
0.721398, 0.251774
0.744496, 0.255504
0.767428, 0.259752
0.790212, 0.264488
0.812953, 0.269642
0.835795, 0.275152
0.858831, 0.281023
0.882067, 0.287328
0.905461, 0.294173
0.928953, 0.301669
0.952474, 0.309936
0.0410318, 0.328044
0.0649251, 0.32058
0.0887726, 0.313808
0.112489, 0.30761
0.135996, 0.301872
0.159245, 0.296488
0.182281, 0.291408
0.205275, 0.286676
0.228414, 0.282386
0.251774, 0.278602
0.275327, 0.275327
0.299007, 0.272529
0.322752, 0.270169
0.346511, 0.268205
0.370249, 0.266599
0.393944, 0.265316
0.417586, 0.264326
0.441177, 0.263604
0.464725, 0.263132
0.488245, 0.262899
0.511755, 0.262899
0.535275, 0.263132
0.558823, 0.263604
0.582414, 0.264326
0.606056, 0.265316
0.629751, 0.266599
0.653489, 0.268205
0.677248, 0.270169
0.700993, 0.272529
0.724673, 0.275327
0.748226, 0.278602
0.771586, 0.282386
0.794725, 0.286676
0.817719, 0.291408
0.840755, 0.296488
0.864004, 0.301872
0.887511, 0.30761
0.911227, 0.313808
0.935075, 0.32058
0.958968, 0.328044
0.0352662, 0.346151
0.0594916, 0.339484
0.083653, 0.333432
0.107646, 0.327879
0.131372, 0.322708
0.154787, 0.317822
0.177999, 0.313203
0.201263, 0.308942
0.224773, 0.305139
0.248553, 0.301834
0.272529, 0.299007
0.296617, 0.296617
0.320745, 0.294622
0.344856, 0.292978
0.368914, 0.291644
0.392897, 0.290585
0.416799, 0.289767
0.440627, 0.289168
0.4644, 0.288774
0.488137, 0.288578
0.511863, 0.288578
0.5356, 0.288774
0.559373, 0.289168
0.583201, 0.289767
0.607103, 0.290585
0.631086, 0.291644
0.655144, 0.292978
0.679255, 0.294622
0.703383, 0.296617
0.727471, 0.299007
0.751447, 0.301834
0.775227, 0.305139
0.798737, 0.308942
0.822001, 0.313203
0.845213, 0.317822
0.868628, 0.322708
0.892354, 0.327879
0.916347, 0.333432
0.940508, 0.339484
0.964734, 0.346151
0.0302016, 0.364255
0.0547202, 0.358383
0.0791552, 0.353047
0.103381, 0.348138
0.127282, 0.343539
0.150828, 0.339167
0.174212, 0.335046
0.197759, 0.331288
0.221636, 0.327986
0.245807, 0.325151
0.270169, 0.322752
0.294622, 0.320745
0.319086, 0.319086
0.3435, 0.31773
0.367824, 0.316634
0.392038, 0.315755
0.416143, 0.315061
0.440159, 0.314534
0.464116, 0.314173
0.488042, 0.313988
0.511958, 0.313988
0.535884, 0.314173
0.559841, 0.314534
0.583857, 0.315061
0.607962, 0.315755
0.632176, 0.316634
0.6565, 0.31773
0.680914, 0.319086
0.705378, 0.320745
0.729831, 0.322752
0.754193, 0.325151
0.778364, 0.327986
0.802241, 0.331288
0.825788, 0.335046
0.849172, 0.339167
0.872718, 0.343539
0.896619, 0.348138
0.920845, 0.353047
0.94528, 0.358383
0.969798, 0.364255
0.0258153, 0.382358
0.0505888, 0.377276
0.0752587, 0.372655
0.0996785, 0.36839
0.123714, 0.364372
0.147367, 0.360536
0.170925, 0.356939
0.194756, 0.353701
0.218976, 0.350894
0.243501, 0.34851
0.268205, 0.346511
0.292978, 0.344856
0.31773, 0.3435
0.342394, 0.342394
0.366922, 0.341484
0.391299, 0.340722
0.415541, 0.340071
0.439695, 0.339526
0.463814, 0.339119
0.487936, 0.338897
0.512064, 0.338897
0.536186, 0.339119
0.560305, 0.339526
0.584459, 0.340071
0.608701, 0.340722
0.633078, 0.341484
0.657606, 0.342394
0.68227, 0.3435
0.707022, 0.344856
0.731795, 0.346511
0.756499, 0.34851
0.781024, 0.350894
0.805244, 0.353701
0.829075, 0.356939
0.852633, 0.360536
0.876286, 0.364372
0.900321, 0.36839
0.924741, 0.372655
0.949411, 0.377276
0.974185, 0.382358
0.0220882, 0.40046
0.0470791, 0.396165
0.0719466, 0.392256
0.0965239, 0.388638
0.120663, 0.385211
0.144407, 0.381933
0.168136, 0.378879
0.192236, 0.376164
0.216764, 0.373836
0.241598, 0.371876
0.266599, 0.370249
0.291644, 0.368914
0.316634, 0.367824
0.341484, 0.366922
0.366141, 0.366141
0.390591, 0.365412
0.414882, 0.364694
0.439122, 0.364013
0.463413, 0.363461
0.487791, 0.363148
0.512209, 0.363148
0.536587, 0.363461
0.560878, 0.364013
0.585118, 0.364694
0.609409, 0.365412
0.633859, 0.366141
0.658516, 0.366922
0.683366, 0.367824
0.708356, 0.368914
0.733401, 0.370249
0.758402, 0.371876
0.783236, 0.373836
0.807764, 0.376164
0.831864, 0.378879
0.855593, 0.381933
0.879337, 0.385211
0.903476, 0.388638
0.928053, 0.392256
0.952921, 0.396165
0.977912, 0.40046
0.0190048, 0.41856
0.0441759, 0.415049
0.0692054, 0.411852
0.0939073, 0.408884
0.118125, 0.406061
0.141946, 0.403358
0.165838, 0.400857
0.190176, 0.398658
0.214968, 0.396789
0.240066, 0.395229
0.265316, 0.393944
0.290585, 0.392897
0.315755, 0.392038
0.340722, 0.391299
0.365412, 0.390591
0.389819, 0.389819
0.414067, 0.388956
0.438373, 0.388093
0.462889, 0.387397
0.487604, 0.387014
0.512396, 0.387014
0.537111, 0.387397
0.561627, 0.388093
0.585933, 0.388956
0.610181, 0.389819
0.634588, 0.390591
0.659278, 0.391299
0.684245, 0.392038
0.709415, 0.392897
0.734684, 0.393944
0.759934, 0.395229
0.785032, 0.396789
0.809824, 0.398658
0.834162, 0.400857
0.858054, 0.403358
0.881875, 0.406061
0.906093, 0.408884
0.930795, 0.411852
0.955824, 0.415049
0.980995, 0.41856
0.0165525, 0.436659
0.0418673, 0.433931
0.0670244, 0.431444
0.0918216, 0.42913
0.116096, 0.426921
0.139984, 0.424807
0.164018, 0.422864
0.188556, 0.42117
0.213565, 0.419741
0.238876, 0.418555
0.264326, 0.417586
0.289767, 0.416799
0.315061, 0.416143
0.340071, 0.415541
0.364694, 0.414882
0.388956, 0.414067
0.413123, 0.413123
0.437539, 0.412221
0.462333, 0.411547
0.487411, 0.411198
0.512589, 0.411198
0.537667, 0.411547
0.562461, 0.412221
0.586877, 0.413123
0.611044, 0.414067
0.635306, 0.414882
0.659929, 0.415541
0.684939, 0.416143
0.710233, 0.416799
0.735674, 0.417586
0.761124, 0.418555
0.786435, 0.419741
0.811444, 0.42117
0.835982, 0.422864
0.860016, 0.424807
0.883904, 0.426921
0.908178, 0.42913
0.932976, 0.431444
0.958133, 0.433931
0.983447, 0.436659
0.0147216, 0.454757
0.0401437, 0.452809
0.0653954, 0.451033
0.0902613, 0.449378
0.114576, 0.447792
0.138517, 0.446276
0.162665, 0.444891
0.187359, 0.443691
0.212532, 0.442683
0.238005, 0.441852
0.263604, 0.441177
0.289168, 0.440627
0.314534, 0.440159
0.339526, 0.439695
0.364013, 0.439122
0.388093, 0.438373
0.412221, 0.437539
0.436803, 0.436803
0.461874, 0.436294
0.487257, 0.436042
0.512743, 0.436042
0.538126, 0.436294
0.563197, 0.436803
0.587779, 0.437539
0.611907, 0.438373
0.635987, 0.439122
0.660474, 0.439695
0.685466, 0.440159
0.710832, 0.440627
0.736396, 0.441177
0.761995, 0.441852
0.787468, 0.442683
0.812641, 0.443691
0.837335, 0.444891
0.861483, 0.446276
0.885424, 0.447792
0.909739, 0.449378
0.934605, 0.451033
0.959856, 0.452809
0.985278, 0.454757
0.0135049, 0.472854
0.0389984, 0.471686
0.0643126, 0.470621
0.089223, 0.469626
0.113563, 0.468672
0.137542, 0.46776
0.161769, 0.46693
0.186568, 0.466214
0.211853, 0.465615
0.237434, 0.465123
0.263132, 0.464725
0.288774, 0.4644
0.314173, 0.464116
0.339119, 0.463814
0.363461, 0.463413
0.387397, 0.462889
0.411547, 0.462333
0.436294, 0.461874
0.46157, 0.46157
0.487157, 0.461422
0.512843, 0.461422
0.53843, 0.46157
0.563706, 0.461874
0.588453, 0.462333
0.612603, 0.462889
0.636539, 0.463413
0.660881, 0.463814
0.685827, 0.464116
0.711226, 0.4644
0.736868, 0.464725
0.762566, 0.465123
0.788147, 0.465615
0.813432, 0.466214
0.838231, 0.46693
0.862458, 0.46776
0.886437, 0.468672
0.910777, 0.469626
0.935687, 0.470621
0.961002, 0.471686
0.986495, 0.472854
0.0128977, 0.490951
0.0384269, 0.490562
0.0637721, 0.490207
0.0887044, 0.489875
0.113057, 0.489557
0.137055, 0.489252
0.161323, 0.488976
0.186176, 0.488738
0.211517, 0.488539
0.237152, 0.488377
0.262899, 0.488245
0.288578, 0.488137
0.313988, 0.488042
0.338897, 0.487936
0.363148, 0.487791
0.387014, 0.487604
0.411198, 0.487411
0.436042, 0.487257
0.461422, 0.487157
0.487108, 0.487108
0.512892, 0.487108
0.538578, 0.487157
0.563958, 0.487257
0.588802, 0.487411
0.612986, 0.487604
0.636852, 0.487791
0.661103, 0.487936
0.686012, 0.488042
0.711422, 0.488137
0.737101, 0.488245
0.762848, 0.488377
0.788483, 0.488539
0.813824, 0.488738
0.838677, 0.488976
0.862945, 0.489252
0.886943, 0.489557
0.911296, 0.489875
0.936228, 0.490207
0.961573, 0.490562
0.987102, 0.490951
0.0128977, 0.509049
0.0384269, 0.509438
0.0637721, 0.509793
0.0887044, 0.510125
0.113057, 0.510443
0.137055, 0.510748
0.161323, 0.511024
0.186176, 0.511262
0.211517, 0.511461
0.237152, 0.511623
0.262899, 0.511755
0.288578, 0.511863
0.313988, 0.511958
0.338897, 0.512064
0.363148, 0.512209
0.387014, 0.512396
0.411198, 0.512589
0.436042, 0.512743
0.461422, 0.512843
0.487108, 0.512892
0.512892, 0.512892
0.538578, 0.512843
0.563958, 0.512743
0.588802, 0.512589
0.612986, 0.512396
0.636852, 0.512209
0.661103, 0.512064
0.686012, 0.511958
0.711422, 0.511863
0.737101, 0.511755
0.762848, 0.511623
0.788483, 0.511461
0.813824, 0.511262
0.838677, 0.511024
0.862945, 0.510748
0.886943, 0.510443
0.911296, 0.510125
0.936228, 0.509793
0.961573, 0.509438
0.987102, 0.509049
0.0135049, 0.527146
0.0389984, 0.528314
0.0643126, 0.529379
0.089223, 0.530374
0.113563, 0.531328
0.137542, 0.53224
0.161769, 0.53307
0.186568, 0.533786
0.211853, 0.534385
0.237434, 0.534877
0.263132, 0.535275
0.288774, 0.5356
0.314173, 0.535884
0.339119, 0.536186
0.363461, 0.536587
0.387397, 0.537111
0.411547, 0.537667
0.436294, 0.538126
0.46157, 0.53843
0.487157, 0.538578
0.512843, 0.538578
0.53843, 0.53843
0.563706, 0.538126
0.588453, 0.537667
0.612603, 0.537111
0.636539, 0.536587
0.660881, 0.536186
0.685827, 0.535884
0.711226, 0.5356
0.736868, 0.535275
0.762566, 0.534877
0.788147, 0.534385
0.813432, 0.533786
0.838231, 0.53307
0.862458, 0.53224
0.886437, 0.531328
0.910777, 0.530374
0.935687, 0.529379
0.961002, 0.528314
0.986495, 0.527146
0.0147216, 0.545243
0.0401437, 0.547191
0.0653954, 0.548967
0.0902613, 0.550622
0.114576, 0.552208
0.138517, 0.553724
0.162665, 0.555109
0.187359, 0.556309
0.212532, 0.557317
0.238005, 0.558148
0.263604, 0.558823
0.289168, 0.559373
0.314534, 0.559841
0.339526, 0.560305
0.364013, 0.560878
0.388093, 0.561627
0.412221, 0.562461
0.436803, 0.563197
0.461874, 0.563706
0.487257, 0.563958
0.512743, 0.563958
0.538126, 0.563706
0.563197, 0.563197
0.587779, 0.562461
0.611907, 0.561627
0.635987, 0.560878
0.660474, 0.560305
0.685466, 0.559841
0.710832, 0.559373
0.736396, 0.558823
0.761995, 0.558148
0.787468, 0.557317
0.812641, 0.556309
0.837335, 0.555109
0.861483, 0.553724
0.885424, 0.552208
0.909739, 0.550622
0.934605, 0.548967
0.959856, 0.547191
0.985278, 0.545243
0.0165525, 0.563341
0.0418673, 0.566069
0.0670244, 0.568556
0.0918216, 0.57087
0.116096, 0.573079
0.139984, 0.575193
0.164018, 0.577136
0.188556, 0.57883
0.213565, 0.580259
0.238876, 0.581445
0.264326, 0.582414
0.289767, 0.583201
0.315061, 0.583857
0.340071, 0.584459
0.364694, 0.585118
0.388956, 0.585933
0.413123, 0.586877
0.437539, 0.587779
0.462333, 0.588453
0.487411, 0.588802
0.512589, 0.588802
0.537667, 0.588453
0.562461, 0.587779
0.586877, 0.586877
0.611044, 0.585933
0.635306, 0.585118
0.659929, 0.584459
0.684939, 0.583857
0.710233, 0.583201
0.735674, 0.582414
0.761124, 0.581445
0.786435, 0.580259
0.811444, 0.57883
0.835982, 0.577136
0.860016, 0.575193
0.883904, 0.573079
0.908178, 0.57087
0.932976, 0.568556
0.958133, 0.566069
0.983447, 0.563341
0.0190048, 0.58144
0.0441759, 0.584951
0.0692054, 0.588148
0.0939073, 0.591116
0.118125, 0.593939
0.141946, 0.596642
0.165838, 0.599143
0.190176, 0.601342
0.214968, 0.603211
0.240066, 0.604771
0.265316, 0.606056
0.290585, 0.607103
0.315755, 0.607962
0.340722, 0.608701
0.365412, 0.609409
0.389819, 0.610181
0.414067, 0.611044
0.438373, 0.611907
0.462889, 0.612603
0.487604, 0.612986
0.512396, 0.612986
0.537111, 0.612603
0.561627, 0.611907
0.585933, 0.611044
0.610181, 0.610181
0.634588, 0.609409
0.659278, 0.608701
0.684245, 0.607962
0.709415, 0.607103
0.734684, 0.606056
0.759934, 0.604771
0.785032, 0.603211
0.809824, 0.601342
0.834162, 0.599143
0.858054, 0.596642
0.881875, 0.593939
0.906093, 0.591116
0.930795, 0.588148
0.955824, 0.584951
0.980995, 0.58144
0.0220882, 0.59954
0.0470791, 0.603835
0.0719466, 0.607744
0.0965239, 0.611362
0.120663, 0.614789
0.144407, 0.618067
0.168136, 0.621121
0.192236, 0.623836
0.216764, 0.626164
0.241598, 0.628124
0.266599, 0.629751
0.291644, 0.631086
0.316634, 0.632176
0.341484, 0.633078
0.366141, 0.633859
0.390591, 0.634588
0.414882, 0.635306
0.439122, 0.635987
0.463413, 0.636539
0.487791, 0.636852
0.512209, 0.636852
0.536587, 0.636539
0.560878, 0.635987
0.585118, 0.635306
0.609409, 0.634588
0.633859, 0.633859
0.658516, 0.633078
0.683366, 0.632176
0.708356, 0.631086
0.733401, 0.629751
0.758402, 0.628124
0.783236, 0.626164
0.807764, 0.623836
0.831864, 0.621121
0.855593, 0.618067
0.879337, 0.614789
0.903476, 0.611362
0.928053, 0.607744
0.952921, 0.603835
0.977912, 0.59954
0.0258153, 0.617642
0.0505888, 0.622724
0.0752587, 0.627345
0.0996785, 0.63161
0.123714, 0.635628
0.147367, 0.639464
0.170925, 0.643061
0.194756, 0.646299
0.218976, 0.649106
0.243501, 0.65149
0.268205, 0.653489
0.292978, 0.655144
0.31773, 0.6565
0.342394, 0.657606
0.366922, 0.658516
0.391299, 0.659278
0.415541, 0.659929
0.439695, 0.660474
0.463814, 0.660881
0.487936, 0.661103
0.512064, 0.661103
0.536186, 0.660881
0.560305, 0.660474
0.584459, 0.659929
0.608701, 0.659278
0.633078, 0.658516
0.657606, 0.657606
0.68227, 0.6565
0.707022, 0.655144
0.731795, 0.653489
0.756499, 0.65149
0.781024, 0.649106
0.805244, 0.646299
0.829075, 0.643061
0.852633, 0.639464
0.876286, 0.635628
0.900321, 0.63161
0.924741, 0.627345
0.949411, 0.622724
0.974185, 0.617642
0.0302016, 0.635745
0.0547202, 0.641617
0.0791552, 0.646953
0.103381, 0.651862
0.127282, 0.656461
0.150828, 0.660833
0.174212, 0.664954
0.197759, 0.668712
0.221636, 0.672014
0.245807, 0.674849
0.270169, 0.677248
0.294622, 0.679255
0.319086, 0.680914
0.3435, 0.68227
0.367824, 0.683366
0.392038, 0.684245
0.416143, 0.684939
0.440159, 0.685466
0.464116, 0.685827
0.488042, 0.686012
0.511958, 0.686012
0.535884, 0.685827
0.559841, 0.685466
0.583857, 0.684939
0.607962, 0.684245
0.632176, 0.683366
0.6565, 0.68227
0.680914, 0.680914
0.705378, 0.679255
0.729831, 0.677248
0.754193, 0.674849
0.778364, 0.672014
0.802241, 0.668712
0.825788, 0.664954
0.849172, 0.660833
0.872718, 0.656461
0.896619, 0.651862
0.920845, 0.646953
0.94528, 0.641617
0.969798, 0.635745
0.0352662, 0.653849
0.0594916, 0.660516
0.083653, 0.666568
0.107646, 0.672121
0.131372, 0.677292
0.154787, 0.682178
0.177999, 0.686797
0.201263, 0.691058
0.224773, 0.694861
0.248553, 0.698166
0.272529, 0.700993
0.296617, 0.703383
0.320745, 0.705378
0.344856, 0.707022
0.368914, 0.708356
0.392897, 0.709415
0.416799, 0.710233
0.440627, 0.710832
0.4644, 0.711226
0.488137, 0.711422
0.511863, 0.711422
0.5356, 0.711226
0.559373, 0.710832
0.583201, 0.710233
0.607103, 0.709415
0.631086, 0.708356
0.655144, 0.707022
0.679255, 0.705378
0.703383, 0.703383
0.727471, 0.700993
0.751447, 0.698166
0.775227, 0.694861
0.798737, 0.691058
0.822001, 0.686797
0.845213, 0.682178
0.868628, 0.677292
0.892354, 0.672121
0.916347, 0.666568
0.940508, 0.660516
0.964734, 0.653849
0.0410318, 0.671956
0.0649251, 0.67942
0.0887726, 0.686192
0.112489, 0.69239
0.135996, 0.698128
0.159245, 0.703512
0.182281, 0.708592
0.205275, 0.713324
0.228414, 0.717614
0.251774, 0.721398
0.275327, 0.724673
0.299007, 0.727471
0.322752, 0.729831
0.346511, 0.731795
0.370249, 0.733401
0.393944, 0.734684
0.417586, 0.735674
0.441177, 0.736396
0.464725, 0.736868
0.488245, 0.737101
0.511755, 0.737101
0.535275, 0.736868
0.558823, 0.736396
0.582414, 0.735674
0.606056, 0.734684
0.629751, 0.733401
0.653489, 0.731795
0.677248, 0.729831
0.700993, 0.727471
0.724673, 0.724673
0.748226, 0.721398
0.771586, 0.717614
0.794725, 0.713324
0.817719, 0.708592
0.840755, 0.703512
0.864004, 0.698128
0.887511, 0.69239
0.911227, 0.686192
0.935075, 0.67942
0.958968, 0.671956
0.0475257, 0.690064
0.0710472, 0.698331
0.0945389, 0.705827
0.117933, 0.712672
0.141169, 0.718977
0.164205, 0.724848
0.187047, 0.730358
0.209788, 0.735512
0.232572, 0.740248
0.255504, 0.744496
0.278602, 0.748226
0.301834, 0.751447
0.325151, 0.754193
0.34851, 0.756499
0.371876, 0.758402
0.395229, 0.759934
0.418555, 0.761124
0.441852, 0.761995
0.465123, 0.762566
0.488377, 0.762848
0.511623, 0.762848
0.534877, 0.762566
0.558148, 0.761995
0.581445, 0.761124
0.604771, 0.759934
0.628124, 0.758402
0.65149, 0.756499
0.674849, 0.754193
0.698166, 0.751447
0.721398, 0.748226
0.744496, 0.744496
0.767428, 0.740248
0.790212, 0.735512
0.812953, 0.730358
0.835795, 0.724848
0.858831, 0.718977
0.882067, 0.712672
0.905461, 0.705827
0.928953, 0.698331
0.952474, 0.690064
0.0547804, 0.708175
0.0778892, 0.717248
0.100982, 0.725473
0.124005, 0.73297
0.146915, 0.739847
0.169679, 0.746204
0.192286, 0.752125
0.214774, 0.757651
0.237232, 0.762768
0.259752, 0.767428
0.282386, 0.771586
0.305139, 0.775227
0.327986, 0.778364
0.350894, 0.781024
0.373836, 0.783236
0.396789, 0.785032
0.419741, 0.786435
0.442683, 0.787468
0.465615, 0.788147
0.488539, 0.788483
0.511461, 0.788483
0.534385, 0.788147
0.557317, 0.787468
0.580259, 0.786435
0.603211, 0.785032
0.626164, 0.783236
0.649106, 0.781024
0.672014, 0.778364
0.694861, 0.775227
0.717614, 0.771586
0.740248, 0.767428
0.762768, 0.762768
0.785226, 0.757651
0.807714, 0.752125
0.830321, 0.746204
0.853085, 0.739847
0.875995, 0.73297
0.899018, 0.725473
0.922111, 0.717248
0.94522, 0.708175
0.0628341, 0.726287
0.0854884, 0.736171
0.108138, 0.74513
0.13074, 0.753286
0.153266, 0.760743
0.175689, 0.767595
0.198, 0.773926
0.220206, 0.779794
0.242349, 0.785226
0.264488, 0.790212
0.286676, 0.794725
0.308942, 0.798737
0.331288, 0.802241
0.353701, 0.805244
0.376164, 0.807764
0.398658, 0.809824
0.42117, 0.811444
0.443691, 0.812641
0.466214, 0.813432
0.488738, 0.813824
0.511262, 0.813824
0.533786, 0.813432
0.556309, 0.812641
0.57883, 0.811444
0.601342, 0.809824
0.623836, 0.807764
0.646299, 0.805244
0.668712, 0.802241
0.691058, 0.798737
0.713324, 0.794725
0.735512, 0.790212
0.757651, 0.785226
0.779794, 0.779794
0.802, 0.773926
0.824311, 0.767595
0.846734, 0.760743
0.86926, 0.753286
0.891862, 0.74513
0.914512, 0.736171
0.937166, 0.726287
0.0717326, 0.744402
0.0938891, 0.755101
0.116048, 0.764799
0.138179, 0.773621
0.16026, 0.781669
0.182274, 0.789032
0.204212, 0.795788
0.226074, 0.802
0.247875, 0.807714
0.269642, 0.812953
0.291408, 0.817719
0.313203, 0.822001
0.335046, 0.825788
0.356939, 0.829075
0.378879, 0.831864
0.400857, 0.834162
0.422864, 0.835982
0.444891, 0.837335
0.46693, 0.838231
0.488976, 0.838677
0.511024, 0.838677
0.53307, 0.838231
0.555109, 0.837335
0.577136, 0.835982
0.599143, 0.834162
0.621121, 0.831864
0.643061, 0.829075
0.664954, 0.825788
0.686797, 0.822001
0.708592, 0.817719
0.730358, 0.812953
0.752125, 0.807714
0.773926, 0.802
0.795788, 0.795788
0.817726, 0.789032
0.83974, 0.781669
0.861821, 0.773621
0.883952, 0.764799
0.906111, 0.755101
0.928267, 0.744402
0.0815305, 0.762518
0.103144, 0.774036
0.124766, 0.784479
0.146372, 0.793974
0.167948, 0.802625
0.189482, 0.810518
0.210968, 0.817726
0.232405, 0.824311
0.253796, 0.830321
0.275152, 0.835795
0.296488, 0.840755
0.317822, 0.845213
0.339167, 0.849172
0.360536, 0.852633
0.381933, 0.855593
0.403358, 0.858054
0.424807, 0.860016
0.446276, 0.861483
0.46776, 0.862458
0.489252, 0.862945
0.510748, 0.862945
0.53224, 0.862458
0.553724, 0.861483
0.575193, 0.860016
0.596642, 0.858054
0.618067, 0.855593
0.639464, 0.852633
0.660833, 0.849172
0.682178, 0.845213
0.703512, 0.840755
0.724848, 0.835795
0.746204, 0.830321
0.767595, 0.824311
0.789032, 0.817726
0.810518, 0.810518
0.832052, 0.802625
0.853628, 0.793974
0.875234, 0.784479
0.896856, 0.774036
0.91847, 0.762518
0.0922931, 0.780636
0.113317, 0.792975
0.134351, 0.804168
0.155378, 0.814345
0.176389, 0.823611
0.197375, 0.832052
0.218331, 0.83974
0.239257, 0.846734
0.260153, 0.853085
0.281023, 0.858831
0.301872, 0.864004
0.322708, 0.868628
0.343539, 0.872718
0.364372, 0.876286
0.385211, 0.879337
0.406061, 0.881875
0.426921, 0.883904
0.447792, 0.885424
0.468672, 0.886437
0.489557, 0.886943
0.510443, 0.886943
0.531328, 0.886437
0.552208, 0.885424
0.573079, 0.883904
0.593939, 0.881875
0.614789, 0.879337
0.635628, 0.876286
0.656461, 0.872718
0.677292, 0.868628
0.698128, 0.864004
0.718977, 0.858831
0.739847, 0.853085
0.760743, 0.846734
0.781669, 0.83974
0.802625, 0.832052
0.823611, 0.823611
0.844622, 0.814345
0.865649, 0.804168
0.886683, 0.792975
0.907707, 0.780636
0.1041, 0.798756
0.124483, 0.811918
0.144877, 0.823864
0.16527, 0.83473
0.185655, 0.844622
0.206026, 0.853628
0.226379, 0.861821
0.246714, 0.86926
0.26703, 0.875995
0.287328, 0.882067
0.30761, 0.887511
0.327879, 0.892354
0.348138, 0.896619
0.36839, 0.900321
0.388638, 0.903476
0.408884, 0.906093
0.42913, 0.908178
0.449378, 0.909739
0.469626, 0.910777
0.489875, 0.911296
0.510125, 0.911296
0.530374, 0.910777
0.550622, 0.909739
0.57087, 0.908178
0.591116, 0.906093
0.611362, 0.903476
0.63161, 0.900321
0.651862, 0.896619
0.672121, 0.892354
0.69239, 0.887511
0.712672, 0.882067
0.73297, 0.875995
0.753286, 0.86926
0.773621, 0.861821
0.793974, 0.853628
0.814345, 0.844622
0.83473, 0.83473
0.855123, 0.823864
0.875517, 0.811918
0.8959, 0.798756
0.117049, 0.816876
0.136738, 0.830862
0.156436, 0.843564
0.176136, 0.855123
0.195832, 0.865649
0.215521, 0.875234
0.235201, 0.883952
0.25487, 0.891862
0.274527, 0.899018
0.294173, 0.905461
0.313808, 0.911227
0.333432, 0.916347
0.353047, 0.920845
0.372655, 0.924741
0.392256, 0.928053
0.411852, 0.930795
0.431444, 0.932976
0.451033, 0.934605
0.470621, 0.935687
0.490207, 0.936228
0.509793, 0.936228
0.529379, 0.935687
0.548967, 0.934605
0.568556, 0.932976
0.588148, 0.930795
0.607744, 0.928053
0.627345, 0.924741
0.646953, 0.920845
0.666568, 0.916347
0.686192, 0.911227
0.705827, 0.905461
0.725473, 0.899018
0.74513, 0.891862
0.764799, 0.883952
0.784479, 0.875234
0.804168, 0.865649
0.823864, 0.855123
0.843564, 0.843564
0.863262, 0.830862
0.882951, 0.816876
0.13126, 0.834996
0.150196, 0.849804
0.169138, 0.863262
0.188082, 0.875517
0.207025, 0.886683
0.225964, 0.896856
0.244899, 0.906111
0.263829, 0.914512
0.282752, 0.922111
0.301669, 0.928953
0.32058, 0.935075
0.339484, 0.940508
0.358383, 0.94528
0.377276, 0.949411
0.396165, 0.952921
0.415049, 0.955824
0.433931, 0.958133
0.452809, 0.959856
0.471686, 0.961002
0.490562, 0.961573
0.509438, 0.961573
0.528314, 0.961002
0.547191, 0.959856
0.566069, 0.958133
0.584951, 0.955824
0.603835, 0.952921
0.622724, 0.949411
0.641617, 0.94528
0.660516, 0.940508
0.67942, 0.935075
0.698331, 0.928953
0.717248, 0.922111
0.736171, 0.914512
0.755101, 0.906111
0.774036, 0.896856
0.792975, 0.886683
0.811918, 0.875517
0.830862, 0.863262
0.849804, 0.849804
0.86874, 0.834996
0.146886, 0.853114
0.165004, 0.86874
0.183124, 0.882951
0.201244, 0.8959
0.219364, 0.907707
0.237482, 0.91847
0.255598, 0.928267
0.273713, 0.937166
0.291825, 0.94522
0.309936, 0.952474
0.328044, 0.958968
0.346151, 0.964734
0.364255, 0.969798
0.382358, 0.974185
0.40046, 0.977912
0.41856, 0.980995
0.436659, 0.983447
0.454757, 0.985278
0.472854, 0.986495
0.490951, 0.987102
0.509049, 0.987102
0.527146, 0.986495
0.545243, 0.985278
0.563341, 0.983447
0.58144, 0.980995
0.59954, 0.977912
0.617642, 0.974185
0.635745, 0.969798
0.653849, 0.964734
0.671956, 0.958968
0.690064, 0.952474
0.708175, 0.94522
0.726287, 0.937166
0.744402, 0.928267
0.762518, 0.91847
0.780636, 0.907707
0.798756, 0.8959
0.816876, 0.882951
0.834996, 0.86874
0.853114, 0.853114
