0.146447, 0.146447
0.164124, 0.129612
0.181802, 0.114319
0.19948, 0.100391
0.217157, 0.0876894
0.234835, 0.0761044
0.252513, 0.0655463
0.27019, 0.055942
0.287868, 0.0472307
0.305546, 0.0393619
0.323223, 0.0322928
0.340901, 0.0259879
0.358579, 0.0204168
0.376256, 0.0155544
0.393934, 0.0113795
0.411612, 0.00787451
0.429289, 0.00502525
0.446967, 0.00282045
0.464645, 0.00125157
0.482322, 0.000312598
0.5, 0
0.517678, 0.000312598
0.535355, 0.00125157
0.553033, 0.00282045
0.570711, 0.00502525
0.588388, 0.00787451
0.606066, 0.0113795
0.623744, 0.0155544
0.641421, 0.0204168
0.659099, 0.0259879
0.676777, 0.0322928
0.694454, 0.0393619
0.712132, 0.0472307
0.72981, 0.055942
0.747487, 0.0655463
0.765165, 0.0761044
0.782843, 0.0876894
0.80052, 0.100391
0.818198, 0.114319
0.835876, 0.129612
0.853553, 0.146447
0.129612, 0.164124
0.148156, 0.148156
0.166698, 0.133654
0.185242, 0.120458
0.203788, 0.108434
0.222332, 0.0974761
0.240873, 0.0874984
0.259411, 0.0784299
0.277945, 0.0702116
0.296473, 0.0627941
0.314997, 0.0561357
0.333515, 0.0502013
0.352028, 0.0449612
0.370537, 0.0403904
0.38904, 0.036468
0.40754, 0.0331766
0.426037, 0.0305019
0.44453, 0.0284329
0.463021, 0.026961
0.481511, 0.0260802
0.5, 0.025787
0.518489, 0.0260802
0.536979, 0.026961
0.55547, 0.0284329
0.573963, 0.0305019
0.59246, 0.0331766
0.61096, 0.036468
0.629463, 0.0403904
0.647972, 0.0449612
0.666485, 0.0502013
0.685003, 0.0561357
0.703527, 0.0627941
0.722055, 0.0702116
0.740589, 0.0784299
0.759127, 0.0874984
0.777668, 0.0974761
0.796212, 0.108434
0.814758, 0.120458
0.833302, 0.133654
0.851844, 0.148156
0.870388, 0.164124
0.114319, 0.181802
0.133654, 0.166698
0.152988, 0.152988
0.172327, 0.140522
0.191666, 0.129174
0.211003, 0.118841
0.230333, 0.109439
0.249655, 0.1009
0.268967, 0.0931668
0.288268, 0.0861903
0.307558, 0.0799303
0.326837, 0.0743527
0.346106, 0.0694286
0.365364, 0.065134
0.384615, 0.0614486
0.403857, 0.0583561
0.423093, 0.0558429
0.442324, 0.0538987
0.461552, 0.0525154
0.480776, 0.0516876
0.5, 0.0514121
0.519224, 0.0516876
0.538448, 0.0525154
0.557676, 0.0538987
0.576907, 0.0558429
0.596143, 0.0583561
0.615385, 0.0614486
0.634636, 0.065134
0.653894, 0.0694286
0.673163, 0.0743527
0.692442, 0.0799303
0.711732, 0.0861903
0.731033, 0.0931668
0.750345, 0.1009
0.769667, 0.109439
0.788997, 0.118841
0.808334, 0.129174
0.827673, 0.140522
0.847012, 0.152988
0.866346, 0.166698
0.885681, 0.181802
0.100391, 0.19948
0.120458, 0.185242
0.140522, 0.172327
0.160594, 0.160594
0.180663, 0.14992
0.200725, 0.140207
0.220774, 0.131374
0.240807, 0.123352
0.260822, 0.116087
0.280818, 0.10953
0.300797, 0.103642
0.320758, 0.0983913
0.340705, 0.0937496
0.360639, 0.0896952
0.380562, 0.0862104
0.400478, 0.0832812
0.420388, 0.080897
0.440294, 0.0790499
0.460197, 0.0777342
0.480099, 0.0769462
0.5, 0.0766838
0.519901, 0.0769462
0.539803, 0.0777342
0.559706, 0.0790499
0.579612, 0.080897
0.599522, 0.0832812
0.619438, 0.0862104
0.639361, 0.0896952
0.659295, 0.0937496
0.679242, 0.0983913
0.699203, 0.103642
0.719182, 0.10953
0.739178, 0.116087
0.759193, 0.123352
0.779226, 0.131374
0.799275, 0.140207
0.819337, 0.14992
0.839406, 0.160594
0.859478, 0.172327
0.879542, 0.185242
0.899609, 0.19948
0.0876894, 0.217157
0.108434, 0.203788
0.129174, 0.191666
0.14992, 0.180663
0.170659, 0.170659
0.19138, 0.161556
0.212078, 0.153274
0.232749, 0.145747
0.253389, 0.138918
0.274, 0.13274
0.294584, 0.127174
0.315146, 0.122189
0.335691, 0.117762
0.356226, 0.113875
0.376755, 0.110516
0.397285, 0.10768
0.417818, 0.10536
0.438357, 0.103557
0.458901, 0.102269
0.479449, 0.101496
0.5, 0.101239
0.520551, 0.101496
0.541099, 0.102269
0.561643, 0.103557
0.582182, 0.10536
0.602715, 0.10768
0.623245, 0.110516
0.643774, 0.113875
0.664309, 0.117762
0.684854, 0.122189
0.705416, 0.127174
0.726, 0.13274
0.746611, 0.138918
0.767251, 0.145747
0.787922, 0.153274
0.80862, 0.161556
0.829341, 0.170659
0.85008, 0.180663
0.870826, 0.191666
0.891566, 0.203788
0.912311, 0.217157
0.0761044, 0.234835
0.0974761, 0.222332
0.118841, 0.211003
0.140207, 0.200725
0.161556, 0.19138
0.182873, 0.182873
0.204149, 0.175121
0.225377, 0.168055
0.246557, 0.161615
0.26769, 0.155754
0.288786, 0.150432
0.309856, 0.145624
0.330917, 0.141318
0.351981, 0.137508
0.373061, 0.134197
0.394164, 0.13139
0.415293, 0.12909
0.436446, 0.1273
0.457619, 0.126022
0.478806, 0.125255
0.5, 0.125
0.521194, 0.125255
0.542381, 0.126022
0.563554, 0.1273
0.584707, 0.12909
0.605836, 0.13139
0.626939, 0.134197
0.648019, 0.137508
0.669083, 0.141318
0.690144, 0.145624
0.711214, 0.150432
0.73231, 0.155754
0.753443, 0.161615
0.774623, 0.168055
0.795851, 0.175121
0.817127, 0.182873
0.838444, 0.19138
0.859793, 0.200725
0.881159, 0.211003
0.902524, 0.222332
0.923896, 0.234835
0.0655463, 0.252513
0.0874984, 0.240873
0.109439, 0.230333
0.131374, 0.220774
0.153274, 0.212078
0.175121, 0.204149
0.196898, 0.196898
0.218597, 0.190251
0.240216, 0.184141
0.261768, 0.17852
0.283277, 0.173363
0.304775, 0.168666
0.326294, 0.164444
0.347858, 0.160713
0.369477, 0.157489
0.391149, 0.154775
0.412867, 0.152571
0.434621, 0.150869
0.4564, 0.149661
0.478196, 0.148939
0.5, 0.148699
0.521804, 0.148939
0.5436, 0.149661
0.565379, 0.150869
0.587133, 0.152571
0.608851, 0.154775
0.630523, 0.157489
0.652142, 0.160713
0.673706, 0.164444
0.695225, 0.168666
0.716723, 0.173363
0.738232, 0.17852
0.759784, 0.184141
0.781403, 0.190251
0.803102, 0.196898
0.824879, 0.204149
0.846726, 0.212078
0.868626, 0.220774
0.890561, 0.230333
0.912502, 0.240873
0.934454, 0.252513
0.055942, 0.27019
0.0784299, 0.259411
0.1009, 0.249655
0.123352, 0.240807
0.145747, 0.232749
0.168055, 0.225377
0.190251, 0.218597
0.212321, 0.212321
0.234275, 0.206484
0.256153, 0.201057
0.278017, 0.196056
0.29993, 0.191523
0.321931, 0.187498
0.344025, 0.183999
0.366201, 0.181023
0.388439, 0.178555
0.410718, 0.176572
0.433023, 0.175055
0.455343, 0.173985
0.47767, 0.173348
0.5, 0.173137
0.52233, 0.173348
0.544657, 0.173985
0.566977, 0.175055
0.589282, 0.176572
0.611561, 0.178555
0.633799, 0.181023
0.655975, 0.183999
0.678069, 0.187498
0.70007, 0.191523
0.721983, 0.196056
0.743847, 0.201057
0.765725, 0.206484
0.787679, 0.212321
0.809749, 0.218597
0.831945, 0.225377
0.854253, 0.232749
0.876648, 0.240807
0.8991, 0.249655
0.92157, 0.259411
0.944058, 0.27019
0.0472307, 0.287868
0.0702116, 0.277945
0.0931668, 0.268967
0.116087, 0.260822
0.138918, 0.253389
0.161615, 0.246557
0.184141, 0.240216
0.206484, 0.234275
0.22869, 0.22869
0.250862, 0.223491
0.273112, 0.218755
0.295501, 0.214548
0.318032, 0.21089
0.340675, 0.207767
0.36339, 0.205148
0.386146, 0.202999
0.40892, 0.201287
0.431696, 0.199985
0.454469, 0.199071
0.477237, 0.198529
0.5, 0.198349
0.522763, 0.198529
0.545531, 0.199071
0.568304, 0.199985
0.59108, 0.201287
0.613854, 0.202999
0.63661, 0.205148
0.659325, 0.207767
0.681968, 0.21089
0.704499, 0.214548
0.726888, 0.218755
0.749138, 0.223491
0.77131, 0.22869
0.793516, 0.234275
0.815859, 0.240216
0.838385, 0.246557
0.861082, 0.253389
0.883913, 0.260822
0.906833, 0.268967
0.929788, 0.277945
0.952769, 0.287868
0.0393619, 0.305546
0.0627941, 0.296473
0.0861903, 0.288268
0.10953, 0.280818
0.13274, 0.274
0.155754, 0.26769
0.17852, 0.261768
0.201057, 0.256153
0.223491, 0.250862
0.246004, 0.246004
0.268713, 0.241681
0.291625, 0.237926
0.314688, 0.234718
0.337844, 0.232013
0.361043, 0.229768
0.384251, 0.227942
0.407446, 0.226499
0.430617, 0.225409
0.453762, 0.224648
0.476887, 0.224198
0.5, 0.22405
0.523113, 0.224198
0.546238, 0.224648
0.569383, 0.225409
0.592554, 0.226499
0.615749, 0.227942
0.638957, 0.229768
0.662156, 0.232013
0.685312, 0.234718
0.708375, 0.237926
0.731287, 0.241681
0.753996, 0.246004
0.776509, 0.250862
0.798943, 0.256153
0.82148, 0.261768
0.844246, 0.26769
0.86726, 0.274
0.89047, 0.280818
0.91381, 0.288268
0.937206, 0.296473
0.960638, 0.305546
0.0322928, 0.323223
0.0561357, 0.314997
0.0799303, 0.307558
0.103642, 0.300797
0.127174, 0.294584
0.150432, 0.288786
0.173363, 0.283277
0.196056, 0.278017
0.218755, 0.273112
0.241681, 0.268713
0.264889, 0.264889
0.288314, 0.261623
0.311871, 0.258867
0.335487, 0.256569
0.359111, 0.254683
0.382707, 0.253164
0.406257, 0.251976
0.429754, 0.251087
0.453201, 0.250471
0.476611, 0.250109
0.5, 0.249989
0.523389, 0.250109
0.546799, 0.250471
0.570246, 0.251087
0.593743, 0.251976
0.617293, 0.253164
0.640889, 0.254683
0.664513, 0.256569
0.688129, 0.258867
0.711686, 0.261623
0.735111, 0.264889
0.758319, 0.268713
0.781245, 0.273112
0.803944, 0.278017
0.826637, 0.283277
0.849568, 0.288786
0.872826, 0.294584
0.896358, 0.300797
0.92007, 0.307558
0.943864, 0.314997
0.967707, 0.323223
0.0259879, 0.340901
0.0502013, 0.333515
0.0743527, 0.326837
0.0983913, 0.320758
0.122189, 0.315146
0.145624, 0.309856
0.168666, 0.304775
0.191523, 0.29993
0.214548, 0.295501
0.237926, 0.291625
0.261623, 0.288314
0.285523, 0.285523
0.309524, 0.283196
0.333549, 0.281279
0.357543, 0.279727
0.381471, 0.278493
0.405316, 0.277538
0.429077, 0.276829
0.452763, 0.276339
0.476396, 0.276051
0.5, 0.275956
0.523604, 0.276051
0.547237, 0.276339
0.570923, 0.276829
0.594684, 0.277538
0.618529, 0.278493
0.642457, 0.279727
0.666451, 0.281279
0.690476, 0.283196
0.714477, 0.285523
0.738377, 0.288314
0.762074, 0.291625
0.785452, 0.295501
0.808477, 0.29993
0.831334, 0.304775
0.854376, 0.309856
0.877811, 0.315146
0.901609, 0.320758
0.925647, 0.326837
0.949799, 0.333515
0.974012, 0.340901
0.0204168, 0.358579
0.0449612, 0.352028
0.0694286, 0.346106
0.0937496, 0.340705
0.117762, 0.335691
0.141318, 0.330917
0.164444, 0.326294
0.187498, 0.321931
0.21089, 0.318032
0.234718, 0.314688
0.258867, 0.311871
0.283196, 0.309524
0.307593, 0.307593
0.331977, 0.306026
0.356289, 0.304774
0.380494, 0.303789
0.404577, 0.303028
0.428543, 0.302456
0.452415, 0.302053
0.476223, 0.301811
0.5, 0.301729
0.523777, 0.301811
0.547585, 0.302053
0.571457, 0.302456
0.595423, 0.303028
0.619506, 0.303789
0.643711, 0.304774
0.668023, 0.306026
0.692407, 0.307593
0.716804, 0.309524
0.741133, 0.311871
0.765282, 0.314688
0.78911, 0.318032
0.812502, 0.321931
0.835556, 0.326294
0.858682, 0.330917
0.882238, 0.335691
0.90625, 0.340705
0.930571, 0.346106
0.955039, 0.352028
0.979583, 0.358579
0.0155544, 0.376256
0.0403904, 0.370537
0.065134, 0.365364
0.0896952, 0.360639
0.113875, 0.356226
0.137508, 0.351981
0.160713, 0.347858
0.183999, 0.344025
0.207767, 0.340675
0.232013, 0.337844
0.256569, 0.335487
0.281279, 0.333549
0.306026, 0.331977
0.33072, 0.33072
0.355296, 0.329724
0.379716, 0.328932
0.403971, 0.328296
0.428083, 0.327779
0.452095, 0.327378
0.476056, 0.327113
0.5, 0.32702
0.523944, 0.327113
0.547905, 0.327378
0.571917, 0.327779
0.596029, 0.328296
0.620284, 0.328932
0.644704, 0.329724
0.66928, 0.33072
0.693974, 0.331977
0.718721, 0.333549
0.743431, 0.335487
0.767987, 0.337844
0.792233, 0.340675
0.816001, 0.344025
0.839287, 0.347858
0.862492, 0.351981
0.886125, 0.356226
0.910305, 0.360639
0.934866, 0.365364
0.95961, 0.370537
0.984446, 0.376256
0.0113795, 0.393934
0.036468, 0.38904
0.0614486, 0.384615
0.0862104, 0.380562
0.110516, 0.376755
0.134197, 0.373061
0.157489, 0.369477
0.181023, 0.366201
0.205148, 0.36339
0.229768, 0.361043
0.254683, 0.359111
0.279727, 0.357543
0.304774, 0.356289
0.329724, 0.355296
0.354498, 0.354498
0.379053, 0.353823
0.40339, 0.353199
0.427568, 0.35259
0.451683, 0.35203
0.475821, 0.351621
0.5, 0.35147
0.524179, 0.351621
0.548317, 0.35203
0.572432, 0.35259
0.59661, 0.353199
0.620947, 0.353823
0.645502, 0.354498
0.670276, 0.355296
0.695226, 0.356289
0.720273, 0.357543
0.745317, 0.359111
0.770232, 0.361043
0.794852, 0.36339
0.818977, 0.366201
0.842511, 0.369477
0.865803, 0.373061
0.889484, 0.376755
0.91379, 0.380562
0.938551, 0.384615
0.963532, 0.38904
0.988621, 0.393934
0.00787451, 0.411612
0.0331766, 0.40754
0.0583561, 0.403857
0.0832812, 0.400478
0.10768, 0.397285
0.13139, 0.394164
0.154775, 0.391149
0.178555, 0.388439
0.202999, 0.386146
0.227942, 0.384251
0.253164, 0.382707
0.278493, 0.381471
0.303789, 0.380494
0.328932, 0.379716
0.353823, 0.379053
0.378398, 0.378398
0.40268, 0.377642
0.426816, 0.376763
0.451024, 0.375898
0.475433, 0.375269
0.5, 0.375041
0.524567, 0.375269
0.548976, 0.375898
0.573184, 0.376763
0.59732, 0.377642
0.621602, 0.378398
0.646177, 0.379053
0.671068, 0.379716
0.696211, 0.380494
0.721507, 0.381471
0.746836, 0.382707
0.772058, 0.384251
0.797001, 0.386146
0.821445, 0.388439
0.845225, 0.391149
0.86861, 0.394164
0.89232, 0.397285
0.916719, 0.400478
0.941644, 0.403857
0.966823, 0.40754
0.992125, 0.411612
0.00502525, 0.429289
0.0305019, 0.426037
0.0558429, 0.423093
0.080897, 0.420388
0.10536, 0.417818
0.12909, 0.415293
0.152571, 0.412867
0.176572, 0.410718
0.201287, 0.40892
0.226499, 0.407446
0.251976, 0.406257
0.277538, 0.405316
0.303028, 0.404577
0.328296, 0.403971
0.353199, 0.40339
0.377642, 0.40268
0.401709, 0.401709
0.425749, 0.400556
0.450132, 0.39951
0.47494, 0.398818
0.5, 0.398581
0.52506, 0.398818
0.549868, 0.39951
0.574251, 0.400556
0.598291, 0.401709
0.622358, 0.40268
0.646801, 0.40339
0.671704, 0.403971
0.696972, 0.404577
0.722462, 0.405316
0.748024, 0.406257
0.773501, 0.407446
0.798713, 0.40892
0.823428, 0.410718
0.847429, 0.412867
0.87091, 0.415293
0.89464, 0.417818
0.919103, 0.420388
0.944157, 0.423093
0.969498, 0.426037
0.994975, 0.429289
0.00282045, 0.446967
0.0284329, 0.44453
0.0538987, 0.442324
0.0790499, 0.440294
0.103557, 0.438357
0.1273, 0.436446
0.150869, 0.434621
0.175055, 0.433023
0.199985, 0.431696
0.225409, 0.430617
0.251087, 0.429754
0.276829, 0.429077
0.302456, 0.428543
0.327779, 0.428083
0.35259, 0.427568
0.376763, 0.426816
0.400556, 0.425749
0.424602, 0.424602
0.449286, 0.423694
0.474509, 0.423148
0.5, 0.422968
0.525491, 0.423148
0.550714, 0.423694
0.575398, 0.424602
0.599444, 0.425749
0.623237, 0.426816
0.64741, 0.427568
0.672221, 0.428083
0.697544, 0.428543
0.723171, 0.429077
0.748913, 0.429754
0.774591, 0.430617
0.800015, 0.431696
0.824945, 0.433023
0.849131, 0.434621
0.8727, 0.436446
0.896443, 0.438357
0.92095, 0.440294
0.946101, 0.442324
0.971567, 0.44453
0.99718, 0.446967
0.00125157, 0.464645
0.026961, 0.463021
0.0525154, 0.461552
0.0777342, 0.460197
0.102269, 0.458901
0.126022, 0.457619
0.149661, 0.4564
0.173985, 0.455343
0.199071, 0.454469
0.224648, 0.453762
0.250471, 0.453201
0.276339, 0.452763
0.302053, 0.452415
0.327378, 0.452095
0.35203, 0.451683
0.375898, 0.451024
0.39951, 0.450132
0.423694, 0.449286
0.44868, 0.44868
0.474214, 0.448332
0.5, 0.448219
0.525786, 0.448332
0.55132, 0.44868
0.576306, 0.449286
0.60049, 0.450132
0.624102, 0.451024
0.64797, 0.451683
0.672622, 0.452095
0.697947, 0.452415
0.723661, 0.452763
0.749529, 0.453201
0.775352, 0.453762
0.800929, 0.454469
0.826015, 0.455343
0.850339, 0.4564
0.873978, 0.457619
0.897731, 0.458901
0.922266, 0.460197
0.947485, 0.461552
0.973039, 0.463021
0.998748, 0.464645
0.000312598, 0.482322
0.0260802, 0.481511
0.0516876, 0.480776
0.0769462, 0.480099
0.101496, 0.479449
0.125255, 0.478806
0.148939, 0.478196
0.173348, 0.47767
0.198529, 0.477237
0.224198, 0.476887
0.250109, 0.476611
0.276051, 0.476396
0.301811, 0.476223
0.327113, 0.476056
0.351621, 0.475821
0.375269, 0.475433
0.398818, 0.47494
0.423148, 0.474509
0.448332, 0.474214
0.474047, 0.474047
0.5, 0.473993
0.525953, 0.474047
0.551668, 0.474214
0.576852, 0.474509
0.601182, 0.47494
0.624731, 0.475433
0.648379, 0.475821
0.672887, 0.476056
0.698189, 0.476223
0.723949, 0.476396
0.749891, 0.476611
0.775802, 0.476887
0.801471, 0.477237
0.826652, 0.47767
0.851061, 0.478196
0.874745, 0.478806
0.898504, 0.479449
0.923054, 0.480099
0.948312, 0.480776
0.97392, 0.481511
0.999687, 0.482322
0, 0.5
0.025787, 0.5
0.0514121, 0.5
0.0766838, 0.5
0.101239, 0.5
0.125, 0.5
0.148699, 0.5
0.173137, 0.5
0.198349, 0.5
0.22405, 0.5
0.249989, 0.5
0.275956, 0.5
0.301729, 0.5
0.32702, 0.5
0.35147, 0.5
0.375041, 0.5
0.398581, 0.5
0.422968, 0.5
0.448219, 0.5
0.473993, 0.5
0.5, 0.5
0.526007, 0.5
0.551781, 0.5
0.577032, 0.5
0.601419, 0.5
0.624959, 0.5
0.64853, 0.5
0.67298, 0.5
0.698271, 0.5
0.724044, 0.5
0.750011, 0.5
0.77595, 0.5
0.801651, 0.5
0.826863, 0.5
0.851301, 0.5
0.875, 0.5
0.898761, 0.5
0.923316, 0.5
0.948588, 0.5
0.974213, 0.5
1, 0.5
0.000312598, 0.517678
0.0260802, 0.518489
0.0516876, 0.519224
0.0769462, 0.519901
0.101496, 0.520551
0.125255, 0.521194
0.148939, 0.521804
0.173348, 0.52233
0.198529, 0.522763
0.224198, 0.523113
0.250109, 0.523389
0.276051, 0.523604
0.301811, 0.523777
0.327113, 0.523944
0.351621, 0.524179
0.375269, 0.524567
0.398818, 0.52506
0.423148, 0.525491
0.448332, 0.525786
0.474047, 0.525953
0.5, 0.526007
0.525953, 0.525953
0.551668, 0.525786
0.576852, 0.525491
0.601182, 0.52506
0.624731, 0.524567
0.648379, 0.524179
0.672887, 0.523944
0.698189, 0.523777
0.723949, 0.523604
0.749891, 0.523389
0.775802, 0.523113
0.801471, 0.522763
0.826652, 0.52233
0.851061, 0.521804
0.874745, 0.521194
0.898504, 0.520551
0.923054, 0.519901
0.948312, 0.519224
0.97392, 0.518489
0.999687, 0.517678
0.00125157, 0.535355
0.026961, 0.536979
0.0525154, 0.538448
0.0777342, 0.539803
0.102269, 0.541099
0.126022, 0.542381
0.149661, 0.5436
0.173985, 0.544657
0.199071, 0.545531
0.224648, 0.546238
0.250471, 0.546799
0.276339, 0.547237
0.302053, 0.547585
0.327378, 0.547905
0.35203, 0.548317
0.375898, 0.548976
0.39951, 0.549868
0.423694, 0.550714
0.44868, 0.55132
0.474214, 0.551668
0.5, 0.551781
0.525786, 0.551668
0.55132, 0.55132
0.576306, 0.550714
0.60049, 0.549868
0.624102, 0.548976
0.64797, 0.548317
0.672622, 0.547905
0.697947, 0.547585
0.723661, 0.547237
0.749529, 0.546799
0.775352, 0.546238
0.800929, 0.545531
0.826015, 0.544657
0.850339, 0.5436
0.873978, 0.542381
0.897731, 0.541099
0.922266, 0.539803
0.947485, 0.538448
0.973039, 0.536979
0.998748, 0.535355
0.00282045, 0.553033
0.0284329, 0.55547
0.0538987, 0.557676
0.0790499, 0.559706
0.103557, 0.561643
0.1273, 0.563554
0.150869, 0.565379
0.175055, 0.566977
0.199985, 0.568304
0.225409, 0.569383
0.251087, 0.570246
0.276829, 0.570923
0.302456, 0.571457
0.327779, 0.571917
0.35259, 0.572432
0.376763, 0.573184
0.400556, 0.574251
0.424602, 0.575398
0.449286, 0.576306
0.474509, 0.576852
0.5, 0.577032
0.525491, 0.576852
0.550714, 0.576306
0.575398, 0.575398
0.599444, 0.574251
0.623237, 0.573184
0.64741, 0.572432
0.672221, 0.571917
0.697544, 0.571457
0.723171, 0.570923
0.748913, 0.570246
0.774591, 0.569383
0.800015, 0.568304
0.824945, 0.566977
0.849131, 0.565379
0.8727, 0.563554
0.896443, 0.561643
0.92095, 0.559706
0.946101, 0.557676
0.971567, 0.55547
0.99718, 0.553033
0.00502525, 0.570711
0.0305019, 0.573963
0.0558429, 0.576907
0.080897, 0.579612
0.10536, 0.582182
0.12909, 0.584707
0.152571, 0.587133
0.176572, 0.589282
0.201287, 0.59108
0.226499, 0.592554
0.251976, 0.593743
0.277538, 0.594684
0.303028, 0.595423
0.328296, 0.596029
0.353199, 0.59661
0.377642, 0.59732
0.401709, 0.598291
0.425749, 0.599444
0.450132, 0.60049
0.47494, 0.601182
0.5, 0.601419
0.52506, 0.601182
0.549868, 0.60049
0.574251, 0.599444
0.598291, 0.598291
0.622358, 0.59732
0.646801, 0.59661
0.671704, 0.596029
0.696972, 0.595423
0.722462, 0.594684
0.748024, 0.593743
0.773501, 0.592554
0.798713, 0.59108
0.823428, 0.589282
0.847429, 0.587133
0.87091, 0.584707
0.89464, 0.582182
0.919103, 0.579612
0.944157, 0.576907
0.969498, 0.573963
0.994975, 0.570711
0.00787451, 0.588388
0.0331766, 0.59246
0.0583561, 0.596143
0.0832812, 0.599522
0.10768, 0.602715
0.13139, 0.605836
0.154775, 0.608851
0.178555, 0.611561
0.202999, 0.613854
0.227942, 0.615749
0.253164, 0.617293
0.278493, 0.618529
0.303789, 0.619506
0.328932, 0.620284
0.353823, 0.620947
0.378398, 0.621602
0.40268, 0.622358
0.426816, 0.623237
0.451024, 0.624102
0.475433, 0.624731
0.5, 0.624959
0.524567, 0.624731
0.548976, 0.624102
0.573184, 0.623237
0.59732, 0.622358
0.621602, 0.621602
0.646177, 0.620947
0.671068, 0.620284
0.696211, 0.619506
0.721507, 0.618529
0.746836, 0.617293
0.772058, 0.615749
0.797001, 0.613854
0.821445, 0.611561
0.845225, 0.608851
0.86861, 0.605836
0.89232, 0.602715
0.916719, 0.599522
0.941644, 0.596143
0.966823, 0.59246
0.992125, 0.588388
0.0113795, 0.606066
0.036468, 0.61096
0.0614486, 0.615385
0.0862104, 0.619438
0.110516, 0.623245
0.134197, 0.626939
0.157489, 0.630523
0.181023, 0.633799
0.205148, 0.63661
0.229768, 0.638957
0.254683, 0.640889
0.279727, 0.642457
0.304774, 0.643711
0.329724, 0.644704
0.354498, 0.645502
0.379053, 0.646177
0.40339, 0.646801
0.427568, 0.64741
0.451683, 0.64797
0.475821, 0.648379
0.5, 0.64853
0.524179, 0.648379
0.548317, 0.64797
0.572432, 0.64741
0.59661, 0.646801
0.620947, 0.646177
0.645502, 0.645502
0.670276, 0.644704
0.695226, 0.643711
0.720273, 0.642457
0.745317, 0.640889
0.770232, 0.638957
0.794852, 0.63661
0.818977, 0.633799
0.842511, 0.630523
0.865803, 0.626939
0.889484, 0.623245
0.91379, 0.619438
0.938551, 0.615385
0.963532, 0.61096
0.988621, 0.606066
0.0155544, 0.623744
0.0403904, 0.629463
0.065134, 0.634636
0.0896952, 0.639361
0.113875, 0.643774
0.137508, 0.648019
0.160713, 0.652142
0.183999, 0.655975
0.207767, 0.659325
0.232013, 0.662156
0.256569, 0.664513
0.281279, 0.666451
0.306026, 0.668023
0.33072, 0.66928
0.355296, 0.670276
0.379716, 0.671068
0.403971, 0.671704
0.428083, 0.672221
0.452095, 0.672622
0.476056, 0.672887
0.5, 0.67298
0.523944, 0.672887
0.547905, 0.672622
0.571917, 0.672221
0.596029, 0.671704
0.620284, 0.671068
0.644704, 0.670276
0.66928, 0.66928
0.693974, 0.668023
0.718721, 0.666451
0.743431, 0.664513
0.767987, 0.662156
0.792233, 0.659325
0.816001, 0.655975
0.839287, 0.652142
0.862492, 0.648019
0.886125, 0.643774
0.910305, 0.639361
0.934866, 0.634636
0.95961, 0.629463
0.984446, 0.623744
0.0204168, 0.641421
0.0449612, 0.647972
0.0694286, 0.653894
0.0937496, 0.659295
0.117762, 0.664309
0.141318, 0.669083
0.164444, 0.673706
0.187498, 0.678069
0.21089, 0.681968
0.234718, 0.685312
0.258867, 0.688129
0.283196, 0.690476
0.307593, 0.692407
0.331977, 0.693974
0.356289, 0.695226
0.380494, 0.696211
0.404577, 0.696972
0.428543, 0.697544
0.452415, 0.697947
0.476223, 0.698189
0.5, 0.698271
0.523777, 0.698189
0.547585, 0.697947
0.571457, 0.697544
0.595423, 0.696972
0.619506, 0.696211
0.643711, 0.695226
0.668023, 0.693974
0.692407, 0.692407
0.716804, 0.690476
0.741133, 0.688129
0.765282, 0.685312
0.78911, 0.681968
0.812502, 0.678069
0.835556, 0.673706
0.858682, 0.669083
0.882238, 0.664309
0.90625, 0.659295
0.930571, 0.653894
0.955039, 0.647972
0.979583, 0.641421
0.0259879, 0.659099
0.0502013, 0.666485
0.0743527, 0.673163
0.0983913, 0.679242
0.122189, 0.684854
0.145624, 0.690144
0.168666, 0.695225
0.191523, 0.70007
0.214548, 0.704499
0.237926, 0.708375
0.261623, 0.711686
0.285523, 0.714477
0.309524, 0.716804
0.333549, 0.718721
0.357543, 0.720273
0.381471, 0.721507
0.405316, 0.722462
0.429077, 0.723171
0.452763, 0.723661
0.476396, 0.723949
0.5, 0.724044
0.523604, 0.723949
0.547237, 0.723661
0.570923, 0.723171
0.594684, 0.722462
0.618529, 0.721507
0.642457, 0.720273
0.666451, 0.718721
0.690476, 0.716804
0.714477, 0.714477
0.738377, 0.711686
0.762074, 0.708375
0.785452, 0.704499
0.808477, 0.70007
0.831334, 0.695225
0.854376, 0.690144
0.877811, 0.684854
0.901609, 0.679242
0.925647, 0.673163
0.949799, 0.666485
0.974012, 0.659099
0.0322928, 0.676777
0.0561357, 0.685003
0.0799303, 0.692442
0.103642, 0.699203
0.127174, 0.705416
0.150432, 0.711214
0.173363, 0.716723
0.196056, 0.721983
0.218755, 0.726888
0.241681, 0.731287
0.264889, 0.735111
0.288314, 0.738377
0.311871, 0.741133
0.335487, 0.743431
0.359111, 0.745317
0.382707, 0.746836
0.406257, 0.748024
0.429754, 0.748913
0.453201, 0.749529
0.476611, 0.749891
0.5, 0.750011
0.523389, 0.749891
0.546799, 0.749529
0.570246, 0.748913
0.593743, 0.748024
0.617293, 0.746836
0.640889, 0.745317
0.664513, 0.743431
0.688129, 0.741133
0.711686, 0.738377
0.735111, 0.735111
0.758319, 0.731287
0.781245, 0.726888
0.803944, 0.721983
0.826637, 0.716723
0.849568, 0.711214
0.872826, 0.705416
0.896358, 0.699203
0.92007, 0.692442
0.943864, 0.685003
0.967707, 0.676777
0.0393619, 0.694454
0.0627941, 0.703527
0.0861903, 0.711732
0.10953, 0.719182
0.13274, 0.726
0.155754, 0.73231
0.17852, 0.738232
0.201057, 0.743847
0.223491, 0.749138
0.246004, 0.753996
0.268713, 0.758319
0.291625, 0.762074
0.314688, 0.765282
0.337844, 0.767987
0.361043, 0.770232
0.384251, 0.772058
0.407446, 0.773501
0.430617, 0.774591
0.453762, 0.775352
0.476887, 0.775802
0.5, 0.77595
0.523113, 0.775802
0.546238, 0.775352
0.569383, 0.774591
0.592554, 0.773501
0.615749, 0.772058
0.638957, 0.770232
0.662156, 0.767987
0.685312, 0.765282
0.708375, 0.762074
0.731287, 0.758319
0.753996, 0.753996
0.776509, 0.749138
0.798943, 0.743847
0.82148, 0.738232
0.844246, 0.73231
0.86726, 0.726
0.89047, 0.719182
0.91381, 0.711732
0.937206, 0.703527
0.960638, 0.694454
0.0472307, 0.712132
0.0702116, 0.722055
0.0931668, 0.731033
0.116087, 0.739178
0.138918, 0.746611
0.161615, 0.753443
0.184141, 0.759784
0.206484, 0.765725
0.22869, 0.77131
0.250862, 0.776509
0.273112, 0.781245
0.295501, 0.785452
0.318032, 0.78911
0.340675, 0.792233
0.36339, 0.794852
0.386146, 0.797001
0.40892, 0.798713
0.431696, 0.800015
0.454469, 0.800929
0.477237, 0.801471
0.5, 0.801651
0.522763, 0.801471
0.545531, 0.800929
0.568304, 0.800015
0.59108, 0.798713
0.613854, 0.797001
0.63661, 0.794852
0.659325, 0.792233
0.681968, 0.78911
0.704499, 0.785452
0.726888, 0.781245
0.749138, 0.776509
0.77131, 0.77131
0.793516, 0.765725
0.815859, 0.759784
0.838385, 0.753443
0.861082, 0.746611
0.883913, 0.739178
0.906833, 0.731033
0.929788, 0.722055
0.952769, 0.712132
0.055942, 0.72981
0.0784299, 0.740589
0.1009, 0.750345
0.123352, 0.759193
0.145747, 0.767251
0.168055, 0.774623
0.190251, 0.781403
0.212321, 0.787679
0.234275, 0.793516
0.256153, 0.798943
0.278017, 0.803944
0.29993, 0.808477
0.321931, 0.812502
0.344025, 0.816001
0.366201, 0.818977
0.388439, 0.821445
0.410718, 0.823428
0.433023, 0.824945
0.455343, 0.826015
0.47767, 0.826652
0.5, 0.826863
0.52233, 0.826652
0.544657, 0.826015
0.566977, 0.824945
0.589282, 0.823428
0.611561, 0.821445
0.633799, 0.818977
0.655975, 0.816001
0.678069, 0.812502
0.70007, 0.808477
0.721983, 0.803944
0.743847, 0.798943
0.765725, 0.793516
0.787679, 0.787679
0.809749, 0.781403
0.831945, 0.774623
0.854253, 0.767251
0.876648, 0.759193
0.8991, 0.750345
0.92157, 0.740589
0.944058, 0.72981
0.0655463, 0.747487
0.0874984, 0.759127
0.109439, 0.769667
0.131374, 0.779226
0.153274, 0.787922
0.175121, 0.795851
0.196898, 0.803102
0.218597, 0.809749
0.240216, 0.815859
0.261768, 0.82148
0.283277, 0.826637
0.304775, 0.831334
0.326294, 0.835556
0.347858, 0.839287
0.369477, 0.842511
0.391149, 0.845225
0.412867, 0.847429
0.434621, 0.849131
0.4564, 0.850339
0.478196, 0.851061
0.5, 0.851301
0.521804, 0.851061
0.5436, 0.850339
0.565379, 0.849131
0.587133, 0.847429
0.608851, 0.845225
0.630523, 0.842511
0.652142, 0.839287
0.673706, 0.835556
0.695225, 0.831334
0.716723, 0.826637
0.738232, 0.82148
0.759784, 0.815859
0.781403, 0.809749
0.803102, 0.803102
0.824879, 0.795851
0.846726, 0.787922
0.868626, 0.779226
0.890561, 0.769667
0.912502, 0.759127
0.934454, 0.747487
0.0761044, 0.765165
0.0974761, 0.777668
0.118841, 0.788997
0.140207, 0.799275
0.161556, 0.80862
0.182873, 0.817127
0.204149, 0.824879
0.225377, 0.831945
0.246557, 0.838385
0.26769, 0.844246
0.288786, 0.849568
0.309856, 0.854376
0.330917, 0.858682
0.351981, 0.862492
0.373061, 0.865803
0.394164, 0.86861
0.415293, 0.87091
0.436446, 0.8727
0.457619, 0.873978
0.478806, 0.874745
0.5, 0.875
0.521194, 0.874745
0.542381, 0.873978
0.563554, 0.8727
0.584707, 0.87091
0.605836, 0.86861
0.626939, 0.865803
0.648019, 0.862492
0.669083, 0.858682
0.690144, 0.854376
0.711214, 0.849568
0.73231, 0.844246
0.753443, 0.838385
0.774623, 0.831945
0.795851, 0.824879
0.817127, 0.817127
0.838444, 0.80862
0.859793, 0.799275
0.881159, 0.788997
0.902524, 0.777668
0.923896, 0.765165
0.0876894, 0.782843
0.108434, 0.796212
0.129174, 0.808334
0.14992, 0.819337
0.170659, 0.829341
0.19138, 0.838444
0.212078, 0.846726
0.232749, 0.854253
0.253389, 0.861082
0.274, 0.86726
0.294584, 0.872826
0.315146, 0.877811
0.335691, 0.882238
0.356226, 0.886125
0.376755, 0.889484
0.397285, 0.89232
0.417818, 0.89464
0.438357, 0.896443
0.458901, 0.897731
0.479449, 0.898504
0.5, 0.898761
0.520551, 0.898504
0.541099, 0.897731
0.561643, 0.896443
0.582182, 0.89464
0.602715, 0.89232
0.623245, 0.889484
0.643774, 0.886125
0.664309, 0.882238
0.684854, 0.877811
0.705416, 0.872826
0.726, 0.86726
0.746611, 0.861082
0.767251, 0.854253
0.787922, 0.846726
0.80862, 0.838444
0.829341, 0.829341
0.85008, 0.819337
0.870826, 0.808334
0.891566, 0.796212
0.912311, 0.782843
0.100391, 0.80052
0.120458, 0.814758
0.140522, 0.827673
0.160594, 0.839406
0.180663, 0.85008
0.200725, 0.859793
0.220774, 0.868626
0.240807, 0.876648
0.260822, 0.883913
0.280818, 0.89047
0.300797, 0.896358
0.320758, 0.901609
0.340705, 0.90625
0.360639, 0.910305
0.380562, 0.91379
0.400478, 0.916719
0.420388, 0.919103
0.440294, 0.92095
0.460197, 0.922266
0.480099, 0.923054
0.5, 0.923316
0.519901, 0.923054
0.539803, 0.922266
0.559706, 0.92095
0.579612, 0.919103
0.599522, 0.916719
0.619438, 0.91379
0.639361, 0.910305
0.659295, 0.90625
0.679242, 0.901609
0.699203, 0.896358
0.719182, 0.89047
0.739178, 0.883913
0.759193, 0.876648
0.779226, 0.868626
0.799275, 0.859793
0.819337, 0.85008
0.839406, 0.839406
0.859478, 0.827673
0.879542, 0.814758
0.899609, 0.80052
0.114319, 0.818198
0.133654, 0.833302
0.152988, 0.847012
0.172327, 0.859478
0.191666, 0.870826
0.211003, 0.881159
0.230333, 0.890561
0.249655, 0.8991
0.268967, 0.906833
0.288268, 0.91381
0.307558, 0.92007
0.326837, 0.925647
0.346106, 0.930571
0.365364, 0.934866
0.384615, 0.938551
0.403857, 0.941644
0.423093, 0.944157
0.442324, 0.946101
0.461552, 0.947485
0.480776, 0.948312
0.5, 0.948588
0.519224, 0.948312
0.538448, 0.947485
0.557676, 0.946101
0.576907, 0.944157
0.596143, 0.941644
0.615385, 0.938551
0.634636, 0.934866
0.653894, 0.930571
0.673163, 0.925647
0.692442, 0.92007
0.711732, 0.91381
0.731033, 0.906833
0.750345, 0.8991
0.769667, 0.890561
0.788997, 0.881159
0.808334, 0.870826
0.827673, 0.859478
0.847012, 0.847012
0.866346, 0.833302
0.885681, 0.818198
0.129612, 0.835876
0.148156, 0.851844
0.166698, 0.866346
0.185242, 0.879542
0.203788, 0.891566
0.222332, 0.902524
0.240873, 0.912502
0.259411, 0.92157
0.277945, 0.929788
0.296473, 0.937206
0.314997, 0.943864
0.333515, 0.949799
0.352028, 0.955039
0.370537, 0.95961
0.38904, 0.963532
0.40754, 0.966823
0.426037, 0.969498
0.44453, 0.971567
0.463021, 0.973039
0.481511, 0.97392
0.5, 0.974213
0.518489, 0.97392
0.536979, 0.973039
0.55547, 0.971567
0.573963, 0.969498
0.59246, 0.966823
0.61096, 0.963532
0.629463, 0.95961
0.647972, 0.955039
0.666485, 0.949799
0.685003, 0.943864
0.703527, 0.937206
0.722055, 0.929788
0.740589, 0.92157
0.759127, 0.912502
0.777668, 0.902524
0.796212, 0.891566
0.814758, 0.879542
0.833302, 0.866346
0.851844, 0.851844
0.870388, 0.835876
0.146447, 0.853553
0.164124, 0.870388
0.181802, 0.885681
0.19948, 0.899609
0.217157, 0.912311
0.234835, 0.923896
0.252513, 0.934454
0.27019, 0.944058
0.287868, 0.952769
0.305546, 0.960638
0.323223, 0.967707
0.340901, 0.974012
0.358579, 0.979583
0.376256, 0.984446
0.393934, 0.988621
0.411612, 0.992125
0.429289, 0.994975
0.446967, 0.99718
0.464645, 0.998748
0.482322, 0.999687
0.5, 1
0.517678, 0.999687
0.535355, 0.998748
0.553033, 0.99718
0.570711, 0.994975
0.588388, 0.992125
0.606066, 0.988621
0.623744, 0.984446
0.641421, 0.979583
0.659099, 0.974012
0.676777, 0.967707
0.694454, 0.960638
0.712132, 0.952769
0.72981, 0.944058
0.747487, 0.934454
0.765165, 0.923896
0.782843, 0.912311
0.80052, 0.899609
0.818198, 0.885681
0.835876, 0.870388
0.853553, 0.853553
0.146888, 0.146888
0.165008, 0.131263
0.183129, 0.117054
0.20125, 0.104109
0.219371, 0.0923048
0.237491, 0.0815454
0.255608, 0.0717509
0.273724, 0.0628558
0.291837, 0.0548055
0.309947, 0.0475542
0.328055, 0.0410633
0.346161, 0.0353007
0.364265, 0.0302388
0.382367, 0.0258549
0.400468, 0.02213
0.418567, 0.0190484
0.436664, 0.0165976
0.454761, 0.0147678
0.472857, 0.0135518
0.490952, 0.012945
0.509048, 0.012945
0.527143, 0.0135518
0.545239, 0.0147678
0.563336, 0.0165976
0.581433, 0.0190484
0.599532, 0.02213
0.617633, 0.0258549
0.635735, 0.0302388
0.653839, 0.0353007
0.671945, 0.0410633
0.690053, 0.0475542
0.708163, 0.0548055
0.726276, 0.0628558
0.744392, 0.0717509
0.762509, 0.0815454
0.780629, 0.0923048
0.79875, 0.104109
0.816871, 0.117054
0.834992, 0.131263
0.853112, 0.146888
0.131263, 0.165008
0.150203, 0.150203
0.16915, 0.136751
0.188098, 0.124503
0.207046, 0.113344
0.225989, 0.10318
0.244928, 0.0939343
0.26386, 0.085543
0.282785, 0.0779531
0.301703, 0.0711203
0.320614, 0.065007
0.339517, 0.0595817
0.358414, 0.0548179
0.377305, 0.0506934
0.39619, 0.0471897
0.415071, 0.0442916
0.433948, 0.041987
0.452822, 0.0402666
0.471694, 0.0391234
0.490565, 0.0385529
0.509435, 0.0385529
0.528306, 0.0391234
0.547178, 0.0402666
0.566052, 0.041987
0.584929, 0.0442916
0.60381, 0.0471897
0.622695, 0.0506934
0.641586, 0.0548179
0.660483, 0.0595817
0.679386, 0.065007
0.698297, 0.0711203
0.717215, 0.0779531
0.73614, 0.085543
0.755072, 0.0939343
0.774011, 0.10318
0.792954, 0.113344
0.811902, 0.124503
0.83085, 0.136751
0.849797, 0.150203
0.868737, 0.165008
0.117054, 0.183129
0.136751, 0.16915
0.156457, 0.156457
0.176165, 0.14491
0.195869, 0.134396
0.215566, 0.124824
0.235251, 0.116121
0.254924, 0.108224
0.274584, 0.101082
0.294231, 0.0946523
0.313864, 0.0888979
0.333487, 0.0837891
0.353098, 0.0793008
0.372701, 0.0754125
0.392297, 0.0721072
0.411886, 0.0693715
0.431471, 0.0671947
0.451053, 0.0655688
0.470633, 0.064488
0.490211, 0.0639486
0.509789, 0.0639486
0.529367, 0.064488
0.548947, 0.0655688
0.568529, 0.0671947
0.588114, 0.0693715
0.607703, 0.0721072
0.627299, 0.0754125
0.646902, 0.0793008
0.666513, 0.0837891
0.686136, 0.0888979
0.705769, 0.0946523
0.725416, 0.101082
0.745076, 0.108224
0.764749, 0.116121
0.784434, 0.124824
0.804131, 0.134396
0.823835, 0.14491
0.843543, 0.156457
0.863249, 0.16915
0.882946, 0.183129
0.104109, 0.20125
0.124503, 0.188098
0.14491, 0.176165
0.165315, 0.165315
0.185711, 0.15544
0.206091, 0.146451
0.226452, 0.138275
0.246792, 0.130853
0.267109, 0.124132
0.287406, 0.118072
0.307685, 0.112639
0.327948, 0.107803
0.3482, 0.103544
0.368445, 0.099845
0.388684, 0.0966919
0.408922, 0.0940757
0.429159, 0.0919895
0.449398, 0.0904285
0.469638, 0.0893895
0.489879, 0.0888705
0.510121, 0.0888705
0.530362, 0.0893895
0.550602, 0.0904285
0.570841, 0.0919895
0.591078, 0.0940757
0.611316, 0.0966919
0.631555, 0.099845
0.6518, 0.103544
0.672052, 0.107803
0.692315, 0.112639
0.712594, 0.118072
0.732891, 0.124132
0.753208, 0.130853
0.773548, 0.138275
0.793909, 0.146451
0.814289, 0.15544
0.834685, 0.165315
0.85509, 0.176165
0.875497, 0.188098
0.895891, 0.20125
0.0923048, 0.219371
0.113344, 0.207046
0.134396, 0.195869
0.15544, 0.185711
0.176464, 0.176464
0.197461, 0.168043
0.218425, 0.160372
0.239353, 0.153393
0.260246, 0.147053
0.28111, 0.141312
0.30195, 0.13614
0.322776, 0.131512
0.343595, 0.127414
0.364416, 0.123837
0.385244, 0.120775
0.406085, 0.118225
0.426938, 0.116186
0.447803, 0.114657
0.468678, 0.113638
0.489559, 0.113129
0.510441, 0.113129
0.531322, 0.113638
0.552197, 0.114657
0.573062, 0.116186
0.593915, 0.118225
0.614756, 0.120775
0.635584, 0.123837
0.656405, 0.127414
0.677224, 0.131512
0.69805, 0.13614
0.71889, 0.141312
0.739754, 0.147053
0.760647, 0.153393
0.781575, 0.160372
0.802539, 0.168043
0.823536, 0.176464
0.84456, 0.185711
0.865604, 0.195869
0.886656, 0.207046
0.907695, 0.219371
0.0815454, 0.237491
0.10318, 0.225989
0.124824, 0.215566
0.146451, 0.206091
0.168043, 0.197461
0.189587, 0.189587
0.211077, 0.182393
0.232509, 0.175816
0.25389, 0.169805
0.27523, 0.164322
0.296548, 0.159345
0.317862, 0.154865
0.33919, 0.150879
0.360545, 0.147391
0.381932, 0.144405
0.40335, 0.141922
0.424797, 0.139941
0.446267, 0.138459
0.467754, 0.137474
0.48925, 0.136982
0.51075, 0.136982
0.532246, 0.137474
0.553733, 0.138459
0.575203, 0.139941
0.59665, 0.141922
0.618068, 0.144405
0.639455, 0.147391
0.66081, 0.150879
0.682138, 0.154865
0.703452, 0.159345
0.72477, 0.164322
0.74611, 0.169805
0.767491, 0.175816
0.788923, 0.182393
0.810413, 0.189587
0.831957, 0.197461
0.853549, 0.206091
0.875176, 0.215566
0.89682, 0.225989
0.918455, 0.237491
0.0717509, 0.255608
0.0939343, 0.244928
0.116121, 0.235251
0.138275, 0.226452
0.160372, 0.218425
0.182393, 0.211077
0.204327, 0.204327
0.226174, 0.198109
0.24795, 0.192377
0.269687, 0.18711
0.291424, 0.182307
0.313194, 0.177984
0.335018, 0.174158
0.3569, 0.170836
0.378836, 0.168019
0.400815, 0.165698
0.422828, 0.163861
0.444863, 0.162497
0.466913, 0.161594
0.48897, 0.161144
0.51103, 0.161144
0.533087, 0.161594
0.555137, 0.162497
0.577172, 0.163861
0.599185, 0.165698
0.621164, 0.168019
0.6431, 0.170836
0.664982, 0.174158
0.686806, 0.177984
0.708576, 0.182307
0.730313, 0.18711
0.75205, 0.192377
0.773826, 0.198109
0.795673, 0.204327
0.817607, 0.211077
0.839628, 0.218425
0.861725, 0.226452
0.883879, 0.235251
0.906066, 0.244928
0.928249, 0.255608
0.0628558, 0.273724
0.085543, 0.26386
0.108224, 0.254924
0.130853, 0.246792
0.153393, 0.239353
0.175816, 0.232509
0.198109, 0.226174
0.220284, 0.220284
0.242386, 0.214815
0.264483, 0.209781
0.286636, 0.20522
0.308878, 0.201163
0.331212, 0.197624
0.353624, 0.194594
0.376092, 0.192056
0.398596, 0.189985
0.42112, 0.18836
0.443655, 0.187159
0.466192, 0.186368
0.488731, 0.185975
0.511269, 0.185975
0.533808, 0.186368
0.556345, 0.187159
0.57888, 0.18836
0.601404, 0.189985
0.623908, 0.192056
0.646376, 0.194594
0.668788, 0.197624
0.691122, 0.201163
0.713364, 0.20522
0.735517, 0.209781
0.757614, 0.214815
0.779716, 0.220284
0.801891, 0.226174
0.824184, 0.232509
0.846607, 0.239353
0.869147, 0.246792
0.891776, 0.254924
0.914457, 0.26386
0.937144, 0.273724
0.0548055, 0.291837
0.0779531, 0.282785
0.101082, 0.274584
0.124132, 0.267109
0.147053, 0.260246
0.169805, 0.25389
0.192377, 0.24795
0.214815, 0.242386
0.237217, 0.237217
0.25969, 0.232503
0.282294, 0.228299
0.305034, 0.224624
0.327881, 0.221467
0.350799, 0.218798
0.373756, 0.216584
0.396726, 0.214794
0.419694, 0.213398
0.442652, 0.212372
0.465597, 0.211699
0.488533, 0.211366
0.511467, 0.211366
0.534403, 0.211699
0.557348, 0.212372
0.580306, 0.213398
0.603274, 0.214794
0.626244, 0.216584
0.649201, 0.218798
0.672119, 0.221467
0.694966, 0.224624
0.717706, 0.228299
0.74031, 0.232503
0.762783, 0.237217
0.785185, 0.242386
0.807623, 0.24795
0.830195, 0.25389
0.852947, 0.260246
0.875868, 0.267109
0.898918, 0.274584
0.922047, 0.282785
0.945195, 0.291837
0.0475542, 0.309947
0.0711203, 0.301703
0.0946523, 0.294231
0.118072, 0.287406
0.141312, 0.28111
0.164322, 0.27523
0.18711, 0.269687
0.209781, 0.264483
0.232503, 0.25969
0.255393, 0.255393
0.278475, 0.251631
0.30171, 0.248394
0.325042, 0.245648
0.348421, 0.243351
0.37181, 0.241464
0.395183, 0.239952
0.418526, 0.238782
0.441836, 0.237928
0.465115, 0.23737
0.488374, 0.237095
0.511626, 0.237095
0.534885, 0.23737
0.558164, 0.237928
0.581474, 0.238782
0.604817, 0.239952
0.62819, 0.241464
0.651579, 0.243351
0.674958, 0.245648
0.69829, 0.248394
0.721525, 0.251631
0.744607, 0.255393
0.767497, 0.25969
0.790219, 0.264483
0.81289, 0.269687
0.835678, 0.27523
0.858688, 0.28111
0.881928, 0.287406
0.905348, 0.294231
0.92888, 0.301703
0.952446, 0.309947
0.0410633, 0.328055
0.065007, 0.320614
0.0888979, 0.313864
0.112639, 0.307685
0.13614, 0.30195
0.159345, 0.296548
0.182307, 0.291424
0.20522, 0.286636
0.228299, 0.282294
0.251631, 0.278475
0.275185, 0.275185
0.298884, 0.27239
0.322658, 0.270047
0.346448, 0.268109
0.370214, 0.266535
0.39393, 0.265285
0.417586, 0.264325
0.441183, 0.263629
0.464731, 0.263175
0.488247, 0.262951
0.511753, 0.262951
0.535269, 0.263175
0.558817, 0.263629
0.582414, 0.264325
0.60607, 0.265285
0.629786, 0.266535
0.653552, 0.268109
0.677342, 0.270047
0.701116, 0.27239
0.724815, 0.275185
0.748369, 0.278475
0.771701, 0.282294
0.79478, 0.286636
0.817693, 0.291424
0.840655, 0.296548
0.86386, 0.30195
0.887361, 0.307685
0.911102, 0.313864
0.934993, 0.320614
0.958937, 0.328055
0.0353007, 0.346161
0.0595817, 0.339517
0.0837891, 0.333487
0.107803, 0.327948
0.131512, 0.322776
0.154865, 0.317862
0.177984, 0.313194
0.201163, 0.308878
0.224624, 0.305034
0.248394, 0.30171
0.27239, 0.298884
0.296514, 0.296514
0.320682, 0.29455
0.344833, 0.292946
0.368922, 0.291657
0.392925, 0.29064
0.416835, 0.289859
0.440662, 0.28929
0.464424, 0.288916
0.488146, 0.28873
0.511854, 0.28873
0.535576, 0.288916
0.559338, 0.28929
0.583165, 0.289859
0.607075, 0.29064
0.631078, 0.291657
0.655167, 0.292946
0.679318, 0.29455
0.703486, 0.296514
0.72761, 0.298884
0.751606, 0.30171
0.775376, 0.305034
0.798837, 0.308878
0.822016, 0.313194
0.845135, 0.317862
0.868488, 0.322776
0.892197, 0.327948
0.916211, 0.333487
0.940418, 0.339517
0.964699, 0.346161
0.0302388, 0.364265
0.0548179, 0.358414
0.0793008, 0.353098
0.103544, 0.3482
0.127414, 0.343595
0.150879, 0.33919
0.174158, 0.335018
0.197624, 0.331212
0.221467, 0.327881
0.245648, 0.325042
0.270047, 0.322658
0.29455, 0.320682
0.319067, 0.319067
0.343526, 0.317761
0.367882, 0.316714
0.392112, 0.315881
0.416217, 0.315224
0.44022, 0.314723
0.464156, 0.314378
0.488055, 0.3142
0.511945, 0.3142
0.535844, 0.314378
0.55978, 0.314723
0.583783, 0.315224
0.607888, 0.315881
0.632118, 0.316714
0.656474, 0.317761
0.680933, 0.319067
0.70545, 0.320682
0.729953, 0.322658
0.754352, 0.325042
0.778533, 0.327881
0.802376, 0.331212
0.825842, 0.335018
0.849121, 0.33919
0.872586, 0.343595
0.896456, 0.3482
0.920699, 0.353098
0.945182, 0.358414
0.969761, 0.364265
0.0258549, 0.382367
0.0506934, 0.377305
0.0754125, 0.372701
0.099845, 0.368445
0.123837, 0.364416
0.147391, 0.360545
0.170836, 0.3569
0.194594, 0.353624
0.218798, 0.350799
0.243351, 0.348421
0.268109, 0.346448
0.292946, 0.344833
0.317761, 0.343526
0.342473, 0.342473
0.36703, 0.341613
0.391414, 0.34089
0.415643, 0.340264
0.439771, 0.339729
0.46386, 0.339321
0.487951, 0.339096
0.512049, 0.339096
0.53614, 0.339321
0.560229, 0.339729
0.584357, 0.340264
0.608586, 0.34089
0.63297, 0.341613
0.657527, 0.342473
0.682239, 0.343526
0.707054, 0.344833
0.731891, 0.346448
0.756649, 0.348421
0.781202, 0.350799
0.805406, 0.353624
0.829164, 0.3569
0.852609, 0.360545
0.876163, 0.364416
0.900155, 0.368445
0.924588, 0.372701
0.949307, 0.377305
0.974145, 0.382367
0.02213, 0.400468
0.0471897, 0.39619
0.0721072, 0.392297
0.0966919, 0.388684
0.120775, 0.385244
0.144405, 0.381932
0.168019, 0.378836
0.192056, 0.376092
0.216584, 0.373756
0.241464, 0.37181
0.266535, 0.370214
0.291657, 0.368922
0.316714, 0.367882
0.341613, 0.36703
0.366289, 0.366289
0.390728, 0.365581
0.414987, 0.36486
0.439185, 0.364155
0.463443, 0.363572
0.4878, 0.363239
0.5122, 0.363239
0.536557, 0.363572
0.560815, 0.364155
0.585013, 0.36486
0.609272, 0.365581
0.633711, 0.366289
0.658387, 0.36703
0.683286, 0.367882
0.708343, 0.368922
0.733465, 0.370214
0.758536, 0.37181
0.783416, 0.373756
0.807944, 0.376092
0.831981, 0.378836
0.855595, 0.381932
0.879225, 0.385244
0.903308, 0.388684
0.927893, 0.392297
0.95281, 0.39619
0.97787, 0.400468
0.0190484, 0.418567
0.0442916, 0.415071
0.0693715, 0.411886
0.0940757, 0.408922
0.118225, 0.406085
0.141922, 0.40335
0.165698, 0.400815
0.189985, 0.398596
0.214794, 0.396726
0.239952, 0.395183
0.265285, 0.39393
0.29064, 0.392925
0.315881, 0.392112
0.34089, 0.391414
0.365581, 0.390728
0.389949, 0.389949
0.414135, 0.389044
0.438386, 0.388117
0.462877, 0.387361
0.487596, 0.386943
0.512404, 0.386943
0.537123, 0.387361
0.561614, 0.388117
0.585865, 0.389044
0.610051, 0.389949
0.634419, 0.390728
0.65911, 0.391414
0.684119, 0.392112
0.70936, 0.392925
0.734715, 0.39393
0.760048, 0.395183
0.785206, 0.396726
0.810015, 0.398596
0.834302, 0.400815
0.858078, 0.40335
0.881775, 0.406085
0.905924, 0.408922
0.930629, 0.411886
0.955708, 0.415071
0.980952, 0.418567
0.0165976, 0.436664
0.041987, 0.433948
0.0671947, 0.431471
0.0919895, 0.429159
0.116186, 0.426938
0.139941, 0.424797
0.163861, 0.422828
0.18836, 0.42112
0.213398, 0.419694
0.238782, 0.418526
0.264325, 0.417586
0.289859, 0.416835
0.315224, 0.416217
0.340264, 0.415643
0.36486, 0.414987
0.389044, 0.414135
0.413118, 0.413118
0.437476, 0.412132
0.462267, 0.411392
0.487384, 0.411008
0.512616, 0.411008
0.537733, 0.411392
0.562524, 0.412132
0.586882, 0.413118
0.610956, 0.414135
0.63514, 0.414987
0.659736, 0.415643
0.684776, 0.416217
0.710141, 0.416835
0.735675, 0.417586
0.761218, 0.418526
0.786602, 0.419694
0.81164, 0.42112
0.836139, 0.422828
0.860059, 0.424797
0.883814, 0.426938
0.90801, 0.429159
0.932805, 0.431471
0.958013, 0.433948
0.983402, 0.436664
0.0147678, 0.454761
0.0402666, 0.452822
0.0655688, 0.451053
0.0904285, 0.449398
0.114657, 0.447803
0.138459, 0.446267
0.162497, 0.444863
0.187159, 0.443655
0.212372, 0.442652
0.237928, 0.441836
0.263629, 0.441183
0.28929, 0.440662
0.314723, 0.44022
0.339729, 0.439771
0.364155, 0.439185
0.388117, 0.438386
0.412132, 0.437476
0.436667, 0.436667
0.461762, 0.436107
0.487214, 0.435828
0.512786, 0.435828
0.538238, 0.436107
0.563333, 0.436667
0.587868, 0.437476
0.611883, 0.438386
0.635845, 0.439185
0.660271, 0.439771
0.685277, 0.44022
0.71071, 0.440662
0.736371, 0.441183
0.762072, 0.441836
0.787628, 0.442652
0.812841, 0.443655
0.837503, 0.444863
0.861541, 0.446267
0.885343, 0.447803
0.909571, 0.449398
0.934431, 0.451053
0.959733, 0.452822
0.985232, 0.454761
0.0135518, 0.472857
0.0391234, 0.471694
0.064488, 0.470633
0.0893895, 0.469638
0.113638, 0.468678
0.137474, 0.467754
0.161594, 0.466913
0.186368, 0.466192
0.211699, 0.465597
0.23737, 0.465115
0.263175, 0.464731
0.288916, 0.464424
0.314378, 0.464156
0.339321, 0.46386
0.363572, 0.463443
0.387361, 0.462877
0.411392, 0.462267
0.436107, 0.461762
0.461427, 0.461427
0.487104, 0.461264
0.512896, 0.461264
0.538573, 0.461427
0.563893, 0.461762
0.588608, 0.462267
0.612639, 0.462877
0.636428, 0.463443
0.660679, 0.46386
0.685622, 0.464156
0.711084, 0.464424
0.736825, 0.464731
0.76263, 0.465115
0.788301, 0.465597
0.813632, 0.466192
0.838406, 0.466913
0.862526, 0.467754
0.886362, 0.468678
0.91061, 0.469638
0.935512, 0.470633
0.960877, 0.471694
0.986448, 0.472857
0.012945, 0.490952
0.0385529, 0.490565
0.0639486, 0.490211
0.0888705, 0.489879
0.113129, 0.489559
0.136982, 0.48925
0.161144, 0.48897
0.185975, 0.488731
0.211366, 0.488533
0.237095, 0.488374
0.262951, 0.488247
0.28873, 0.488146
0.3142, 0.488055
0.339096, 0.487951
0.363239, 0.4878
0.386943, 0.487596
0.411008, 0.487384
0.435828, 0.487214
0.461264, 0.487104
0.487051, 0.487051
0.512949, 0.487051
0.538736, 0.487104
0.564172, 0.487214
0.588992, 0.487384
0.613057, 0.487596
0.636761, 0.4878
0.660904, 0.487951
0.6858, 0.488055
0.71127, 0.488146
0.737049, 0.488247
0.762905, 0.488374
0.788634, 0.488533
0.814025, 0.488731
0.838856, 0.48897
0.863018, 0.48925
0.886871, 0.489559
0.91113, 0.489879
0.936051, 0.490211
0.961447, 0.490565
0.987055, 0.490952
0.012945, 0.509048
0.0385529, 0.509435
0.0639486, 0.509789
0.0888705, 0.510121
0.113129, 0.510441
0.136982, 0.51075
0.161144, 0.51103
0.185975, 0.511269
0.211366, 0.511467
0.237095, 0.511626
0.262951, 0.511753
0.28873, 0.511854
0.3142, 0.511945
0.339096, 0.512049
0.363239, 0.5122
0.386943, 0.512404
0.411008, 0.512616
0.435828, 0.512786
0.461264, 0.512896
0.487051, 0.512949
0.512949, 0.512949
0.538736, 0.512896
0.564172, 0.512786
0.588992, 0.512616
0.613057, 0.512404
0.636761, 0.5122
0.660904, 0.512049
0.6858, 0.511945
0.71127, 0.511854
0.737049, 0.511753
0.762905, 0.511626
0.788634, 0.511467
0.814025, 0.511269
0.838856, 0.51103
0.863018, 0.51075
0.886871, 0.510441
0.91113, 0.510121
0.936051, 0.509789
0.961447, 0.509435
0.987055, 0.509048
0.0135518, 0.527143
0.0391234, 0.528306
0.064488, 0.529367
0.0893895, 0.530362
0.113638, 0.531322
0.137474, 0.532246
0.161594, 0.533087
0.186368, 0.533808
0.211699, 0.534403
0.23737, 0.534885
0.263175, 0.535269
0.288916, 0.535576
0.314378, 0.535844
0.339321, 0.53614
0.363572, 0.536557
0.387361, 0.537123
0.411392, 0.537733
0.436107, 0.538238
0.461427, 0.538573
0.487104, 0.538736
0.512896, 0.538736
0.538573, 0.538573
0.563893, 0.538238
0.588608, 0.537733
0.612639, 0.537123
0.636428, 0.536557
0.660679, 0.53614
0.685622, 0.535844
0.711084, 0.535576
0.736825, 0.535269
0.76263, 0.534885
0.788301, 0.534403
0.813632, 0.533808
0.838406, 0.533087
0.862526, 0.532246
0.886362, 0.531322
0.91061, 0.530362
0.935512, 0.529367
0.960877, 0.528306
0.986448, 0.527143
0.0147678, 0.545239
0.0402666, 0.547178
0.0655688, 0.548947
0.0904285, 0.550602
0.114657, 0.552197
0.138459, 0.553733
0.162497, 0.555137
0.187159, 0.556345
0.212372, 0.557348
0.237928, 0.558164
0.263629, 0.558817
0.28929, 0.559338
0.314723, 0.55978
0.339729, 0.560229
0.364155, 0.560815
0.388117, 0.561614
0.412132, 0.562524
0.436667, 0.563333
0.461762, 0.563893
0.487214, 0.564172
0.512786, 0.564172
0.538238, 0.563893
0.563333, 0.563333
0.587868, 0.562524
0.611883, 0.561614
0.635845, 0.560815
0.660271, 0.560229
0.685277, 0.55978
0.71071, 0.559338
0.736371, 0.558817
0.762072, 0.558164
0.787628, 0.557348
0.812841, 0.556345
0.837503, 0.555137
0.861541, 0.553733
0.885343, 0.552197
0.909571, 0.550602
0.934431, 0.548947
0.959733, 0.547178
0.985232, 0.545239
0.0165976, 0.563336
0.041987, 0.566052
0.0671947, 0.568529
0.0919895, 0.570841
0.116186, 0.573062
0.139941, 0.575203
0.163861, 0.577172
0.18836, 0.57888
0.213398, 0.580306
0.238782, 0.581474
0.264325, 0.582414
0.289859, 0.583165
0.315224, 0.583783
0.340264, 0.584357
0.36486, 0.585013
0.389044, 0.585865
0.413118, 0.586882
0.437476, 0.587868
0.462267, 0.588608
0.487384, 0.588992
0.512616, 0.588992
0.537733, 0.588608
0.562524, 0.587868
0.586882, 0.586882
0.610956, 0.585865
0.63514, 0.585013
0.659736, 0.584357
0.684776, 0.583783
0.710141, 0.583165
0.735675, 0.582414
0.761218, 0.581474
0.786602, 0.580306
0.81164, 0.57888
0.836139, 0.577172
0.860059, 0.575203
0.883814, 0.573062
0.90801, 0.570841
0.932805, 0.568529
0.958013, 0.566052
0.983402, 0.563336
0.0190484, 0.581433
0.0442916, 0.584929
0.0693715, 0.588114
0.0940757, 0.591078
0.118225, 0.593915
0.141922, 0.59665
0.165698, 0.599185
0.189985, 0.601404
0.214794, 0.603274
0.239952, 0.604817
0.265285, 0.60607
0.29064, 0.607075
0.315881, 0.607888
0.34089, 0.608586
0.365581, 0.609272
0.389949, 0.610051
0.414135, 0.610956
0.438386, 0.611883
0.462877, 0.612639
0.487596, 0.613057
0.512404, 0.613057
0.537123, 0.612639
0.561614, 0.611883
0.585865, 0.610956
0.610051, 0.610051
0.634419, 0.609272
0.65911, 0.608586
0.684119, 0.607888
0.70936, 0.607075
0.734715, 0.60607
0.760048, 0.604817
0.785206, 0.603274
0.810015, 0.601404
0.834302, 0.599185
0.858078, 0.59665
0.881775, 0.593915
0.905924, 0.591078
0.930629, 0.588114
0.955708, 0.584929
0.980952, 0.581433
0.02213, 0.599532
0.0471897, 0.60381
0.0721072, 0.607703
0.0966919, 0.611316
0.120775, 0.614756
0.144405, 0.618068
0.168019, 0.621164
0.192056, 0.623908
0.216584, 0.626244
0.241464, 0.62819
0.266535, 0.629786
0.291657, 0.631078
0.316714, 0.632118
0.341613, 0.63297
0.366289, 0.633711
0.390728, 0.634419
0.414987, 0.63514
0.439185, 0.635845
0.463443, 0.636428
0.4878, 0.636761
0.5122, 0.636761
0.536557, 0.636428
0.560815, 0.635845
0.585013, 0.63514
0.609272, 0.634419
0.633711, 0.633711
0.658387, 0.63297
0.683286, 0.632118
0.708343, 0.631078
0.733465, 0.629786
0.758536, 0.62819
0.783416, 0.626244
0.807944, 0.623908
0.831981, 0.621164
0.855595, 0.618068
0.879225, 0.614756
0.903308, 0.611316
0.927893, 0.607703
0.95281, 0.60381
0.97787, 0.599532
0.0258549, 0.617633
0.0506934, 0.622695
0.0754125, 0.627299
0.099845, 0.631555
0.123837, 0.635584
0.147391, 0.639455
0.170836, 0.6431
0.194594, 0.646376
0.218798, 0.649201
0.243351, 0.651579
0.268109, 0.653552
0.292946, 0.655167
0.317761, 0.656474
0.342473, 0.657527
0.36703, 0.658387
0.391414, 0.65911
0.415643, 0.659736
0.439771, 0.660271
0.46386, 0.660679
0.487951, 0.660904
0.512049, 0.660904
0.53614, 0.660679
0.560229, 0.660271
0.584357, 0.659736
0.608586, 0.65911
0.63297, 0.658387
0.657527, 0.657527
0.682239, 0.656474
0.707054, 0.655167
0.731891, 0.653552
0.756649, 0.651579
0.781202, 0.649201
0.805406, 0.646376
0.829164, 0.6431
0.852609, 0.639455
0.876163, 0.635584
0.900155, 0.631555
0.924588, 0.627299
0.949307, 0.622695
0.974145, 0.617633
0.0302388, 0.635735
0.0548179, 0.641586
0.0793008, 0.646902
0.103544, 0.6518
0.127414, 0.656405
0.150879, 0.66081
0.174158, 0.664982
0.197624, 0.668788
0.221467, 0.672119
0.245648, 0.674958
0.270047, 0.677342
0.29455, 0.679318
0.319067, 0.680933
0.343526, 0.682239
0.367882, 0.683286
0.392112, 0.684119
0.416217, 0.684776
0.44022, 0.685277
0.464156, 0.685622
0.488055, 0.6858
0.511945, 0.6858
0.535844, 0.685622
0.55978, 0.685277
0.583783, 0.684776
0.607888, 0.684119
0.632118, 0.683286
0.656474, 0.682239
0.680933, 0.680933
0.70545, 0.679318
0.729953, 0.677342
0.754352, 0.674958
0.778533, 0.672119
0.802376, 0.668788
0.825842, 0.664982
0.849121, 0.66081
0.872586, 0.656405
0.896456, 0.6518
0.920699, 0.646902
0.945182, 0.641586
0.969761, 0.635735
0.0353007, 0.653839
0.0595817, 0.660483
0.0837891, 0.666513
0.107803, 0.672052
0.131512, 0.677224
0.154865, 0.682138
0.177984, 0.686806
0.201163, 0.691122
0.224624, 0.694966
0.248394, 0.69829
0.27239, 0.701116
0.296514, 0.703486
0.320682, 0.70545
0.344833, 0.707054
0.368922, 0.708343
0.392925, 0.70936
0.416835, 0.710141
0.440662, 0.71071
0.464424, 0.711084
0.488146, 0.71127
0.511854, 0.71127
0.535576, 0.711084
0.559338, 0.71071
0.583165, 0.710141
0.607075, 0.70936
0.631078, 0.708343
0.655167, 0.707054
0.679318, 0.70545
0.703486, 0.703486
0.72761, 0.701116
0.751606, 0.69829
0.775376, 0.694966
0.798837, 0.691122
0.822016, 0.686806
0.845135, 0.682138
0.868488, 0.677224
0.892197, 0.672052
0.916211, 0.666513
0.940418, 0.660483
0.964699, 0.653839
0.0410633, 0.671945
0.065007, 0.679386
0.0888979, 0.686136
0.112639, 0.692315
0.13614, 0.69805
0.159345, 0.703452
0.182307, 0.708576
0.20522, 0.713364
0.228299, 0.717706
0.251631, 0.721525
0.275185, 0.724815
0.298884, 0.72761
0.322658, 0.729953
0.346448, 0.731891
0.370214, 0.733465
0.39393, 0.734715
0.417586, 0.735675
0.441183, 0.736371
0.464731, 0.736825
0.488247, 0.737049
0.511753, 0.737049
0.535269, 0.736825
0.558817, 0.736371
0.582414, 0.735675
0.60607, 0.734715
0.629786, 0.733465
0.653552, 0.731891
0.677342, 0.729953
0.701116, 0.72761
0.724815, 0.724815
0.748369, 0.721525
0.771701, 0.717706
0.79478, 0.713364
0.817693, 0.708576
0.840655, 0.703452
0.86386, 0.69805
0.887361, 0.692315
0.911102, 0.686136
0.934993, 0.679386
0.958937, 0.671945
0.0475542, 0.690053
0.0711203, 0.698297
0.0946523, 0.705769
0.118072, 0.712594
0.141312, 0.71889
0.164322, 0.72477
0.18711, 0.730313
0.209781, 0.735517
0.232503, 0.74031
0.255393, 0.744607
0.278475, 0.748369
0.30171, 0.751606
0.325042, 0.754352
0.348421, 0.756649
0.37181, 0.758536
0.395183, 0.760048
0.418526, 0.761218
0.441836, 0.762072
0.465115, 0.76263
0.488374, 0.762905
0.511626, 0.762905
0.534885, 0.76263
0.558164, 0.762072
0.581474, 0.761218
0.604817, 0.760048
0.62819, 0.758536
0.651579, 0.756649
0.674958, 0.754352
0.69829, 0.751606
0.721525, 0.748369
0.744607, 0.744607
0.767497, 0.74031
0.790219, 0.735517
0.81289, 0.730313
0.835678, 0.72477
0.858688, 0.71889
0.881928, 0.712594
0.905348, 0.705769
0.92888, 0.698297
0.952446, 0.690053
0.0548055, 0.708163
0.0779531, 0.717215
0.101082, 0.725416
0.124132, 0.732891
0.147053, 0.739754
0.169805, 0.74611
0.192377, 0.75205
0.214815, 0.757614
0.237217, 0.762783
0.25969, 0.767497
0.282294, 0.771701
0.305034, 0.775376
0.327881, 0.778533
0.350799, 0.781202
0.373756, 0.783416
0.396726, 0.785206
0.419694, 0.786602
0.442652, 0.787628
0.465597, 0.788301
0.488533, 0.788634
0.511467, 0.788634
0.534403, 0.788301
0.557348, 0.787628
0.580306, 0.786602
0.603274, 0.785206
0.626244, 0.783416
0.649201, 0.781202
0.672119, 0.778533
0.694966, 0.775376
0.717706, 0.771701
0.74031, 0.767497
0.762783, 0.762783
0.785185, 0.757614
0.807623, 0.75205
0.830195, 0.74611
0.852947, 0.739754
0.875868, 0.732891
0.898918, 0.725416
0.922047, 0.717215
0.945195, 0.708163
0.0628558, 0.726276
0.085543, 0.73614
0.108224, 0.745076
0.130853, 0.753208
0.153393, 0.760647
0.175816, 0.767491
0.198109, 0.773826
0.220284, 0.779716
0.242386, 0.785185
0.264483, 0.790219
0.286636, 0.79478
0.308878, 0.798837
0.331212, 0.802376
0.353624, 0.805406
0.376092, 0.807944
0.398596, 0.810015
0.42112, 0.81164
0.443655, 0.812841
0.466192, 0.813632
0.488731, 0.814025
0.511269, 0.814025
0.533808, 0.813632
0.556345, 0.812841
0.57888, 0.81164
0.601404, 0.810015
0.623908, 0.807944
0.646376, 0.805406
0.668788, 0.802376
0.691122, 0.798837
0.713364, 0.79478
0.735517, 0.790219
0.757614, 0.785185
0.779716, 0.779716
0.801891, 0.773826
0.824184, 0.767491
0.846607, 0.760647
0.869147, 0.753208
0.891776, 0.745076
0.914457, 0.73614
0.937144, 0.726276
0.0717509, 0.744392
0.0939343, 0.755072
0.116121, 0.764749
0.138275, 0.773548
0.160372, 0.781575
0.182393, 0.788923
0.204327, 0.795673
0.226174, 0.801891
0.24795, 0.807623
0.269687, 0.81289
0.291424, 0.817693
0.313194, 0.822016
0.335018, 0.825842
0.3569, 0.829164
0.378836, 0.831981
0.400815, 0.834302
0.422828, 0.836139
0.444863, 0.837503
0.466913, 0.838406
0.48897, 0.838856
0.51103, 0.838856
0.533087, 0.838406
0.555137, 0.837503
0.577172, 0.836139
0.599185, 0.834302
0.621164, 0.831981
0.6431, 0.829164
0.664982, 0.825842
0.686806, 0.822016
0.708576, 0.817693
0.730313, 0.81289
0.75205, 0.807623
0.773826, 0.801891
0.795673, 0.795673
0.817607, 0.788923
0.839628, 0.781575
0.861725, 0.773548
0.883879, 0.764749
0.906066, 0.755072
0.928249, 0.744392
0.0815454, 0.762509
0.10318, 0.774011
0.124824, 0.784434
0.146451, 0.793909
0.168043, 0.802539
0.189587, 0.810413
0.211077, 0.817607
0.232509, 0.824184
0.25389, 0.830195
0.27523, 0.835678
0.296548, 0.840655
0.317862, 0.845135
0.33919, 0.849121
0.360545, 0.852609
0.381932, 0.855595
0.40335, 0.858078
0.424797, 0.860059
0.446267, 0.861541
0.467754, 0.862526
0.48925, 0.863018
0.51075, 0.863018
0.532246, 0.862526
0.553733, 0.861541
0.575203, 0.860059
0.59665, 0.858078
0.618068, 0.855595
0.639455, 0.852609
0.66081, 0.849121
0.682138, 0.845135
0.703452, 0.840655
0.72477, 0.835678
0.74611, 0.830195
0.767491, 0.824184
0.788923, 0.817607
0.810413, 0.810413
0.831957, 0.802539
0.853549, 0.793909
0.875176, 0.784434
0.89682, 0.774011
0.918455, 0.762509
0.0923048, 0.780629
0.113344, 0.792954
0.134396, 0.804131
0.15544, 0.814289
0.176464, 0.823536
0.197461, 0.831957
0.218425, 0.839628
0.239353, 0.846607
0.260246, 0.852947
0.28111, 0.858688
0.30195, 0.86386
0.322776, 0.868488
0.343595, 0.872586
0.364416, 0.876163
0.385244, 0.879225
0.406085, 0.881775
0.426938, 0.883814
0.447803, 0.885343
0.468678, 0.886362
0.489559, 0.886871
0.510441, 0.886871
0.531322, 0.886362
0.552197, 0.885343
0.573062, 0.883814
0.593915, 0.881775
0.614756, 0.879225
0.635584, 0.876163
0.656405, 0.872586
0.677224, 0.868488
0.69805, 0.86386
0.71889, 0.858688
0.739754, 0.852947
0.760647, 0.846607
0.781575, 0.839628
0.802539, 0.831957
0.823536, 0.823536
0.84456, 0.814289
0.865604, 0.804131
0.886656, 0.792954
0.907695, 0.780629
0.104109, 0.79875
0.124503, 0.811902
0.14491, 0.823835
0.165315, 0.834685
0.185711, 0.84456
0.206091, 0.853549
0.226452, 0.861725
0.246792, 0.869147
0.267109, 0.875868
0.287406, 0.881928
0.307685, 0.887361
0.327948, 0.892197
0.3482, 0.896456
0.368445, 0.900155
0.388684, 0.903308
0.408922, 0.905924
0.429159, 0.90801
0.449398, 0.909571
0.469638, 0.91061
0.489879, 0.91113
0.510121, 0.91113
0.530362, 0.91061
0.550602, 0.909571
0.570841, 0.90801
0.591078, 0.905924
0.611316, 0.903308
0.631555, 0.900155
0.6518, 0.896456
0.672052, 0.892197
0.692315, 0.887361
0.712594, 0.881928
0.732891, 0.875868
0.753208, 0.869147
0.773548, 0.861725
0.793909, 0.853549
0.814289, 0.84456
0.834685, 0.834685
0.85509, 0.823835
0.875497, 0.811902
0.895891, 0.79875
0.117054, 0.816871
0.136751, 0.83085
0.156457, 0.843543
0.176165, 0.85509
0.195869, 0.865604
0.215566, 0.875176
0.235251, 0.883879
0.254924, 0.891776
0.274584, 0.898918
0.294231, 0.905348
0.313864, 0.911102
0.333487, 0.916211
0.353098, 0.920699
0.372701, 0.924588
0.392297, 0.927893
0.411886, 0.930629
0.431471, 0.932805
0.451053, 0.934431
0.470633, 0.935512
0.490211, 0.936051
0.509789, 0.936051
0.529367, 0.935512
0.548947, 0.934431
0.568529, 0.932805
0.588114, 0.930629
0.607703, 0.927893
0.627299, 0.924588
0.646902, 0.920699
0.666513, 0.916211
0.686136, 0.911102
0.705769, 0.905348
0.725416, 0.898918
0.745076, 0.891776
0.764749, 0.883879
0.784434, 0.875176
0.804131, 0.865604
0.823835, 0.85509
0.843543, 0.843543
0.863249, 0.83085
0.882946, 0.816871
0.131263, 0.834992
0.150203, 0.849797
0.16915, 0.863249
0.188098, 0.875497
0.207046, 0.886656
0.225989, 0.89682
0.244928, 0.906066
0.26386, 0.914457
0.282785, 0.922047
0.301703, 0.92888
0.320614, 0.934993
0.339517, 0.940418
0.358414, 0.945182
0.377305, 0.949307
0.39619, 0.95281
0.415071, 0.955708
0.433948, 0.958013
0.452822, 0.959733
0.471694, 0.960877
0.490565, 0.961447
0.509435, 0.961447
0.528306, 0.960877
0.547178, 0.959733
0.566052, 0.958013
0.584929, 0.955708
0.60381, 0.95281
0.622695, 0.949307
0.641586, 0.945182
0.660483, 0.940418
0.679386, 0.934993
0.698297, 0.92888
0.717215, 0.922047
0.73614, 0.914457
0.755072, 0.906066
0.774011, 0.89682
0.792954, 0.886656
0.811902, 0.875497
0.83085, 0.863249
0.849797, 0.849797
0.868737, 0.834992
0.146888, 0.853112
0.165008, 0.868737
0.183129, 0.882946
0.20125, 0.895891
0.219371, 0.907695
0.237491, 0.918455
0.255608, 0.928249
0.273724, 0.937144
0.291837, 0.945195
0.309947, 0.952446
0.328055, 0.958937
0.346161, 0.964699
0.364265, 0.969761
0.382367, 0.974145
0.400468, 0.97787
0.418567, 0.980952
0.436664, 0.983402
0.454761, 0.985232
0.472857, 0.986448
0.490952, 0.987055
0.509048, 0.987055
0.527143, 0.986448
0.545239, 0.985232
0.563336, 0.983402
0.581433, 0.980952
0.599532, 0.97787
0.617633, 0.974145
0.635735, 0.969761
0.653839, 0.964699
0.671945, 0.958937
0.690053, 0.952446
0.708163, 0.945195
0.726276, 0.937144
0.744392, 0.928249
0.762509, 0.918455
0.780629, 0.907695
0.79875, 0.895891
0.816871, 0.882946
0.834992, 0.868737
0.853112, 0.853112
