0.146447, 0.146447
0.164124, 0.129612
0.181802, 0.114319
0.19948, 0.100391
0.217157, 0.0876894
0.234835, 0.0761044
0.252513, 0.0655463
0.27019, 0.055942
0.287868, 0.0472307
0.305546, 0.0393619
0.323223, 0.0322928
0.340901, 0.0259879
0.358579, 0.0204168
0.376256, 0.0155544
0.393934, 0.0113795
0.411612, 0.00787451
0.429289, 0.00502525
0.446967, 0.00282045
0.464645, 0.00125157
0.482322, 0.000312598
0.5, 0
0.517678, 0.000312598
0.535355, 0.00125157
0.553033, 0.00282045
0.570711, 0.00502525
0.588388, 0.00787451
0.606066, 0.0113795
0.623744, 0.0155544
0.641421, 0.0204168
0.659099, 0.0259879
0.676777, 0.0322928
0.694454, 0.0393619
0.712132, 0.0472307
0.72981, 0.055942
0.747487, 0.0655463
0.765165, 0.0761044
0.782843, 0.0876894
0.80052, 0.100391
0.818198, 0.114319
0.835876, 0.129612
0.853553, 0.146447
0.129612, 0.164124
0.14816, 0.14816
0.166705, 0.133662
0.185253, 0.12047
0.203801, 0.108451
0.222348, 0.0974989
0.240891, 0.0875272
0.259431, 0.0784648
0.277966, 0.0702528
0.296496, 0.0628416
0.315019, 0.0561893
0.333537, 0.0502609
0.35205, 0.0450264
0.370557, 0.0404608
0.389059, 0.0365431
0.407556, 0.0332557
0.42605, 0.0305845
0.44454, 0.0285182
0.463028, 0.0270483
0.481514, 0.0261687
0.5, 0.0258759
0.518486, 0.0261687
0.536972, 0.0270483
0.55546, 0.0285182
0.57395, 0.0305845
0.592444, 0.0332557
0.610941, 0.0365431
0.629443, 0.0404608
0.64795, 0.0450264
0.666463, 0.0502609
0.684981, 0.0561893
0.703504, 0.0628416
0.722034, 0.0702528
0.740569, 0.0784648
0.759109, 0.0875272
0.777652, 0.0974989
0.796199, 0.108451
0.814747, 0.12047
0.833295, 0.133662
0.85184, 0.14816
0.870388, 0.164124
0.114319, 0.181802
0.133662, 0.166705
0.153001, 0.153001
0.172346, 0.140544
0.191692, 0.129206
0.211034, 0.118883
0.23037, 0.109492
0.249695, 0.100965
0.26901, 0.0932428
0.288313, 0.0862776
0.307603, 0.0800286
0.326881, 0.0744613
0.346148, 0.0695468
0.365404, 0.0652607
0.38465, 0.061583
0.403888, 0.058497
0.423119, 0.0559892
0.442344, 0.0540492
0.461565, 0.0526689
0.480783, 0.051843
0.5, 0.051568
0.519217, 0.051843
0.538435, 0.0526689
0.557656, 0.0540492
0.576881, 0.0559892
0.596112, 0.058497
0.61535, 0.061583
0.634596, 0.0652607
0.653852, 0.0695468
0.673119, 0.0744613
0.692397, 0.0800286
0.711687, 0.0862776
0.73099, 0.0932428
0.750305, 0.100965
0.76963, 0.109492
0.788966, 0.118883
0.808308, 0.129206
0.827654, 0.140544
0.846999, 0.153001
0.866338, 0.166705
0.885681, 0.181802
0.100391, 0.19948
0.12047, 0.185253
0.140544, 0.172346
0.160626, 0.160626
0.180705, 0.149966
0.200775, 0.140268
0.220831, 0.13145
0.24087, 0.123444
0.260888, 0.116193
0.280886, 0.10965
0.300864, 0.103775
0.320823, 0.0985354
0.340765, 0.0939033
0.360694, 0.0898569
0.380611, 0.0863785
0.40052, 0.0834543
0.420422, 0.0810739
0.440319, 0.0792295
0.460214, 0.0779156
0.480107, 0.0771286
0.5, 0.0768665
0.519893, 0.0771286
0.539786, 0.0779156
0.559681, 0.0792295
0.579578, 0.0810739
0.59948, 0.0834543
0.619389, 0.0863785
0.639306, 0.0898569
0.659235, 0.0939033
0.679177, 0.0985354
0.699136, 0.103775
0.719114, 0.10965
0.739112, 0.116193
0.75913, 0.123444
0.779169, 0.13145
0.799225, 0.140268
0.819295, 0.149966
0.839374, 0.160626
0.859456, 0.172346
0.87953, 0.185253
0.899609, 0.19948
0.0876894, 0.217157
0.108451, 0.203801
0.129206, 0.191692
0.149966, 0.180705
0.170718, 0.170718
0.191451, 0.161633
0.212157, 0.153369
0.232833, 0.145859
0.253475, 0.139044
0.274085, 0.132878
0.294665, 0.12732
0.31522, 0.122341
0.335758, 0.117916
0.356283, 0.114029
0.376803, 0.110668
0.397323, 0.107827
0.417848, 0.105503
0.438378, 0.103696
0.458914, 0.102404
0.479456, 0.101629
0.5, 0.10137
0.520544, 0.101629
0.541086, 0.102404
0.561622, 0.103696
0.582152, 0.105503
0.602677, 0.107827
0.623197, 0.110668
0.643717, 0.114029
0.664242, 0.117916
0.68478, 0.122341
0.705335, 0.12732
0.725915, 0.132878
0.746525, 0.139044
0.767167, 0.145859
0.787843, 0.153369
0.808549, 0.161633
0.829282, 0.170718
0.850034, 0.180705
0.870794, 0.191692
0.891549, 0.203801
0.912311, 0.217157
0.0761044, 0.234835
0.0974989, 0.222348
0.118883, 0.211034
0.140268, 0.200775
0.161633, 0.191451
0.182963, 0.182963
0.204246, 0.175228
0.225477, 0.168176
0.246654, 0.161746
0.26778, 0.155887
0.288864, 0.150561
0.309921, 0.145745
0.330966, 0.141424
0.352017, 0.137597
0.373085, 0.134267
0.394178, 0.131441
0.4153, 0.129124
0.436449, 0.12732
0.457619, 0.126031
0.478806, 0.125258
0.5, 0.125
0.521194, 0.125258
0.542381, 0.126031
0.563551, 0.12732
0.5847, 0.129124
0.605822, 0.131441
0.626915, 0.134267
0.647983, 0.137597
0.669034, 0.141424
0.690079, 0.145745
0.711136, 0.150561
0.73222, 0.155887
0.753346, 0.161746
0.774523, 0.168176
0.795754, 0.175228
0.817037, 0.182963
0.838367, 0.191451
0.859732, 0.200775
0.881117, 0.211034
0.902501, 0.222348
0.923896, 0.234835
0.0655463, 0.252513
0.0875272, 0.240891
0.109492, 0.23037
0.13145, 0.220831
0.153369, 0.212157
0.175228, 0.204246
0.19701, 0.19701
0.218704, 0.190369
0.240311, 0.184256
0.261843, 0.178622
0.283329, 0.173443
0.304804, 0.168716
0.326302, 0.164459
0.34785, 0.160695
0.369457, 0.157439
0.391124, 0.154698
0.412841, 0.152471
0.434599, 0.150752
0.456384, 0.149532
0.478188, 0.148803
0.5, 0.148561
0.521812, 0.148803
0.543616, 0.149532
0.565401, 0.150752
0.587159, 0.152471
0.608876, 0.154698
0.630543, 0.157439
0.65215, 0.160695
0.673698, 0.164459
0.695196, 0.168716
0.716671, 0.173443
0.738157, 0.178622
0.759689, 0.184256
0.781296, 0.190369
0.80299, 0.19701
0.824772, 0.204246
0.846631, 0.212157
0.86855, 0.220831
0.890508, 0.23037
0.912473, 0.240891
0.934454, 0.252513
0.055942, 0.27019
0.0784648, 0.259431
0.100965, 0.249695
0.123444, 0.24087
0.145859, 0.232833
0.168176, 0.225477
0.190369, 0.218704
0.212423, 0.212423
0.234349, 0.206566
0.256192, 0.201106
0.278021, 0.196063
0.299905, 0.191485
0.321884, 0.187417
0.343967, 0.183882
0.36614, 0.180877
0.388381, 0.178388
0.410668, 0.176391
0.432984, 0.174864
0.455316, 0.173788
0.477656, 0.173148
0.5, 0.172936
0.522344, 0.173148
0.544684, 0.173788
0.567016, 0.174864
0.589332, 0.176391
0.611619, 0.178388
0.63386, 0.180877
0.656033, 0.183882
0.678116, 0.187417
0.700095, 0.191485
0.721979, 0.196063
0.743808, 0.201106
0.765651, 0.206566
0.787577, 0.212423
0.809631, 0.218704
0.831824, 0.225477
0.854141, 0.232833
0.876556, 0.24087
0.899035, 0.249695
0.921535, 0.259431
0.944058, 0.27019
0.0472307, 0.287868
0.0702528, 0.277966
0.0932428, 0.26901
0.116193, 0.260888
0.139044, 0.253475
0.161746, 0.246654
0.184256, 0.240311
0.206566, 0.234349
0.228726, 0.228726
0.25085, 0.223477
0.273059, 0.21869
0.295422, 0.214437
0.317941, 0.210745
0.340583, 0.207599
0.363306, 0.204967
0.386074, 0.202811
0.408862, 0.201098
0.431654, 0.199798
0.454442, 0.198886
0.477223, 0.198346
0.5, 0.198168
0.522777, 0.198346
0.545558, 0.198886
0.568346, 0.199798
0.591138, 0.201098
0.613926, 0.202811
0.636694, 0.204967
0.659417, 0.207599
0.682059, 0.210745
0.704578, 0.214437
0.726941, 0.21869
0.74915, 0.223477
0.771274, 0.228726
0.793434, 0.234349
0.815744, 0.240311
0.838254, 0.246654
0.860956, 0.253475
0.883807, 0.260888
0.906757, 0.26901
0.929747, 0.277966
0.952769, 0.287868
0.0393619, 0.305546
0.0628416, 0.296496
0.0862776, 0.288313
0.10965, 0.280886
0.132878, 0.274085
0.155887, 0.26778
0.178622, 0.261843
0.201106, 0.256192
0.223477, 0.25085
0.245936, 0.245936
0.26861, 0.241567
0.291508, 0.23778
0.314574, 0.234554
0.337743, 0.231845
0.360959, 0.229605
0.384186, 0.227789
0.407399, 0.226359
0.430585, 0.225282
0.453743, 0.224532
0.476878, 0.22409
0.5, 0.223944
0.523122, 0.22409
0.546257, 0.224532
0.569415, 0.225282
0.592601, 0.226359
0.615814, 0.227789
0.639041, 0.229605
0.662257, 0.231845
0.685426, 0.234554
0.708492, 0.23778
0.73139, 0.241567
0.754064, 0.245936
0.776523, 0.25085
0.798894, 0.256192
0.821378, 0.261843
0.844113, 0.26778
0.867122, 0.274085
0.89035, 0.280886
0.913722, 0.288313
0.937158, 0.296496
0.960638, 0.305546
0.0322928, 0.323223
0.0561893, 0.315019
0.0800286, 0.307603
0.103775, 0.300864
0.12732, 0.294665
0.150561, 0.288864
0.173443, 0.283329
0.196063, 0.278021
0.21869, 0.273059
0.241567, 0.26861
0.264754, 0.264754
0.288182, 0.261474
0.311756, 0.25872
0.335397, 0.256436
0.359047, 0.254571
0.382667, 0.253078
0.406235, 0.251916
0.429744, 0.25105
0.453198, 0.250453
0.47661, 0.250102
0.5, 0.249987
0.52339, 0.250102
0.546802, 0.250453
0.570256, 0.25105
0.593765, 0.251916
0.617333, 0.253078
0.640953, 0.254571
0.664603, 0.256436
0.688244, 0.25872
0.711818, 0.261474
0.735246, 0.264754
0.758433, 0.26861
0.78131, 0.273059
0.803937, 0.278021
0.826557, 0.283329
0.849439, 0.288864
0.87268, 0.294665
0.896225, 0.300864
0.919971, 0.307603
0.943811, 0.315019
0.967707, 0.323223
0.0259879, 0.340901
0.0502609, 0.333537
0.0744613, 0.326881
0.0985354, 0.320823
0.122341, 0.31522
0.145745, 0.309921
0.168716, 0.304804
0.191485, 0.299905
0.214437, 0.295422
0.23778, 0.291508
0.261474, 0.288182
0.285395, 0.285395
0.309428, 0.283086
0.333488, 0.281199
0.357514, 0.279682
0.381468, 0.278487
0.405329, 0.277568
0.429096, 0.27689
0.452781, 0.276424
0.476406, 0.276151
0.5, 0.276061
0.523594, 0.276151
0.547219, 0.276424
0.570904, 0.27689
0.594671, 0.277568
0.618532, 0.278487
0.642486, 0.279682
0.666512, 0.281199
0.690572, 0.283086
0.714605, 0.285395
0.738526, 0.288182
0.76222, 0.291508
0.785563, 0.295422
0.808515, 0.299905
0.831284, 0.304804
0.854255, 0.309921
0.877659, 0.31522
0.901465, 0.320823
0.925539, 0.326881
0.949739, 0.333537
0.974012, 0.340901
0.0204168, 0.358579
0.0450264, 0.35205
0.0695468, 0.346148
0.0939033, 0.340765
0.117916, 0.335758
0.141424, 0.330966
0.164459, 0.326302
0.187417, 0.321884
0.210745, 0.317941
0.234554, 0.314574
0.25872, 0.311756
0.283086, 0.309428
0.307529, 0.307529
0.331957, 0.306004
0.356307, 0.304798
0.380537, 0.303859
0.404631, 0.303139
0.428596, 0.302601
0.452456, 0.302222
0.476245, 0.301994
0.5, 0.301918
0.523755, 0.301994
0.547544, 0.302222
0.571404, 0.302601
0.595369, 0.303139
0.619463, 0.303859
0.643693, 0.304798
0.668043, 0.306004
0.692471, 0.307529
0.716914, 0.309428
0.74128, 0.311756
0.765446, 0.314574
0.789255, 0.317941
0.812583, 0.321884
0.835541, 0.326302
0.858576, 0.330966
0.882084, 0.335758
0.906097, 0.340765
0.930453, 0.346148
0.954974, 0.35205
0.979583, 0.358579
0.0155544, 0.376256
0.0404608, 0.370557
0.0652607, 0.365404
0.0898569, 0.360694
0.114029, 0.356283
0.137597, 0.352017
0.160695, 0.34785
0.183882, 0.343967
0.207599, 0.340583
0.231845, 0.337743
0.256436, 0.335397
0.281199, 0.333488
0.306004, 0.331957
0.33075, 0.33075
0.355365, 0.329805
0.379807, 0.329061
0.404064, 0.328463
0.428164, 0.327973
0.452153, 0.327586
0.476086, 0.327328
0.5, 0.327237
0.523914, 0.327328
0.547847, 0.327586
0.571836, 0.327973
0.595936, 0.328463
0.620193, 0.329061
0.644635, 0.329805
0.66925, 0.33075
0.693996, 0.331957
0.718801, 0.333488
0.743564, 0.335397
0.768155, 0.337743
0.792401, 0.340583
0.816118, 0.343967
0.839305, 0.34785
0.862403, 0.352017
0.885971, 0.356283
0.910143, 0.360694
0.934739, 0.365404
0.959539, 0.370557
0.984446, 0.376256
0.0113795, 0.393934
0.0365431, 0.389059
0.061583, 0.38465
0.0863785, 0.380611
0.110668, 0.376803
0.134267, 0.373085
0.157439, 0.369457
0.180877, 0.36614
0.204967, 0.363306
0.229605, 0.360959
0.254571, 0.359047
0.279682, 0.357514
0.304798, 0.356307
0.329805, 0.355365
0.354617, 0.354617
0.379184, 0.353981
0.40351, 0.35338
0.427659, 0.352775
0.451741, 0.352205
0.475848, 0.351783
0.5, 0.351625
0.524152, 0.351783
0.548259, 0.352205
0.572341, 0.352775
0.59649, 0.35338
0.620816, 0.353981
0.645383, 0.354617
0.670195, 0.355365
0.695202, 0.356307
0.720318, 0.357514
0.745429, 0.359047
0.770395, 0.360959
0.795033, 0.363306
0.819123, 0.36614
0.842561, 0.369457
0.865733, 0.373085
0.889332, 0.376803
0.913622, 0.380611
0.938417, 0.38465
0.963457, 0.389059
0.988621, 0.393934
0.00787451, 0.411612
0.0332557, 0.407556
0.058497, 0.403888
0.0834543, 0.40052
0.107827, 0.397323
0.131441, 0.394178
0.154698, 0.391124
0.178388, 0.388381
0.202811, 0.386074
0.227789, 0.384186
0.253078, 0.382667
0.278487, 0.381468
0.303859, 0.380537
0.329061, 0.379807
0.353981, 0.379184
0.37855, 0.37855
0.402796, 0.377788
0.426881, 0.376874
0.451048, 0.375961
0.475438, 0.375292
0.5, 0.375049
0.524562, 0.375292
0.548952, 0.375961
0.573119, 0.376874
0.597204, 0.377788
0.62145, 0.37855
0.646019, 0.379184
0.670939, 0.379807
0.696141, 0.380537
0.721513, 0.381468
0.746922, 0.382667
0.772211, 0.384186
0.797189, 0.386074
0.821612, 0.388381
0.845302, 0.391124
0.868559, 0.394178
0.892173, 0.397323
0.916546, 0.40052
0.941503, 0.403888
0.966744, 0.407556
0.992125, 0.411612
0.00502525, 0.429289
0.0305845, 0.42605
0.0559892, 0.423119
0.0810739, 0.420422
0.105503, 0.417848
0.129124, 0.4153
0.152471, 0.412841
0.176391, 0.410668
0.201098, 0.408862
0.226359, 0.407399
0.251916, 0.406235
0.277568, 0.405329
0.303139, 0.404631
0.328463, 0.404064
0.35338, 0.40351
0.377788, 0.402796
0.401782, 0.401782
0.425749, 0.400557
0.450095, 0.399436
0.474908, 0.398691
0.5, 0.398436
0.525092, 0.398691
0.549905, 0.399436
0.574251, 0.400557
0.598218, 0.401782
0.622212, 0.402796
0.64662, 0.40351
0.671537, 0.404064
0.696861, 0.404631
0.722432, 0.405329
0.748084, 0.406235
0.773641, 0.407399
0.798902, 0.408862
0.823609, 0.410668
0.847529, 0.412841
0.870876, 0.4153
0.894497, 0.417848
0.918926, 0.420422
0.944011, 0.423119
0.969416, 0.42605
0.994975, 0.429289
0.00282045, 0.446967
0.0285182, 0.44454
0.0540492, 0.442344
0.0792295, 0.440319
0.103696, 0.438378
0.12732, 0.436449
0.150752, 0.434599
0.174864, 0.432984
0.199798, 0.431654
0.225282, 0.430585
0.25105, 0.429744
0.27689, 0.429096
0.302601, 0.428596
0.327973, 0.428164
0.352775, 0.427659
0.376874, 0.426881
0.400557, 0.425749
0.424519, 0.424519
0.449183, 0.423539
0.474442, 0.422948
0.5, 0.422753
0.525558, 0.422948
0.550817, 0.423539
0.575481, 0.424519
0.599443, 0.425749
0.623126, 0.426881
0.647225, 0.427659
0.672027, 0.428164
0.697399, 0.428596
0.72311, 0.429096
0.74895, 0.429744
0.774718, 0.430585
0.800202, 0.431654
0.825136, 0.432984
0.849248, 0.434599
0.87268, 0.436449
0.896304, 0.438378
0.920771, 0.440319
0.945951, 0.442344
0.971482, 0.44454
0.99718, 0.446967
0.00125157, 0.464645
0.0270483, 0.463028
0.0526689, 0.461565
0.0779156, 0.460214
0.102404, 0.458914
0.126031, 0.457619
0.149532, 0.456384
0.173788, 0.455316
0.198886, 0.454442
0.224532, 0.453743
0.250453, 0.453198
0.276424, 0.452781
0.302222, 0.452456
0.327586, 0.452153
0.352205, 0.451741
0.375961, 0.451048
0.399436, 0.450095
0.423539, 0.449183
0.448526, 0.448526
0.474122, 0.448148
0.5, 0.448026
0.525878, 0.448148
0.551474, 0.448526
0.576461, 0.449183
0.600564, 0.450095
0.624039, 0.451048
0.647795, 0.451741
0.672414, 0.452153
0.697778, 0.452456
0.723576, 0.452781
0.749547, 0.453198
0.775468, 0.453743
0.801114, 0.454442
0.826212, 0.455316
0.850468, 0.456384
0.873969, 0.457619
0.897596, 0.458914
0.922084, 0.460214
0.947331, 0.461565
0.972952, 0.463028
0.998748, 0.464645
0.000312598, 0.482322
0.0261687, 0.481514
0.051843, 0.480783
0.0771286, 0.480107
0.101629, 0.479456
0.125258, 0.478806
0.148803, 0.478188
0.173148, 0.477656
0.198346, 0.477223
0.22409, 0.476878
0.250102, 0.47661
0.276151, 0.476406
0.301994, 0.476245
0.327328, 0.476086
0.351783, 0.475848
0.375292, 0.475438
0.398691, 0.474908
0.422948, 0.474442
0.448148, 0.474122
0.473941, 0.473941
0.5, 0.473882
0.526059, 0.473941
0.551852, 0.474122
0.577052, 0.474442
0.601309, 0.474908
0.624708, 0.475438
0.648217, 0.475848
0.672672, 0.476086
0.698006, 0.476245
0.723849, 0.476406
0.749898, 0.47661
0.77591, 0.476878
0.801654, 0.477223
0.826852, 0.477656
0.851197, 0.478188
0.874742, 0.478806
0.898371, 0.479456
0.922871, 0.480107
0.948157, 0.480783
0.973831, 0.481514
0.999687, 0.482322
0, 0.5
0.0258759, 0.5
0.051568, 0.5
0.0768665, 0.5
0.10137, 0.5
0.125, 0.5
0.148561, 0.5
0.172936, 0.5
0.198168, 0.5
0.223944, 0.5
0.249987, 0.5
0.276061, 0.5
0.301918, 0.5
0.327237, 0.5
0.351625, 0.5
0.375049, 0.5
0.398436, 0.5
0.422753, 0.5
0.448026, 0.5
0.473882, 0.5
0.5, 0.5
0.526118, 0.5
0.551974, 0.5
0.577247, 0.5
0.601564, 0.5
0.624951, 0.5
0.648375, 0.5
0.672763, 0.5
0.698082, 0.5
0.723939, 0.5
0.750013, 0.5
0.776056, 0.5
0.801832, 0.5
0.827064, 0.5
0.851439, 0.5
0.875, 0.5
0.89863, 0.5
0.923134, 0.5
0.948432, 0.5
0.974124, 0.5
1, 0.5
0.000312598, 0.517678
0.0261687, 0.518486
0.051843, 0.519217
0.0771286, 0.519893
0.101629, 0.520544
0.125258, 0.521194
0.148803, 0.521812
0.173148, 0.522344
0.198346, 0.522777
0.22409, 0.523122
0.250102, 0.52339
0.276151, 0.523594
0.301994, 0.523755
0.327328, 0.523914
0.351783, 0.524152
0.375292, 0.524562
0.398691, 0.525092
0.422948, 0.525558
0.448148, 0.525878
0.473941, 0.526059
0.5, 0.526118
0.526059, 0.526059
0.551852, 0.525878
0.577052, 0.525558
0.601309, 0.525092
0.624708, 0.524562
0.648217, 0.524152
0.672672, 0.523914
0.698006, 0.523755
0.723849, 0.523594
0.749898, 0.52339
0.77591, 0.523122
0.801654, 0.522777
0.826852, 0.522344
0.851197, 0.521812
0.874742, 0.521194
0.898371, 0.520544
0.922871, 0.519893
0.948157, 0.519217
0.973831, 0.518486
0.999687, 0.517678
0.00125157, 0.535355
0.0270483, 0.536972
0.0526689, 0.538435
0.0779156, 0.539786
0.102404, 0.541086
0.126031, 0.542381
0.149532, 0.543616
0.173788, 0.544684
0.198886, 0.545558
0.224532, 0.546257
0.250453, 0.546802
0.276424, 0.547219
0.302222, 0.547544
0.327586, 0.547847
0.352205, 0.548259
0.375961, 0.548952
0.399436, 0.549905
0.423539, 0.550817
0.448526, 0.551474
0.474122, 0.551852
0.5, 0.551974
0.525878, 0.551852
0.551474, 0.551474
0.576461, 0.550817
0.600564, 0.549905
0.624039, 0.548952
0.647795, 0.548259
0.672414, 0.547847
0.697778, 0.547544
0.723576, 0.547219
0.749547, 0.546802
0.775468, 0.546257
0.801114, 0.545558
0.826212, 0.544684
0.850468, 0.543616
0.873969, 0.542381
0.897596, 0.541086
0.922084, 0.539786
0.947331, 0.538435
0.972952, 0.536972
0.998748, 0.535355
0.00282045, 0.553033
0.0285182, 0.55546
0.0540492, 0.557656
0.0792295, 0.559681
0.103696, 0.561622
0.12732, 0.563551
0.150752, 0.565401
0.174864, 0.567016
0.199798, 0.568346
0.225282, 0.569415
0.25105, 0.570256
0.27689, 0.570904
0.302601, 0.571404
0.327973, 0.571836
0.352775, 0.572341
0.376874, 0.573119
0.400557, 0.574251
0.424519, 0.575481
0.449183, 0.576461
0.474442, 0.577052
0.5, 0.577247
0.525558, 0.577052
0.550817, 0.576461
0.575481, 0.575481
0.599443, 0.574251
0.623126, 0.573119
0.647225, 0.572341
0.672027, 0.571836
0.697399, 0.571404
0.72311, 0.570904
0.74895, 0.570256
0.774718, 0.569415
0.800202, 0.568346
0.825136, 0.567016
0.849248, 0.565401
0.87268, 0.563551
0.896304, 0.561622
0.920771, 0.559681
0.945951, 0.557656
0.971482, 0.55546
0.99718, 0.553033
0.00502525, 0.570711
0.0305845, 0.57395
0.0559892, 0.576881
0.0810739, 0.579578
0.105503, 0.582152
0.129124, 0.5847
0.152471, 0.587159
0.176391, 0.589332
0.201098, 0.591138
0.226359, 0.592601
0.251916, 0.593765
0.277568, 0.594671
0.303139, 0.595369
0.328463, 0.595936
0.35338, 0.59649
0.377788, 0.597204
0.401782, 0.598218
0.425749, 0.599443
0.450095, 0.600564
0.474908, 0.601309
0.5, 0.601564
0.525092, 0.601309
0.549905, 0.600564
0.574251, 0.599443
0.598218, 0.598218
0.622212, 0.597204
0.64662, 0.59649
0.671537, 0.595936
0.696861, 0.595369
0.722432, 0.594671
0.748084, 0.593765
0.773641, 0.592601
0.798902, 0.591138
0.823609, 0.589332
0.847529, 0.587159
0.870876, 0.5847
0.894497, 0.582152
0.918926, 0.579578
0.944011, 0.576881
0.969416, 0.57395
0.994975, 0.570711
0.00787451, 0.588388
0.0332557, 0.592444
0.058497, 0.596112
0.0834543, 0.59948
0.107827, 0.602677
0.131441, 0.605822
0.154698, 0.608876
0.178388, 0.611619
0.202811, 0.613926
0.227789, 0.615814
0.253078, 0.617333
0.278487, 0.618532
0.303859, 0.619463
0.329061, 0.620193
0.353981, 0.620816
0.37855, 0.62145
0.402796, 0.622212
0.426881, 0.623126
0.451048, 0.624039
0.475438, 0.624708
0.5, 0.624951
0.524562, 0.624708
0.548952, 0.624039
0.573119, 0.623126
0.597204, 0.622212
0.62145, 0.62145
0.646019, 0.620816
0.670939, 0.620193
0.696141, 0.619463
0.721513, 0.618532
0.746922, 0.617333
0.772211, 0.615814
0.797189, 0.613926
0.821612, 0.611619
0.845302, 0.608876
0.868559, 0.605822
0.892173, 0.602677
0.916546, 0.59948
0.941503, 0.596112
0.966744, 0.592444
0.992125, 0.588388
0.0113795, 0.606066
0.0365431, 0.610941
0.061583, 0.61535
0.0863785, 0.619389
0.110668, 0.623197
0.134267, 0.626915
0.157439, 0.630543
0.180877, 0.63386
0.204967, 0.636694
0.229605, 0.639041
0.254571, 0.640953
0.279682, 0.642486
0.304798, 0.643693
0.329805, 0.644635
0.354617, 0.645383
0.379184, 0.646019
0.40351, 0.64662
0.427659, 0.647225
0.451741, 0.647795
0.475848, 0.648217
0.5, 0.648375
0.524152, 0.648217
0.548259, 0.647795
0.572341, 0.647225
0.59649, 0.64662
0.620816, 0.646019
0.645383, 0.645383
0.670195, 0.644635
0.695202, 0.643693
0.720318, 0.642486
0.745429, 0.640953
0.770395, 0.639041
0.795033, 0.636694
0.819123, 0.63386
0.842561, 0.630543
0.865733, 0.626915
0.889332, 0.623197
0.913622, 0.619389
0.938417, 0.61535
0.963457, 0.610941
0.988621, 0.606066
0.0155544, 0.623744
0.0404608, 0.629443
0.0652607, 0.634596
0.0898569, 0.639306
0.114029, 0.643717
0.137597, 0.647983
0.160695, 0.65215
0.183882, 0.656033
0.207599, 0.659417
0.231845, 0.662257
0.256436, 0.664603
0.281199, 0.666512
0.306004, 0.668043
0.33075, 0.66925
0.355365, 0.670195
0.379807, 0.670939
0.404064, 0.671537
0.428164, 0.672027
0.452153, 0.672414
0.476086, 0.672672
0.5, 0.672763
0.523914, 0.672672
0.547847, 0.672414
0.571836, 0.672027
0.595936, 0.671537
0.620193, 0.670939
0.644635, 0.670195
0.66925, 0.66925
0.693996, 0.668043
0.718801, 0.666512
0.743564, 0.664603
0.768155, 0.662257
0.792401, 0.659417
0.816118, 0.656033
0.839305, 0.65215
0.862403, 0.647983
0.885971, 0.643717
0.910143, 0.639306
0.934739, 0.634596
0.959539, 0.629443
0.984446, 0.623744
0.0204168, 0.641421
0.0450264, 0.64795
0.0695468, 0.653852
0.0939033, 0.659235
0.117916, 0.664242
0.141424, 0.669034
0.164459, 0.673698
0.187417, 0.678116
0.210745, 0.682059
0.234554, 0.685426
0.25872, 0.688244
0.283086, 0.690572
0.307529, 0.692471
0.331957, 0.693996
0.356307, 0.695202
0.380537, 0.696141
0.404631, 0.696861
0.428596, 0.697399
0.452456, 0.697778
0.476245, 0.698006
0.5, 0.698082
0.523755, 0.698006
0.547544, 0.697778
0.571404, 0.697399
0.595369, 0.696861
0.619463, 0.696141
0.643693, 0.695202
0.668043, 0.693996
0.692471, 0.692471
0.716914, 0.690572
0.74128, 0.688244
0.765446, 0.685426
0.789255, 0.682059
0.812583, 0.678116
0.835541, 0.673698
0.858576, 0.669034
0.882084, 0.664242
0.906097, 0.659235
0.930453, 0.653852
0.954974, 0.64795
0.979583, 0.641421
0.0259879, 0.659099
0.0502609, 0.666463
0.0744613, 0.673119
0.0985354, 0.679177
0.122341, 0.68478
0.145745, 0.690079
0.168716, 0.695196
0.191485, 0.700095
0.214437, 0.704578
0.23778, 0.708492
0.261474, 0.711818
0.285395, 0.714605
0.309428, 0.716914
0.333488, 0.718801
0.357514, 0.720318
0.381468, 0.721513
0.405329, 0.722432
0.429096, 0.72311
0.452781, 0.723576
0.476406, 0.723849
0.5, 0.723939
0.523594, 0.723849
0.547219, 0.723576
0.570904, 0.72311
0.594671, 0.722432
0.618532, 0.721513
0.642486, 0.720318
0.666512, 0.718801
0.690572, 0.716914
0.714605, 0.714605
0.738526, 0.711818
0.76222, 0.708492
0.785563, 0.704578
0.808515, 0.700095
0.831284, 0.695196
0.854255, 0.690079
0.877659, 0.68478
0.901465, 0.679177
0.925539, 0.673119
0.949739, 0.666463
0.974012, 0.659099
0.0322928, 0.676777
0.0561893, 0.684981
0.0800286, 0.692397
0.103775, 0.699136
0.12732, 0.705335
0.150561, 0.711136
0.173443, 0.716671
0.196063, 0.721979
0.21869, 0.726941
0.241567, 0.73139
0.264754, 0.735246
0.288182, 0.738526
0.311756, 0.74128
0.335397, 0.743564
0.359047, 0.745429
0.382667, 0.746922
0.406235, 0.748084
0.429744, 0.74895
0.453198, 0.749547
0.47661, 0.749898
0.5, 0.750013
0.52339, 0.749898
0.546802, 0.749547
0.570256, 0.74895
0.593765, 0.748084
0.617333, 0.746922
0.640953, 0.745429
0.664603, 0.743564
0.688244, 0.74128
0.711818, 0.738526
0.735246, 0.735246
0.758433, 0.73139
0.78131, 0.726941
0.803937, 0.721979
0.826557, 0.716671
0.849439, 0.711136
0.87268, 0.705335
0.896225, 0.699136
0.919971, 0.692397
0.943811, 0.684981
0.967707, 0.676777
0.0393619, 0.694454
0.0628416, 0.703504
0.0862776, 0.711687
0.10965, 0.719114
0.132878, 0.725915
0.155887, 0.73222
0.178622, 0.738157
0.201106, 0.743808
0.223477, 0.74915
0.245936, 0.754064
0.26861, 0.758433
0.291508, 0.76222
0.314574, 0.765446
0.337743, 0.768155
0.360959, 0.770395
0.384186, 0.772211
0.407399, 0.773641
0.430585, 0.774718
0.453743, 0.775468
0.476878, 0.77591
0.5, 0.776056
0.523122, 0.77591
0.546257, 0.775468
0.569415, 0.774718
0.592601, 0.773641
0.615814, 0.772211
0.639041, 0.770395
0.662257, 0.768155
0.685426, 0.765446
0.708492, 0.76222
0.73139, 0.758433
0.754064, 0.754064
0.776523, 0.74915
0.798894, 0.743808
0.821378, 0.738157
0.844113, 0.73222
0.867122, 0.725915
0.89035, 0.719114
0.913722, 0.711687
0.937158, 0.703504
0.960638, 0.694454
0.0472307, 0.712132
0.0702528, 0.722034
0.0932428, 0.73099
0.116193, 0.739112
0.139044, 0.746525
0.161746, 0.753346
0.184256, 0.759689
0.206566, 0.765651
0.228726, 0.771274
0.25085, 0.776523
0.273059, 0.78131
0.295422, 0.785563
0.317941, 0.789255
0.340583, 0.792401
0.363306, 0.795033
0.386074, 0.797189
0.408862, 0.798902
0.431654, 0.800202
0.454442, 0.801114
0.477223, 0.801654
0.5, 0.801832
0.522777, 0.801654
0.545558, 0.801114
0.568346, 0.800202
0.591138, 0.798902
0.613926, 0.797189
0.636694, 0.795033
0.659417, 0.792401
0.682059, 0.789255
0.704578, 0.785563
0.726941, 0.78131
0.74915, 0.776523
0.771274, 0.771274
0.793434, 0.765651
0.815744, 0.759689
0.838254, 0.753346
0.860956, 0.746525
0.883807, 0.739112
0.906757, 0.73099
0.929747, 0.722034
0.952769, 0.712132
0.055942, 0.72981
0.0784648, 0.740569
0.100965, 0.750305
0.123444, 0.75913
0.145859, 0.767167
0.168176, 0.774523
0.190369, 0.781296
0.212423, 0.787577
0.234349, 0.793434
0.256192, 0.798894
0.278021, 0.803937
0.299905, 0.808515
0.321884, 0.812583
0.343967, 0.816118
0.36614, 0.819123
0.388381, 0.821612
0.410668, 0.823609
0.432984, 0.825136
0.455316, 0.826212
0.477656, 0.826852
0.5, 0.827064
0.522344, 0.826852
0.544684, 0.826212
0.567016, 0.825136
0.589332, 0.823609
0.611619, 0.821612
0.63386, 0.819123
0.656033, 0.816118
0.678116, 0.812583
0.700095, 0.808515
0.721979, 0.803937
0.743808, 0.798894
0.765651, 0.793434
0.787577, 0.787577
0.809631, 0.781296
0.831824, 0.774523
0.854141, 0.767167
0.876556, 0.75913
0.899035, 0.750305
0.921535, 0.740569
0.944058, 0.72981
0.0655463, 0.747487
0.0875272, 0.759109
0.109492, 0.76963
0.13145, 0.779169
0.153369, 0.787843
0.175228, 0.795754
0.19701, 0.80299
0.218704, 0.809631
0.240311, 0.815744
0.261843, 0.821378
0.283329, 0.826557
0.304804, 0.831284
0.326302, 0.835541
0.34785, 0.839305
0.369457, 0.842561
0.391124, 0.845302
0.412841, 0.847529
0.434599, 0.849248
0.456384, 0.850468
0.478188, 0.851197
0.5, 0.851439
0.521812, 0.851197
0.543616, 0.850468
0.565401, 0.849248
0.587159, 0.847529
0.608876, 0.845302
0.630543, 0.842561
0.65215, 0.839305
0.673698, 0.835541
0.695196, 0.831284
0.716671, 0.826557
0.738157, 0.821378
0.759689, 0.815744
0.781296, 0.809631
0.80299, 0.80299
0.824772, 0.795754
0.846631, 0.787843
0.86855, 0.779169
0.890508, 0.76963
0.912473, 0.759109
0.934454, 0.747487
0.0761044, 0.765165
0.0974989, 0.777652
0.118883, 0.788966
0.140268, 0.799225
0.161633, 0.808549
0.182963, 0.817037
0.204246, 0.824772
0.225477, 0.831824
0.246654, 0.838254
0.26778, 0.844113
0.288864, 0.849439
0.309921, 0.854255
0.330966, 0.858576
0.352017, 0.862403
0.373085, 0.865733
0.394178, 0.868559
0.4153, 0.870876
0.436449, 0.87268
0.457619, 0.873969
0.478806, 0.874742
0.5, 0.875
0.521194, 0.874742
0.542381, 0.873969
0.563551, 0.87268
0.5847, 0.870876
0.605822, 0.868559
0.626915, 0.865733
0.647983, 0.862403
0.669034, 0.858576
0.690079, 0.854255
0.711136, 0.849439
0.73222, 0.844113
0.753346, 0.838254
0.774523, 0.831824
0.795754, 0.824772
0.817037, 0.817037
0.838367, 0.808549
0.859732, 0.799225
0.881117, 0.788966
0.902501, 0.777652
0.923896, 0.765165
0.0876894, 0.782843
0.108451, 0.796199
0.129206, 0.808308
0.149966, 0.819295
0.170718, 0.829282
0.191451, 0.838367
0.212157, 0.846631
0.232833, 0.854141
0.253475, 0.860956
0.274085, 0.867122
0.294665, 0.87268
0.31522, 0.877659
0.335758, 0.882084
0.356283, 0.885971
0.376803, 0.889332
0.397323, 0.892173
0.417848, 0.894497
0.438378, 0.896304
0.458914, 0.897596
0.479456, 0.898371
0.5, 0.89863
0.520544, 0.898371
0.541086, 0.897596
0.561622, 0.896304
0.582152, 0.894497
0.602677, 0.892173
0.623197, 0.889332
0.643717, 0.885971
0.664242, 0.882084
0.68478, 0.877659
0.705335, 0.87268
0.725915, 0.867122
0.746525, 0.860956
0.767167, 0.854141
0.787843, 0.846631
0.808549, 0.838367
0.829282, 0.829282
0.850034, 0.819295
0.870794, 0.808308
0.891549, 0.796199
0.912311, 0.782843
0.100391, 0.80052
0.12047, 0.814747
0.140544, 0.827654
0.160626, 0.839374
0.180705, 0.850034
0.200775, 0.859732
0.220831, 0.86855
0.24087, 0.876556
0.260888, 0.883807
0.280886, 0.89035
0.300864, 0.896225
0.320823, 0.901465
0.340765, 0.906097
0.360694, 0.910143
0.380611, 0.913622
0.40052, 0.916546
0.420422, 0.918926
0.440319, 0.920771
0.460214, 0.922084
0.480107, 0.922871
0.5, 0.923134
0.519893, 0.922871
0.539786, 0.922084
0.559681, 0.920771
0.579578, 0.918926
0.59948, 0.916546
0.619389, 0.913622
0.639306, 0.910143
0.659235, 0.906097
0.679177, 0.901465
0.699136, 0.896225
0.719114, 0.89035
0.739112, 0.883807
0.75913, 0.876556
0.779169, 0.86855
0.799225, 0.859732
0.819295, 0.850034
0.839374, 0.839374
0.859456, 0.827654
0.87953, 0.814747
0.899609, 0.80052
0.114319, 0.818198
0.133662, 0.833295
0.153001, 0.846999
0.172346, 0.859456
0.191692, 0.870794
0.211034, 0.881117
0.23037, 0.890508
0.249695, 0.899035
0.26901, 0.906757
0.288313, 0.913722
0.307603, 0.919971
0.326881, 0.925539
0.346148, 0.930453
0.365404, 0.934739
0.38465, 0.938417
0.403888, 0.941503
0.423119, 0.944011
0.442344, 0.945951
0.461565, 0.947331
0.480783, 0.948157
0.5, 0.948432
0.519217, 0.948157
0.538435, 0.947331
0.557656, 0.945951
0.576881, 0.944011
0.596112, 0.941503
0.61535, 0.938417
0.634596, 0.934739
0.653852, 0.930453
0.673119, 0.925539
0.692397, 0.919971
0.711687, 0.913722
0.73099, 0.906757
0.750305, 0.899035
0.76963, 0.890508
0.788966, 0.881117
0.808308, 0.870794
0.827654, 0.859456
0.846999, 0.846999
0.866338, 0.833295
0.885681, 0.818198
0.129612, 0.835876
0.14816, 0.85184
0.166705, 0.866338
0.185253, 0.87953
0.203801, 0.891549
0.222348, 0.902501
0.240891, 0.912473
0.259431, 0.921535
0.277966, 0.929747
0.296496, 0.937158
0.315019, 0.943811
0.333537, 0.949739
0.35205, 0.954974
0.370557, 0.959539
0.389059, 0.963457
0.407556, 0.966744
0.42605, 0.969416
0.44454, 0.971482
0.463028, 0.972952
0.481514, 0.973831
0.5, 0.974124
0.518486, 0.973831
0.536972, 0.972952
0.55546, 0.971482
0.57395, 0.969416
0.592444, 0.966744
0.610941, 0.963457
0.629443, 0.959539
0.64795, 0.954974
0.666463, 0.949739
0.684981, 0.943811
0.703504, 0.937158
0.722034, 0.929747
0.740569, 0.921535
0.759109, 0.912473
0.777652, 0.902501
0.796199, 0.891549
0.814747, 0.87953
0.833295, 0.866338
0.85184, 0.85184
0.870388, 0.835876
0.146447, 0.853553
0.164124, 0.870388
0.181802, 0.885681
0.19948, 0.899609
0.217157, 0.912311
0.234835, 0.923896
0.252513, 0.934454
0.27019, 0.944058
0.287868, 0.952769
0.305546, 0.960638
0.323223, 0.967707
0.340901, 0.974012
0.358579, 0.979583
0.376256, 0.984446
0.393934, 0.988621
0.411612, 0.992125
0.429289, 0.994975
0.446967, 0.99718
0.464645, 0.998748
0.482322, 0.999687
0.5, 1
0.517678, 0.999687
0.535355, 0.998748
0.553033, 0.99718
0.570711, 0.994975
0.588388, 0.992125
0.606066, 0.988621
0.623744, 0.984446
0.641421, 0.979583
0.659099, 0.974012
0.676777, 0.967707
0.694454, 0.960638
0.712132, 0.952769
0.72981, 0.944058
0.747487, 0.934454
0.765165, 0.923896
0.782843, 0.912311
0.80052, 0.899609
0.818198, 0.885681
0.835876, 0.870388
0.853553, 0.853553
0.14689, 0.14689
0.165011, 0.131267
0.183134, 0.117061
0.201257, 0.104118
0.21938, 0.0923174
0.2375, 0.0815614
0.255619, 0.0717706
0.273735, 0.0628791
0.291848, 0.0548324
0.309959, 0.0475846
0.328067, 0.0410971
0.346173, 0.0353375
0.364276, 0.0302786
0.382377, 0.0258973
0.400476, 0.0221747
0.418574, 0.019095
0.43667, 0.0166458
0.454765, 0.0148171
0.472859, 0.013602
0.490953, 0.0129956
0.509047, 0.0129956
0.527141, 0.013602
0.545235, 0.0148171
0.56333, 0.0166458
0.581426, 0.019095
0.599524, 0.0221747
0.617623, 0.0258973
0.635724, 0.0302786
0.653827, 0.0353375
0.671933, 0.0410971
0.690041, 0.0475846
0.708152, 0.0548324
0.726265, 0.0628791
0.744381, 0.0717706
0.7625, 0.0815614
0.78062, 0.0923174
0.798743, 0.104118
0.816866, 0.117061
0.834989, 0.131267
0.85311, 0.14689
0.131267, 0.165011
0.150211, 0.150211
0.169163, 0.136765
0.188116, 0.124524
0.207068, 0.113374
0.226016, 0.103219
0.244958, 0.0939826
0.263893, 0.0856011
0.28282, 0.0780211
0.301739, 0.071198
0.32065, 0.0650941
0.339552, 0.0596776
0.358447, 0.054922
0.377335, 0.0508047
0.396217, 0.0473074
0.415094, 0.0444147
0.433966, 0.0421146
0.452836, 0.0403974
0.471702, 0.0392565
0.490568, 0.0386871
0.509432, 0.0386871
0.528298, 0.0392565
0.547164, 0.0403974
0.566034, 0.0421146
0.584906, 0.0444147
0.603783, 0.0473074
0.622665, 0.0508047
0.641553, 0.054922
0.660448, 0.0596776
0.67935, 0.0650941
0.698261, 0.071198
0.71718, 0.0780211
0.736107, 0.0856011
0.755042, 0.0939826
0.773984, 0.103219
0.792932, 0.113374
0.811884, 0.124524
0.830837, 0.136765
0.849789, 0.150211
0.868733, 0.165011
0.117061, 0.183134
0.136765, 0.169163
0.156479, 0.156479
0.176196, 0.144944
0.195909, 0.134443
0.215613, 0.124886
0.235304, 0.116198
0.254982, 0.108316
0.274645, 0.101189
0.294292, 0.0947727
0.313925, 0.0890311
0.333545, 0.0839338
0.353153, 0.0794557
0.37275, 0.0755761
0.39234, 0.0722781
0.411922, 0.0695483
0.4315, 0.0673761
0.451074, 0.0657535
0.470645, 0.0646749
0.490215, 0.0641365
0.509785, 0.0641365
0.529355, 0.0646749
0.548926, 0.0657535
0.5685, 0.0673761
0.588078, 0.0695483
0.60766, 0.0722781
0.62725, 0.0755761
0.646847, 0.0794557
0.666455, 0.0839338
0.686075, 0.0890311
0.705708, 0.0947727
0.725355, 0.101189
0.745018, 0.108316
0.764696, 0.116198
0.784387, 0.124886
0.804091, 0.134443
0.823804, 0.144944
0.843521, 0.156479
0.863235, 0.169163
0.882939, 0.183134
0.104118, 0.201257
0.124524, 0.188116
0.144944, 0.176196
0.165363, 0.165363
0.185771, 0.155505
0.206161, 0.146535
0.226529, 0.138377
0.246874, 0.130972
0.267193, 0.124267
0.287489, 0.118221
0.307764, 0.112798
0.328022, 0.107971
0.348267, 0.103718
0.368503, 0.100022
0.388734, 0.0968708
0.408962, 0.094255
0.429191, 0.0921684
0.44942, 0.0906067
0.469651, 0.0895669
0.489884, 0.0890474
0.510116, 0.0890474
0.530349, 0.0895669
0.55058, 0.0906067
0.570809, 0.0921684
0.591038, 0.094255
0.611266, 0.0968708
0.631497, 0.100022
0.651733, 0.103718
0.671978, 0.107971
0.692236, 0.112798
0.712511, 0.118221
0.732807, 0.124267
0.753126, 0.130972
0.773471, 0.138377
0.793839, 0.146535
0.814229, 0.155505
0.834637, 0.165363
0.855056, 0.176196
0.875476, 0.188116
0.895882, 0.201257
0.0923174, 0.21938
0.113374, 0.207068
0.134443, 0.195909
0.155505, 0.185771
0.176545, 0.176545
0.197553, 0.168144
0.218524, 0.160492
0.239454, 0.153527
0.260346, 0.147199
0.281203, 0.141464
0.302034, 0.136293
0.322847, 0.131661
0.343654, 0.127556
0.364462, 0.123968
0.38528, 0.120893
0.406111, 0.118331
0.426956, 0.116281
0.447814, 0.114743
0.468684, 0.113717
0.489561, 0.113205
0.510439, 0.113205
0.531316, 0.113717
0.552186, 0.114743
0.573044, 0.116281
0.593889, 0.118331
0.61472, 0.120893
0.635538, 0.123968
0.656346, 0.127556
0.677153, 0.131661
0.697966, 0.136293
0.718797, 0.141464
0.739654, 0.147199
0.760546, 0.153527
0.781476, 0.160492
0.802447, 0.168144
0.823455, 0.176545
0.844495, 0.185771
0.865557, 0.195909
0.886626, 0.207068
0.907683, 0.21938
0.0815614, 0.2375
0.103219, 0.226016
0.124886, 0.215613
0.146535, 0.206161
0.168144, 0.197553
0.189699, 0.189699
0.211192, 0.18252
0.23262, 0.175951
0.25399, 0.169939
0.275313, 0.164446
0.296611, 0.159452
0.317905, 0.154947
0.339215, 0.150933
0.360555, 0.147416
0.38193, 0.144403
0.403343, 0.141895
0.424787, 0.139894
0.446258, 0.138398
0.467747, 0.137402
0.489248, 0.136905
0.510752, 0.136905
0.532253, 0.137402
0.553742, 0.138398
0.575213, 0.139894
0.596657, 0.141895
0.61807, 0.144403
0.639445, 0.147416
0.660785, 0.150933
0.682095, 0.154947
0.703389, 0.159452
0.724687, 0.164446
0.74601, 0.169939
0.76738, 0.175951
0.788808, 0.18252
0.810301, 0.189699
0.831856, 0.197553
0.853465, 0.206161
0.875114, 0.215613
0.896781, 0.226016
0.918439, 0.2375
0.0717706, 0.255619
0.0939826, 0.244958
0.116198, 0.235304
0.138377, 0.226529
0.160492, 0.218524
0.18252, 0.211192
0.204449, 0.204449
0.22628, 0.198226
0.24803, 0.192475
0.269736, 0.187176
0.291441, 0.182334
0.313184, 0.177968
0.334988, 0.1741
0.356858, 0.170742
0.37879, 0.167894
0.400771, 0.165549
0.422789, 0.163695
0.444834, 0.162318
0.466894, 0.161407
0.488964, 0.160954
0.511036, 0.160954
0.533106, 0.161407
0.555166, 0.162318
0.577211, 0.163695
0.599229, 0.165549
0.62121, 0.167894
0.643142, 0.170742
0.665012, 0.1741
0.686816, 0.177968
0.708559, 0.182334
0.730264, 0.187176
0.75197, 0.192475
0.77372, 0.198226
0.795551, 0.204449
0.81748, 0.211192
0.839508, 0.218524
0.861623, 0.226529
0.883802, 0.235304
0.906017, 0.244958
0.928229, 0.255619
0.0628791, 0.273735
0.0856011, 0.263893
0.108316, 0.254982
0.130972, 0.246874
0.153527, 0.239454
0.175951, 0.23262
0.198226, 0.22628
0.220367, 0.220367
0.242425, 0.214858
0.264477, 0.209774
0.286592, 0.205161
0.308809, 0.201057
0.331131, 0.19748
0.353541, 0.194422
0.376014, 0.191864
0.398529, 0.189782
0.421067, 0.18815
0.443616, 0.186946
0.466169, 0.186154
0.488723, 0.185761
0.511277, 0.185761
0.533831, 0.186154
0.556384, 0.186946
0.578933, 0.18815
0.601471, 0.189782
0.623986, 0.191864
0.646459, 0.194422
0.668869, 0.19748
0.691191, 0.201057
0.713408, 0.205161
0.735523, 0.209774
0.757575, 0.214858
0.779633, 0.220367
0.801774, 0.22628
0.824049, 0.23262
0.846473, 0.239454
0.869028, 0.246874
0.891684, 0.254982
0.914399, 0.263893
0.937121, 0.273735
0.0548324, 0.291848
0.0780211, 0.28282
0.101189, 0.274645
0.124267, 0.267193
0.147199, 0.260346
0.169939, 0.25399
0.192475, 0.24803
0.214858, 0.242425
0.2372, 0.2372
0.259623, 0.232429
0.282195, 0.228176
0.304921, 0.224466
0.32777, 0.221287
0.350699, 0.218608
0.373671, 0.216393
0.396659, 0.214607
0.419644, 0.213219
0.442618, 0.212202
0.465578, 0.211535
0.488527, 0.211205
0.511473, 0.211205
0.534422, 0.211535
0.557382, 0.212202
0.580356, 0.213219
0.603341, 0.214607
0.626329, 0.216393
0.649301, 0.218608
0.67223, 0.221287
0.695079, 0.224466
0.717805, 0.228176
0.740377, 0.232429
0.7628, 0.2372
0.785142, 0.242425
0.807525, 0.24803
0.830061, 0.25399
0.852801, 0.260346
0.875733, 0.267193
0.898811, 0.274645
0.921979, 0.28282
0.945168, 0.291848
0.0475846, 0.309959
0.071198, 0.301739
0.0947727, 0.294292
0.118221, 0.287489
0.141464, 0.281203
0.164446, 0.275313
0.187176, 0.269736
0.209774, 0.264477
0.232429, 0.259623
0.255275, 0.255275
0.278339, 0.251479
0.301576, 0.248225
0.324925, 0.245478
0.348327, 0.243191
0.37174, 0.241322
0.395135, 0.239831
0.418495, 0.238682
0.441818, 0.237846
0.465106, 0.237302
0.488371, 0.237034
0.511629, 0.237034
0.534894, 0.237302
0.558182, 0.237846
0.581505, 0.238682
0.604865, 0.239831
0.62826, 0.241322
0.651673, 0.243191
0.675075, 0.245478
0.698424, 0.248225
0.721661, 0.251479
0.744725, 0.255275
0.767571, 0.259623
0.790226, 0.264477
0.812824, 0.269736
0.835554, 0.275313
0.858536, 0.281203
0.881779, 0.287489
0.905227, 0.294292
0.928802, 0.301739
0.952415, 0.309959
0.0410971, 0.328067
0.0650941, 0.32065
0.0890311, 0.313925
0.112798, 0.307764
0.136293, 0.302034
0.159452, 0.296611
0.182334, 0.291441
0.205161, 0.286592
0.228176, 0.282195
0.251479, 0.278339
0.275033, 0.275033
0.298754, 0.272242
0.322558, 0.269917
0.346381, 0.268007
0.370176, 0.266467
0.393916, 0.265252
0.417587, 0.264325
0.44119, 0.263655
0.464738, 0.263221
0.48825, 0.263007
0.51175, 0.263007
0.535262, 0.263221
0.55881, 0.263655
0.582413, 0.264325
0.606084, 0.265252
0.629824, 0.266467
0.653619, 0.268007
0.677442, 0.269917
0.701246, 0.272242
0.724967, 0.275033
0.748521, 0.278339
0.771824, 0.282195
0.794839, 0.286592
0.817666, 0.291441
0.840548, 0.296611
0.863707, 0.302034
0.887202, 0.307764
0.910969, 0.313925
0.934906, 0.32065
0.958903, 0.328067
0.0353375, 0.346173
0.0596776, 0.339552
0.0839338, 0.333545
0.107971, 0.328022
0.131661, 0.322847
0.154947, 0.317905
0.177968, 0.313184
0.201057, 0.308809
0.224466, 0.304921
0.248225, 0.301576
0.272242, 0.298754
0.296404, 0.296404
0.320616, 0.294474
0.344808, 0.292913
0.36893, 0.29167
0.392955, 0.290697
0.416874, 0.289957
0.440698, 0.289419
0.464449, 0.289067
0.488155, 0.288892
0.511845, 0.288892
0.535551, 0.289067
0.559302, 0.289419
0.583126, 0.289957
0.607045, 0.290697
0.63107, 0.29167
0.655192, 0.292913
0.679384, 0.294474
0.703596, 0.296404
0.727758, 0.298754
0.751775, 0.301576
0.775534, 0.304921
0.798943, 0.308809
0.822032, 0.313184
0.845053, 0.317905
0.868339, 0.322847
0.892029, 0.328022
0.916066, 0.333545
0.940322, 0.339552
0.964662, 0.346173
0.0302786, 0.364276
0.054922, 0.358447
0.0794557, 0.353153
0.103718, 0.348267
0.127556, 0.343654
0.150933, 0.339215
0.1741, 0.334988
0.19748, 0.331131
0.221287, 0.32777
0.245478, 0.324925
0.269917, 0.322558
0.294474, 0.320616
0.319046, 0.319046
0.343554, 0.317793
0.367944, 0.316799
0.39219, 0.316015
0.416296, 0.315397
0.440286, 0.314925
0.464198, 0.314597
0.48807, 0.314427
0.51193, 0.314427
0.535802, 0.314597
0.559714, 0.314925
0.583704, 0.315397
0.60781, 0.316015
0.632056, 0.316799
0.656446, 0.317793
0.680954, 0.319046
0.705526, 0.320616
0.730083, 0.322558
0.754522, 0.324925
0.778713, 0.32777
0.80252, 0.331131
0.8259, 0.334988
0.849067, 0.339215
0.872444, 0.343654
0.896282, 0.348267
0.920544, 0.353153
0.945078, 0.358447
0.969721, 0.364276
0.0258973, 0.382377
0.0508047, 0.377335
0.0755761, 0.37275
0.100022, 0.368503
0.123968, 0.364462
0.147416, 0.360555
0.170742, 0.356858
0.194422, 0.353541
0.218608, 0.350699
0.243191, 0.348327
0.268007, 0.346381
0.292913, 0.344808
0.317793, 0.343554
0.342556, 0.342556
0.367145, 0.341749
0.391536, 0.341068
0.415752, 0.340469
0.439852, 0.339945
0.463909, 0.339536
0.487967, 0.339308
0.512033, 0.339308
0.536091, 0.339536
0.560148, 0.339945
0.584248, 0.340469
0.608464, 0.341068
0.632855, 0.341749
0.657444, 0.342556
0.682207, 0.343554
0.707087, 0.344808
0.731993, 0.346381
0.756809, 0.348327
0.781392, 0.350699
0.805578, 0.353541
0.829258, 0.356858
0.852584, 0.360555
0.876032, 0.364462
0.899978, 0.368503
0.924424, 0.37275
0.949195, 0.377335
0.974103, 0.382377
0.0221747, 0.400476
0.0473074, 0.396217
0.0722781, 0.39234
0.0968708, 0.388734
0.120893, 0.38528
0.144403, 0.38193
0.167894, 0.37879
0.191864, 0.376014
0.216393, 0.373671
0.241322, 0.37174
0.266467, 0.370176
0.29167, 0.36893
0.316799, 0.367944
0.341749, 0.367145
0.366446, 0.366446
0.390875, 0.365761
0.415098, 0.365037
0.439253, 0.364307
0.463475, 0.363691
0.487808, 0.363337
0.512192, 0.363337
0.536525, 0.363691
0.560747, 0.364307
0.584902, 0.365037
0.609125, 0.365761
0.633554, 0.366446
0.658251, 0.367145
0.683201, 0.367944
0.70833, 0.36893
0.733533, 0.370176
0.758678, 0.37174
0.783607, 0.373671
0.808136, 0.376014
0.832106, 0.37879
0.855597, 0.38193
0.879107, 0.38528
0.903129, 0.388734
0.927722, 0.39234
0.952693, 0.396217
0.977825, 0.400476
0.019095, 0.418574
0.0444147, 0.415094
0.0695483, 0.411922
0.094255, 0.408962
0.118331, 0.406111
0.141895, 0.403343
0.165549, 0.400771
0.189782, 0.398529
0.214607, 0.396659
0.239831, 0.395135
0.265252, 0.393916
0.290697, 0.392955
0.316015, 0.39219
0.341068, 0.391536
0.365761, 0.390875
0.390088, 0.390088
0.414207, 0.389137
0.4384, 0.388142
0.462865, 0.387323
0.487588, 0.386869
0.512412, 0.386869
0.537135, 0.387323
0.5616, 0.388142
0.585793, 0.389137
0.609912, 0.390088
0.634239, 0.390875
0.658932, 0.391536
0.683985, 0.39219
0.709303, 0.392955
0.734748, 0.393916
0.760169, 0.395135
0.785393, 0.396659
0.810218, 0.398529
0.834451, 0.400771
0.858105, 0.403343
0.881669, 0.406111
0.905745, 0.408962
0.930452, 0.411922
0.955585, 0.415094
0.980905, 0.418574
0.0166458, 0.43667
0.0421146, 0.433966
0.0673761, 0.4315
0.0921684, 0.429191
0.116281, 0.426956
0.139894, 0.424787
0.163695, 0.422789
0.18815, 0.421067
0.213219, 0.419644
0.238682, 0.418495
0.264325, 0.417587
0.289957, 0.416874
0.315397, 0.416296
0.340469, 0.415752
0.365037, 0.415098
0.389137, 0.414207
0.413113, 0.413113
0.437409, 0.412039
0.462197, 0.411229
0.487355, 0.410807
0.512645, 0.410807
0.537803, 0.411229
0.562591, 0.412039
0.586887, 0.413113
0.610863, 0.414207
0.634963, 0.415098
0.659531, 0.415752
0.684603, 0.416296
0.710043, 0.416874
0.735675, 0.417587
0.761318, 0.418495
0.786781, 0.419644
0.81185, 0.421067
0.836305, 0.422789
0.860106, 0.424787
0.883719, 0.426956
0.907832, 0.429191
0.932624, 0.4315
0.957885, 0.433966
0.983354, 0.43667
0.0148171, 0.454765
0.0403974, 0.452836
0.0657535, 0.451074
0.0906067, 0.44942
0.114743, 0.447814
0.138398, 0.446258
0.162318, 0.444834
0.186946, 0.443616
0.212202, 0.442618
0.237846, 0.441818
0.263655, 0.44119
0.289419, 0.440698
0.314925, 0.440286
0.339945, 0.439852
0.364307, 0.439253
0.388142, 0.4384
0.412039, 0.437409
0.436523, 0.436523
0.461642, 0.435908
0.487169, 0.435602
0.512831, 0.435602
0.538358, 0.435908
0.563477, 0.436523
0.587961, 0.437409
0.611858, 0.4384
0.635693, 0.439253
0.660055, 0.439852
0.685075, 0.440286
0.710581, 0.440698
0.736345, 0.44119
0.762154, 0.441818
0.787798, 0.442618
0.813054, 0.443616
0.837682, 0.444834
0.861602, 0.446258
0.885257, 0.447814
0.909393, 0.44942
0.934246, 0.451074
0.959603, 0.452836
0.985183, 0.454765
0.013602, 0.472859
0.0392565, 0.471702
0.0646749, 0.470645
0.0895669, 0.469651
0.113717, 0.468684
0.137402, 0.467747
0.161407, 0.466894
0.186154, 0.466169
0.211535, 0.465578
0.237302, 0.465106
0.263221, 0.464738
0.289067, 0.464449
0.314597, 0.464198
0.339536, 0.463909
0.363691, 0.463475
0.387323, 0.462865
0.411229, 0.462197
0.435908, 0.461642
0.461275, 0.461275
0.487048, 0.461096
0.512952, 0.461096
0.538725, 0.461275
0.564092, 0.461642
0.588771, 0.462197
0.612677, 0.462865
0.636309, 0.463475
0.660464, 0.463909
0.685403, 0.464198
0.710933, 0.464449
0.736779, 0.464738
0.762698, 0.465106
0.788465, 0.465578
0.813846, 0.466169
0.838593, 0.466894
0.862598, 0.467747
0.886283, 0.468684
0.910433, 0.469651
0.935325, 0.470645
0.960744, 0.471702
0.986398, 0.472859
0.0129956, 0.490953
0.0386871, 0.490568
0.0641365, 0.490215
0.0890474, 0.489884
0.113205, 0.489561
0.136905, 0.489248
0.160954, 0.488964
0.185761, 0.488723
0.211205, 0.488527
0.237034, 0.488371
0.263007, 0.48825
0.288892, 0.488155
0.314427, 0.48807
0.339308, 0.487967
0.363337, 0.487808
0.386869, 0.487588
0.410807, 0.487355
0.435602, 0.487169
0.461096, 0.487048
0.48699, 0.48699
0.51301, 0.48699
0.538904, 0.487048
0.564398, 0.487169
0.589193, 0.487355
0.613131, 0.487588
0.636663, 0.487808
0.660692, 0.487967
0.685573, 0.48807
0.711108, 0.488155
0.736993, 0.48825
0.762966, 0.488371
0.788795, 0.488527
0.814239, 0.488723
0.839046, 0.488964
0.863095, 0.489248
0.886795, 0.489561
0.910953, 0.489884
0.935863, 0.490215
0.961313, 0.490568
0.987004, 0.490953
0.0129956, 0.509047
0.0386871, 0.509432
0.0641365, 0.509785
0.0890474, 0.510116
0.113205, 0.510439
0.136905, 0.510752
0.160954, 0.511036
0.185761, 0.511277
0.211205, 0.511473
0.237034, 0.511629
0.263007, 0.51175
0.288892, 0.511845
0.314427, 0.51193
0.339308, 0.512033
0.363337, 0.512192
0.386869, 0.512412
0.410807, 0.512645
0.435602, 0.512831
0.461096, 0.512952
0.48699, 0.51301
0.51301, 0.51301
0.538904, 0.512952
0.564398, 0.512831
0.589193, 0.512645
0.613131, 0.512412
0.636663, 0.512192
0.660692, 0.512033
0.685573, 0.51193
0.711108, 0.511845
0.736993, 0.51175
0.762966, 0.511629
0.788795, 0.511473
0.814239, 0.511277
0.839046, 0.511036
0.863095, 0.510752
0.886795, 0.510439
0.910953, 0.510116
0.935863, 0.509785
0.961313, 0.509432
0.987004, 0.509047
0.013602, 0.527141
0.0392565, 0.528298
0.0646749, 0.529355
0.0895669, 0.530349
0.113717, 0.531316
0.137402, 0.532253
0.161407, 0.533106
0.186154, 0.533831
0.211535, 0.534422
0.237302, 0.534894
0.263221, 0.535262
0.289067, 0.535551
0.314597, 0.535802
0.339536, 0.536091
0.363691, 0.536525
0.387323, 0.537135
0.411229, 0.537803
0.435908, 0.538358
0.461275, 0.538725
0.487048, 0.538904
0.512952, 0.538904
0.538725, 0.538725
0.564092, 0.538358
0.588771, 0.537803
0.612677, 0.537135
0.636309, 0.536525
0.660464, 0.536091
0.685403, 0.535802
0.710933, 0.535551
0.736779, 0.535262
0.762698, 0.534894
0.788465, 0.534422
0.813846, 0.533831
0.838593, 0.533106
0.862598, 0.532253
0.886283, 0.531316
0.910433, 0.530349
0.935325, 0.529355
0.960744, 0.528298
0.986398, 0.527141
0.0148171, 0.545235
0.0403974, 0.547164
0.0657535, 0.548926
0.0906067, 0.55058
0.114743, 0.552186
0.138398, 0.553742
0.162318, 0.555166
0.186946, 0.556384
0.212202, 0.557382
0.237846, 0.558182
0.263655, 0.55881
0.289419, 0.559302
0.314925, 0.559714
0.339945, 0.560148
0.364307, 0.560747
0.388142, 0.5616
0.412039, 0.562591
0.436523, 0.563477
0.461642, 0.564092
0.487169, 0.564398
0.512831, 0.564398
0.538358, 0.564092
0.563477, 0.563477
0.587961, 0.562591
0.611858, 0.5616
0.635693, 0.560747
0.660055, 0.560148
0.685075, 0.559714
0.710581, 0.559302
0.736345, 0.55881
0.762154, 0.558182
0.787798, 0.557382
0.813054, 0.556384
0.837682, 0.555166
0.861602, 0.553742
0.885257, 0.552186
0.909393, 0.55058
0.934246, 0.548926
0.959603, 0.547164
0.985183, 0.545235
0.0166458, 0.56333
0.0421146, 0.566034
0.0673761, 0.5685
0.0921684, 0.570809
0.116281, 0.573044
0.139894, 0.575213
0.163695, 0.577211
0.18815, 0.578933
0.213219, 0.580356
0.238682, 0.581505
0.264325, 0.582413
0.289957, 0.583126
0.315397, 0.583704
0.340469, 0.584248
0.365037, 0.584902
0.389137, 0.585793
0.413113, 0.586887
0.437409, 0.587961
0.462197, 0.588771
0.487355, 0.589193
0.512645, 0.589193
0.537803, 0.588771
0.562591, 0.587961
0.586887, 0.586887
0.610863, 0.585793
0.634963, 0.584902
0.659531, 0.584248
0.684603, 0.583704
0.710043, 0.583126
0.735675, 0.582413
0.761318, 0.581505
0.786781, 0.580356
0.81185, 0.578933
0.836305, 0.577211
0.860106, 0.575213
0.883719, 0.573044
0.907832, 0.570809
0.932624, 0.5685
0.957885, 0.566034
0.983354, 0.56333
0.019095, 0.581426
0.0444147, 0.584906
0.0695483, 0.588078
0.094255, 0.591038
0.118331, 0.593889
0.141895, 0.596657
0.165549, 0.599229
0.189782, 0.601471
0.214607, 0.603341
0.239831, 0.604865
0.265252, 0.606084
0.290697, 0.607045
0.316015, 0.60781
0.341068, 0.608464
0.365761, 0.609125
0.390088, 0.609912
0.414207, 0.610863
0.4384, 0.611858
0.462865, 0.612677
0.487588, 0.613131
0.512412, 0.613131
0.537135, 0.612677
0.5616, 0.611858
0.585793, 0.610863
0.609912, 0.609912
0.634239, 0.609125
0.658932, 0.608464
0.683985, 0.60781
0.709303, 0.607045
0.734748, 0.606084
0.760169, 0.604865
0.785393, 0.603341
0.810218, 0.601471
0.834451, 0.599229
0.858105, 0.596657
0.881669, 0.593889
0.905745, 0.591038
0.930452, 0.588078
0.955585, 0.584906
0.980905, 0.581426
0.0221747, 0.599524
0.0473074, 0.603783
0.0722781, 0.60766
0.0968708, 0.611266
0.120893, 0.61472
0.144403, 0.61807
0.167894, 0.62121
0.191864, 0.623986
0.216393, 0.626329
0.241322, 0.62826
0.266467, 0.629824
0.29167, 0.63107
0.316799, 0.632056
0.341749, 0.632855
0.366446, 0.633554
0.390875, 0.634239
0.415098, 0.634963
0.439253, 0.635693
0.463475, 0.636309
0.487808, 0.636663
0.512192, 0.636663
0.536525, 0.636309
0.560747, 0.635693
0.584902, 0.634963
0.609125, 0.634239
0.633554, 0.633554
0.658251, 0.632855
0.683201, 0.632056
0.70833, 0.63107
0.733533, 0.629824
0.758678, 0.62826
0.783607, 0.626329
0.808136, 0.623986
0.832106, 0.62121
0.855597, 0.61807
0.879107, 0.61472
0.903129, 0.611266
0.927722, 0.60766
0.952693, 0.603783
0.977825, 0.599524
0.0258973, 0.617623
0.0508047, 0.622665
0.0755761, 0.62725
0.100022, 0.631497
0.123968, 0.635538
0.147416, 0.639445
0.170742, 0.643142
0.194422, 0.646459
0.218608, 0.649301
0.243191, 0.651673
0.268007, 0.653619
0.292913, 0.655192
0.317793, 0.656446
0.342556, 0.657444
0.367145, 0.658251
0.391536, 0.658932
0.415752, 0.659531
0.439852, 0.660055
0.463909, 0.660464
0.487967, 0.660692
0.512033, 0.660692
0.536091, 0.660464
0.560148, 0.660055
0.584248, 0.659531
0.608464, 0.658932
0.632855, 0.658251
0.657444, 0.657444
0.682207, 0.656446
0.707087, 0.655192
0.731993, 0.653619
0.756809, 0.651673
0.781392, 0.649301
0.805578, 0.646459
0.829258, 0.643142
0.852584, 0.639445
0.876032, 0.635538
0.899978, 0.631497
0.924424, 0.62725
0.949195, 0.622665
0.974103, 0.617623
0.0302786, 0.635724
0.054922, 0.641553
0.0794557, 0.646847
0.103718, 0.651733
0.127556, 0.656346
0.150933, 0.660785
0.1741, 0.665012
0.19748, 0.668869
0.221287, 0.67223
0.245478, 0.675075
0.269917, 0.677442
0.294474, 0.679384
0.319046, 0.680954
0.343554, 0.682207
0.367944, 0.683201
0.39219, 0.683985
0.416296, 0.684603
0.440286, 0.685075
0.464198, 0.685403
0.48807, 0.685573
0.51193, 0.685573
0.535802, 0.685403
0.559714, 0.685075
0.583704, 0.684603
0.60781, 0.683985
0.632056, 0.683201
0.656446, 0.682207
0.680954, 0.680954
0.705526, 0.679384
0.730083, 0.677442
0.754522, 0.675075
0.778713, 0.67223
0.80252, 0.668869
0.8259, 0.665012
0.849067, 0.660785
0.872444, 0.656346
0.896282, 0.651733
0.920544, 0.646847
0.945078, 0.641553
0.969721, 0.635724
0.0353375, 0.653827
0.0596776, 0.660448
0.0839338, 0.666455
0.107971, 0.671978
0.131661, 0.677153
0.154947, 0.682095
0.177968, 0.686816
0.201057, 0.691191
0.224466, 0.695079
0.248225, 0.698424
0.272242, 0.701246
0.296404, 0.703596
0.320616, 0.705526
0.344808, 0.707087
0.36893, 0.70833
0.392955, 0.709303
0.416874, 0.710043
0.440698, 0.710581
0.464449, 0.710933
0.488155, 0.711108
0.511845, 0.711108
0.535551, 0.710933
0.559302, 0.710581
0.583126, 0.710043
0.607045, 0.709303
0.63107, 0.70833
0.655192, 0.707087
0.679384, 0.705526
0.703596, 0.703596
0.727758, 0.701246
0.751775, 0.698424
0.775534, 0.695079
0.798943, 0.691191
0.822032, 0.686816
0.845053, 0.682095
0.868339, 0.677153
0.892029, 0.671978
0.916066, 0.666455
0.940322, 0.660448
0.964662, 0.653827
0.0410971, 0.671933
0.0650941, 0.67935
0.0890311, 0.686075
0.112798, 0.692236
0.136293, 0.697966
0.159452, 0.703389
0.182334, 0.708559
0.205161, 0.713408
0.228176, 0.717805
0.251479, 0.721661
0.275033, 0.724967
0.298754, 0.727758
0.322558, 0.730083
0.346381, 0.731993
0.370176, 0.733533
0.393916, 0.734748
0.417587, 0.735675
0.44119, 0.736345
0.464738, 0.736779
0.48825, 0.736993
0.51175, 0.736993
0.535262, 0.736779
0.55881, 0.736345
0.582413, 0.735675
0.606084, 0.734748
0.629824, 0.733533
0.653619, 0.731993
0.677442, 0.730083
0.701246, 0.727758
0.724967, 0.724967
0.748521, 0.721661
0.771824, 0.717805
0.794839, 0.713408
0.817666, 0.708559
0.840548, 0.703389
0.863707, 0.697966
0.887202, 0.692236
0.910969, 0.686075
0.934906, 0.67935
0.958903, 0.671933
0.0475846, 0.690041
0.071198, 0.698261
0.0947727, 0.705708
0.118221, 0.712511
0.141464, 0.718797
0.164446, 0.724687
0.187176, 0.730264
0.209774, 0.735523
0.232429, 0.740377
0.255275, 0.744725
0.278339, 0.748521
0.301576, 0.751775
0.324925, 0.754522
0.348327, 0.756809
0.37174, 0.758678
0.395135, 0.760169
0.418495, 0.761318
0.441818, 0.762154
0.465106, 0.762698
0.488371, 0.762966
0.511629, 0.762966
0.534894, 0.762698
0.558182, 0.762154
0.581505, 0.761318
0.604865, 0.760169
0.62826, 0.758678
0.651673, 0.756809
0.675075, 0.754522
0.698424, 0.751775
0.721661, 0.748521
0.744725, 0.744725
0.767571, 0.740377
0.790226, 0.735523
0.812824, 0.730264
0.835554, 0.724687
0.858536, 0.718797
0.881779, 0.712511
0.905227, 0.705708
0.928802, 0.698261
0.952415, 0.690041
0.0548324, 0.708152
0.0780211, 0.71718
0.101189, 0.725355
0.124267, 0.732807
0.147199, 0.739654
0.169939, 0.74601
0.192475, 0.75197
0.214858, 0.757575
0.2372, 0.7628
0.259623, 0.767571
0.282195, 0.771824
0.304921, 0.775534
0.32777, 0.778713
0.350699, 0.781392
0.373671, 0.783607
0.396659, 0.785393
0.419644, 0.786781
0.442618, 0.787798
0.465578, 0.788465
0.488527, 0.788795
0.511473, 0.788795
0.534422, 0.788465
0.557382, 0.787798
0.580356, 0.786781
0.603341, 0.785393
0.626329, 0.783607
0.649301, 0.781392
0.67223, 0.778713
0.695079, 0.775534
0.717805, 0.771824
0.740377, 0.767571
0.7628, 0.7628
0.785142, 0.757575
0.807525, 0.75197
0.830061, 0.74601
0.852801, 0.739654
0.875733, 0.732807
0.898811, 0.725355
0.921979, 0.71718
0.945168, 0.708152
0.0628791, 0.726265
0.0856011, 0.736107
0.108316, 0.745018
0.130972, 0.753126
0.153527, 0.760546
0.175951, 0.76738
0.198226, 0.77372
0.220367, 0.779633
0.242425, 0.785142
0.264477, 0.790226
0.286592, 0.794839
0.308809, 0.798943
0.331131, 0.80252
0.353541, 0.805578
0.376014, 0.808136
0.398529, 0.810218
0.421067, 0.81185
0.443616, 0.813054
0.466169, 0.813846
0.488723, 0.814239
0.511277, 0.814239
0.533831, 0.813846
0.556384, 0.813054
0.578933, 0.81185
0.601471, 0.810218
0.623986, 0.808136
0.646459, 0.805578
0.668869, 0.80252
0.691191, 0.798943
0.713408, 0.794839
0.735523, 0.790226
0.757575, 0.785142
0.779633, 0.779633
0.801774, 0.77372
0.824049, 0.76738
0.846473, 0.760546
0.869028, 0.753126
0.891684, 0.745018
0.914399, 0.736107
0.937121, 0.726265
0.0717706, 0.744381
0.0939826, 0.755042
0.116198, 0.764696
0.138377, 0.773471
0.160492, 0.781476
0.18252, 0.788808
0.204449, 0.795551
0.22628, 0.801774
0.24803, 0.807525
0.269736, 0.812824
0.291441, 0.817666
0.313184, 0.822032
0.334988, 0.8259
0.356858, 0.829258
0.37879, 0.832106
0.400771, 0.834451
0.422789, 0.836305
0.444834, 0.837682
0.466894, 0.838593
0.488964, 0.839046
0.511036, 0.839046
0.533106, 0.838593
0.555166, 0.837682
0.577211, 0.836305
0.599229, 0.834451
0.62121, 0.832106
0.643142, 0.829258
0.665012, 0.8259
0.686816, 0.822032
0.708559, 0.817666
0.730264, 0.812824
0.75197, 0.807525
0.77372, 0.801774
0.795551, 0.795551
0.81748, 0.788808
0.839508, 0.781476
0.861623, 0.773471
0.883802, 0.764696
0.906017, 0.755042
0.928229, 0.744381
0.0815614, 0.7625
0.103219, 0.773984
0.124886, 0.784387
0.146535, 0.793839
0.168144, 0.802447
0.189699, 0.810301
0.211192, 0.81748
0.23262, 0.824049
0.25399, 0.830061
0.275313, 0.835554
0.296611, 0.840548
0.317905, 0.845053
0.339215, 0.849067
0.360555, 0.852584
0.38193, 0.855597
0.403343, 0.858105
0.424787, 0.860106
0.446258, 0.861602
0.467747, 0.862598
0.489248, 0.863095
0.510752, 0.863095
0.532253, 0.862598
0.553742, 0.861602
0.575213, 0.860106
0.596657, 0.858105
0.61807, 0.855597
0.639445, 0.852584
0.660785, 0.849067
0.682095, 0.845053
0.703389, 0.840548
0.724687, 0.835554
0.74601, 0.830061
0.76738, 0.824049
0.788808, 0.81748
0.810301, 0.810301
0.831856, 0.802447
0.853465, 0.793839
0.875114, 0.784387
0.896781, 0.773984
0.918439, 0.7625
0.0923174, 0.78062
0.113374, 0.792932
0.134443, 0.804091
0.155505, 0.814229
0.176545, 0.823455
0.197553, 0.831856
0.218524, 0.839508
0.239454, 0.846473
0.260346, 0.852801
0.281203, 0.858536
0.302034, 0.863707
0.322847, 0.868339
0.343654, 0.872444
0.364462, 0.876032
0.38528, 0.879107
0.406111, 0.881669
0.426956, 0.883719
0.447814, 0.885257
0.468684, 0.886283
0.489561, 0.886795
0.510439, 0.886795
0.531316, 0.886283
0.552186, 0.885257
0.573044, 0.883719
0.593889, 0.881669
0.61472, 0.879107
0.635538, 0.876032
0.656346, 0.872444
0.677153, 0.868339
0.697966, 0.863707
0.718797, 0.858536
0.739654, 0.852801
0.760546, 0.846473
0.781476, 0.839508
0.802447, 0.831856
0.823455, 0.823455
0.844495, 0.814229
0.865557, 0.804091
0.886626, 0.792932
0.907683, 0.78062
0.104118, 0.798743
0.124524, 0.811884
0.144944, 0.823804
0.165363, 0.834637
0.185771, 0.844495
0.206161, 0.853465
0.226529, 0.861623
0.246874, 0.869028
0.267193, 0.875733
0.287489, 0.881779
0.307764, 0.887202
0.328022, 0.892029
0.348267, 0.896282
0.368503, 0.899978
0.388734, 0.903129
0.408962, 0.905745
0.429191, 0.907832
0.44942, 0.909393
0.469651, 0.910433
0.489884, 0.910953
0.510116, 0.910953
0.530349, 0.910433
0.55058, 0.909393
0.570809, 0.907832
0.591038, 0.905745
0.611266, 0.903129
0.631497, 0.899978
0.651733, 0.896282
0.671978, 0.892029
0.692236, 0.887202
0.712511, 0.881779
0.732807, 0.875733
0.753126, 0.869028
0.773471, 0.861623
0.793839, 0.853465
0.814229, 0.844495
0.834637, 0.834637
0.855056, 0.823804
0.875476, 0.811884
0.895882, 0.798743
0.117061, 0.816866
0.136765, 0.830837
0.156479, 0.843521
0.176196, 0.855056
0.195909, 0.865557
0.215613, 0.875114
0.235304, 0.883802
0.254982, 0.891684
0.274645, 0.898811
0.294292, 0.905227
0.313925, 0.910969
0.333545, 0.916066
0.353153, 0.920544
0.37275, 0.924424
0.39234, 0.927722
0.411922, 0.930452
0.4315, 0.932624
0.451074, 0.934246
0.470645, 0.935325
0.490215, 0.935863
0.509785, 0.935863
0.529355, 0.935325
0.548926, 0.934246
0.5685, 0.932624
0.588078, 0.930452
0.60766, 0.927722
0.62725, 0.924424
0.646847, 0.920544
0.666455, 0.916066
0.686075, 0.910969
0.705708, 0.905227
0.725355, 0.898811
0.745018, 0.891684
0.764696, 0.883802
0.784387, 0.875114
0.804091, 0.865557
0.823804, 0.855056
0.843521, 0.843521
0.863235, 0.830837
0.882939, 0.816866
0.131267, 0.834989
0.150211, 0.849789
0.169163, 0.863235
0.188116, 0.875476
0.207068, 0.886626
0.226016, 0.896781
0.244958, 0.906017
0.263893, 0.914399
0.28282, 0.921979
0.301739, 0.928802
0.32065, 0.934906
0.339552, 0.940322
0.358447, 0.945078
0.377335, 0.949195
0.396217, 0.952693
0.415094, 0.955585
0.433966, 0.957885
0.452836, 0.959603
0.471702, 0.960744
0.490568, 0.961313
0.509432, 0.961313
0.528298, 0.960744
0.547164, 0.959603
0.566034, 0.957885
0.584906, 0.955585
0.603783, 0.952693
0.622665, 0.949195
0.641553, 0.945078
0.660448, 0.940322
0.67935, 0.934906
0.698261, 0.928802
0.71718, 0.921979
0.736107, 0.914399
0.755042, 0.906017
0.773984, 0.896781
0.792932, 0.886626
0.811884, 0.875476
0.830837, 0.863235
0.849789, 0.849789
0.868733, 0.834989
0.14689, 0.85311
0.165011, 0.868733
0.183134, 0.882939
0.201257, 0.895882
0.21938, 0.907683
0.2375, 0.918439
0.255619, 0.928229
0.273735, 0.937121
0.291848, 0.945168
0.309959, 0.952415
0.328067, 0.958903
0.346173, 0.964662
0.364276, 0.969721
0.382377, 0.974103
0.400476, 0.977825
0.418574, 0.980905
0.43667, 0.983354
0.454765, 0.985183
0.472859, 0.986398
0.490953, 0.987004
0.509047, 0.987004
0.527141, 0.986398
0.545235, 0.985183
0.56333, 0.983354
0.581426, 0.980905
0.599524, 0.977825
0.617623, 0.974103
0.635724, 0.969721
0.653827, 0.964662
0.671933, 0.958903
0.690041, 0.952415
0.708152, 0.945168
0.726265, 0.937121
0.744381, 0.928229
0.7625, 0.918439
0.78062, 0.907683
0.798743, 0.895882
0.816866, 0.882939
0.834989, 0.868733
0.85311, 0.85311
