0.146447, 0.146447
0.164124, 0.129612
0.181802, 0.114319
0.19948, 0.100391
0.217157, 0.0876894
0.234835, 0.0761044
0.252513, 0.0655463
0.27019, 0.055942
0.287868, 0.0472307
0.305546, 0.0393619
0.323223, 0.0322928
0.340901, 0.0259879
0.358579, 0.0204168
0.376256, 0.0155544
0.393934, 0.0113795
0.411612, 0.00787451
0.429289, 0.00502525
0.446967, 0.00282045
0.464645, 0.00125157
0.482322, 0.000312598
0.5, 0
0.517678, 0.000312598
0.535355, 0.00125157
0.553033, 0.00282045
0.570711, 0.00502525
0.588388, 0.00787451
0.606066, 0.0113795
0.623744, 0.0155544
0.641421, 0.0204168
0.659099, 0.0259879
0.676777, 0.0322928
0.694454, 0.0393619
0.712132, 0.0472307
0.72981, 0.055942
0.747487, 0.0655463
0.765165, 0.0761044
0.782843, 0.0876894
0.80052, 0.100391
0.818198, 0.114319
0.835876, 0.129612
0.853553, 0.146447
0.129612, 0.164124
0.148165, 0.148165
0.166713, 0.133671
0.185264, 0.120484
0.203815, 0.10847
0.222365, 0.0975236
0.240911, 0.0875581
0.259453, 0.0785023
0.277989, 0.0702969
0.296519, 0.0628922
0.315043, 0.0562464
0.333561, 0.0503242
0.352072, 0.0450956
0.370578, 0.0405354
0.389078, 0.0366224
0.407573, 0.0333393
0.426063, 0.0306717
0.444551, 0.0286082
0.463035, 0.0271403
0.481518, 0.0262619
0.5, 0.0259695
0.518482, 0.0262619
0.536965, 0.0271403
0.555449, 0.0286082
0.573937, 0.0306717
0.592427, 0.0333393
0.610922, 0.0366224
0.629422, 0.0405354
0.647928, 0.0450956
0.666439, 0.0503242
0.684957, 0.0562464
0.703481, 0.0628922
0.722011, 0.0702969
0.740547, 0.0785023
0.759089, 0.0875581
0.777635, 0.0975236
0.796185, 0.10847
0.814736, 0.120484
0.833287, 0.133671
0.851835, 0.148165
0.870388, 0.164124
0.114319, 0.181802
0.133671, 0.166713
0.153016, 0.153016
0.172368, 0.140568
0.19172, 0.129239
0.211068, 0.118928
0.230409, 0.109549
0.249738, 0.101033
0.269056, 0.0933234
0.28836, 0.0863701
0.307651, 0.0801325
0.326928, 0.074576
0.346192, 0.0696714
0.365445, 0.0653943
0.384687, 0.0617244
0.40392, 0.0586452
0.423145, 0.056143
0.442364, 0.0542073
0.461579, 0.0528302
0.48079, 0.0520061
0.5, 0.0517317
0.51921, 0.0520061
0.538421, 0.0528302
0.557636, 0.0542073
0.576855, 0.056143
0.59608, 0.0586452
0.615313, 0.0617244
0.634555, 0.0653943
0.653808, 0.0696714
0.673072, 0.074576
0.692349, 0.0801325
0.71164, 0.0863701
0.730944, 0.0933234
0.750262, 0.101033
0.769591, 0.109549
0.788932, 0.118928
0.80828, 0.129239
0.827632, 0.140568
0.846984, 0.153016
0.866329, 0.166713
0.885681, 0.181802
0.100391, 0.19948
0.120484, 0.185264
0.140568, 0.172368
0.16066, 0.16066
0.18075, 0.150015
0.200829, 0.140332
0.220893, 0.13153
0.240936, 0.12354
0.260958, 0.116305
0.280957, 0.109777
0.300934, 0.103915
0.32089, 0.0986869
0.340829, 0.0940646
0.360751, 0.0900264
0.380662, 0.0865545
0.400563, 0.0836354
0.420457, 0.0812588
0.440346, 0.079417
0.460232, 0.0781049
0.480116, 0.0773189
0.5, 0.0770571
0.519884, 0.0773189
0.539768, 0.0781049
0.559654, 0.079417
0.579543, 0.0812588
0.599437, 0.0836354
0.619338, 0.0865545
0.639249, 0.0900264
0.659171, 0.0940646
0.67911, 0.0986869
0.699066, 0.103915
0.719043, 0.109777
0.739042, 0.116305
0.759064, 0.12354
0.779107, 0.13153
0.799171, 0.140332
0.81925, 0.150015
0.83934, 0.16066
0.859432, 0.172368
0.879516, 0.185264
0.899609, 0.19948
0.0876894, 0.217157
0.10847, 0.203815
0.129239, 0.19172
0.150015, 0.18075
0.170781, 0.170781
0.191525, 0.161715
0.212241, 0.15347
0.232921, 0.145976
0.253565, 0.139177
0.274174, 0.133022
0.294749, 0.127474
0.315298, 0.1225
0.335827, 0.118077
0.356342, 0.114189
0.376853, 0.110825
0.397363, 0.10798
0.417878, 0.105652
0.4384, 0.10384
0.458929, 0.102544
0.479463, 0.101766
0.5, 0.101507
0.520537, 0.101766
0.541071, 0.102544
0.5616, 0.10384
0.582122, 0.105652
0.602637, 0.10798
0.623147, 0.110825
0.643658, 0.114189
0.664173, 0.118077
0.684702, 0.1225
0.705251, 0.127474
0.725826, 0.133022
0.746435, 0.139177
0.767079, 0.145976
0.787759, 0.15347
0.808475, 0.161715
0.829219, 0.170781
0.849985, 0.18075
0.870761, 0.19172
0.89153, 0.203815
0.912311, 0.217157
0.0761044, 0.234835
0.0975236, 0.222365
0.118928, 0.211068
0.140332, 0.200829
0.161715, 0.191525
0.183058, 0.183058
0.20435, 0.175341
0.225583, 0.168304
0.246756, 0.161882
0.267873, 0.156025
0.288945, 0.150696
0.309988, 0.14587
0.331018, 0.141534
0.352054, 0.137689
0.373109, 0.134339
0.394193, 0.131493
0.415308, 0.129159
0.436452, 0.12734
0.45762, 0.12604
0.478806, 0.12526
0.5, 0.125
0.521194, 0.12526
0.54238, 0.12604
0.563548, 0.12734
0.584692, 0.129159
0.605807, 0.131493
0.626891, 0.134339
0.647946, 0.137689
0.668982, 0.141534
0.690012, 0.14587
0.711055, 0.150696
0.732127, 0.156025
0.753244, 0.161882
0.774417, 0.168304
0.79565, 0.175341
0.816942, 0.183058
0.838285, 0.191525
0.859668, 0.200829
0.881072, 0.211068
0.902476, 0.222365
0.923896, 0.234835
0.0655463, 0.252513
0.0875581, 0.240911
0.109549, 0.230409
0.13153, 0.220893
0.15347, 0.212241
0.175341, 0.20435
0.197127, 0.197127
0.218817, 0.190493
0.24041, 0.184376
0.261922, 0.178729
0.283383, 0.173525
0.304833, 0.168767
0.32631, 0.164475
0.347841, 0.160676
0.369437, 0.157387
0.391098, 0.154618
0.412815, 0.152368
0.434576, 0.150632
0.456368, 0.149399
0.478179, 0.148663
0.5, 0.148419
0.521821, 0.148663
0.543632, 0.149399
0.565424, 0.150632
0.587185, 0.152368
0.608902, 0.154618
0.630563, 0.157387
0.652159, 0.160676
0.67369, 0.164475
0.695167, 0.168767
0.716617, 0.173525
0.738078, 0.178729
0.75959, 0.184376
0.781183, 0.190493
0.802873, 0.197127
0.824659, 0.20435
0.84653, 0.212241
0.86847, 0.220893
0.890451, 0.230409
0.912442, 0.240911
0.934454, 0.252513
0.055942, 0.27019
0.0785023, 0.259453
0.101033, 0.249738
0.12354, 0.240936
0.145976, 0.232921
0.168304, 0.225583
0.190493, 0.218817
0.212529, 0.212529
0.234426, 0.206651
0.256233, 0.201156
0.278026, 0.196069
0.299879, 0.191445
0.321836, 0.187333
0.343907, 0.18376
0.366076, 0.180726
0.388321, 0.178215
0.410616, 0.176202
0.432943, 0.174665
0.455288, 0.173583
0.477642, 0.17294
0.5, 0.172726
0.522358, 0.17294
0.544712, 0.173583
0.567057, 0.174665
0.589384, 0.176202
0.611679, 0.178215
0.633924, 0.180726
0.656093, 0.18376
0.678164, 0.187333
0.700121, 0.191445
0.721974, 0.196069
0.743767, 0.201156
0.765574, 0.206651
0.787471, 0.212529
0.809507, 0.218817
0.831696, 0.225583
0.854024, 0.232921
0.87646, 0.240936
0.898967, 0.249738
0.921498, 0.259453
0.944058, 0.27019
0.0472307, 0.287868
0.0702969, 0.277989
0.0933234, 0.269056
0.116305, 0.260958
0.139177, 0.253565
0.161882, 0.246756
0.184376, 0.24041
0.206651, 0.234426
0.228763, 0.228763
0.250837, 0.223463
0.273004, 0.218623
0.29534, 0.214323
0.317847, 0.210595
0.340488, 0.207424
0.363218, 0.204777
0.385999, 0.202615
0.408802, 0.200901
0.43161, 0.199602
0.454413, 0.198693
0.477209, 0.198155
0.5, 0.197977
0.522791, 0.198155
0.545587, 0.198693
0.56839, 0.199602
0.591198, 0.200901
0.614001, 0.202615
0.636782, 0.204777
0.659512, 0.207424
0.682153, 0.210595
0.70466, 0.214323
0.726996, 0.218623
0.749163, 0.223463
0.771237, 0.228763
0.793349, 0.234426
0.815624, 0.24041
0.838118, 0.246756
0.860823, 0.253565
0.883695, 0.260958
0.906677, 0.269056
0.929703, 0.277989
0.952769, 0.287868
0.0393619, 0.305546
0.0628922, 0.296519
0.0863701, 0.28836
0.109777, 0.280957
0.133022, 0.274174
0.156025, 0.267873
0.178729, 0.261922
0.201156, 0.256233
0.223463, 0.250837
0.245866, 0.245866
0.268504, 0.241449
0.291387, 0.237628
0.314455, 0.234384
0.337636, 0.231669
0.360871, 0.229433
0.384118, 0.227628
0.407349, 0.226211
0.430551, 0.225148
0.453723, 0.22441
0.476868, 0.223975
0.5, 0.223832
0.523132, 0.223975
0.546277, 0.22441
0.569449, 0.225148
0.592651, 0.226211
0.615882, 0.227628
0.639129, 0.229433
0.662364, 0.231669
0.685545, 0.234384
0.708613, 0.237628
0.731496, 0.241449
0.754134, 0.245866
0.776537, 0.250837
0.798844, 0.256233
0.821271, 0.261922
0.843975, 0.267873
0.866978, 0.274174
0.890223, 0.280957
0.91363, 0.28836
0.937108, 0.296519
0.960638, 0.305546
0.0322928, 0.323223
0.0562464, 0.315043
0.0801325, 0.307651
0.103915, 0.300934
0.127474, 0.294749
0.150696, 0.288945
0.173525, 0.283383
0.196069, 0.278026
0.218623, 0.273004
0.241449, 0.268504
0.264613, 0.264613
0.288044, 0.261318
0.311636, 0.258566
0.335303, 0.256296
0.358979, 0.254453
0.382624, 0.252987
0.406211, 0.251852
0.429733, 0.251012
0.453194, 0.250433
0.476609, 0.250095
0.5, 0.249984
0.523391, 0.250095
0.546806, 0.250433
0.570267, 0.251012
0.593789, 0.251852
0.617376, 0.252987
0.641021, 0.254453
0.664697, 0.256296
0.688364, 0.258566
0.711956, 0.261318
0.735387, 0.264613
0.758551, 0.268504
0.781377, 0.273004
0.803931, 0.278026
0.826475, 0.283383
0.849304, 0.288945
0.872526, 0.294749
0.896085, 0.300934
0.919867, 0.307651
0.943754, 0.315043
0.967707, 0.323223
0.0259879, 0.340901
0.0503242, 0.333561
0.074576, 0.326928
0.0986869, 0.32089
0.1225, 0.315298
0.14587, 0.309988
0.168767, 0.304833
0.191445, 0.299879
0.214323, 0.29534
0.237628, 0.291387
0.261318, 0.288044
0.28526, 0.28526
0.309326, 0.28297
0.333423, 0.281114
0.357484, 0.279635
0.381464, 0.27848
0.405343, 0.277599
0.429117, 0.276954
0.4528, 0.276513
0.476417, 0.276255
0.5, 0.276171
0.523583, 0.276255
0.5472, 0.276513
0.570883, 0.276954
0.594657, 0.277599
0.618536, 0.27848
0.642516, 0.279635
0.666577, 0.281114
0.690674, 0.28297
0.71474, 0.28526
0.738682, 0.288044
0.762372, 0.291387
0.785677, 0.29534
0.808555, 0.299879
0.831233, 0.304833
0.85413, 0.309988
0.8775, 0.315298
0.901313, 0.32089
0.925424, 0.326928
0.949676, 0.333561
0.974012, 0.340901
0.0204168, 0.358579
0.0450956, 0.352072
0.0696714, 0.346192
0.0940646, 0.340829
0.118077, 0.335827
0.141534, 0.331018
0.164475, 0.32631
0.187333, 0.321836
0.210595, 0.317847
0.234384, 0.314455
0.258566, 0.311636
0.28297, 0.309326
0.307461, 0.307461
0.331937, 0.30598
0.356326, 0.304823
0.380582, 0.303933
0.404688, 0.303256
0.428651, 0.302754
0.452499, 0.3024
0.476268, 0.302186
0.5, 0.302115
0.523732, 0.302186
0.547501, 0.3024
0.571349, 0.302754
0.595312, 0.303256
0.619418, 0.303933
0.643674, 0.304823
0.668063, 0.30598
0.692539, 0.307461
0.71703, 0.309326
0.741434, 0.311636
0.765616, 0.314455
0.789405, 0.317847
0.812667, 0.321836
0.835525, 0.32631
0.858466, 0.331018
0.881923, 0.335827
0.905935, 0.340829
0.930329, 0.346192
0.954904, 0.352072
0.979583, 0.358579
0.0155544, 0.376256
0.0405354, 0.370578
0.0653943, 0.365445
0.0900264, 0.360751
0.114189, 0.356342
0.137689, 0.352054
0.160676, 0.347841
0.18376, 0.343907
0.207424, 0.340488
0.231669, 0.337636
0.256296, 0.335303
0.281114, 0.333423
0.30598, 0.331937
0.330781, 0.330781
0.355438, 0.32989
0.379902, 0.329196
0.404162, 0.328638
0.428248, 0.328175
0.452214, 0.327804
0.476117, 0.327552
0.5, 0.327462
0.523883, 0.327552
0.547786, 0.327804
0.571752, 0.328175
0.595838, 0.328638
0.620098, 0.329196
0.644562, 0.32989
0.669219, 0.330781
0.69402, 0.331937
0.718886, 0.333423
0.743704, 0.335303
0.768331, 0.337636
0.792576, 0.340488
0.81624, 0.343907
0.839324, 0.347841
0.862311, 0.352054
0.885811, 0.356342
0.909974, 0.360751
0.934606, 0.365445
0.959465, 0.370578
0.984446, 0.376256
0.0113795, 0.393934
0.0366224, 0.389078
0.0617244, 0.384687
0.0865545, 0.380662
0.110825, 0.376853
0.134339, 0.373109
0.157387, 0.369437
0.180726, 0.366076
0.204777, 0.363218
0.229433, 0.360871
0.254453, 0.358979
0.279635, 0.357484
0.304823, 0.356326
0.32989, 0.355438
0.354741, 0.354741
0.379321, 0.354146
0.403634, 0.353569
0.427753, 0.352968
0.4518, 0.352387
0.475875, 0.35195
0.5, 0.351786
0.524125, 0.35195
0.5482, 0.352387
0.572247, 0.352968
0.596366, 0.353569
0.620679, 0.354146
0.645259, 0.354741
0.67011, 0.355438
0.695177, 0.356326
0.720365, 0.357484
0.745547, 0.358979
0.770567, 0.360871
0.795223, 0.363218
0.819274, 0.366076
0.842613, 0.369437
0.865661, 0.373109
0.889175, 0.376853
0.913445, 0.380662
0.938276, 0.384687
0.963378, 0.389078
0.988621, 0.393934
0.00787451, 0.411612
0.0333393, 0.407573
0.0586452, 0.40392
0.0836354, 0.400563
0.10798, 0.397363
0.131493, 0.394193
0.154618, 0.391098
0.178215, 0.388321
0.202615, 0.385999
0.227628, 0.384118
0.252987, 0.382624
0.27848, 0.381464
0.303933, 0.380582
0.329196, 0.379902
0.354146, 0.379321
0.378709, 0.378709
0.402916, 0.377939
0.42695, 0.37699
0.451074, 0.376027
0.475442, 0.375316
0.5, 0.375057
0.524558, 0.375316
0.548926, 0.376027
0.57305, 0.37699
0.597084, 0.377939
0.621291, 0.378709
0.645854, 0.379321
0.670804, 0.379902
0.696067, 0.380582
0.72152, 0.381464
0.747013, 0.382624
0.772372, 0.384118
0.797385, 0.385999
0.821785, 0.388321
0.845382, 0.391098
0.868507, 0.394193
0.89202, 0.397363
0.916365, 0.400563
0.941355, 0.40392
0.966661, 0.407573
0.992125, 0.411612
0.00502525, 0.429289
0.0306717, 0.426063
0.056143, 0.423145
0.0812588, 0.420457
0.105652, 0.417878
0.129159, 0.415308
0.152368, 0.412815
0.176202, 0.410616
0.200901, 0.408802
0.226211, 0.407349
0.251852, 0.406211
0.277599, 0.405343
0.303256, 0.404688
0.328638, 0.404162
0.353569, 0.403634
0.377939, 0.402916
0.401859, 0.401859
0.42575, 0.400559
0.450058, 0.399361
0.474876, 0.398561
0.5, 0.398286
0.525124, 0.398561
0.549942, 0.399361
0.57425, 0.400559
0.598141, 0.401859
0.622061, 0.402916
0.646431, 0.403634
0.671362, 0.404162
0.696744, 0.404688
0.722401, 0.405343
0.748148, 0.406211
0.773789, 0.407349
0.799099, 0.408802
0.823798, 0.410616
0.847632, 0.412815
0.870841, 0.415308
0.894348, 0.417878
0.918741, 0.420457
0.943857, 0.423145
0.969328, 0.426063
0.994975, 0.429289
0.00282045, 0.446967
0.0286082, 0.444551
0.0542073, 0.442364
0.079417, 0.440346
0.10384, 0.4384
0.12734, 0.436452
0.150632, 0.434576
0.174665, 0.432943
0.199602, 0.43161
0.225148, 0.430551
0.251012, 0.429733
0.276954, 0.429117
0.302754, 0.428651
0.328175, 0.428248
0.352968, 0.427753
0.37699, 0.42695
0.400559, 0.42575
0.424435, 0.424435
0.449077, 0.423379
0.474373, 0.42274
0.5, 0.42253
0.525627, 0.42274
0.550923, 0.423379
0.575565, 0.424435
0.599441, 0.42575
0.62301, 0.42695
0.647032, 0.427753
0.671825, 0.428248
0.697246, 0.428651
0.723046, 0.429117
0.748988, 0.429733
0.774852, 0.430551
0.800398, 0.43161
0.825335, 0.432943
0.849368, 0.434576
0.87266, 0.436452
0.89616, 0.4384
0.920583, 0.440346
0.945793, 0.442364
0.971392, 0.444551
0.99718, 0.446967
0.00125157, 0.464645
0.0271403, 0.463035
0.0528302, 0.461579
0.0781049, 0.460232
0.102544, 0.458929
0.12604, 0.45762
0.149399, 0.456368
0.173583, 0.455288
0.198693, 0.454413
0.22441, 0.453723
0.250433, 0.453194
0.276513, 0.4528
0.3024, 0.452499
0.327804, 0.452214
0.352387, 0.4518
0.376027, 0.451074
0.399361, 0.450058
0.423379, 0.449077
0.448366, 0.448366
0.474026, 0.447957
0.5, 0.447824
0.525974, 0.447957
0.551634, 0.448366
0.576621, 0.449077
0.600639, 0.450058
0.623973, 0.451074
0.647613, 0.4518
0.672196, 0.452214
0.6976, 0.452499
0.723487, 0.4528
0.749567, 0.453194
0.77559, 0.453723
0.801307, 0.454413
0.826417, 0.455288
0.850601, 0.456368
0.87396, 0.45762
0.897456, 0.458929
0.921895, 0.460232
0.94717, 0.461579
0.97286, 0.463035
0.998748, 0.464645
0.000312598, 0.482322
0.0262619, 0.481518
0.0520061, 0.48079
0.0773189, 0.480116
0.101766, 0.479463
0.12526, 0.478806
0.148663, 0.478179
0.17294, 0.477642
0.198155, 0.477209
0.223975, 0.476868
0.250095, 0.476609
0.276255, 0.476417
0.302186, 0.476268
0.327552, 0.476117
0.35195, 0.475875
0.375316, 0.475442
0.398561, 0.474876
0.42274, 0.474373
0.447957, 0.474026
0.473829, 0.473829
0.5, 0.473766
0.526171, 0.473829
0.552043, 0.474026
0.57726, 0.474373
0.601439, 0.474876
0.624684, 0.475442
0.64805, 0.475875
0.672448, 0.476117
0.697814, 0.476268
0.723745, 0.476417
0.749905, 0.476609
0.776025, 0.476868
0.801845, 0.477209
0.82706, 0.477642
0.851337, 0.478179
0.87474, 0.478806
0.898234, 0.479463
0.922681, 0.480116
0.947994, 0.48079
0.973738, 0.481518
0.999687, 0.482322
0, 0.5
0.0259695, 0.5
0.0517317, 0.5
0.0770571, 0.5
0.101507, 0.5
0.125, 0.5
0.148419, 0.5
0.172726, 0.5
0.197977, 0.5
0.223832, 0.5
0.249984, 0.5
0.276171, 0.5
0.302115, 0.5
0.327462, 0.5
0.351786, 0.5
0.375057, 0.5
0.398286, 0.5
0.42253, 0.5
0.447824, 0.5
0.473766, 0.5
0.5, 0.5
0.526234, 0.5
0.552176, 0.5
0.57747, 0.5
0.601714, 0.5
0.624943, 0.5
0.648214, 0.5
0.672538, 0.5
0.697885, 0.5
0.723829, 0.5
0.750016, 0.5
0.776168, 0.5
0.802023, 0.5
0.827274, 0.5
0.851581, 0.5
0.875, 0.5
0.898493, 0.5
0.922943, 0.5
0.948268, 0.5
0.97403, 0.5
1, 0.5
0.000312598, 0.517678
0.0262619, 0.518482
0.0520061, 0.51921
0.0773189, 0.519884
0.101766, 0.520537
0.12526, 0.521194
0.148663, 0.521821
0.17294, 0.522358
0.198155, 0.522791
0.223975, 0.523132
0.250095, 0.523391
0.276255, 0.523583
0.302186, 0.523732
0.327552, 0.523883
0.35195, 0.524125
0.375316, 0.524558
0.398561, 0.525124
0.42274, 0.525627
0.447957, 0.525974
0.473829, 0.526171
0.5, 0.526234
0.526171, 0.526171
0.552043, 0.525974
0.57726, 0.525627
0.601439, 0.525124
0.624684, 0.524558
0.64805, 0.524125
0.672448, 0.523883
0.697814, 0.523732
0.723745, 0.523583
0.749905, 0.523391
0.776025, 0.523132
0.801845, 0.522791
0.82706, 0.522358
0.851337, 0.521821
0.87474, 0.521194
0.898234, 0.520537
0.922681, 0.519884
0.947994, 0.51921
0.973738, 0.518482
0.999687, 0.517678
0.00125157, 0.535355
0.0271403, 0.536965
0.0528302, 0.538421
0.0781049, 0.539768
0.102544, 0.541071
0.12604, 0.54238
0.149399, 0.543632
0.173583, 0.544712
0.198693, 0.545587
0.22441, 0.546277
0.250433, 0.546806
0.276513, 0.5472
0.3024, 0.547501
0.327804, 0.547786
0.352387, 0.5482
0.376027, 0.548926
0.399361, 0.549942
0.423379, 0.550923
0.448366, 0.551634
0.474026, 0.552043
0.5, 0.552176
0.525974, 0.552043
0.551634, 0.551634
0.576621, 0.550923
0.600639, 0.549942
0.623973, 0.548926
0.647613, 0.5482
0.672196, 0.547786
0.6976, 0.547501
0.723487, 0.5472
0.749567, 0.546806
0.77559, 0.546277
0.801307, 0.545587
0.826417, 0.544712
0.850601, 0.543632
0.87396, 0.54238
0.897456, 0.541071
0.921895, 0.539768
0.94717, 0.538421
0.97286, 0.536965
0.998748, 0.535355
0.00282045, 0.553033
0.0286082, 0.555449
0.0542073, 0.557636
0.079417, 0.559654
0.10384, 0.5616
0.12734, 0.563548
0.150632, 0.565424
0.174665, 0.567057
0.199602, 0.56839
0.225148, 0.569449
0.251012, 0.570267
0.276954, 0.570883
0.302754, 0.571349
0.328175, 0.571752
0.352968, 0.572247
0.37699, 0.57305
0.400559, 0.57425
0.424435, 0.575565
0.449077, 0.576621
0.474373, 0.57726
0.5, 0.57747
0.525627, 0.57726
0.550923, 0.576621
0.575565, 0.575565
0.599441, 0.57425
0.62301, 0.57305
0.647032, 0.572247
0.671825, 0.571752
0.697246, 0.571349
0.723046, 0.570883
0.748988, 0.570267
0.774852, 0.569449
0.800398, 0.56839
0.825335, 0.567057
0.849368, 0.565424
0.87266, 0.563548
0.89616, 0.5616
0.920583, 0.559654
0.945793, 0.557636
0.971392, 0.555449
0.99718, 0.553033
0.00502525, 0.570711
0.0306717, 0.573937
0.056143, 0.576855
0.0812588, 0.579543
0.105652, 0.582122
0.129159, 0.584692
0.152368, 0.587185
0.176202, 0.589384
0.200901, 0.591198
0.226211, 0.592651
0.251852, 0.593789
0.277599, 0.594657
0.303256, 0.595312
0.328638, 0.595838
0.353569, 0.596366
0.377939, 0.597084
0.401859, 0.598141
0.42575, 0.599441
0.450058, 0.600639
0.474876, 0.601439
0.5, 0.601714
0.525124, 0.601439
0.549942, 0.600639
0.57425, 0.599441
0.598141, 0.598141
0.622061, 0.597084
0.646431, 0.596366
0.671362, 0.595838
0.696744, 0.595312
0.722401, 0.594657
0.748148, 0.593789
0.773789, 0.592651
0.799099, 0.591198
0.823798, 0.589384
0.847632, 0.587185
0.870841, 0.584692
0.894348, 0.582122
0.918741, 0.579543
0.943857, 0.576855
0.969328, 0.573937
0.994975, 0.570711
0.00787451, 0.588388
0.0333393, 0.592427
0.0586452, 0.59608
0.0836354, 0.599437
0.10798, 0.602637
0.131493, 0.605807
0.154618, 0.608902
0.178215, 0.611679
0.202615, 0.614001
0.227628, 0.615882
0.252987, 0.617376
0.27848, 0.618536
0.303933, 0.619418
0.329196, 0.620098
0.354146, 0.620679
0.378709, 0.621291
0.402916, 0.622061
0.42695, 0.62301
0.451074, 0.623973
0.475442, 0.624684
0.5, 0.624943
0.524558, 0.624684
0.548926, 0.623973
0.57305, 0.62301
0.597084, 0.622061
0.621291, 0.621291
0.645854, 0.620679
0.670804, 0.620098
0.696067, 0.619418
0.72152, 0.618536
0.747013, 0.617376
0.772372, 0.615882
0.797385, 0.614001
0.821785, 0.611679
0.845382, 0.608902
0.868507, 0.605807
0.89202, 0.602637
0.916365, 0.599437
0.941355, 0.59608
0.966661, 0.592427
0.992125, 0.588388
0.0113795, 0.606066
0.0366224, 0.610922
0.0617244, 0.615313
0.0865545, 0.619338
0.110825, 0.623147
0.134339, 0.626891
0.157387, 0.630563
0.180726, 0.633924
0.204777, 0.636782
0.229433, 0.639129
0.254453, 0.641021
0.279635, 0.642516
0.304823, 0.643674
0.32989, 0.644562
0.354741, 0.645259
0.379321, 0.645854
0.403634, 0.646431
0.427753, 0.647032
0.4518, 0.647613
0.475875, 0.64805
0.5, 0.648214
0.524125, 0.64805
0.5482, 0.647613
0.572247, 0.647032
0.596366, 0.646431
0.620679, 0.645854
0.645259, 0.645259
0.67011, 0.644562
0.695177, 0.643674
0.720365, 0.642516
0.745547, 0.641021
0.770567, 0.639129
0.795223, 0.636782
0.819274, 0.633924
0.842613, 0.630563
0.865661, 0.626891
0.889175, 0.623147
0.913445, 0.619338
0.938276, 0.615313
0.963378, 0.610922
0.988621, 0.606066
0.0155544, 0.623744
0.0405354, 0.629422
0.0653943, 0.634555
0.0900264, 0.639249
0.114189, 0.643658
0.137689, 0.647946
0.160676, 0.652159
0.18376, 0.656093
0.207424, 0.659512
0.231669, 0.662364
0.256296, 0.664697
0.281114, 0.666577
0.30598, 0.668063
0.330781, 0.669219
0.355438, 0.67011
0.379902, 0.670804
0.404162, 0.671362
0.428248, 0.671825
0.452214, 0.672196
0.476117, 0.672448
0.5, 0.672538
0.523883, 0.672448
0.547786, 0.672196
0.571752, 0.671825
0.595838, 0.671362
0.620098, 0.670804
0.644562, 0.67011
0.669219, 0.669219
0.69402, 0.668063
0.718886, 0.666577
0.743704, 0.664697
0.768331, 0.662364
0.792576, 0.659512
0.81624, 0.656093
0.839324, 0.652159
0.862311, 0.647946
0.885811, 0.643658
0.909974, 0.639249
0.934606, 0.634555
0.959465, 0.629422
0.984446, 0.623744
0.0204168, 0.641421
0.0450956, 0.647928
0.0696714, 0.653808
0.0940646, 0.659171
0.118077, 0.664173
0.141534, 0.668982
0.164475, 0.67369
0.187333, 0.678164
0.210595, 0.682153
0.234384, 0.685545
0.258566, 0.688364
0.28297, 0.690674
0.307461, 0.692539
0.331937, 0.69402
0.356326, 0.695177
0.380582, 0.696067
0.404688, 0.696744
0.428651, 0.697246
0.452499, 0.6976
0.476268, 0.697814
0.5, 0.697885
0.523732, 0.697814
0.547501, 0.6976
0.571349, 0.697246
0.595312, 0.696744
0.619418, 0.696067
0.643674, 0.695177
0.668063, 0.69402
0.692539, 0.692539
0.71703, 0.690674
0.741434, 0.688364
0.765616, 0.685545
0.789405, 0.682153
0.812667, 0.678164
0.835525, 0.67369
0.858466, 0.668982
0.881923, 0.664173
0.905935, 0.659171
0.930329, 0.653808
0.954904, 0.647928
0.979583, 0.641421
0.0259879, 0.659099
0.0503242, 0.666439
0.074576, 0.673072
0.0986869, 0.67911
0.1225, 0.684702
0.14587, 0.690012
0.168767, 0.695167
0.191445, 0.700121
0.214323, 0.70466
0.237628, 0.708613
0.261318, 0.711956
0.28526, 0.71474
0.309326, 0.71703
0.333423, 0.718886
0.357484, 0.720365
0.381464, 0.72152
0.405343, 0.722401
0.429117, 0.723046
0.4528, 0.723487
0.476417, 0.723745
0.5, 0.723829
0.523583, 0.723745
0.5472, 0.723487
0.570883, 0.723046
0.594657, 0.722401
0.618536, 0.72152
0.642516, 0.720365
0.666577, 0.718886
0.690674, 0.71703
0.71474, 0.71474
0.738682, 0.711956
0.762372, 0.708613
0.785677, 0.70466
0.808555, 0.700121
0.831233, 0.695167
0.85413, 0.690012
0.8775, 0.684702
0.901313, 0.67911
0.925424, 0.673072
0.949676, 0.666439
0.974012, 0.659099
0.0322928, 0.676777
0.0562464, 0.684957
0.0801325, 0.692349
0.103915, 0.699066
0.127474, 0.705251
0.150696, 0.711055
0.173525, 0.716617
0.196069, 0.721974
0.218623, 0.726996
0.241449, 0.731496
0.264613, 0.735387
0.288044, 0.738682
0.311636, 0.741434
0.335303, 0.743704
0.358979, 0.745547
0.382624, 0.747013
0.406211, 0.748148
0.429733, 0.748988
0.453194, 0.749567
0.476609, 0.749905
0.5, 0.750016
0.523391, 0.749905
0.546806, 0.749567
0.570267, 0.748988
0.593789, 0.748148
0.617376, 0.747013
0.641021, 0.745547
0.664697, 0.743704
0.688364, 0.741434
0.711956, 0.738682
0.735387, 0.735387
0.758551, 0.731496
0.781377, 0.726996
0.803931, 0.721974
0.826475, 0.716617
0.849304, 0.711055
0.872526, 0.705251
0.896085, 0.699066
0.919867, 0.692349
0.943754, 0.684957
0.967707, 0.676777
0.0393619, 0.694454
0.0628922, 0.703481
0.0863701, 0.71164
0.109777, 0.719043
0.133022, 0.725826
0.156025, 0.732127
0.178729, 0.738078
0.201156, 0.743767
0.223463, 0.749163
0.245866, 0.754134
0.268504, 0.758551
0.291387, 0.762372
0.314455, 0.765616
0.337636, 0.768331
0.360871, 0.770567
0.384118, 0.772372
0.407349, 0.773789
0.430551, 0.774852
0.453723, 0.77559
0.476868, 0.776025
0.5, 0.776168
0.523132, 0.776025
0.546277, 0.77559
0.569449, 0.774852
0.592651, 0.773789
0.615882, 0.772372
0.639129, 0.770567
0.662364, 0.768331
0.685545, 0.765616
0.708613, 0.762372
0.731496, 0.758551
0.754134, 0.754134
0.776537, 0.749163
0.798844, 0.743767
0.821271, 0.738078
0.843975, 0.732127
0.866978, 0.725826
0.890223, 0.719043
0.91363, 0.71164
0.937108, 0.703481
0.960638, 0.694454
0.0472307, 0.712132
0.0702969, 0.722011
0.0933234, 0.730944
0.116305, 0.739042
0.139177, 0.746435
0.161882, 0.753244
0.184376, 0.75959
0.206651, 0.765574
0.228763, 0.771237
0.250837, 0.776537
0.273004, 0.781377
0.29534, 0.785677
0.317847, 0.789405
0.340488, 0.792576
0.363218, 0.795223
0.385999, 0.797385
0.408802, 0.799099
0.43161, 0.800398
0.454413, 0.801307
0.477209, 0.801845
0.5, 0.802023
0.522791, 0.801845
0.545587, 0.801307
0.56839, 0.800398
0.591198, 0.799099
0.614001, 0.797385
0.636782, 0.795223
0.659512, 0.792576
0.682153, 0.789405
0.70466, 0.785677
0.726996, 0.781377
0.749163, 0.776537
0.771237, 0.771237
0.793349, 0.765574
0.815624, 0.75959
0.838118, 0.753244
0.860823, 0.746435
0.883695, 0.739042
0.906677, 0.730944
0.929703, 0.722011
0.952769, 0.712132
0.055942, 0.72981
0.0785023, 0.740547
0.101033, 0.750262
0.12354, 0.759064
0.145976, 0.767079
0.168304, 0.774417
0.190493, 0.781183
0.212529, 0.787471
0.234426, 0.793349
0.256233, 0.798844
0.278026, 0.803931
0.299879, 0.808555
0.321836, 0.812667
0.343907, 0.81624
0.366076, 0.819274
0.388321, 0.821785
0.410616, 0.823798
0.432943, 0.825335
0.455288, 0.826417
0.477642, 0.82706
0.5, 0.827274
0.522358, 0.82706
0.544712, 0.826417
0.567057, 0.825335
0.589384, 0.823798
0.611679, 0.821785
0.633924, 0.819274
0.656093, 0.81624
0.678164, 0.812667
0.700121, 0.808555
0.721974, 0.803931
0.743767, 0.798844
0.765574, 0.793349
0.787471, 0.787471
0.809507, 0.781183
0.831696, 0.774417
0.854024, 0.767079
0.87646, 0.759064
0.898967, 0.750262
0.921498, 0.740547
0.944058, 0.72981
0.0655463, 0.747487
0.0875581, 0.759089
0.109549, 0.769591
0.13153, 0.779107
0.15347, 0.787759
0.175341, 0.79565
0.197127, 0.802873
0.218817, 0.809507
0.24041, 0.815624
0.261922, 0.821271
0.283383, 0.826475
0.304833, 0.831233
0.32631, 0.835525
0.347841, 0.839324
0.369437, 0.842613
0.391098, 0.845382
0.412815, 0.847632
0.434576, 0.849368
0.456368, 0.850601
0.478179, 0.851337
0.5, 0.851581
0.521821, 0.851337
0.543632, 0.850601
0.565424, 0.849368
0.587185, 0.847632
0.608902, 0.845382
0.630563, 0.842613
0.652159, 0.839324
0.67369, 0.835525
0.695167, 0.831233
0.716617, 0.826475
0.738078, 0.821271
0.75959, 0.815624
0.781183, 0.809507
0.802873, 0.802873
0.824659, 0.79565
0.84653, 0.787759
0.86847, 0.779107
0.890451, 0.769591
0.912442, 0.759089
0.934454, 0.747487
0.0761044, 0.765165
0.0975236, 0.777635
0.118928, 0.788932
0.140332, 0.799171
0.161715, 0.808475
0.183058, 0.816942
0.20435, 0.824659
0.225583, 0.831696
0.246756, 0.838118
0.267873, 0.843975
0.288945, 0.849304
0.309988, 0.85413
0.331018, 0.858466
0.352054, 0.862311
0.373109, 0.865661
0.394193, 0.868507
0.415308, 0.870841
0.436452, 0.87266
0.45762, 0.87396
0.478806, 0.87474
0.5, 0.875
0.521194, 0.87474
0.54238, 0.87396
0.563548, 0.87266
0.584692, 0.870841
0.605807, 0.868507
0.626891, 0.865661
0.647946, 0.862311
0.668982, 0.858466
0.690012, 0.85413
0.711055, 0.849304
0.732127, 0.843975
0.753244, 0.838118
0.774417, 0.831696
0.79565, 0.824659
0.816942, 0.816942
0.838285, 0.808475
0.859668, 0.799171
0.881072, 0.788932
0.902476, 0.777635
0.923896, 0.765165
0.0876894, 0.782843
0.10847, 0.796185
0.129239, 0.80828
0.150015, 0.81925
0.170781, 0.829219
0.191525, 0.838285
0.212241, 0.84653
0.232921, 0.854024
0.253565, 0.860823
0.274174, 0.866978
0.294749, 0.872526
0.315298, 0.8775
0.335827, 0.881923
0.356342, 0.885811
0.376853, 0.889175
0.397363, 0.89202
0.417878, 0.894348
0.4384, 0.89616
0.458929, 0.897456
0.479463, 0.898234
0.5, 0.898493
0.520537, 0.898234
0.541071, 0.897456
0.5616, 0.89616
0.582122, 0.894348
0.602637, 0.89202
0.623147, 0.889175
0.643658, 0.885811
0.664173, 0.881923
0.684702, 0.8775
0.705251, 0.872526
0.725826, 0.866978
0.746435, 0.860823
0.767079, 0.854024
0.787759, 0.84653
0.808475, 0.838285
0.829219, 0.829219
0.849985, 0.81925
0.870761, 0.80828
0.89153, 0.796185
0.912311, 0.782843
0.100391, 0.80052
0.120484, 0.814736
0.140568, 0.827632
0.16066, 0.83934
0.18075, 0.849985
0.200829, 0.859668
0.220893, 0.86847
0.240936, 0.87646
0.260958, 0.883695
0.280957, 0.890223
0.300934, 0.896085
0.32089, 0.901313
0.340829, 0.905935
0.360751, 0.909974
0.380662, 0.913445
0.400563, 0.916365
0.420457, 0.918741
0.440346, 0.920583
0.460232, 0.921895
0.480116, 0.922681
0.5, 0.922943
0.519884, 0.922681
0.539768, 0.921895
0.559654, 0.920583
0.579543, 0.918741
0.599437, 0.916365
0.619338, 0.913445
0.639249, 0.909974
0.659171, 0.905935
0.67911, 0.901313
0.699066, 0.896085
0.719043, 0.890223
0.739042, 0.883695
0.759064, 0.87646
0.779107, 0.86847
0.799171, 0.859668
0.81925, 0.849985
0.83934, 0.83934
0.859432, 0.827632
0.879516, 0.814736
0.899609, 0.80052
0.114319, 0.818198
0.133671, 0.833287
0.153016, 0.846984
0.172368, 0.859432
0.19172, 0.870761
0.211068, 0.881072
0.230409, 0.890451
0.249738, 0.898967
0.269056, 0.906677
0.28836, 0.91363
0.307651, 0.919867
0.326928, 0.925424
0.346192, 0.930329
0.365445, 0.934606
0.384687, 0.938276
0.40392, 0.941355
0.423145, 0.943857
0.442364, 0.945793
0.461579, 0.94717
0.48079, 0.947994
0.5, 0.948268
0.51921, 0.947994
0.538421, 0.94717
0.557636, 0.945793
0.576855, 0.943857
0.59608, 0.941355
0.615313, 0.938276
0.634555, 0.934606
0.653808, 0.930329
0.673072, 0.925424
0.692349, 0.919867
0.71164, 0.91363
0.730944, 0.906677
0.750262, 0.898967
0.769591, 0.890451
0.788932, 0.881072
0.80828, 0.870761
0.827632, 0.859432
0.846984, 0.846984
0.866329, 0.833287
0.885681, 0.818198
0.129612, 0.835876
0.148165, 0.851835
0.166713, 0.866329
0.185264, 0.879516
0.203815, 0.89153
0.222365, 0.902476
0.240911, 0.912442
0.259453, 0.921498
0.277989, 0.929703
0.296519, 0.937108
0.315043, 0.943754
0.333561, 0.949676
0.352072, 0.954904
0.370578, 0.959465
0.389078, 0.963378
0.407573, 0.966661
0.426063, 0.969328
0.444551, 0.971392
0.463035, 0.97286
0.481518, 0.973738
0.5, 0.97403
0.518482, 0.973738
0.536965, 0.97286
0.555449, 0.971392
0.573937, 0.969328
0.592427, 0.966661
0.610922, 0.963378
0.629422, 0.959465
0.647928, 0.954904
0.666439, 0.949676
0.684957, 0.943754
0.703481, 0.937108
0.722011, 0.929703
0.740547, 0.921498
0.759089, 0.912442
0.777635, 0.902476
0.796185, 0.89153
0.814736, 0.879516
0.833287, 0.866329
0.851835, 0.851835
0.870388, 0.835876
0.146447, 0.853553
0.164124, 0.870388
0.181802, 0.885681
0.19948, 0.899609
0.217157, 0.912311
0.234835, 0.923896
0.252513, 0.934454
0.27019, 0.944058
0.287868, 0.952769
0.305546, 0.960638
0.323223, 0.967707
0.340901, 0.974012
0.358579, 0.979583
0.376256, 0.984446
0.393934, 0.988621
0.411612, 0.992125
0.429289, 0.994975
0.446967, 0.99718
0.464645, 0.998748
0.482322, 0.999687
0.5, 1
0.517678, 0.999687
0.535355, 0.998748
0.553033, 0.99718
0.570711, 0.994975
0.588388, 0.992125
0.606066, 0.988621
0.623744, 0.984446
0.641421, 0.979583
0.659099, 0.974012
0.676777, 0.967707
0.694454, 0.960638
0.712132, 0.952769
0.72981, 0.944058
0.747487, 0.934454
0.765165, 0.923896
0.782843, 0.912311
0.80052, 0.899609
0.818198, 0.885681
0.835876, 0.870388
0.853553, 0.853553
0.146892, 0.146892
0.165015, 0.131272
0.18314, 0.117068
0.201265, 0.104128
0.219388, 0.0923309
0.237511, 0.0815786
0.25563, 0.0717916
0.273747, 0.062904
0.291861, 0.054861
0.309972, 0.0476169
0.32808, 0.041133
0.346185, 0.0353768
0.364287, 0.0303209
0.382387, 0.0259423
0.400485, 0.0222221
0.418582, 0.0191445
0.436676, 0.0166969
0.45477, 0.0148695
0.472862, 0.0136552
0.490954, 0.0130492
0.509046, 0.0130492
0.527138, 0.0136552
0.54523, 0.0148695
0.563324, 0.0166969
0.581418, 0.0191445
0.599515, 0.0222221
0.617613, 0.0259423
0.635713, 0.0303209
0.653815, 0.0353768
0.67192, 0.041133
0.690028, 0.0476169
0.708139, 0.054861
0.726253, 0.062904
0.74437, 0.0717916
0.762489, 0.0815786
0.780612, 0.0923309
0.798735, 0.104128
0.81686, 0.117068
0.834985, 0.131272
0.853108, 0.146892
0.131272, 0.165015
0.15022, 0.15022
0.169176, 0.13678
0.188135, 0.124547
0.207092, 0.113405
0.226044, 0.10326
0.24499, 0.0940336
0.263928, 0.0856626
0.282857, 0.0780931
0.301777, 0.0712802
0.320688, 0.0651862
0.339589, 0.059779
0.358482, 0.055032
0.377367, 0.0509225
0.396246, 0.0474319
0.415118, 0.044545
0.433986, 0.0422495
0.45285, 0.0405359
0.471711, 0.0393973
0.490571, 0.0388291
0.509429, 0.0388291
0.528289, 0.0393973
0.54715, 0.0405359
0.566014, 0.0422495
0.584882, 0.044545
0.603754, 0.0474319
0.622633, 0.0509225
0.641518, 0.055032
0.660411, 0.059779
0.679312, 0.0651862
0.698223, 0.0712802
0.717143, 0.0780931
0.736072, 0.0856626
0.75501, 0.0940336
0.773956, 0.10326
0.792908, 0.113405
0.811865, 0.124547
0.830824, 0.13678
0.84978, 0.15022
0.868728, 0.165015
0.117068, 0.18314
0.13678, 0.169176
0.156503, 0.156503
0.17623, 0.14498
0.195951, 0.134494
0.215663, 0.124952
0.235361, 0.11628
0.255043, 0.108413
0.274708, 0.101302
0.294357, 0.0948998
0.313989, 0.0891717
0.333606, 0.0840867
0.35321, 0.0796194
0.372802, 0.075749
0.392385, 0.0724587
0.411961, 0.0697352
0.43153, 0.0675679
0.451096, 0.0659489
0.470659, 0.0648726
0.49022, 0.0643353
0.50978, 0.0643353
0.529341, 0.0648726
0.548904, 0.0659489
0.56847, 0.0675679
0.588039, 0.0697352
0.607615, 0.0724587
0.627198, 0.075749
0.64679, 0.0796194
0.666394, 0.0840867
0.686011, 0.0891717
0.705643, 0.0948998
0.725292, 0.101302
0.744957, 0.108413
0.764639, 0.11628
0.784337, 0.124952
0.804049, 0.134494
0.82377, 0.14498
0.843497, 0.156503
0.86322, 0.169176
0.882932, 0.18314
0.104128, 0.201265
0.124547, 0.188135
0.14498, 0.17623
0.165413, 0.165413
0.185833, 0.155574
0.206234, 0.146623
0.226611, 0.138485
0.24696, 0.131098
0.267281, 0.12441
0.287576, 0.118378
0.307848, 0.112966
0.3281, 0.108148
0.348337, 0.103902
0.368564, 0.100209
0.388786, 0.09706
0.409005, 0.0944447
0.429223, 0.0923577
0.449443, 0.0907951
0.469665, 0.0897545
0.489888, 0.0892345
0.510112, 0.0892345
0.530335, 0.0897545
0.550557, 0.0907951
0.570777, 0.0923577
0.590995, 0.0944447
0.611214, 0.09706
0.631436, 0.100209
0.651663, 0.103902
0.6719, 0.108148
0.692152, 0.112966
0.712424, 0.118378
0.732719, 0.12441
0.75304, 0.131098
0.773389, 0.138485
0.793766, 0.146623
0.814167, 0.155574
0.834587, 0.165413
0.85502, 0.17623
0.875453, 0.188135
0.895872, 0.201265
0.0923309, 0.219388
0.113405, 0.207092
0.134494, 0.195951
0.155574, 0.185833
0.17663, 0.17663
0.19765, 0.16825
0.218628, 0.160618
0.239561, 0.15367
0.26045, 0.147353
0.281301, 0.141625
0.302122, 0.136454
0.322923, 0.131819
0.343716, 0.127705
0.364512, 0.124105
0.385318, 0.121018
0.406138, 0.118443
0.426975, 0.116381
0.447827, 0.114834
0.468691, 0.113802
0.489563, 0.113285
0.510437, 0.113285
0.531309, 0.113802
0.552173, 0.114834
0.573025, 0.116381
0.593862, 0.118443
0.614682, 0.121018
0.635488, 0.124105
0.656284, 0.127705
0.677077, 0.131819
0.697878, 0.136454
0.718699, 0.141625
0.73955, 0.147353
0.760439, 0.15367
0.781372, 0.160618
0.80235, 0.16825
0.82337, 0.17663
0.844426, 0.185833
0.865506, 0.195951
0.886595, 0.207092
0.907669, 0.219388
0.0815786, 0.237511
0.10326, 0.226044
0.124952, 0.215663
0.146623, 0.206234
0.16825, 0.19765
0.189817, 0.189817
0.211314, 0.182654
0.232738, 0.176093
0.254095, 0.17008
0.275401, 0.164578
0.296678, 0.159564
0.31795, 0.155033
0.339241, 0.15099
0.360565, 0.147443
0.381929, 0.1444
0.403335, 0.141867
0.424777, 0.139845
0.446248, 0.138332
0.46774, 0.137326
0.489245, 0.136824
0.510755, 0.136824
0.53226, 0.137326
0.553752, 0.138332
0.575223, 0.139845
0.596665, 0.141867
0.618071, 0.1444
0.639435, 0.147443
0.660759, 0.15099
0.68205, 0.155033
0.703322, 0.159564
0.724599, 0.164578
0.745905, 0.17008
0.767262, 0.176093
0.788686, 0.182654
0.810183, 0.189817
0.83175, 0.19765
0.853377, 0.206234
0.875048, 0.215663
0.89674, 0.226044
0.918421, 0.237511
0.0717916, 0.25563
0.0940336, 0.24499
0.11628, 0.235361
0.138485, 0.226611
0.160618, 0.218628
0.182654, 0.211314
0.204578, 0.204578
0.226392, 0.198349
0.248115, 0.192578
0.269788, 0.187246
0.29146, 0.182362
0.313174, 0.177952
0.334957, 0.17404
0.356814, 0.170642
0.378741, 0.167762
0.400724, 0.165392
0.422749, 0.163518
0.444803, 0.162128
0.466875, 0.161209
0.488957, 0.160752
0.511043, 0.160752
0.533125, 0.161209
0.555197, 0.162128
0.577251, 0.163518
0.599276, 0.165392
0.621259, 0.167762
0.643186, 0.170642
0.665043, 0.17404
0.686826, 0.177952
0.70854, 0.182362
0.730212, 0.187246
0.751885, 0.192578
0.773608, 0.198349
0.795422, 0.204578
0.817346, 0.211314
0.839382, 0.218628
0.861515, 0.226611
0.88372, 0.235361
0.905966, 0.24499
0.928208, 0.25563
0.062904, 0.273747
0.0856626, 0.263928
0.108413, 0.255043
0.131098, 0.24696
0.15367, 0.239561
0.176093, 0.232738
0.198349, 0.226392
0.220454, 0.220454
0.242466, 0.214904
0.264471, 0.209767
0.286547, 0.205099
0.308737, 0.200945
0.331045, 0.197327
0.353453, 0.19424
0.375933, 0.191662
0.398459, 0.189567
0.421011, 0.187928
0.443576, 0.186722
0.466145, 0.185928
0.488715, 0.185534
0.511285, 0.185534
0.533855, 0.185928
0.556424, 0.186722
0.578989, 0.187928
0.601541, 0.189567
0.624067, 0.191662
0.646547, 0.19424
0.668955, 0.197327
0.691263, 0.200945
0.713453, 0.205099
0.735529, 0.209767
0.757534, 0.214904
0.779546, 0.220454
0.801651, 0.226392
0.823907, 0.232738
0.84633, 0.239561
0.868902, 0.24696
0.891587, 0.255043
0.914337, 0.263928
0.937096, 0.273747
0.054861, 0.291861
0.0780931, 0.282857
0.101302, 0.274708
0.12441, 0.267281
0.147353, 0.26045
0.17008, 0.254095
0.192578, 0.248115
0.214904, 0.242466
0.237183, 0.237183
0.259553, 0.232352
0.282091, 0.228047
0.304802, 0.224298
0.327652, 0.221096
0.350592, 0.218407
0.373581, 0.216191
0.396588, 0.214411
0.419592, 0.21303
0.442582, 0.212022
0.465557, 0.211362
0.48852, 0.211036
0.51148, 0.211036
0.534443, 0.211362
0.557418, 0.212022
0.580408, 0.21303
0.603412, 0.214411
0.626419, 0.216191
0.649408, 0.218407
0.672348, 0.221096
0.695198, 0.224298
0.717909, 0.228047
0.740447, 0.232352
0.762817, 0.237183
0.785096, 0.242466
0.807422, 0.248115
0.82992, 0.254095
0.852647, 0.26045
0.87559, 0.267281
0.898698, 0.274708
0.921907, 0.282857
0.945139, 0.291861
0.0476169, 0.309972
0.0712802, 0.301777
0.0948998, 0.294357
0.118378, 0.287576
0.141625, 0.281301
0.164578, 0.275401
0.187246, 0.269788
0.209767, 0.264471
0.232352, 0.259553
0.255151, 0.255151
0.278195, 0.251318
0.301436, 0.248047
0.324801, 0.245298
0.348227, 0.243022
0.371665, 0.241171
0.395083, 0.239702
0.418463, 0.238576
0.441799, 0.23776
0.465097, 0.23723
0.488369, 0.236969
0.511631, 0.236969
0.534903, 0.23723
0.558201, 0.23776
0.581537, 0.238576
0.604917, 0.239702
0.628335, 0.241171
0.651773, 0.243022
0.675199, 0.245298
0.698564, 0.248047
0.721805, 0.251318
0.744849, 0.255151
0.767648, 0.259553
0.790233, 0.264471
0.812754, 0.269788
0.835422, 0.275401
0.858375, 0.281301
0.881622, 0.287576
0.9051, 0.294357
0.92872, 0.301777
0.952383, 0.309972
0.041133, 0.32808
0.0651862, 0.320688
0.0891717, 0.313989
0.112966, 0.307848
0.136454, 0.302122
0.159564, 0.296678
0.182362, 0.29146
0.205099, 0.286547
0.228047, 0.282091
0.251318, 0.278195
0.274873, 0.274873
0.298615, 0.272086
0.322452, 0.269779
0.34631, 0.267899
0.370137, 0.266394
0.3939, 0.265216
0.417587, 0.264324
0.441197, 0.263683
0.464745, 0.263269
0.488253, 0.263065
0.511747, 0.263065
0.535255, 0.263269
0.558803, 0.263683
0.582413, 0.264324
0.6061, 0.265216
0.629863, 0.266394
0.65369, 0.267899
0.677548, 0.269779
0.701385, 0.272086
0.725127, 0.274873
0.748682, 0.278195
0.771953, 0.282091
0.794901, 0.286547
0.817638, 0.29146
0.840436, 0.296678
0.863546, 0.302122
0.887034, 0.307848
0.910828, 0.313989
0.934814, 0.320688
0.958867, 0.32808
0.0353768, 0.346185
0.059779, 0.339589
0.0840867, 0.333606
0.108148, 0.3281
0.131819, 0.322923
0.155033, 0.31795
0.177952, 0.313174
0.200945, 0.308737
0.224298, 0.304802
0.248047, 0.301436
0.272086, 0.298615
0.296287, 0.296287
0.320546, 0.294394
0.344782, 0.292878
0.368939, 0.291683
0.392986, 0.290758
0.416915, 0.29006
0.440737, 0.289556
0.464476, 0.289226
0.488164, 0.289062
0.511836, 0.289062
0.535524, 0.289226
0.559263, 0.289556
0.583085, 0.29006
0.607014, 0.290758
0.631061, 0.291683
0.655218, 0.292878
0.679454, 0.294394
0.703713, 0.296287
0.727914, 0.298615
0.751953, 0.301436
0.775702, 0.304802
0.799055, 0.308737
0.822048, 0.313174
0.844967, 0.31795
0.868181, 0.322923
0.891852, 0.3281
0.915913, 0.333606
0.940221, 0.339589
0.964623, 0.346185
0.0303209, 0.364287
0.055032, 0.358482
0.0796194, 0.35321
0.103902, 0.348337
0.127705, 0.343716
0.15099, 0.339241
0.17404, 0.334957
0.197327, 0.331045
0.221096, 0.327652
0.245298, 0.324801
0.269779, 0.322452
0.294394, 0.320546
0.319025, 0.319025
0.343583, 0.317827
0.368009, 0.316889
0.392273, 0.316156
0.416379, 0.31558
0.440354, 0.315137
0.464243, 0.314828
0.488085, 0.314665
0.511915, 0.314665
0.535757, 0.314828
0.559646, 0.315137
0.583621, 0.31558
0.607727, 0.316156
0.631991, 0.316889
0.656417, 0.317827
0.680975, 0.319025
0.705606, 0.320546
0.730221, 0.322452
0.754702, 0.324801
0.778904, 0.327652
0.802673, 0.331045
0.82596, 0.334957
0.84901, 0.339241
0.872295, 0.343716
0.896098, 0.348337
0.920381, 0.35321
0.944968, 0.358482
0.969679, 0.364287
0.0259423, 0.382387
0.0509225, 0.377367
0.075749, 0.372802
0.100209, 0.368564
0.124105, 0.364512
0.147443, 0.360565
0.170642, 0.356814
0.19424, 0.353453
0.218407, 0.350592
0.243022, 0.348227
0.267899, 0.34631
0.292878, 0.344782
0.317827, 0.343583
0.342645, 0.342645
0.367265, 0.341893
0.391664, 0.341257
0.415866, 0.340685
0.439938, 0.340172
0.46396, 0.339764
0.487984, 0.339533
0.512016, 0.339533
0.53604, 0.339764
0.560062, 0.340172
0.584134, 0.340685
0.608336, 0.341257
0.632735, 0.341893
0.657355, 0.342645
0.682173, 0.343583
0.707122, 0.344782
0.732101, 0.34631
0.756978, 0.348227
0.781593, 0.350592
0.80576, 0.353453
0.829358, 0.356814
0.852557, 0.360565
0.875895, 0.364512
0.899791, 0.368564
0.924251, 0.372802
0.949078, 0.377367
0.974058, 0.382387
0.0222221, 0.400485
0.0474319, 0.396246
0.0724587, 0.392385
0.09706, 0.388786
0.121018, 0.385318
0.1444, 0.381929
0.167762, 0.378741
0.191662, 0.375933
0.216191, 0.373581
0.241171, 0.371665
0.266394, 0.370137
0.291683, 0.368939
0.316889, 0.368009
0.341893, 0.367265
0.366613, 0.366613
0.39103, 0.365951
0.415216, 0.365224
0.439325, 0.364467
0.46351, 0.363817
0.487818, 0.36344
0.512182, 0.36344
0.53649, 0.363817
0.560675, 0.364467
0.584784, 0.365224
0.60897, 0.365951
0.633387, 0.366613
0.658107, 0.367265
0.683111, 0.368009
0.708317, 0.368939
0.733606, 0.370137
0.758829, 0.371665
0.783809, 0.373581
0.808338, 0.375933
0.832238, 0.378741
0.8556, 0.381929
0.878982, 0.385318
0.90294, 0.388786
0.927541, 0.392385
0.952568, 0.396246
0.977778, 0.400485
0.0191445, 0.418582
0.044545, 0.415118
0.0697352, 0.411961
0.0944447, 0.409005
0.118443, 0.406138
0.141867, 0.403335
0.165392, 0.400724
0.189567, 0.398459
0.214411, 0.396588
0.239702, 0.395083
0.265216, 0.3939
0.290758, 0.392986
0.316156, 0.392273
0.341257, 0.391664
0.365951, 0.39103
0.390234, 0.390234
0.414283, 0.389236
0.438416, 0.38817
0.462852, 0.387284
0.487579, 0.38679
0.512421, 0.38679
0.537148, 0.387284
0.561584, 0.38817
0.585717, 0.389236
0.609766, 0.390234
0.634049, 0.39103
0.658743, 0.391664
0.683844, 0.392273
0.709242, 0.392986
0.734784, 0.3939
0.760298, 0.395083
0.785589, 0.396588
0.810433, 0.398459
0.834608, 0.400724
0.858133, 0.403335
0.881557, 0.406138
0.905555, 0.409005
0.930265, 0.411961
0.955455, 0.415118
0.980856, 0.418582
0.0166969, 0.436676
0.0422495, 0.433986
0.0675679, 0.43153
0.0923577, 0.429223
0.116381, 0.426975
0.139845, 0.424777
0.163518, 0.422749
0.187928, 0.421011
0.21303, 0.419592
0.238576, 0.418463
0.264324, 0.417587
0.29006, 0.416915
0.31558, 0.416379
0.340685, 0.415866
0.365224, 0.415216
0.389236, 0.414283
0.413108, 0.413108
0.437339, 0.41194
0.462123, 0.411056
0.487325, 0.410596
0.512675, 0.410596
0.537877, 0.411056
0.562661, 0.41194
0.586892, 0.413108
0.610764, 0.414283
0.634776, 0.415216
0.659315, 0.415866
0.68442, 0.416379
0.70994, 0.416915
0.735676, 0.417587
0.761424, 0.418463
0.78697, 0.419592
0.812072, 0.421011
0.836482, 0.422749
0.860155, 0.424777
0.883619, 0.426975
0.907642, 0.429223
0.932432, 0.43153
0.957751, 0.433986
0.983303, 0.436676
0.0148695, 0.45477
0.0405359, 0.45285
0.0659489, 0.451096
0.0907951, 0.449443
0.114834, 0.447827
0.138332, 0.446248
0.162128, 0.444803
0.186722, 0.443576
0.212022, 0.442582
0.23776, 0.441799
0.263683, 0.441197
0.289556, 0.440737
0.315137, 0.440354
0.340172, 0.439938
0.364467, 0.439325
0.38817, 0.438416
0.41194, 0.437339
0.436371, 0.436371
0.461516, 0.435697
0.487122, 0.435363
0.512878, 0.435363
0.538484, 0.435697
0.563629, 0.436371
0.58806, 0.437339
0.61183, 0.438416
0.635533, 0.439325
0.659828, 0.439938
0.684863, 0.440354
0.710444, 0.440737
0.736317, 0.441197
0.76224, 0.441799
0.787978, 0.442582
0.813278, 0.443576
0.837872, 0.444803
0.861668, 0.446248
0.885166, 0.447827
0.909205, 0.449443
0.934051, 0.451096
0.959464, 0.45285
0.98513, 0.45477
0.0136552, 0.472862
0.0393973, 0.471711
0.0648726, 0.470659
0.0897545, 0.469665
0.113802, 0.468691
0.137326, 0.46774
0.161209, 0.466875
0.185928, 0.466145
0.211362, 0.465557
0.23723, 0.465097
0.263269, 0.464745
0.289226, 0.464476
0.314828, 0.464243
0.339764, 0.46396
0.363817, 0.46351
0.387284, 0.462852
0.411056, 0.462123
0.435697, 0.461516
0.461115, 0.461115
0.486989, 0.460919
0.513011, 0.460919
0.538885, 0.461115
0.564303, 0.461516
0.588944, 0.462123
0.612716, 0.462852
0.636183, 0.46351
0.660236, 0.46396
0.685172, 0.464243
0.710774, 0.464476
0.736731, 0.464745
0.76277, 0.465097
0.788638, 0.465557
0.814072, 0.466145
0.838791, 0.466875
0.862674, 0.46774
0.886198, 0.468691
0.910245, 0.469665
0.935127, 0.470659
0.960603, 0.471711
0.986345, 0.472862
0.0130492, 0.490954
0.0388291, 0.490571
0.0643353, 0.49022
0.0892345, 0.489888
0.113285, 0.489563
0.136824, 0.489245
0.160752, 0.488957
0.185534, 0.488715
0.211036, 0.48852
0.236969, 0.488369
0.263065, 0.488253
0.289062, 0.488164
0.314665, 0.488085
0.339533, 0.487984
0.36344, 0.487818
0.38679, 0.487579
0.410596, 0.487325
0.435363, 0.487122
0.460919, 0.486989
0.486925, 0.486925
0.513075, 0.486925
0.539081, 0.486989
0.564637, 0.487122
0.589404, 0.487325
0.61321, 0.487579
0.63656, 0.487818
0.660467, 0.487984
0.685335, 0.488085
0.710938, 0.488164
0.736935, 0.488253
0.763031, 0.488369
0.788964, 0.48852
0.814466, 0.488715
0.839248, 0.488957
0.863176, 0.489245
0.886715, 0.489563
0.910765, 0.489888
0.935665, 0.49022
0.961171, 0.490571
0.986951, 0.490954
0.0130492, 0.509046
0.0388291, 0.509429
0.0643353, 0.50978
0.0892345, 0.510112
0.113285, 0.510437
0.136824, 0.510755
0.160752, 0.511043
0.185534, 0.511285
0.211036, 0.51148
0.236969, 0.511631
0.263065, 0.511747
0.289062, 0.511836
0.314665, 0.511915
0.339533, 0.512016
0.36344, 0.512182
0.38679, 0.512421
0.410596, 0.512675
0.435363, 0.512878
0.460919, 0.513011
0.486925, 0.513075
0.513075, 0.513075
0.539081, 0.513011
0.564637, 0.512878
0.589404, 0.512675
0.61321, 0.512421
0.63656, 0.512182
0.660467, 0.512016
0.685335, 0.511915
0.710938, 0.511836
0.736935, 0.511747
0.763031, 0.511631
0.788964, 0.51148
0.814466, 0.511285
0.839248, 0.511043
0.863176, 0.510755
0.886715, 0.510437
0.910765, 0.510112
0.935665, 0.50978
0.961171, 0.509429
0.986951, 0.509046
0.0136552, 0.527138
0.0393973, 0.528289
0.0648726, 0.529341
0.0897545, 0.530335
0.113802, 0.531309
0.137326, 0.53226
0.161209, 0.533125
0.185928, 0.533855
0.211362, 0.534443
0.23723, 0.534903
0.263269, 0.535255
0.289226, 0.535524
0.314828, 0.535757
0.339764, 0.53604
0.363817, 0.53649
0.387284, 0.537148
0.411056, 0.537877
0.435697, 0.538484
0.461115, 0.538885
0.486989, 0.539081
0.513011, 0.539081
0.538885, 0.538885
0.564303, 0.538484
0.588944, 0.537877
0.612716, 0.537148
0.636183, 0.53649
0.660236, 0.53604
0.685172, 0.535757
0.710774, 0.535524
0.736731, 0.535255
0.76277, 0.534903
0.788638, 0.534443
0.814072, 0.533855
0.838791, 0.533125
0.862674, 0.53226
0.886198, 0.531309
0.910245, 0.530335
0.935127, 0.529341
0.960603, 0.528289
0.986345, 0.527138
0.0148695, 0.54523
0.0405359, 0.54715
0.0659489, 0.548904
0.0907951, 0.550557
0.114834, 0.552173
0.138332, 0.553752
0.162128, 0.555197
0.186722, 0.556424
0.212022, 0.557418
0.23776, 0.558201
0.263683, 0.558803
0.289556, 0.559263
0.315137, 0.559646
0.340172, 0.560062
0.364467, 0.560675
0.38817, 0.561584
0.41194, 0.562661
0.436371, 0.563629
0.461516, 0.564303
0.487122, 0.564637
0.512878, 0.564637
0.538484, 0.564303
0.563629, 0.563629
0.58806, 0.562661
0.61183, 0.561584
0.635533, 0.560675
0.659828, 0.560062
0.684863, 0.559646
0.710444, 0.559263
0.736317, 0.558803
0.76224, 0.558201
0.787978, 0.557418
0.813278, 0.556424
0.837872, 0.555197
0.861668, 0.553752
0.885166, 0.552173
0.909205, 0.550557
0.934051, 0.548904
0.959464, 0.54715
0.98513, 0.54523
0.0166969, 0.563324
0.0422495, 0.566014
0.0675679, 0.56847
0.0923577, 0.570777
0.116381, 0.573025
0.139845, 0.575223
0.163518, 0.577251
0.187928, 0.578989
0.21303, 0.580408
0.238576, 0.581537
0.264324, 0.582413
0.29006, 0.583085
0.31558, 0.583621
0.340685, 0.584134
0.365224, 0.584784
0.389236, 0.585717
0.413108, 0.586892
0.437339, 0.58806
0.462123, 0.588944
0.487325, 0.589404
0.512675, 0.589404
0.537877, 0.588944
0.562661, 0.58806
0.586892, 0.586892
0.610764, 0.585717
0.634776, 0.584784
0.659315, 0.584134
0.68442, 0.583621
0.70994, 0.583085
0.735676, 0.582413
0.761424, 0.581537
0.78697, 0.580408
0.812072, 0.578989
0.836482, 0.577251
0.860155, 0.575223
0.883619, 0.573025
0.907642, 0.570777
0.932432, 0.56847
0.957751, 0.566014
0.983303, 0.563324
0.0191445, 0.581418
0.044545, 0.584882
0.0697352, 0.588039
0.0944447, 0.590995
0.118443, 0.593862
0.141867, 0.596665
0.165392, 0.599276
0.189567, 0.601541
0.214411, 0.603412
0.239702, 0.604917
0.265216, 0.6061
0.290758, 0.607014
0.316156, 0.607727
0.341257, 0.608336
0.365951, 0.60897
0.390234, 0.609766
0.414283, 0.610764
0.438416, 0.61183
0.462852, 0.612716
0.487579, 0.61321
0.512421, 0.61321
0.537148, 0.612716
0.561584, 0.61183
0.585717, 0.610764
0.609766, 0.609766
0.634049, 0.60897
0.658743, 0.608336
0.683844, 0.607727
0.709242, 0.607014
0.734784, 0.6061
0.760298, 0.604917
0.785589, 0.603412
0.810433, 0.601541
0.834608, 0.599276
0.858133, 0.596665
0.881557, 0.593862
0.905555, 0.590995
0.930265, 0.588039
0.955455, 0.584882
0.980856, 0.581418
0.0222221, 0.599515
0.0474319, 0.603754
0.0724587, 0.607615
0.09706, 0.611214
0.121018, 0.614682
0.1444, 0.618071
0.167762, 0.621259
0.191662, 0.624067
0.216191, 0.626419
0.241171, 0.628335
0.266394, 0.629863
0.291683, 0.631061
0.316889, 0.631991
0.341893, 0.632735
0.366613, 0.633387
0.39103, 0.634049
0.415216, 0.634776
0.439325, 0.635533
0.46351, 0.636183
0.487818, 0.63656
0.512182, 0.63656
0.53649, 0.636183
0.560675, 0.635533
0.584784, 0.634776
0.60897, 0.634049
0.633387, 0.633387
0.658107, 0.632735
0.683111, 0.631991
0.708317, 0.631061
0.733606, 0.629863
0.758829, 0.628335
0.783809, 0.626419
0.808338, 0.624067
0.832238, 0.621259
0.8556, 0.618071
0.878982, 0.614682
0.90294, 0.611214
0.927541, 0.607615
0.952568, 0.603754
0.977778, 0.599515
0.0259423, 0.617613
0.0509225, 0.622633
0.075749, 0.627198
0.100209, 0.631436
0.124105, 0.635488
0.147443, 0.639435
0.170642, 0.643186
0.19424, 0.646547
0.218407, 0.649408
0.243022, 0.651773
0.267899, 0.65369
0.292878, 0.655218
0.317827, 0.656417
0.342645, 0.657355
0.367265, 0.658107
0.391664, 0.658743
0.415866, 0.659315
0.439938, 0.659828
0.46396, 0.660236
0.487984, 0.660467
0.512016, 0.660467
0.53604, 0.660236
0.560062, 0.659828
0.584134, 0.659315
0.608336, 0.658743
0.632735, 0.658107
0.657355, 0.657355
0.682173, 0.656417
0.707122, 0.655218
0.732101, 0.65369
0.756978, 0.651773
0.781593, 0.649408
0.80576, 0.646547
0.829358, 0.643186
0.852557, 0.639435
0.875895, 0.635488
0.899791, 0.631436
0.924251, 0.627198
0.949078, 0.622633
0.974058, 0.617613
0.0303209, 0.635713
0.055032, 0.641518
0.0796194, 0.64679
0.103902, 0.651663
0.127705, 0.656284
0.15099, 0.660759
0.17404, 0.665043
0.197327, 0.668955
0.221096, 0.672348
0.245298, 0.675199
0.269779, 0.677548
0.294394, 0.679454
0.319025, 0.680975
0.343583, 0.682173
0.368009, 0.683111
0.392273, 0.683844
0.416379, 0.68442
0.440354, 0.684863
0.464243, 0.685172
0.488085, 0.685335
0.511915, 0.685335
0.535757, 0.685172
0.559646, 0.684863
0.583621, 0.68442
0.607727, 0.683844
0.631991, 0.683111
0.656417, 0.682173
0.680975, 0.680975
0.705606, 0.679454
0.730221, 0.677548
0.754702, 0.675199
0.778904, 0.672348
0.802673, 0.668955
0.82596, 0.665043
0.84901, 0.660759
0.872295, 0.656284
0.896098, 0.651663
0.920381, 0.64679
0.944968, 0.641518
0.969679, 0.635713
0.0353768, 0.653815
0.059779, 0.660411
0.0840867, 0.666394
0.108148, 0.6719
0.131819, 0.677077
0.155033, 0.68205
0.177952, 0.686826
0.200945, 0.691263
0.224298, 0.695198
0.248047, 0.698564
0.272086, 0.701385
0.296287, 0.703713
0.320546, 0.705606
0.344782, 0.707122
0.368939, 0.708317
0.392986, 0.709242
0.416915, 0.70994
0.440737, 0.710444
0.464476, 0.710774
0.488164, 0.710938
0.511836, 0.710938
0.535524, 0.710774
0.559263, 0.710444
0.583085, 0.70994
0.607014, 0.709242
0.631061, 0.708317
0.655218, 0.707122
0.679454, 0.705606
0.703713, 0.703713
0.727914, 0.701385
0.751953, 0.698564
0.775702, 0.695198
0.799055, 0.691263
0.822048, 0.686826
0.844967, 0.68205
0.868181, 0.677077
0.891852, 0.6719
0.915913, 0.666394
0.940221, 0.660411
0.964623, 0.653815
0.041133, 0.67192
0.0651862, 0.679312
0.0891717, 0.686011
0.112966, 0.692152
0.136454, 0.697878
0.159564, 0.703322
0.182362, 0.70854
0.205099, 0.713453
0.228047, 0.717909
0.251318, 0.721805
0.274873, 0.725127
0.298615, 0.727914
0.322452, 0.730221
0.34631, 0.732101
0.370137, 0.733606
0.3939, 0.734784
0.417587, 0.735676
0.441197, 0.736317
0.464745, 0.736731
0.488253, 0.736935
0.511747, 0.736935
0.535255, 0.736731
0.558803, 0.736317
0.582413, 0.735676
0.6061, 0.734784
0.629863, 0.733606
0.65369, 0.732101
0.677548, 0.730221
0.701385, 0.727914
0.725127, 0.725127
0.748682, 0.721805
0.771953, 0.717909
0.794901, 0.713453
0.817638, 0.70854
0.840436, 0.703322
0.863546, 0.697878
0.887034, 0.692152
0.910828, 0.686011
0.934814, 0.679312
0.958867, 0.67192
0.0476169, 0.690028
0.0712802, 0.698223
0.0948998, 0.705643
0.118378, 0.712424
0.141625, 0.718699
0.164578, 0.724599
0.187246, 0.730212
0.209767, 0.735529
0.232352, 0.740447
0.255151, 0.744849
0.278195, 0.748682
0.301436, 0.751953
0.324801, 0.754702
0.348227, 0.756978
0.371665, 0.758829
0.395083, 0.760298
0.418463, 0.761424
0.441799, 0.76224
0.465097, 0.76277
0.488369, 0.763031
0.511631, 0.763031
0.534903, 0.76277
0.558201, 0.76224
0.581537, 0.761424
0.604917, 0.760298
0.628335, 0.758829
0.651773, 0.756978
0.675199, 0.754702
0.698564, 0.751953
0.721805, 0.748682
0.744849, 0.744849
0.767648, 0.740447
0.790233, 0.735529
0.812754, 0.730212
0.835422, 0.724599
0.858375, 0.718699
0.881622, 0.712424
0.9051, 0.705643
0.92872, 0.698223
0.952383, 0.690028
0.054861, 0.708139
0.0780931, 0.717143
0.101302, 0.725292
0.12441, 0.732719
0.147353, 0.73955
0.17008, 0.745905
0.192578, 0.751885
0.214904, 0.757534
0.237183, 0.762817
0.259553, 0.767648
0.282091, 0.771953
0.304802, 0.775702
0.327652, 0.778904
0.350592, 0.781593
0.373581, 0.783809
0.396588, 0.785589
0.419592, 0.78697
0.442582, 0.787978
0.465557, 0.788638
0.48852, 0.788964
0.51148, 0.788964
0.534443, 0.788638
0.557418, 0.787978
0.580408, 0.78697
0.603412, 0.785589
0.626419, 0.783809
0.649408, 0.781593
0.672348, 0.778904
0.695198, 0.775702
0.717909, 0.771953
0.740447, 0.767648
0.762817, 0.762817
0.785096, 0.757534
0.807422, 0.751885
0.82992, 0.745905
0.852647, 0.73955
0.87559, 0.732719
0.898698, 0.725292
0.921907, 0.717143
0.945139, 0.708139
0.062904, 0.726253
0.0856626, 0.736072
0.108413, 0.744957
0.131098, 0.75304
0.15367, 0.760439
0.176093, 0.767262
0.198349, 0.773608
0.220454, 0.779546
0.242466, 0.785096
0.264471, 0.790233
0.286547, 0.794901
0.308737, 0.799055
0.331045, 0.802673
0.353453, 0.80576
0.375933, 0.808338
0.398459, 0.810433
0.421011, 0.812072
0.443576, 0.813278
0.466145, 0.814072
0.488715, 0.814466
0.511285, 0.814466
0.533855, 0.814072
0.556424, 0.813278
0.578989, 0.812072
0.601541, 0.810433
0.624067, 0.808338
0.646547, 0.80576
0.668955, 0.802673
0.691263, 0.799055
0.713453, 0.794901
0.735529, 0.790233
0.757534, 0.785096
0.779546, 0.779546
0.801651, 0.773608
0.823907, 0.767262
0.84633, 0.760439
0.868902, 0.75304
0.891587, 0.744957
0.914337, 0.736072
0.937096, 0.726253
0.0717916, 0.74437
0.0940336, 0.75501
0.11628, 0.764639
0.138485, 0.773389
0.160618, 0.781372
0.182654, 0.788686
0.204578, 0.795422
0.226392, 0.801651
0.248115, 0.807422
0.269788, 0.812754
0.29146, 0.817638
0.313174, 0.822048
0.334957, 0.82596
0.356814, 0.829358
0.378741, 0.832238
0.400724, 0.834608
0.422749, 0.836482
0.444803, 0.837872
0.466875, 0.838791
0.488957, 0.839248
0.511043, 0.839248
0.533125, 0.838791
0.555197, 0.837872
0.577251, 0.836482
0.599276, 0.834608
0.621259, 0.832238
0.643186, 0.829358
0.665043, 0.82596
0.686826, 0.822048
0.70854, 0.817638
0.730212, 0.812754
0.751885, 0.807422
0.773608, 0.801651
0.795422, 0.795422
0.817346, 0.788686
0.839382, 0.781372
0.861515, 0.773389
0.88372, 0.764639
0.905966, 0.75501
0.928208, 0.74437
0.0815786, 0.762489
0.10326, 0.773956
0.124952, 0.784337
0.146623, 0.793766
0.16825, 0.80235
0.189817, 0.810183
0.211314, 0.817346
0.232738, 0.823907
0.254095, 0.82992
0.275401, 0.835422
0.296678, 0.840436
0.31795, 0.844967
0.339241, 0.84901
0.360565, 0.852557
0.381929, 0.8556
0.403335, 0.858133
0.424777, 0.860155
0.446248, 0.861668
0.46774, 0.862674
0.489245, 0.863176
0.510755, 0.863176
0.53226, 0.862674
0.553752, 0.861668
0.575223, 0.860155
0.596665, 0.858133
0.618071, 0.8556
0.639435, 0.852557
0.660759, 0.84901
0.68205, 0.844967
0.703322, 0.840436
0.724599, 0.835422
0.745905, 0.82992
0.767262, 0.823907
0.788686, 0.817346
0.810183, 0.810183
0.83175, 0.80235
0.853377, 0.793766
0.875048, 0.784337
0.89674, 0.773956
0.918421, 0.762489
0.0923309, 0.780612
0.113405, 0.792908
0.134494, 0.804049
0.155574, 0.814167
0.17663, 0.82337
0.19765, 0.83175
0.218628, 0.839382
0.239561, 0.84633
0.26045, 0.852647
0.281301, 0.858375
0.302122, 0.863546
0.322923, 0.868181
0.343716, 0.872295
0.364512, 0.875895
0.385318, 0.878982
0.406138, 0.881557
0.426975, 0.883619
0.447827, 0.885166
0.468691, 0.886198
0.489563, 0.886715
0.510437, 0.886715
0.531309, 0.886198
0.552173, 0.885166
0.573025, 0.883619
0.593862, 0.881557
0.614682, 0.878982
0.635488, 0.875895
0.656284, 0.872295
0.677077, 0.868181
0.697878, 0.863546
0.718699, 0.858375
0.73955, 0.852647
0.760439, 0.84633
0.781372, 0.839382
0.80235, 0.83175
0.82337, 0.82337
0.844426, 0.814167
0.865506, 0.804049
0.886595, 0.792908
0.907669, 0.780612
0.104128, 0.798735
0.124547, 0.811865
0.14498, 0.82377
0.165413, 0.834587
0.185833, 0.844426
0.206234, 0.853377
0.226611, 0.861515
0.24696, 0.868902
0.267281, 0.87559
0.287576, 0.881622
0.307848, 0.887034
0.3281, 0.891852
0.348337, 0.896098
0.368564, 0.899791
0.388786, 0.90294
0.409005, 0.905555
0.429223, 0.907642
0.449443, 0.909205
0.469665, 0.910245
0.489888, 0.910765
0.510112, 0.910765
0.530335, 0.910245
0.550557, 0.909205
0.570777, 0.907642
0.590995, 0.905555
0.611214, 0.90294
0.631436, 0.899791
0.651663, 0.896098
0.6719, 0.891852
0.692152, 0.887034
0.712424, 0.881622
0.732719, 0.87559
0.75304, 0.868902
0.773389, 0.861515
0.793766, 0.853377
0.814167, 0.844426
0.834587, 0.834587
0.85502, 0.82377
0.875453, 0.811865
0.895872, 0.798735
0.117068, 0.81686
0.13678, 0.830824
0.156503, 0.843497
0.17623, 0.85502
0.195951, 0.865506
0.215663, 0.875048
0.235361, 0.88372
0.255043, 0.891587
0.274708, 0.898698
0.294357, 0.9051
0.313989, 0.910828
0.333606, 0.915913
0.35321, 0.920381
0.372802, 0.924251
0.392385, 0.927541
0.411961, 0.930265
0.43153, 0.932432
0.451096, 0.934051
0.470659, 0.935127
0.49022, 0.935665
0.50978, 0.935665
0.529341, 0.935127
0.548904, 0.934051
0.56847, 0.932432
0.588039, 0.930265
0.607615, 0.927541
0.627198, 0.924251
0.64679, 0.920381
0.666394, 0.915913
0.686011, 0.910828
0.705643, 0.9051
0.725292, 0.898698
0.744957, 0.891587
0.764639, 0.88372
0.784337, 0.875048
0.804049, 0.865506
0.82377, 0.85502
0.843497, 0.843497
0.86322, 0.830824
0.882932, 0.81686
0.131272, 0.834985
0.15022, 0.84978
0.169176, 0.86322
0.188135, 0.875453
0.207092, 0.886595
0.226044, 0.89674
0.24499, 0.905966
0.263928, 0.914337
0.282857, 0.921907
0.301777, 0.92872
0.320688, 0.934814
0.339589, 0.940221
0.358482, 0.944968
0.377367, 0.949078
0.396246, 0.952568
0.415118, 0.955455
0.433986, 0.957751
0.45285, 0.959464
0.471711, 0.960603
0.490571, 0.961171
0.509429, 0.961171
0.528289, 0.960603
0.54715, 0.959464
0.566014, 0.957751
0.584882, 0.955455
0.603754, 0.952568
0.622633, 0.949078
0.641518, 0.944968
0.660411, 0.940221
0.679312, 0.934814
0.698223, 0.92872
0.717143, 0.921907
0.736072, 0.914337
0.75501, 0.905966
0.773956, 0.89674
0.792908, 0.886595
0.811865, 0.875453
0.830824, 0.86322
0.84978, 0.84978
0.868728, 0.834985
0.146892, 0.853108
0.165015, 0.868728
0.18314, 0.882932
0.201265, 0.895872
0.219388, 0.907669
0.237511, 0.918421
0.25563, 0.928208
0.273747, 0.937096
0.291861, 0.945139
0.309972, 0.952383
0.32808, 0.958867
0.346185, 0.964623
0.364287, 0.969679
0.382387, 0.974058
0.400485, 0.977778
0.418582, 0.980856
0.436676, 0.983303
0.45477, 0.98513
0.472862, 0.986345
0.490954, 0.986951
0.509046, 0.986951
0.527138, 0.986345
0.54523, 0.98513
0.563324, 0.983303
0.581418, 0.980856
0.599515, 0.977778
0.617613, 0.974058
0.635713, 0.969679
0.653815, 0.964623
0.67192, 0.958867
0.690028, 0.952383
0.708139, 0.945139
0.726253, 0.937096
0.74437, 0.928208
0.762489, 0.918421
0.780612, 0.907669
0.798735, 0.895872
0.81686, 0.882932
0.834985, 0.868728
0.853108, 0.853108
