0.146447, 0.146447
0.164124, 0.129612
0.181802, 0.114319
0.19948, 0.100391
0.217157, 0.0876894
0.234835, 0.0761044
0.252513, 0.0655463
0.27019, 0.055942
0.287868, 0.0472307
0.305546, 0.0393619
0.323223, 0.0322928
0.340901, 0.0259879
0.358579, 0.0204168
0.376256, 0.0155544
0.393934, 0.0113795
0.411612, 0.00787451
0.429289, 0.00502525
0.446967, 0.00282045
0.464645, 0.00125157
0.482322, 0.000312598
0.5, 0
0.517678, 0.000312598
0.535355, 0.00125157
0.553033, 0.00282045
0.570711, 0.00502525
0.588388, 0.00787451
0.606066, 0.0113795
0.623744, 0.0155544
0.641421, 0.0204168
0.659099, 0.0259879
0.676777, 0.0322928
0.694454, 0.0393619
0.712132, 0.0472307
0.72981, 0.055942
0.747487, 0.0655463
0.765165, 0.0761044
0.782843, 0.0876894
0.80052, 0.100391
0.818198, 0.114319
0.835876, 0.129612
0.853553, 0.146447
0.129612, 0.164124
0.148171, 0.148171
0.166722, 0.133681
0.185276, 0.120498
0.203831, 0.10849
0.222383, 0.0975502
0.240932, 0.0875913
0.259476, 0.0785424
0.278014, 0.0703439
0.296545, 0.0629462
0.315069, 0.0563071
0.333586, 0.0503914
0.352096, 0.0451688
0.3706, 0.0406142
0.389098, 0.0367063
0.40759, 0.0334276
0.426078, 0.0307636
0.444562, 0.0287031
0.463043, 0.0272373
0.481522, 0.0263602
0.5, 0.0260683
0.518478, 0.0263602
0.536957, 0.0272373
0.555438, 0.0287031
0.573922, 0.0307636
0.59241, 0.0334276
0.610902, 0.0367063
0.6294, 0.0406142
0.647904, 0.0451688
0.666414, 0.0503914
0.684931, 0.0563071
0.703455, 0.0629462
0.721986, 0.0703439
0.740524, 0.0785424
0.759068, 0.0875913
0.777617, 0.0975502
0.796169, 0.10849
0.814724, 0.120498
0.833278, 0.133681
0.851829, 0.148171
0.870388, 0.164124
0.114319, 0.181802
0.133681, 0.166722
0.153032, 0.153032
0.172391, 0.140593
0.19175, 0.129275
0.211104, 0.118975
0.23045, 0.109609
0.249784, 0.101106
0.269104, 0.0934089
0.28841, 0.0864681
0.307701, 0.0802424
0.326977, 0.074697
0.346239, 0.0698027
0.365489, 0.0655349
0.384726, 0.0618732
0.403954, 0.0588009
0.423173, 0.0563045
0.442386, 0.0543733
0.461593, 0.0529994
0.480798, 0.0521772
0.5, 0.0519035
0.519202, 0.0521772
0.538407, 0.0529994
0.557614, 0.0543733
0.576827, 0.0563045
0.596046, 0.0588009
0.615274, 0.0618732
0.634511, 0.0655349
0.653761, 0.0698027
0.673023, 0.074697
0.692299, 0.0802424
0.71159, 0.0864681
0.730896, 0.0934089
0.750216, 0.101106
0.76955, 0.109609
0.788896, 0.118975
0.80825, 0.129275
0.827609, 0.140593
0.846968, 0.153032
0.866319, 0.166722
0.885681, 0.181802
0.100391, 0.19948
0.120498, 0.185276
0.140593, 0.172391
0.160697, 0.160697
0.180797, 0.150067
0.200886, 0.140401
0.220957, 0.131616
0.241007, 0.123643
0.261032, 0.116424
0.281032, 0.10991
0.301008, 0.104062
0.320961, 0.098846
0.340895, 0.0942339
0.360812, 0.090204
0.380715, 0.0867388
0.400608, 0.0838248
0.420493, 0.081452
0.440374, 0.0796129
0.460251, 0.0783025
0.480126, 0.0775175
0.5, 0.077256
0.519874, 0.0775175
0.539749, 0.0783025
0.559626, 0.0796129
0.579507, 0.081452
0.599392, 0.0838248
0.619285, 0.0867388
0.639188, 0.090204
0.659105, 0.0942339
0.679039, 0.098846
0.698992, 0.104062
0.718968, 0.10991
0.738968, 0.116424
0.758993, 0.123643
0.779043, 0.131616
0.799114, 0.140401
0.819203, 0.150067
0.839303, 0.160697
0.859407, 0.172391
0.879502, 0.185276
0.899609, 0.19948
0.0876894, 0.217157
0.10849, 0.203831
0.129275, 0.19175
0.150067, 0.180797
0.170847, 0.170847
0.191604, 0.161801
0.212329, 0.153576
0.233015, 0.1461
0.253661, 0.139316
0.274267, 0.133174
0.294838, 0.127634
0.315379, 0.122666
0.335899, 0.118245
0.356404, 0.114356
0.376904, 0.110989
0.397405, 0.108139
0.41791, 0.105806
0.438423, 0.103989
0.458944, 0.102689
0.47947, 0.101909
0.5, 0.101649
0.52053, 0.101909
0.541056, 0.102689
0.561577, 0.103989
0.58209, 0.105806
0.602595, 0.108139
0.623096, 0.110989
0.643596, 0.114356
0.664101, 0.118245
0.684621, 0.122666
0.705162, 0.127634
0.725733, 0.133174
0.746339, 0.139316
0.766985, 0.1461
0.787671, 0.153576
0.808396, 0.161801
0.829153, 0.170847
0.849933, 0.180797
0.870725, 0.19175
0.89151, 0.203831
0.912311, 0.217157
0.0761044, 0.234835
0.0975502, 0.222383
0.118975, 0.211104
0.140401, 0.200886
0.161801, 0.191604
0.183158, 0.183158
0.204458, 0.175461
0.225693, 0.168437
0.246863, 0.162024
0.267971, 0.15617
0.28903, 0.150837
0.310057, 0.146
0.331071, 0.141648
0.352092, 0.137783
0.373135, 0.134413
0.394208, 0.131547
0.415316, 0.129195
0.436455, 0.127361
0.457621, 0.12605
0.478806, 0.125263
0.5, 0.125
0.521194, 0.125263
0.542379, 0.12605
0.563545, 0.127361
0.584684, 0.129195
0.605792, 0.131547
0.626865, 0.134413
0.647908, 0.137783
0.668929, 0.141648
0.689943, 0.146
0.71097, 0.150837
0.732029, 0.15617
0.753137, 0.162024
0.774307, 0.168437
0.795542, 0.175461
0.816842, 0.183158
0.838199, 0.191604
0.859599, 0.200886
0.881025, 0.211104
0.90245, 0.222383
0.923896, 0.234835
0.0655463, 0.252513
0.0875913, 0.240932
0.109609, 0.23045
0.131616, 0.220957
0.153576, 0.212329
0.175461, 0.204458
0.197251, 0.197251
0.218934, 0.190622
0.240513, 0.184502
0.262003, 0.178839
0.283439, 0.17361
0.304864, 0.168819
0.326318, 0.164492
0.347831, 0.160656
0.369416, 0.157334
0.391072, 0.154535
0.412788, 0.152262
0.434552, 0.150507
0.45635, 0.149262
0.47817, 0.148518
0.5, 0.148271
0.52183, 0.148518
0.54365, 0.149262
0.565448, 0.150507
0.587212, 0.152262
0.608928, 0.154535
0.630584, 0.157334
0.652169, 0.160656
0.673682, 0.164492
0.695136, 0.168819
0.716561, 0.17361
0.737997, 0.178839
0.759487, 0.184502
0.781066, 0.190622
0.802749, 0.197251
0.824539, 0.204458
0.846424, 0.212329
0.868384, 0.220957
0.890391, 0.23045
0.912409, 0.240932
0.934454, 0.252513
0.055942, 0.27019
0.0785424, 0.259476
0.101106, 0.249784
0.123643, 0.241007
0.1461, 0.233015
0.168437, 0.225693
0.190622, 0.218934
0.21264, 0.21264
0.234506, 0.206739
0.256275, 0.201208
0.27803, 0.196076
0.299851, 0.191403
0.321786, 0.187246
0.343844, 0.183634
0.366011, 0.180569
0.388258, 0.178035
0.410562, 0.176006
0.4329, 0.174458
0.455259, 0.173369
0.477627, 0.172722
0.5, 0.172508
0.522373, 0.172722
0.544741, 0.173369
0.5671, 0.174458
0.589438, 0.176006
0.611742, 0.178035
0.633989, 0.180569
0.656156, 0.183634
0.678214, 0.187246
0.700149, 0.191403
0.72197, 0.196076
0.743725, 0.201208
0.765494, 0.206739
0.78736, 0.21264
0.809378, 0.218934
0.831563, 0.225693
0.8539, 0.233015
0.876357, 0.241007
0.898894, 0.249784
0.921458, 0.259476
0.944058, 0.27019
0.0472307, 0.287868
0.0703439, 0.278014
0.0934089, 0.269104
0.116424, 0.261032
0.139316, 0.253661
0.162024, 0.246863
0.184502, 0.240513
0.206739, 0.234506
0.228802, 0.228802
0.250824, 0.223448
0.272948, 0.218553
0.295255, 0.214205
0.317748, 0.210438
0.340389, 0.207242
0.363127, 0.204579
0.385921, 0.20241
0.408739, 0.200694
0.431563, 0.199397
0.454382, 0.19849
0.477193, 0.197955
0.5, 0.197777
0.522807, 0.197955
0.545618, 0.19849
0.568437, 0.199397
0.591261, 0.200694
0.614079, 0.20241
0.636873, 0.204579
0.659611, 0.207242
0.682252, 0.210438
0.704745, 0.214205
0.727052, 0.218553
0.749176, 0.223448
0.771198, 0.228802
0.793261, 0.234506
0.815498, 0.240513
0.837976, 0.246863
0.860684, 0.253661
0.883576, 0.261032
0.906591, 0.269104
0.929656, 0.278014
0.952769, 0.287868
0.0393619, 0.305546
0.0629462, 0.296545
0.0864681, 0.28841
0.10991, 0.281032
0.133174, 0.274267
0.15617, 0.267971
0.178839, 0.262003
0.201208, 0.256275
0.223448, 0.250824
0.245794, 0.245794
0.268394, 0.241326
0.291261, 0.237469
0.314331, 0.234205
0.337525, 0.231485
0.360779, 0.229253
0.384046, 0.227459
0.407297, 0.226056
0.430516, 0.225008
0.453701, 0.224281
0.476858, 0.223855
0.5, 0.223714
0.523142, 0.223855
0.546299, 0.224281
0.569484, 0.225008
0.592703, 0.226056
0.615954, 0.227459
0.639221, 0.229253
0.662475, 0.231485
0.685669, 0.234205
0.708739, 0.237469
0.731606, 0.241326
0.754206, 0.245794
0.776552, 0.250824
0.798792, 0.256275
0.821161, 0.262003
0.84383, 0.267971
0.866826, 0.274267
0.89009, 0.281032
0.913532, 0.28841
0.937054, 0.296545
0.960638, 0.305546
0.0322928, 0.323223
0.0563071, 0.315069
0.0802424, 0.307701
0.104062, 0.301008
0.127634, 0.294838
0.150837, 0.28903
0.17361, 0.283439
0.196076, 0.27803
0.218553, 0.272948
0.241326, 0.268394
0.264467, 0.264467
0.2879, 0.261156
0.31151, 0.258404
0.335204, 0.256149
0.358909, 0.254329
0.382578, 0.252891
0.406186, 0.251785
0.429722, 0.25097
0.453191, 0.250413
0.476609, 0.250088
0.5, 0.249981
0.523391, 0.250088
0.546809, 0.250413
0.570278, 0.25097
0.593814, 0.251785
0.617422, 0.252891
0.641091, 0.254329
0.664796, 0.256149
0.68849, 0.258404
0.7121, 0.261156
0.735533, 0.264467
0.758674, 0.268394
0.781447, 0.272948
0.803924, 0.27803
0.82639, 0.283439
0.849163, 0.28903
0.872366, 0.294838
0.895938, 0.301008
0.919758, 0.307701
0.943693, 0.315069
0.967707, 0.323223
0.0259879, 0.340901
0.0503914, 0.333586
0.074697, 0.326977
0.098846, 0.320961
0.122666, 0.315379
0.146, 0.310057
0.168819, 0.304864
0.191403, 0.299851
0.214205, 0.295255
0.237469, 0.291261
0.261156, 0.2879
0.285118, 0.285118
0.30922, 0.282849
0.333356, 0.281025
0.357452, 0.279586
0.381461, 0.278472
0.405357, 0.277632
0.429138, 0.277021
0.45282, 0.276606
0.476429, 0.276365
0.5, 0.276286
0.523571, 0.276365
0.54718, 0.276606
0.570862, 0.277021
0.594643, 0.277632
0.618539, 0.278472
0.642548, 0.279586
0.666644, 0.281025
0.69078, 0.282849
0.714882, 0.285118
0.738844, 0.2879
0.762531, 0.291261
0.785795, 0.295255
0.808597, 0.299851
0.831181, 0.304864
0.854, 0.310057
0.877334, 0.315379
0.901154, 0.320961
0.925303, 0.326977
0.949609, 0.333586
0.974012, 0.340901
0.0204168, 0.358579
0.0451688, 0.352096
0.0698027, 0.346239
0.0942339, 0.340895
0.118245, 0.335899
0.141648, 0.331071
0.164492, 0.326318
0.187246, 0.321786
0.210438, 0.317748
0.234205, 0.314331
0.258404, 0.31151
0.282849, 0.30922
0.30739, 0.30739
0.331915, 0.305955
0.356345, 0.304849
0.380629, 0.30401
0.404748, 0.303379
0.428709, 0.302913
0.452544, 0.302585
0.476293, 0.302387
0.5, 0.302321
0.523707, 0.302387
0.547456, 0.302585
0.571291, 0.302913
0.595252, 0.303379
0.619371, 0.30401
0.643655, 0.304849
0.668085, 0.305955
0.69261, 0.30739
0.717151, 0.30922
0.741596, 0.31151
0.765795, 0.314331
0.789562, 0.317748
0.812754, 0.321786
0.835508, 0.326318
0.858352, 0.331071
0.881755, 0.335899
0.905766, 0.340895
0.930197, 0.346239
0.954831, 0.352096
0.979583, 0.358579
0.0155544, 0.376256
0.0406142, 0.3706
0.0655349, 0.365489
0.090204, 0.360812
0.114356, 0.356404
0.137783, 0.352092
0.160656, 0.347831
0.183634, 0.343844
0.207242, 0.340389
0.231485, 0.337525
0.256149, 0.335204
0.281025, 0.333356
0.305955, 0.331915
0.330814, 0.330814
0.355514, 0.32998
0.380001, 0.329337
0.404265, 0.328821
0.428337, 0.328387
0.452277, 0.328031
0.47615, 0.327786
0.5, 0.327697
0.52385, 0.327786
0.547723, 0.328031
0.571663, 0.328387
0.595735, 0.328821
0.619999, 0.329337
0.644486, 0.32998
0.669186, 0.330814
0.694045, 0.331915
0.718975, 0.333356
0.743851, 0.335204
0.768515, 0.337525
0.792758, 0.340389
0.816366, 0.343844
0.839344, 0.347831
0.862217, 0.352092
0.885644, 0.356404
0.909796, 0.360812
0.934465, 0.365489
0.959386, 0.3706
0.984446, 0.376256
0.0113795, 0.393934
0.0367063, 0.389098
0.0618732, 0.384726
0.0867388, 0.380715
0.110989, 0.376904
0.134413, 0.373135
0.157334, 0.369416
0.180569, 0.366011
0.204579, 0.363127
0.229253, 0.360779
0.254329, 0.358909
0.279586, 0.357452
0.304849, 0.356345
0.32998, 0.355514
0.354871, 0.354871
0.379464, 0.354319
0.403764, 0.353765
0.427852, 0.353168
0.451861, 0.352575
0.475903, 0.352123
0.5, 0.351953
0.524097, 0.352123
0.548139, 0.352575
0.572148, 0.353168
0.596236, 0.353765
0.620536, 0.354319
0.645129, 0.354871
0.67002, 0.355514
0.695151, 0.356345
0.720414, 0.357452
0.745671, 0.358909
0.770747, 0.360779
0.795421, 0.363127
0.819431, 0.366011
0.842666, 0.369416
0.865587, 0.373135
0.889011, 0.376904
0.913261, 0.380715
0.938127, 0.384726
0.963294, 0.389098
0.988621, 0.393934
0.00787451, 0.411612
0.0334276, 0.40759
0.0588009, 0.403954
0.0838248, 0.400608
0.108139, 0.397405
0.131547, 0.394208
0.154535, 0.391072
0.178035, 0.388258
0.20241, 0.385921
0.227459, 0.384046
0.252891, 0.382578
0.278472, 0.381461
0.30401, 0.380629
0.329337, 0.380001
0.354319, 0.379464
0.378874, 0.378874
0.403041, 0.378096
0.42702, 0.377109
0.4511, 0.376095
0.475447, 0.375342
0.5, 0.375066
0.524553, 0.375342
0.5489, 0.376095
0.57298, 0.377109
0.596959, 0.378096
0.621126, 0.378874
0.645681, 0.379464
0.670663, 0.380001
0.69599, 0.380629
0.721528, 0.381461
0.747109, 0.382578
0.772541, 0.384046
0.79759, 0.385921
0.821965, 0.388258
0.845465, 0.391072
0.868453, 0.394208
0.891861, 0.397405
0.916175, 0.400608
0.941199, 0.403954
0.966572, 0.40759
0.992125, 0.411612
0.00502525, 0.429289
0.0307636, 0.426078
0.0563045, 0.423173
0.081452, 0.420493
0.105806, 0.41791
0.129195, 0.415316
0.152262, 0.412788
0.176006, 0.410562
0.200694, 0.408739
0.226056, 0.407297
0.251785, 0.406186
0.277632, 0.405357
0.303379, 0.404748
0.328821, 0.404265
0.353765, 0.403764
0.378096, 0.403041
0.401937, 0.401937
0.425752, 0.400562
0.450019, 0.399284
0.474843, 0.398428
0.5, 0.398133
0.525157, 0.398428
0.549981, 0.399284
0.574248, 0.400562
0.598063, 0.401937
0.621904, 0.403041
0.646235, 0.403764
0.671179, 0.404265
0.696621, 0.404748
0.722368, 0.405357
0.748215, 0.406186
0.773944, 0.407297
0.799306, 0.408739
0.823994, 0.410562
0.847738, 0.412788
0.870805, 0.415316
0.894194, 0.41791
0.918548, 0.420493
0.943696, 0.423173
0.969236, 0.426078
0.994975, 0.429289
0.00282045, 0.446967
0.0287031, 0.444562
0.0543733, 0.442386
0.0796129, 0.440374
0.103989, 0.438423
0.127361, 0.436455
0.150507, 0.434552
0.174458, 0.4329
0.199397, 0.431563
0.225008, 0.430516
0.25097, 0.429722
0.277021, 0.429138
0.302913, 0.428709
0.328387, 0.428337
0.353168, 0.427852
0.377109, 0.42702
0.400562, 0.425752
0.424348, 0.424348
0.448967, 0.423214
0.474302, 0.422526
0.5, 0.422298
0.525698, 0.422526
0.551033, 0.423214
0.575652, 0.424348
0.599438, 0.425752
0.622891, 0.42702
0.646832, 0.427852
0.671613, 0.428337
0.697087, 0.428709
0.722979, 0.429138
0.74903, 0.429722
0.774992, 0.430516
0.800603, 0.431563
0.825542, 0.4329
0.849493, 0.434552
0.872639, 0.436455
0.896011, 0.438423
0.920387, 0.440374
0.945627, 0.442386
0.971297, 0.444562
0.99718, 0.446967
0.00125157, 0.464645
0.0272373, 0.463043
0.0529994, 0.461593
0.0783025, 0.460251
0.102689, 0.458944
0.12605, 0.457621
0.149262, 0.45635
0.173369, 0.455259
0.19849, 0.454382
0.224281, 0.453701
0.250413, 0.453191
0.276606, 0.45282
0.302585, 0.452544
0.328031, 0.452277
0.352575, 0.451861
0.376095, 0.4511
0.399284, 0.450019
0.423214, 0.448967
0.4482, 0.4482
0.473927, 0.447756
0.5, 0.447612
0.526073, 0.447756
0.5518, 0.4482
0.576786, 0.448967
0.600716, 0.450019
0.623905, 0.4511
0.647425, 0.451861
0.671969, 0.452277
0.697415, 0.452544
0.723394, 0.45282
0.749587, 0.453191
0.775719, 0.453701
0.80151, 0.454382
0.826631, 0.455259
0.850738, 0.45635
0.87395, 0.457621
0.897311, 0.458944
0.921698, 0.460251
0.947001, 0.461593
0.972763, 0.463043
0.998748, 0.464645
0.000312598, 0.482322
0.0263602, 0.481522
0.0521772, 0.480798
0.0775175, 0.480126
0.101909, 0.47947
0.125263, 0.478806
0.148518, 0.47817
0.172722, 0.477627
0.197955, 0.477193
0.223855, 0.476858
0.250088, 0.476609
0.276365, 0.476429
0.302387, 0.476293
0.327786, 0.47615
0.352123, 0.475903
0.375342, 0.475447
0.398428, 0.474843
0.422526, 0.474302
0.447756, 0.473927
0.473713, 0.473713
0.5, 0.473644
0.526287, 0.473713
0.552244, 0.473927
0.577474, 0.474302
0.601572, 0.474843
0.624658, 0.475447
0.647877, 0.475903
0.672214, 0.47615
0.697613, 0.476293
0.723635, 0.476429
0.749912, 0.476609
0.776145, 0.476858
0.802045, 0.477193
0.827278, 0.477627
0.851482, 0.47817
0.874737, 0.478806
0.898091, 0.47947
0.922483, 0.480126
0.947823, 0.480798
0.97364, 0.481522
0.999687, 0.482322
0, 0.5
0.0260683, 0.5
0.0519035, 0.5
0.077256, 0.5
0.101649, 0.5
0.125, 0.5
0.148271, 0.5
0.172508, 0.5
0.197777, 0.5
0.223714, 0.5
0.249981, 0.5
0.276286, 0.5
0.302321, 0.5
0.327697, 0.5
0.351953, 0.5
0.375066, 0.5
0.398133, 0.5
0.422298, 0.5
0.447612, 0.5
0.473644, 0.5
0.5, 0.5
0.526356, 0.5
0.552388, 0.5
0.577702, 0.5
0.601867, 0.5
0.624934, 0.5
0.648047, 0.5
0.672303, 0.5
0.697679, 0.5
0.723714, 0.5
0.750019, 0.5
0.776286, 0.5
0.802223, 0.5
0.827492, 0.5
0.851729, 0.5
0.875, 0.5
0.898351, 0.5
0.922744, 0.5
0.948096, 0.5
0.973932, 0.5
1, 0.5
0.000312598, 0.517678
0.0263602, 0.518478
0.0521772, 0.519202
0.0775175, 0.519874
0.101909, 0.52053
0.125263, 0.521194
0.148518, 0.52183
0.172722, 0.522373
0.197955, 0.522807
0.223855, 0.523142
0.250088, 0.523391
0.276365, 0.523571
0.302387, 0.523707
0.327786, 0.52385
0.352123, 0.524097
0.375342, 0.524553
0.398428, 0.525157
0.422526, 0.525698
0.447756, 0.526073
0.473713, 0.526287
0.5, 0.526356
0.526287, 0.526287
0.552244, 0.526073
0.577474, 0.525698
0.601572, 0.525157
0.624658, 0.524553
0.647877, 0.524097
0.672214, 0.52385
0.697613, 0.523707
0.723635, 0.523571
0.749912, 0.523391
0.776145, 0.523142
0.802045, 0.522807
0.827278, 0.522373
0.851482, 0.52183
0.874737, 0.521194
0.898091, 0.52053
0.922483, 0.519874
0.947823, 0.519202
0.97364, 0.518478
0.999687, 0.517678
0.00125157, 0.535355
0.0272373, 0.536957
0.0529994, 0.538407
0.0783025, 0.539749
0.102689, 0.541056
0.12605, 0.542379
0.149262, 0.54365
0.173369, 0.544741
0.19849, 0.545618
0.224281, 0.546299
0.250413, 0.546809
0.276606, 0.54718
0.302585, 0.547456
0.328031, 0.547723
0.352575, 0.548139
0.376095, 0.5489
0.399284, 0.549981
0.423214, 0.551033
0.4482, 0.5518
0.473927, 0.552244
0.5, 0.552388
0.526073, 0.552244
0.5518, 0.5518
0.576786, 0.551033
0.600716, 0.549981
0.623905, 0.5489
0.647425, 0.548139
0.671969, 0.547723
0.697415, 0.547456
0.723394, 0.54718
0.749587, 0.546809
0.775719, 0.546299
0.80151, 0.545618
0.826631, 0.544741
0.850738, 0.54365
0.87395, 0.542379
0.897311, 0.541056
0.921698, 0.539749
0.947001, 0.538407
0.972763, 0.536957
0.998748, 0.535355
0.00282045, 0.553033
0.0287031, 0.555438
0.0543733, 0.557614
0.0796129, 0.559626
0.103989, 0.561577
0.127361, 0.563545
0.150507, 0.565448
0.174458, 0.5671
0.199397, 0.568437
0.225008, 0.569484
0.25097, 0.570278
0.277021, 0.570862
0.302913, 0.571291
0.328387, 0.571663
0.353168, 0.572148
0.377109, 0.57298
0.400562, 0.574248
0.424348, 0.575652
0.448967, 0.576786
0.474302, 0.577474
0.5, 0.577702
0.525698, 0.577474
0.551033, 0.576786
0.575652, 0.575652
0.599438, 0.574248
0.622891, 0.57298
0.646832, 0.572148
0.671613, 0.571663
0.697087, 0.571291
0.722979, 0.570862
0.74903, 0.570278
0.774992, 0.569484
0.800603, 0.568437
0.825542, 0.5671
0.849493, 0.565448
0.872639, 0.563545
0.896011, 0.561577
0.920387, 0.559626
0.945627, 0.557614
0.971297, 0.555438
0.99718, 0.553033
0.00502525, 0.570711
0.0307636, 0.573922
0.0563045, 0.576827
0.081452, 0.579507
0.105806, 0.58209
0.129195, 0.584684
0.152262, 0.587212
0.176006, 0.589438
0.200694, 0.591261
0.226056, 0.592703
0.251785, 0.593814
0.277632, 0.594643
0.303379, 0.595252
0.328821, 0.595735
0.353765, 0.596236
0.378096, 0.596959
0.401937, 0.598063
0.425752, 0.599438
0.450019, 0.600716
0.474843, 0.601572
0.5, 0.601867
0.525157, 0.601572
0.549981, 0.600716
0.574248, 0.599438
0.598063, 0.598063
0.621904, 0.596959
0.646235, 0.596236
0.671179, 0.595735
0.696621, 0.595252
0.722368, 0.594643
0.748215, 0.593814
0.773944, 0.592703
0.799306, 0.591261
0.823994, 0.589438
0.847738, 0.587212
0.870805, 0.584684
0.894194, 0.58209
0.918548, 0.579507
0.943696, 0.576827
0.969236, 0.573922
0.994975, 0.570711
0.00787451, 0.588388
0.0334276, 0.59241
0.0588009, 0.596046
0.0838248, 0.599392
0.108139, 0.602595
0.131547, 0.605792
0.154535, 0.608928
0.178035, 0.611742
0.20241, 0.614079
0.227459, 0.615954
0.252891, 0.617422
0.278472, 0.618539
0.30401, 0.619371
0.329337, 0.619999
0.354319, 0.620536
0.378874, 0.621126
0.403041, 0.621904
0.42702, 0.622891
0.4511, 0.623905
0.475447, 0.624658
0.5, 0.624934
0.524553, 0.624658
0.5489, 0.623905
0.57298, 0.622891
0.596959, 0.621904
0.621126, 0.621126
0.645681, 0.620536
0.670663, 0.619999
0.69599, 0.619371
0.721528, 0.618539
0.747109, 0.617422
0.772541, 0.615954
0.79759, 0.614079
0.821965, 0.611742
0.845465, 0.608928
0.868453, 0.605792
0.891861, 0.602595
0.916175, 0.599392
0.941199, 0.596046
0.966572, 0.59241
0.992125, 0.588388
0.0113795, 0.606066
0.0367063, 0.610902
0.0618732, 0.615274
0.0867388, 0.619285
0.110989, 0.623096
0.134413, 0.626865
0.157334, 0.630584
0.180569, 0.633989
0.204579, 0.636873
0.229253, 0.639221
0.254329, 0.641091
0.279586, 0.642548
0.304849, 0.643655
0.32998, 0.644486
0.354871, 0.645129
0.379464, 0.645681
0.403764, 0.646235
0.427852, 0.646832
0.451861, 0.647425
0.475903, 0.647877
0.5, 0.648047
0.524097, 0.647877
0.548139, 0.647425
0.572148, 0.646832
0.596236, 0.646235
0.620536, 0.645681
0.645129, 0.645129
0.67002, 0.644486
0.695151, 0.643655
0.720414, 0.642548
0.745671, 0.641091
0.770747, 0.639221
0.795421, 0.636873
0.819431, 0.633989
0.842666, 0.630584
0.865587, 0.626865
0.889011, 0.623096
0.913261, 0.619285
0.938127, 0.615274
0.963294, 0.610902
0.988621, 0.606066
0.0155544, 0.623744
0.0406142, 0.6294
0.0655349, 0.634511
0.090204, 0.639188
0.114356, 0.643596
0.137783, 0.647908
0.160656, 0.652169
0.183634, 0.656156
0.207242, 0.659611
0.231485, 0.662475
0.256149, 0.664796
0.281025, 0.666644
0.305955, 0.668085
0.330814, 0.669186
0.355514, 0.67002
0.380001, 0.670663
0.404265, 0.671179
0.428337, 0.671613
0.452277, 0.671969
0.47615, 0.672214
0.5, 0.672303
0.52385, 0.672214
0.547723, 0.671969
0.571663, 0.671613
0.595735, 0.671179
0.619999, 0.670663
0.644486, 0.67002
0.669186, 0.669186
0.694045, 0.668085
0.718975, 0.666644
0.743851, 0.664796
0.768515, 0.662475
0.792758, 0.659611
0.816366, 0.656156
0.839344, 0.652169
0.862217, 0.647908
0.885644, 0.643596
0.909796, 0.639188
0.934465, 0.634511
0.959386, 0.6294
0.984446, 0.623744
0.0204168, 0.641421
0.0451688, 0.647904
0.0698027, 0.653761
0.0942339, 0.659105
0.118245, 0.664101
0.141648, 0.668929
0.164492, 0.673682
0.187246, 0.678214
0.210438, 0.682252
0.234205, 0.685669
0.258404, 0.68849
0.282849, 0.69078
0.30739, 0.69261
0.331915, 0.694045
0.356345, 0.695151
0.380629, 0.69599
0.404748, 0.696621
0.428709, 0.697087
0.452544, 0.697415
0.476293, 0.697613
0.5, 0.697679
0.523707, 0.697613
0.547456, 0.697415
0.571291, 0.697087
0.595252, 0.696621
0.619371, 0.69599
0.643655, 0.695151
0.668085, 0.694045
0.69261, 0.69261
0.717151, 0.69078
0.741596, 0.68849
0.765795, 0.685669
0.789562, 0.682252
0.812754, 0.678214
0.835508, 0.673682
0.858352, 0.668929
0.881755, 0.664101
0.905766, 0.659105
0.930197, 0.653761
0.954831, 0.647904
0.979583, 0.641421
0.0259879, 0.659099
0.0503914, 0.666414
0.074697, 0.673023
0.098846, 0.679039
0.122666, 0.684621
0.146, 0.689943
0.168819, 0.695136
0.191403, 0.700149
0.214205, 0.704745
0.237469, 0.708739
0.261156, 0.7121
0.285118, 0.714882
0.30922, 0.717151
0.333356, 0.718975
0.357452, 0.720414
0.381461, 0.721528
0.405357, 0.722368
0.429138, 0.722979
0.45282, 0.723394
0.476429, 0.723635
0.5, 0.723714
0.523571, 0.723635
0.54718, 0.723394
0.570862, 0.722979
0.594643, 0.722368
0.618539, 0.721528
0.642548, 0.720414
0.666644, 0.718975
0.69078, 0.717151
0.714882, 0.714882
0.738844, 0.7121
0.762531, 0.708739
0.785795, 0.704745
0.808597, 0.700149
0.831181, 0.695136
0.854, 0.689943
0.877334, 0.684621
0.901154, 0.679039
0.925303, 0.673023
0.949609, 0.666414
0.974012, 0.659099
0.0322928, 0.676777
0.0563071, 0.684931
0.0802424, 0.692299
0.104062, 0.698992
0.127634, 0.705162
0.150837, 0.71097
0.17361, 0.716561
0.196076, 0.72197
0.218553, 0.727052
0.241326, 0.731606
0.264467, 0.735533
0.2879, 0.738844
0.31151, 0.741596
0.335204, 0.743851
0.358909, 0.745671
0.382578, 0.747109
0.406186, 0.748215
0.429722, 0.74903
0.453191, 0.749587
0.476609, 0.749912
0.5, 0.750019
0.523391, 0.749912
0.546809, 0.749587
0.570278, 0.74903
0.593814, 0.748215
0.617422, 0.747109
0.641091, 0.745671
0.664796, 0.743851
0.68849, 0.741596
0.7121, 0.738844
0.735533, 0.735533
0.758674, 0.731606
0.781447, 0.727052
0.803924, 0.72197
0.82639, 0.716561
0.849163, 0.71097
0.872366, 0.705162
0.895938, 0.698992
0.919758, 0.692299
0.943693, 0.684931
0.967707, 0.676777
0.0393619, 0.694454
0.0629462, 0.703455
0.0864681, 0.71159
0.10991, 0.718968
0.133174, 0.725733
0.15617, 0.732029
0.178839, 0.737997
0.201208, 0.743725
0.223448, 0.749176
0.245794, 0.754206
0.268394, 0.758674
0.291261, 0.762531
0.314331, 0.765795
0.337525, 0.768515
0.360779, 0.770747
0.384046, 0.772541
0.407297, 0.773944
0.430516, 0.774992
0.453701, 0.775719
0.476858, 0.776145
0.5, 0.776286
0.523142, 0.776145
0.546299, 0.775719
0.569484, 0.774992
0.592703, 0.773944
0.615954, 0.772541
0.639221, 0.770747
0.662475, 0.768515
0.685669, 0.765795
0.708739, 0.762531
0.731606, 0.758674
0.754206, 0.754206
0.776552, 0.749176
0.798792, 0.743725
0.821161, 0.737997
0.84383, 0.732029
0.866826, 0.725733
0.89009, 0.718968
0.913532, 0.71159
0.937054, 0.703455
0.960638, 0.694454
0.0472307, 0.712132
0.0703439, 0.721986
0.0934089, 0.730896
0.116424, 0.738968
0.139316, 0.746339
0.162024, 0.753137
0.184502, 0.759487
0.206739, 0.765494
0.228802, 0.771198
0.250824, 0.776552
0.272948, 0.781447
0.295255, 0.785795
0.317748, 0.789562
0.340389, 0.792758
0.363127, 0.795421
0.385921, 0.79759
0.408739, 0.799306
0.431563, 0.800603
0.454382, 0.80151
0.477193, 0.802045
0.5, 0.802223
0.522807, 0.802045
0.545618, 0.80151
0.568437, 0.800603
0.591261, 0.799306
0.614079, 0.79759
0.636873, 0.795421
0.659611, 0.792758
0.682252, 0.789562
0.704745, 0.785795
0.727052, 0.781447
0.749176, 0.776552
0.771198, 0.771198
0.793261, 0.765494
0.815498, 0.759487
0.837976, 0.753137
0.860684, 0.746339
0.883576, 0.738968
0.906591, 0.730896
0.929656, 0.721986
0.952769, 0.712132
0.055942, 0.72981
0.0785424, 0.740524
0.101106, 0.750216
0.123643, 0.758993
0.1461, 0.766985
0.168437, 0.774307
0.190622, 0.781066
0.21264, 0.78736
0.234506, 0.793261
0.256275, 0.798792
0.27803, 0.803924
0.299851, 0.808597
0.321786, 0.812754
0.343844, 0.816366
0.366011, 0.819431
0.388258, 0.821965
0.410562, 0.823994
0.4329, 0.825542
0.455259, 0.826631
0.477627, 0.827278
0.5, 0.827492
0.522373, 0.827278
0.544741, 0.826631
0.5671, 0.825542
0.589438, 0.823994
0.611742, 0.821965
0.633989, 0.819431
0.656156, 0.816366
0.678214, 0.812754
0.700149, 0.808597
0.72197, 0.803924
0.743725, 0.798792
0.765494, 0.793261
0.78736, 0.78736
0.809378, 0.781066
0.831563, 0.774307
0.8539, 0.766985
0.876357, 0.758993
0.898894, 0.750216
0.921458, 0.740524
0.944058, 0.72981
0.0655463, 0.747487
0.0875913, 0.759068
0.109609, 0.76955
0.131616, 0.779043
0.153576, 0.787671
0.175461, 0.795542
0.197251, 0.802749
0.218934, 0.809378
0.240513, 0.815498
0.262003, 0.821161
0.283439, 0.82639
0.304864, 0.831181
0.326318, 0.835508
0.347831, 0.839344
0.369416, 0.842666
0.391072, 0.845465
0.412788, 0.847738
0.434552, 0.849493
0.45635, 0.850738
0.47817, 0.851482
0.5, 0.851729
0.52183, 0.851482
0.54365, 0.850738
0.565448, 0.849493
0.587212, 0.847738
0.608928, 0.845465
0.630584, 0.842666
0.652169, 0.839344
0.673682, 0.835508
0.695136, 0.831181
0.716561, 0.82639
0.737997, 0.821161
0.759487, 0.815498
0.781066, 0.809378
0.802749, 0.802749
0.824539, 0.795542
0.846424, 0.787671
0.868384, 0.779043
0.890391, 0.76955
0.912409, 0.759068
0.934454, 0.747487
0.0761044, 0.765165
0.0975502, 0.777617
0.118975, 0.788896
0.140401, 0.799114
0.161801, 0.808396
0.183158, 0.816842
0.204458, 0.824539
0.225693, 0.831563
0.246863, 0.837976
0.267971, 0.84383
0.28903, 0.849163
0.310057, 0.854
0.331071, 0.858352
0.352092, 0.862217
0.373135, 0.865587
0.394208, 0.868453
0.415316, 0.870805
0.436455, 0.872639
0.457621, 0.87395
0.478806, 0.874737
0.5, 0.875
0.521194, 0.874737
0.542379, 0.87395
0.563545, 0.872639
0.584684, 0.870805
0.605792, 0.868453
0.626865, 0.865587
0.647908, 0.862217
0.668929, 0.858352
0.689943, 0.854
0.71097, 0.849163
0.732029, 0.84383
0.753137, 0.837976
0.774307, 0.831563
0.795542, 0.824539
0.816842, 0.816842
0.838199, 0.808396
0.859599, 0.799114
0.881025, 0.788896
0.90245, 0.777617
0.923896, 0.765165
0.0876894, 0.782843
0.10849, 0.796169
0.129275, 0.80825
0.150067, 0.819203
0.170847, 0.829153
0.191604, 0.838199
0.212329, 0.846424
0.233015, 0.8539
0.253661, 0.860684
0.274267, 0.866826
0.294838, 0.872366
0.315379, 0.877334
0.335899, 0.881755
0.356404, 0.885644
0.376904, 0.889011
0.397405, 0.891861
0.41791, 0.894194
0.438423, 0.896011
0.458944, 0.897311
0.47947, 0.898091
0.5, 0.898351
0.52053, 0.898091
0.541056, 0.897311
0.561577, 0.896011
0.58209, 0.894194
0.602595, 0.891861
0.623096, 0.889011
0.643596, 0.885644
0.664101, 0.881755
0.684621, 0.877334
0.705162, 0.872366
0.725733, 0.866826
0.746339, 0.860684
0.766985, 0.8539
0.787671, 0.846424
0.808396, 0.838199
0.829153, 0.829153
0.849933, 0.819203
0.870725, 0.80825
0.89151, 0.796169
0.912311, 0.782843
0.100391, 0.80052
0.120498, 0.814724
0.140593, 0.827609
0.160697, 0.839303
0.180797, 0.849933
0.200886, 0.859599
0.220957, 0.868384
0.241007, 0.876357
0.261032, 0.883576
0.281032, 0.89009
0.301008, 0.895938
0.320961, 0.901154
0.340895, 0.905766
0.360812, 0.909796
0.380715, 0.913261
0.400608, 0.916175
0.420493, 0.918548
0.440374, 0.920387
0.460251, 0.921698
0.480126, 0.922483
0.5, 0.922744
0.519874, 0.922483
0.539749, 0.921698
0.559626, 0.920387
0.579507, 0.918548
0.599392, 0.916175
0.619285, 0.913261
0.639188, 0.909796
0.659105, 0.905766
0.679039, 0.901154
0.698992, 0.895938
0.718968, 0.89009
0.738968, 0.883576
0.758993, 0.876357
0.779043, 0.868384
0.799114, 0.859599
0.819203, 0.849933
0.839303, 0.839303
0.859407, 0.827609
0.879502, 0.814724
0.899609, 0.80052
0.114319, 0.818198
0.133681, 0.833278
0.153032, 0.846968
0.172391, 0.859407
0.19175, 0.870725
0.211104, 0.881025
0.23045, 0.890391
0.249784, 0.898894
0.269104, 0.906591
0.28841, 0.913532
0.307701, 0.919758
0.326977, 0.925303
0.346239, 0.930197
0.365489, 0.934465
0.384726, 0.938127
0.403954, 0.941199
0.423173, 0.943696
0.442386, 0.945627
0.461593, 0.947001
0.480798, 0.947823
0.5, 0.948096
0.519202, 0.947823
0.538407, 0.947001
0.557614, 0.945627
0.576827, 0.943696
0.596046, 0.941199
0.615274, 0.938127
0.634511, 0.934465
0.653761, 0.930197
0.673023, 0.925303
0.692299, 0.919758
0.71159, 0.913532
0.730896, 0.906591
0.750216, 0.898894
0.76955, 0.890391
0.788896, 0.881025
0.80825, 0.870725
0.827609, 0.859407
0.846968, 0.846968
0.866319, 0.833278
0.885681, 0.818198
0.129612, 0.835876
0.148171, 0.851829
0.166722, 0.866319
0.185276, 0.879502
0.203831, 0.89151
0.222383, 0.90245
0.240932, 0.912409
0.259476, 0.921458
0.278014, 0.929656
0.296545, 0.937054
0.315069, 0.943693
0.333586, 0.949609
0.352096, 0.954831
0.3706, 0.959386
0.389098, 0.963294
0.40759, 0.966572
0.426078, 0.969236
0.444562, 0.971297
0.463043, 0.972763
0.481522, 0.97364
0.5, 0.973932
0.518478, 0.97364
0.536957, 0.972763
0.555438, 0.971297
0.573922, 0.969236
0.59241, 0.966572
0.610902, 0.963294
0.6294, 0.959386
0.647904, 0.954831
0.666414, 0.949609
0.684931, 0.943693
0.703455, 0.937054
0.721986, 0.929656
0.740524, 0.921458
0.759068, 0.912409
0.777617, 0.90245
0.796169, 0.89151
0.814724, 0.879502
0.833278, 0.866319
0.851829, 0.851829
0.870388, 0.835876
0.146447, 0.853553
0.164124, 0.870388
0.181802, 0.885681
0.19948, 0.899609
0.217157, 0.912311
0.234835, 0.923896
0.252513, 0.934454
0.27019, 0.944058
0.287868, 0.952769
0.305546, 0.960638
0.323223, 0.967707
0.340901, 0.974012
0.358579, 0.979583
0.376256, 0.984446
0.393934, 0.988621
0.411612, 0.992125
0.429289, 0.994975
0.446967, 0.99718
0.464645, 0.998748
0.482322, 0.999687
0.5, 1
0.517678, 0.999687
0.535355, 0.998748
0.553033, 0.99718
0.570711, 0.994975
0.588388, 0.992125
0.606066, 0.988621
0.623744, 0.984446
0.641421, 0.979583
0.659099, 0.974012
0.676777, 0.967707
0.694454, 0.960638
0.712132, 0.952769
0.72981, 0.944058
0.747487, 0.934454
0.765165, 0.923896
0.782843, 0.912311
0.80052, 0.899609
0.818198, 0.885681
0.835876, 0.870388
0.853553, 0.853553
0.146895, 0.146895
0.165019, 0.131277
0.183146, 0.117076
0.201273, 0.104139
0.219398, 0.0923455
0.237521, 0.081597
0.255642, 0.0718139
0.27376, 0.0629303
0.291874, 0.0548914
0.309985, 0.0476512
0.328093, 0.041171
0.346198, 0.0354182
0.364299, 0.0303655
0.382398, 0.0259899
0.400495, 0.0222722
0.41859, 0.0191967
0.436683, 0.0167509
0.454774, 0.0149248
0.472865, 0.0137114
0.490955, 0.0131058
0.509045, 0.0131058
0.527135, 0.0137114
0.545226, 0.0149248
0.563317, 0.0167509
0.58141, 0.0191967
0.599505, 0.0222722
0.617602, 0.0259899
0.635701, 0.0303655
0.653802, 0.0354182
0.671907, 0.041171
0.690015, 0.0476512
0.708126, 0.0548914
0.72624, 0.0629303
0.744358, 0.0718139
0.762479, 0.081597
0.780602, 0.0923455
0.798727, 0.104139
0.816854, 0.117076
0.834981, 0.131277
0.853105, 0.146895
0.131277, 0.165019
0.15023, 0.15023
0.169191, 0.136796
0.188155, 0.124571
0.207117, 0.113438
0.226074, 0.103303
0.245024, 0.0940875
0.263965, 0.0857273
0.282897, 0.0781688
0.301817, 0.0713667
0.320728, 0.0652831
0.339628, 0.0598857
0.358519, 0.0551476
0.377401, 0.0510463
0.396276, 0.0475628
0.415144, 0.044682
0.434007, 0.0423914
0.452865, 0.0406815
0.47172, 0.0395454
0.490574, 0.0389785
0.509426, 0.0389785
0.52828, 0.0395454
0.547135, 0.0406815
0.565993, 0.0423914
0.584856, 0.044682
0.603724, 0.0475628
0.622599, 0.0510463
0.641481, 0.0551476
0.660372, 0.0598857
0.679272, 0.0652831
0.698183, 0.0713667
0.717103, 0.0781688
0.736035, 0.0857273
0.754976, 0.0940875
0.773926, 0.103303
0.792883, 0.113438
0.811845, 0.124571
0.830809, 0.136796
0.84977, 0.15023
0.868723, 0.165019
0.117076, 0.183146
0.136796, 0.169191
0.156529, 0.156529
0.176265, 0.145019
0.195995, 0.134547
0.215715, 0.125021
0.23542, 0.116365
0.255107, 0.108515
0.274775, 0.10142
0.294425, 0.0950333
0.314056, 0.0893194
0.33367, 0.0842472
0.35327, 0.0797913
0.372857, 0.0759306
0.392433, 0.0726486
0.412001, 0.0699317
0.431562, 0.0677695
0.451119, 0.0661543
0.470673, 0.0650804
0.490224, 0.0645444
0.509776, 0.0645444
0.529327, 0.0650804
0.548881, 0.0661543
0.568438, 0.0677695
0.587999, 0.0699317
0.607567, 0.0726486
0.627143, 0.0759306
0.64673, 0.0797913
0.66633, 0.0842472
0.685944, 0.0893194
0.705575, 0.0950333
0.725225, 0.10142
0.744893, 0.108515
0.76458, 0.116365
0.784285, 0.125021
0.804005, 0.134547
0.823735, 0.145019
0.843471, 0.156529
0.863204, 0.169191
0.882924, 0.183146
0.104139, 0.201273
0.124571, 0.188155
0.145019, 0.176265
0.165466, 0.165466
0.185899, 0.155646
0.206312, 0.146716
0.226696, 0.138598
0.247051, 0.13123
0.267374, 0.124559
0.287668, 0.118542
0.307935, 0.113143
0.328181, 0.108335
0.348411, 0.104094
0.368629, 0.100406
0.388841, 0.0972588
0.409049, 0.094644
0.429258, 0.0925566
0.449468, 0.0909931
0.46968, 0.0899518
0.489893, 0.0894313
0.510107, 0.0894313
0.53032, 0.0899518
0.550532, 0.0909931
0.570742, 0.0925566
0.590951, 0.094644
0.611159, 0.0972588
0.631371, 0.100406
0.651589, 0.104094
0.671819, 0.108335
0.692065, 0.113143
0.712332, 0.118542
0.732626, 0.124559
0.752949, 0.13123
0.773304, 0.138598
0.793688, 0.146716
0.814101, 0.155646
0.834534, 0.165466
0.854981, 0.176265
0.875429, 0.188155
0.895861, 0.201273
0.0923455, 0.219398
0.113438, 0.207117
0.134547, 0.195995
0.155646, 0.185899
0.176719, 0.176719
0.197752, 0.168362
0.218738, 0.16075
0.239674, 0.153819
0.26056, 0.147515
0.281404, 0.141793
0.302214, 0.136624
0.323002, 0.131984
0.343782, 0.127861
0.364564, 0.12425
0.385357, 0.12115
0.406167, 0.118561
0.426995, 0.116487
0.447839, 0.114929
0.468698, 0.11389
0.489565, 0.11337
0.510435, 0.11337
0.531302, 0.11389
0.552161, 0.114929
0.573005, 0.116487
0.593833, 0.118561
0.614643, 0.12115
0.635436, 0.12425
0.656218, 0.127861
0.676998, 0.131984
0.697786, 0.136624
0.718596, 0.141793
0.73944, 0.147515
0.760326, 0.153819
0.781262, 0.16075
0.802248, 0.168362
0.823281, 0.176719
0.844354, 0.185899
0.865453, 0.195995
0.886562, 0.207117
0.907655, 0.219398
0.081597, 0.237521
0.103303, 0.226074
0.125021, 0.215715
0.146716, 0.206312
0.168362, 0.197752
0.189941, 0.189941
0.211441, 0.182794
0.232861, 0.176242
0.254206, 0.170229
0.275493, 0.164715
0.296748, 0.159682
0.317998, 0.155124
0.339268, 0.15105
0.360575, 0.147471
0.381928, 0.144398
0.403326, 0.141838
0.424765, 0.139794
0.446237, 0.138264
0.467733, 0.137246
0.489243, 0.136738
0.510757, 0.136738
0.532267, 0.137246
0.553763, 0.138264
0.575235, 0.139794
0.596674, 0.141838
0.618072, 0.144398
0.639425, 0.147471
0.660732, 0.15105
0.682002, 0.155124
0.703252, 0.159682
0.724507, 0.164715
0.745794, 0.170229
0.767139, 0.176242
0.788559, 0.182794
0.810059, 0.189941
0.831638, 0.197752
0.853284, 0.206312
0.874979, 0.215715
0.896697, 0.226074
0.918403, 0.237521
0.0718139, 0.255642
0.0940875, 0.245024
0.116365, 0.23542
0.138598, 0.226696
0.16075, 0.218738
0.182794, 0.211441
0.204713, 0.204713
0.226509, 0.198479
0.248203, 0.192687
0.269842, 0.18732
0.291479, 0.182392
0.313163, 0.177934
0.334924, 0.173976
0.356768, 0.170538
0.37869, 0.167624
0.400674, 0.165226
0.422706, 0.163333
0.44477, 0.161929
0.466854, 0.161002
0.48895, 0.16054
0.51105, 0.16054
0.533146, 0.161002
0.55523, 0.161929
0.577294, 0.163333
0.599326, 0.165226
0.62131, 0.167624
0.643232, 0.170538
0.665076, 0.173976
0.686837, 0.177934
0.708521, 0.182392
0.730158, 0.18732
0.751797, 0.192687
0.773491, 0.198479
0.795287, 0.204713
0.817206, 0.211441
0.83925, 0.218738
0.861402, 0.226696
0.883635, 0.23542
0.905913, 0.245024
0.928186, 0.255642
0.0629303, 0.27376
0.0857273, 0.263965
0.108515, 0.255107
0.13123, 0.247051
0.153819, 0.239674
0.176242, 0.232861
0.198479, 0.226509
0.220546, 0.220546
0.242509, 0.214951
0.264464, 0.209759
0.286499, 0.205033
0.308661, 0.200828
0.330955, 0.197167
0.353361, 0.194048
0.375847, 0.191449
0.398385, 0.189341
0.420952, 0.187695
0.443534, 0.186485
0.46612, 0.18569
0.488707, 0.185297
0.511293, 0.185297
0.53388, 0.18569
0.556466, 0.186485
0.579048, 0.187695
0.601615, 0.189341
0.624153, 0.191449
0.646639, 0.194048
0.669045, 0.197167
0.691339, 0.200828
0.713501, 0.205033
0.735536, 0.209759
0.757491, 0.214951
0.779454, 0.220546
0.801521, 0.226509
0.823758, 0.232861
0.846181, 0.239674
0.86877, 0.247051
0.891485, 0.255107
0.914273, 0.263965
0.93707, 0.27376
0.0548914, 0.291874
0.0781688, 0.282897
0.10142, 0.274775
0.124559, 0.267374
0.147515, 0.26056
0.170229, 0.254206
0.192687, 0.248203
0.214951, 0.242509
0.237165, 0.237165
0.25948, 0.23227
0.281982, 0.22791
0.304678, 0.224122
0.327528, 0.220896
0.35048, 0.218196
0.373487, 0.215979
0.396513, 0.214204
0.419536, 0.212832
0.442545, 0.211832
0.465536, 0.21118
0.488513, 0.210858
0.511487, 0.210858
0.534464, 0.21118
0.557455, 0.211832
0.580464, 0.212832
0.603487, 0.214204
0.626513, 0.215979
0.64952, 0.218196
0.672472, 0.220896
0.695322, 0.224122
0.718018, 0.22791
0.74052, 0.23227
0.762835, 0.237165
0.785049, 0.242509
0.807313, 0.248203
0.829771, 0.254206
0.852485, 0.26056
0.875441, 0.267374
0.89858, 0.274775
0.921831, 0.282897
0.945109, 0.291874
0.0476512, 0.309985
0.0713667, 0.301817
0.0950333, 0.294425
0.118542, 0.287668
0.141793, 0.281404
0.164715, 0.275493
0.18732, 0.269842
0.209759, 0.264464
0.23227, 0.25948
0.25502, 0.25502
0.278044, 0.251149
0.301288, 0.247859
0.324672, 0.245109
0.348123, 0.242844
0.371587, 0.241013
0.395029, 0.239567
0.418428, 0.238464
0.441779, 0.237669
0.465087, 0.237154
0.488366, 0.236901
0.511634, 0.236901
0.534913, 0.237154
0.558221, 0.237669
0.581572, 0.238464
0.604971, 0.239567
0.628413, 0.241013
0.651877, 0.242844
0.675328, 0.245109
0.698712, 0.247859
0.721956, 0.251149
0.74498, 0.25502
0.76773, 0.25948
0.790241, 0.264464
0.81268, 0.269842
0.835285, 0.275493
0.858207, 0.281404
0.881458, 0.287668
0.904967, 0.294425
0.928633, 0.301817
0.952349, 0.309985
0.041171, 0.328093
0.0652831, 0.320728
0.0893194, 0.314056
0.113143, 0.307935
0.136624, 0.302214
0.159682, 0.296748
0.182392, 0.291479
0.205033, 0.286499
0.22791, 0.281982
0.251149, 0.278044
0.274705, 0.274705
0.29847, 0.271921
0.322341, 0.269635
0.346235, 0.267786
0.370095, 0.266319
0.393884, 0.265179
0.417587, 0.264323
0.441205, 0.263712
0.464753, 0.263319
0.488256, 0.263127
0.511744, 0.263127
0.535247, 0.263319
0.558795, 0.263712
0.582413, 0.264323
0.606116, 0.265179
0.629905, 0.266319
0.653765, 0.267786
0.677659, 0.269635
0.70153, 0.271921
0.725295, 0.274705
0.748851, 0.278044
0.77209, 0.281982
0.794967, 0.286499
0.817608, 0.291479
0.840318, 0.296748
0.863376, 0.302214
0.886857, 0.307935
0.910681, 0.314056
0.934717, 0.320728
0.958829, 0.328093
0.0354182, 0.346198
0.0598857, 0.339628
0.0842472, 0.33367
0.108335, 0.328181
0.131984, 0.323002
0.155124, 0.317998
0.177934, 0.313163
0.200828, 0.308661
0.224122, 0.304678
0.247859, 0.301288
0.271921, 0.29847
0.296165, 0.296165
0.320473, 0.29431
0.344755, 0.292841
0.368948, 0.291697
0.393019, 0.290822
0.416958, 0.290168
0.440777, 0.289699
0.464504, 0.289393
0.488174, 0.289241
0.511826, 0.289241
0.535496, 0.289393
0.559223, 0.289699
0.583042, 0.290168
0.606981, 0.290822
0.631052, 0.291697
0.655245, 0.292841
0.679527, 0.29431
0.703835, 0.296165
0.728079, 0.29847
0.752141, 0.301288
0.775878, 0.304678
0.799172, 0.308661
0.822066, 0.313163
0.844876, 0.317998
0.868016, 0.323002
0.891665, 0.328181
0.915753, 0.33367
0.940114, 0.339628
0.964582, 0.346198
0.0303655, 0.364299
0.0551476, 0.358519
0.0797913, 0.35327
0.104094, 0.348411
0.127861, 0.343782
0.15105, 0.339268
0.173976, 0.334924
0.197167, 0.330955
0.220896, 0.327528
0.245109, 0.324672
0.269635, 0.322341
0.29431, 0.320473
0.319002, 0.319002
0.343614, 0.317862
0.368077, 0.316984
0.39236, 0.316304
0.416466, 0.315772
0.440426, 0.315361
0.464289, 0.31507
0.488102, 0.314916
0.511898, 0.314916
0.535711, 0.31507
0.559574, 0.315361
0.583534, 0.315772
0.60764, 0.316304
0.631923, 0.316984
0.656386, 0.317862
0.680998, 0.319002
0.70569, 0.320473
0.730365, 0.322341
0.754891, 0.324672
0.779104, 0.327528
0.802833, 0.330955
0.826024, 0.334924
0.84895, 0.339268
0.872139, 0.343782
0.895906, 0.348411
0.920209, 0.35327
0.944852, 0.358519
0.969634, 0.364299
0.0259899, 0.382398
0.0510463, 0.377401
0.0759306, 0.372857
0.100406, 0.368629
0.12425, 0.364564
0.147471, 0.360575
0.170538, 0.356768
0.194048, 0.353361
0.218196, 0.35048
0.242844, 0.348123
0.267786, 0.346235
0.292841, 0.344755
0.317862, 0.343614
0.342737, 0.342737
0.367392, 0.342044
0.391799, 0.341454
0.415986, 0.340912
0.440028, 0.340411
0.464014, 0.340003
0.488002, 0.339768
0.511998, 0.339768
0.535986, 0.340003
0.559972, 0.340411
0.584014, 0.340912
0.608201, 0.341454
0.632608, 0.342044
0.657263, 0.342737
0.682138, 0.343614
0.707159, 0.344755
0.732214, 0.346235
0.757156, 0.348123
0.781804, 0.35048
0.805952, 0.353361
0.829462, 0.356768
0.852529, 0.360575
0.87575, 0.364564
0.899594, 0.368629
0.924069, 0.372857
0.948954, 0.377401
0.97401, 0.382398
0.0222722, 0.400495
0.0475628, 0.396276
0.0726486, 0.392433
0.0972588, 0.388841
0.12115, 0.385357
0.144398, 0.381928
0.167624, 0.37869
0.191449, 0.375847
0.215979, 0.373487
0.241013, 0.371587
0.266319, 0.370095
0.291697, 0.368948
0.316984, 0.368077
0.342044, 0.367392
0.366787, 0.366787
0.391192, 0.366151
0.41534, 0.36542
0.439401, 0.364635
0.463545, 0.36395
0.487827, 0.363548
0.512173, 0.363548
0.536455, 0.36395
0.560599, 0.364635
0.58466, 0.36542
0.608808, 0.366151
0.633213, 0.366787
0.657956, 0.367392
0.683016, 0.368077
0.708303, 0.368948
0.733681, 0.370095
0.758987, 0.371587
0.784021, 0.373487
0.808551, 0.375847
0.832376, 0.37869
0.855602, 0.381928
0.87885, 0.385357
0.902741, 0.388841
0.927351, 0.392433
0.952437, 0.396276
0.977728, 0.400495
0.0191967, 0.41859
0.044682, 0.415144
0.0699317, 0.412001
0.094644, 0.409049
0.118561, 0.406167
0.141838, 0.403326
0.165226, 0.400674
0.189341, 0.398385
0.214204, 0.396513
0.239567, 0.395029
0.265179, 0.393884
0.290822, 0.393019
0.316304, 0.39236
0.341454, 0.391799
0.366151, 0.391192
0.390388, 0.390388
0.414364, 0.38934
0.438432, 0.388199
0.462839, 0.387244
0.48757, 0.386709
0.51243, 0.386709
0.537161, 0.387244
0.561568, 0.388199
0.585636, 0.38934
0.609612, 0.390388
0.633849, 0.391192
0.658546, 0.391799
0.683696, 0.39236
0.709178, 0.393019
0.734821, 0.393884
0.760433, 0.395029
0.785796, 0.396513
0.810659, 0.398385
0.834774, 0.400674
0.858162, 0.403326
0.881439, 0.406167
0.905356, 0.409049
0.930068, 0.412001
0.955318, 0.415144
0.980803, 0.41859
0.0167509, 0.436683
0.0423914, 0.434007
0.0677695, 0.431562
0.0925566, 0.429258
0.116487, 0.426995
0.139794, 0.424765
0.163333, 0.422706
0.187695, 0.420952
0.212832, 0.419536
0.238464, 0.418428
0.264323, 0.417587
0.290168, 0.416958
0.315772, 0.416466
0.340912, 0.415986
0.36542, 0.41534
0.38934, 0.414364
0.413103, 0.413103
0.437266, 0.411838
0.462046, 0.410876
0.487294, 0.410374
0.512706, 0.410374
0.537954, 0.410876
0.562734, 0.411838
0.586897, 0.413103
0.61066, 0.414364
0.63458, 0.41534
0.659088, 0.415986
0.684228, 0.416466
0.709832, 0.416958
0.735677, 0.417587
0.761536, 0.418428
0.787168, 0.419536
0.812305, 0.420952
0.836667, 0.422706
0.860206, 0.424765
0.883513, 0.426995
0.907443, 0.429258
0.932231, 0.431562
0.957609, 0.434007
0.983249, 0.436683
0.0149248, 0.454774
0.0406815, 0.452865
0.0661543, 0.451119
0.0909931, 0.449468
0.114929, 0.447839
0.138264, 0.446237
0.161929, 0.44477
0.186485, 0.443534
0.211832, 0.442545
0.237669, 0.441779
0.263712, 0.441205
0.289699, 0.440777
0.315361, 0.440426
0.340411, 0.440028
0.364635, 0.439401
0.388199, 0.438432
0.411838, 0.437266
0.436211, 0.436211
0.461384, 0.435477
0.487072, 0.435112
0.512928, 0.435112
0.538616, 0.435477
0.563789, 0.436211
0.588162, 0.437266
0.611801, 0.438432
0.635365, 0.439401
0.659589, 0.440028
0.684639, 0.440426
0.710301, 0.440777
0.736288, 0.441205
0.762331, 0.441779
0.788168, 0.442545
0.813515, 0.443534
0.838071, 0.44477
0.861736, 0.446237
0.885071, 0.447839
0.909007, 0.449468
0.933846, 0.451119
0.959318, 0.452865
0.985075, 0.454774
0.0137114, 0.472865
0.0395454, 0.47172
0.0650804, 0.470673
0.0899518, 0.46968
0.11389, 0.468698
0.137246, 0.467733
0.161002, 0.466854
0.18569, 0.46612
0.21118, 0.465536
0.237154, 0.465087
0.263319, 0.464753
0.289393, 0.464504
0.31507, 0.464289
0.340003, 0.464014
0.36395, 0.463545
0.387244, 0.462839
0.410876, 0.462046
0.435477, 0.461384
0.460947, 0.460947
0.486928, 0.460733
0.513072, 0.460733
0.539053, 0.460947
0.564523, 0.461384
0.589124, 0.462046
0.612756, 0.462839
0.63605, 0.463545
0.659997, 0.464014
0.68493, 0.464289
0.710607, 0.464504
0.736681, 0.464753
0.762846, 0.465087
0.78882, 0.465536
0.81431, 0.46612
0.838998, 0.466854
0.862754, 0.467733
0.88611, 0.468698
0.910048, 0.46968
0.93492, 0.470673
0.960455, 0.47172
0.986289, 0.472865
0.0131058, 0.490955
0.0389785, 0.490574
0.0645444, 0.490224
0.0894313, 0.489893
0.11337, 0.489565
0.136738, 0.489243
0.16054, 0.48895
0.185297, 0.488707
0.210858, 0.488513
0.236901, 0.488366
0.263127, 0.488256
0.289241, 0.488174
0.314916, 0.488102
0.339768, 0.488002
0.363548, 0.487827
0.386709, 0.48757
0.410374, 0.487294
0.435112, 0.487072
0.460733, 0.486928
0.486858, 0.486858
0.513142, 0.486858
0.539267, 0.486928
0.564888, 0.487072
0.589626, 0.487294
0.613291, 0.48757
0.636452, 0.487827
0.660232, 0.488002
0.685084, 0.488102
0.710759, 0.488174
0.736873, 0.488256
0.763099, 0.488366
0.789142, 0.488513
0.814703, 0.488707
0.83946, 0.48895
0.863262, 0.489243
0.88663, 0.489565
0.910569, 0.489893
0.935456, 0.490224
0.961022, 0.490574
0.986894, 0.490955
0.0131058, 0.509045
0.0389785, 0.509426
0.0645444, 0.509776
0.0894313, 0.510107
0.11337, 0.510435
0.136738, 0.510757
0.16054, 0.51105
0.185297, 0.511293
0.210858, 0.511487
0.236901, 0.511634
0.263127, 0.511744
0.289241, 0.511826
0.314916, 0.511898
0.339768, 0.511998
0.363548, 0.512173
0.386709, 0.51243
0.410374, 0.512706
0.435112, 0.512928
0.460733, 0.513072
0.486858, 0.513142
0.513142, 0.513142
0.539267, 0.513072
0.564888, 0.512928
0.589626, 0.512706
0.613291, 0.51243
0.636452, 0.512173
0.660232, 0.511998
0.685084, 0.511898
0.710759, 0.511826
0.736873, 0.511744
0.763099, 0.511634
0.789142, 0.511487
0.814703, 0.511293
0.83946, 0.51105
0.863262, 0.510757
0.88663, 0.510435
0.910569, 0.510107
0.935456, 0.509776
0.961022, 0.509426
0.986894, 0.509045
0.0137114, 0.527135
0.0395454, 0.52828
0.0650804, 0.529327
0.0899518, 0.53032
0.11389, 0.531302
0.137246, 0.532267
0.161002, 0.533146
0.18569, 0.53388
0.21118, 0.534464
0.237154, 0.534913
0.263319, 0.535247
0.289393, 0.535496
0.31507, 0.535711
0.340003, 0.535986
0.36395, 0.536455
0.387244, 0.537161
0.410876, 0.537954
0.435477, 0.538616
0.460947, 0.539053
0.486928, 0.539267
0.513072, 0.539267
0.539053, 0.539053
0.564523, 0.538616
0.589124, 0.537954
0.612756, 0.537161
0.63605, 0.536455
0.659997, 0.535986
0.68493, 0.535711
0.710607, 0.535496
0.736681, 0.535247
0.762846, 0.534913
0.78882, 0.534464
0.81431, 0.53388
0.838998, 0.533146
0.862754, 0.532267
0.88611, 0.531302
0.910048, 0.53032
0.93492, 0.529327
0.960455, 0.52828
0.986289, 0.527135
0.0149248, 0.545226
0.0406815, 0.547135
0.0661543, 0.548881
0.0909931, 0.550532
0.114929, 0.552161
0.138264, 0.553763
0.161929, 0.55523
0.186485, 0.556466
0.211832, 0.557455
0.237669, 0.558221
0.263712, 0.558795
0.289699, 0.559223
0.315361, 0.559574
0.340411, 0.559972
0.364635, 0.560599
0.388199, 0.561568
0.411838, 0.562734
0.436211, 0.563789
0.461384, 0.564523
0.487072, 0.564888
0.512928, 0.564888
0.538616, 0.564523
0.563789, 0.563789
0.588162, 0.562734
0.611801, 0.561568
0.635365, 0.560599
0.659589, 0.559972
0.684639, 0.559574
0.710301, 0.559223
0.736288, 0.558795
0.762331, 0.558221
0.788168, 0.557455
0.813515, 0.556466
0.838071, 0.55523
0.861736, 0.553763
0.885071, 0.552161
0.909007, 0.550532
0.933846, 0.548881
0.959318, 0.547135
0.985075, 0.545226
0.0167509, 0.563317
0.0423914, 0.565993
0.0677695, 0.568438
0.0925566, 0.570742
0.116487, 0.573005
0.139794, 0.575235
0.163333, 0.577294
0.187695, 0.579048
0.212832, 0.580464
0.238464, 0.581572
0.264323, 0.582413
0.290168, 0.583042
0.315772, 0.583534
0.340912, 0.584014
0.36542, 0.58466
0.38934, 0.585636
0.413103, 0.586897
0.437266, 0.588162
0.462046, 0.589124
0.487294, 0.589626
0.512706, 0.589626
0.537954, 0.589124
0.562734, 0.588162
0.586897, 0.586897
0.61066, 0.585636
0.63458, 0.58466
0.659088, 0.584014
0.684228, 0.583534
0.709832, 0.583042
0.735677, 0.582413
0.761536, 0.581572
0.787168, 0.580464
0.812305, 0.579048
0.836667, 0.577294
0.860206, 0.575235
0.883513, 0.573005
0.907443, 0.570742
0.932231, 0.568438
0.957609, 0.565993
0.983249, 0.563317
0.0191967, 0.58141
0.044682, 0.584856
0.0699317, 0.587999
0.094644, 0.590951
0.118561, 0.593833
0.141838, 0.596674
0.165226, 0.599326
0.189341, 0.601615
0.214204, 0.603487
0.239567, 0.604971
0.265179, 0.606116
0.290822, 0.606981
0.316304, 0.60764
0.341454, 0.608201
0.366151, 0.608808
0.390388, 0.609612
0.414364, 0.61066
0.438432, 0.611801
0.462839, 0.612756
0.48757, 0.613291
0.51243, 0.613291
0.537161, 0.612756
0.561568, 0.611801
0.585636, 0.61066
0.609612, 0.609612
0.633849, 0.608808
0.658546, 0.608201
0.683696, 0.60764
0.709178, 0.606981
0.734821, 0.606116
0.760433, 0.604971
0.785796, 0.603487
0.810659, 0.601615
0.834774, 0.599326
0.858162, 0.596674
0.881439, 0.593833
0.905356, 0.590951
0.930068, 0.587999
0.955318, 0.584856
0.980803, 0.58141
0.0222722, 0.599505
0.0475628, 0.603724
0.0726486, 0.607567
0.0972588, 0.611159
0.12115, 0.614643
0.144398, 0.618072
0.167624, 0.62131
0.191449, 0.624153
0.215979, 0.626513
0.241013, 0.628413
0.266319, 0.629905
0.291697, 0.631052
0.316984, 0.631923
0.342044, 0.632608
0.366787, 0.633213
0.391192, 0.633849
0.41534, 0.63458
0.439401, 0.635365
0.463545, 0.63605
0.487827, 0.636452
0.512173, 0.636452
0.536455, 0.63605
0.560599, 0.635365
0.58466, 0.63458
0.608808, 0.633849
0.633213, 0.633213
0.657956, 0.632608
0.683016, 0.631923
0.708303, 0.631052
0.733681, 0.629905
0.758987, 0.628413
0.784021, 0.626513
0.808551, 0.624153
0.832376, 0.62131
0.855602, 0.618072
0.87885, 0.614643
0.902741, 0.611159
0.927351, 0.607567
0.952437, 0.603724
0.977728, 0.599505
0.0259899, 0.617602
0.0510463, 0.622599
0.0759306, 0.627143
0.100406, 0.631371
0.12425, 0.635436
0.147471, 0.639425
0.170538, 0.643232
0.194048, 0.646639
0.218196, 0.64952
0.242844, 0.651877
0.267786, 0.653765
0.292841, 0.655245
0.317862, 0.656386
0.342737, 0.657263
0.367392, 0.657956
0.391799, 0.658546
0.415986, 0.659088
0.440028, 0.659589
0.464014, 0.659997
0.488002, 0.660232
0.511998, 0.660232
0.535986, 0.659997
0.559972, 0.659589
0.584014, 0.659088
0.608201, 0.658546
0.632608, 0.657956
0.657263, 0.657263
0.682138, 0.656386
0.707159, 0.655245
0.732214, 0.653765
0.757156, 0.651877
0.781804, 0.64952
0.805952, 0.646639
0.829462, 0.643232
0.852529, 0.639425
0.87575, 0.635436
0.899594, 0.631371
0.924069, 0.627143
0.948954, 0.622599
0.97401, 0.617602
0.0303655, 0.635701
0.0551476, 0.641481
0.0797913, 0.64673
0.104094, 0.651589
0.127861, 0.656218
0.15105, 0.660732
0.173976, 0.665076
0.197167, 0.669045
0.220896, 0.672472
0.245109, 0.675328
0.269635, 0.677659
0.29431, 0.679527
0.319002, 0.680998
0.343614, 0.682138
0.368077, 0.683016
0.39236, 0.683696
0.416466, 0.684228
0.440426, 0.684639
0.464289, 0.68493
0.488102, 0.685084
0.511898, 0.685084
0.535711, 0.68493
0.559574, 0.684639
0.583534, 0.684228
0.60764, 0.683696
0.631923, 0.683016
0.656386, 0.682138
0.680998, 0.680998
0.70569, 0.679527
0.730365, 0.677659
0.754891, 0.675328
0.779104, 0.672472
0.802833, 0.669045
0.826024, 0.665076
0.84895, 0.660732
0.872139, 0.656218
0.895906, 0.651589
0.920209, 0.64673
0.944852, 0.641481
0.969634, 0.635701
0.0354182, 0.653802
0.0598857, 0.660372
0.0842472, 0.66633
0.108335, 0.671819
0.131984, 0.676998
0.155124, 0.682002
0.177934, 0.686837
0.200828, 0.691339
0.224122, 0.695322
0.247859, 0.698712
0.271921, 0.70153
0.296165, 0.703835
0.320473, 0.70569
0.344755, 0.707159
0.368948, 0.708303
0.393019, 0.709178
0.416958, 0.709832
0.440777, 0.710301
0.464504, 0.710607
0.488174, 0.710759
0.511826, 0.710759
0.535496, 0.710607
0.559223, 0.710301
0.583042, 0.709832
0.606981, 0.709178
0.631052, 0.708303
0.655245, 0.707159
0.679527, 0.70569
0.703835, 0.703835
0.728079, 0.70153
0.752141, 0.698712
0.775878, 0.695322
0.799172, 0.691339
0.822066, 0.686837
0.844876, 0.682002
0.868016, 0.676998
0.891665, 0.671819
0.915753, 0.66633
0.940114, 0.660372
0.964582, 0.653802
0.041171, 0.671907
0.0652831, 0.679272
0.0893194, 0.685944
0.113143, 0.692065
0.136624, 0.697786
0.159682, 0.703252
0.182392, 0.708521
0.205033, 0.713501
0.22791, 0.718018
0.251149, 0.721956
0.274705, 0.725295
0.29847, 0.728079
0.322341, 0.730365
0.346235, 0.732214
0.370095, 0.733681
0.393884, 0.734821
0.417587, 0.735677
0.441205, 0.736288
0.464753, 0.736681
0.488256, 0.736873
0.511744, 0.736873
0.535247, 0.736681
0.558795, 0.736288
0.582413, 0.735677
0.606116, 0.734821
0.629905, 0.733681
0.653765, 0.732214
0.677659, 0.730365
0.70153, 0.728079
0.725295, 0.725295
0.748851, 0.721956
0.77209, 0.718018
0.794967, 0.713501
0.817608, 0.708521
0.840318, 0.703252
0.863376, 0.697786
0.886857, 0.692065
0.910681, 0.685944
0.934717, 0.679272
0.958829, 0.671907
0.0476512, 0.690015
0.0713667, 0.698183
0.0950333, 0.705575
0.118542, 0.712332
0.141793, 0.718596
0.164715, 0.724507
0.18732, 0.730158
0.209759, 0.735536
0.23227, 0.74052
0.25502, 0.74498
0.278044, 0.748851
0.301288, 0.752141
0.324672, 0.754891
0.348123, 0.757156
0.371587, 0.758987
0.395029, 0.760433
0.418428, 0.761536
0.441779, 0.762331
0.465087, 0.762846
0.488366, 0.763099
0.511634, 0.763099
0.534913, 0.762846
0.558221, 0.762331
0.581572, 0.761536
0.604971, 0.760433
0.628413, 0.758987
0.651877, 0.757156
0.675328, 0.754891
0.698712, 0.752141
0.721956, 0.748851
0.74498, 0.74498
0.76773, 0.74052
0.790241, 0.735536
0.81268, 0.730158
0.835285, 0.724507
0.858207, 0.718596
0.881458, 0.712332
0.904967, 0.705575
0.928633, 0.698183
0.952349, 0.690015
0.0548914, 0.708126
0.0781688, 0.717103
0.10142, 0.725225
0.124559, 0.732626
0.147515, 0.73944
0.170229, 0.745794
0.192687, 0.751797
0.214951, 0.757491
0.237165, 0.762835
0.25948, 0.76773
0.281982, 0.77209
0.304678, 0.775878
0.327528, 0.779104
0.35048, 0.781804
0.373487, 0.784021
0.396513, 0.785796
0.419536, 0.787168
0.442545, 0.788168
0.465536, 0.78882
0.488513, 0.789142
0.511487, 0.789142
0.534464, 0.78882
0.557455, 0.788168
0.580464, 0.787168
0.603487, 0.785796
0.626513, 0.784021
0.64952, 0.781804
0.672472, 0.779104
0.695322, 0.775878
0.718018, 0.77209
0.74052, 0.76773
0.762835, 0.762835
0.785049, 0.757491
0.807313, 0.751797
0.829771, 0.745794
0.852485, 0.73944
0.875441, 0.732626
0.89858, 0.725225
0.921831, 0.717103
0.945109, 0.708126
0.0629303, 0.72624
0.0857273, 0.736035
0.108515, 0.744893
0.13123, 0.752949
0.153819, 0.760326
0.176242, 0.767139
0.198479, 0.773491
0.220546, 0.779454
0.242509, 0.785049
0.264464, 0.790241
0.286499, 0.794967
0.308661, 0.799172
0.330955, 0.802833
0.353361, 0.805952
0.375847, 0.808551
0.398385, 0.810659
0.420952, 0.812305
0.443534, 0.813515
0.46612, 0.81431
0.488707, 0.814703
0.511293, 0.814703
0.53388, 0.81431
0.556466, 0.813515
0.579048, 0.812305
0.601615, 0.810659
0.624153, 0.808551
0.646639, 0.805952
0.669045, 0.802833
0.691339, 0.799172
0.713501, 0.794967
0.735536, 0.790241
0.757491, 0.785049
0.779454, 0.779454
0.801521, 0.773491
0.823758, 0.767139
0.846181, 0.760326
0.86877, 0.752949
0.891485, 0.744893
0.914273, 0.736035
0.93707, 0.72624
0.0718139, 0.744358
0.0940875, 0.754976
0.116365, 0.76458
0.138598, 0.773304
0.16075, 0.781262
0.182794, 0.788559
0.204713, 0.795287
0.226509, 0.801521
0.248203, 0.807313
0.269842, 0.81268
0.291479, 0.817608
0.313163, 0.822066
0.334924, 0.826024
0.356768, 0.829462
0.37869, 0.832376
0.400674, 0.834774
0.422706, 0.836667
0.44477, 0.838071
0.466854, 0.838998
0.48895, 0.83946
0.51105, 0.83946
0.533146, 0.838998
0.55523, 0.838071
0.577294, 0.836667
0.599326, 0.834774
0.62131, 0.832376
0.643232, 0.829462
0.665076, 0.826024
0.686837, 0.822066
0.708521, 0.817608
0.730158, 0.81268
0.751797, 0.807313
0.773491, 0.801521
0.795287, 0.795287
0.817206, 0.788559
0.83925, 0.781262
0.861402, 0.773304
0.883635, 0.76458
0.905913, 0.754976
0.928186, 0.744358
0.081597, 0.762479
0.103303, 0.773926
0.125021, 0.784285
0.146716, 0.793688
0.168362, 0.802248
0.189941, 0.810059
0.211441, 0.817206
0.232861, 0.823758
0.254206, 0.829771
0.275493, 0.835285
0.296748, 0.840318
0.317998, 0.844876
0.339268, 0.84895
0.360575, 0.852529
0.381928, 0.855602
0.403326, 0.858162
0.424765, 0.860206
0.446237, 0.861736
0.467733, 0.862754
0.489243, 0.863262
0.510757, 0.863262
0.532267, 0.862754
0.553763, 0.861736
0.575235, 0.860206
0.596674, 0.858162
0.618072, 0.855602
0.639425, 0.852529
0.660732, 0.84895
0.682002, 0.844876
0.703252, 0.840318
0.724507, 0.835285
0.745794, 0.829771
0.767139, 0.823758
0.788559, 0.817206
0.810059, 0.810059
0.831638, 0.802248
0.853284, 0.793688
0.874979, 0.784285
0.896697, 0.773926
0.918403, 0.762479
0.0923455, 0.780602
0.113438, 0.792883
0.134547, 0.804005
0.155646, 0.814101
0.176719, 0.823281
0.197752, 0.831638
0.218738, 0.83925
0.239674, 0.846181
0.26056, 0.852485
0.281404, 0.858207
0.302214, 0.863376
0.323002, 0.868016
0.343782, 0.872139
0.364564, 0.87575
0.385357, 0.87885
0.406167, 0.881439
0.426995, 0.883513
0.447839, 0.885071
0.468698, 0.88611
0.489565, 0.88663
0.510435, 0.88663
0.531302, 0.88611
0.552161, 0.885071
0.573005, 0.883513
0.593833, 0.881439
0.614643, 0.87885
0.635436, 0.87575
0.656218, 0.872139
0.676998, 0.868016
0.697786, 0.863376
0.718596, 0.858207
0.73944, 0.852485
0.760326, 0.846181
0.781262, 0.83925
0.802248, 0.831638
0.823281, 0.823281
0.844354, 0.814101
0.865453, 0.804005
0.886562, 0.792883
0.907655, 0.780602
0.104139, 0.798727
0.124571, 0.811845
0.145019, 0.823735
0.165466, 0.834534
0.185899, 0.844354
0.206312, 0.853284
0.226696, 0.861402
0.247051, 0.86877
0.267374, 0.875441
0.287668, 0.881458
0.307935, 0.886857
0.328181, 0.891665
0.348411, 0.895906
0.368629, 0.899594
0.388841, 0.902741
0.409049, 0.905356
0.429258, 0.907443
0.449468, 0.909007
0.46968, 0.910048
0.489893, 0.910569
0.510107, 0.910569
0.53032, 0.910048
0.550532, 0.909007
0.570742, 0.907443
0.590951, 0.905356
0.611159, 0.902741
0.631371, 0.899594
0.651589, 0.895906
0.671819, 0.891665
0.692065, 0.886857
0.712332, 0.881458
0.732626, 0.875441
0.752949, 0.86877
0.773304, 0.861402
0.793688, 0.853284
0.814101, 0.844354
0.834534, 0.834534
0.854981, 0.823735
0.875429, 0.811845
0.895861, 0.798727
0.117076, 0.816854
0.136796, 0.830809
0.156529, 0.843471
0.176265, 0.854981
0.195995, 0.865453
0.215715, 0.874979
0.23542, 0.883635
0.255107, 0.891485
0.274775, 0.89858
0.294425, 0.904967
0.314056, 0.910681
0.33367, 0.915753
0.35327, 0.920209
0.372857, 0.924069
0.392433, 0.927351
0.412001, 0.930068
0.431562, 0.932231
0.451119, 0.933846
0.470673, 0.93492
0.490224, 0.935456
0.509776, 0.935456
0.529327, 0.93492
0.548881, 0.933846
0.568438, 0.932231
0.587999, 0.930068
0.607567, 0.927351
0.627143, 0.924069
0.64673, 0.920209
0.66633, 0.915753
0.685944, 0.910681
0.705575, 0.904967
0.725225, 0.89858
0.744893, 0.891485
0.76458, 0.883635
0.784285, 0.874979
0.804005, 0.865453
0.823735, 0.854981
0.843471, 0.843471
0.863204, 0.830809
0.882924, 0.816854
0.131277, 0.834981
0.15023, 0.84977
0.169191, 0.863204
0.188155, 0.875429
0.207117, 0.886562
0.226074, 0.896697
0.245024, 0.905913
0.263965, 0.914273
0.282897, 0.921831
0.301817, 0.928633
0.320728, 0.934717
0.339628, 0.940114
0.358519, 0.944852
0.377401, 0.948954
0.396276, 0.952437
0.415144, 0.955318
0.434007, 0.957609
0.452865, 0.959318
0.47172, 0.960455
0.490574, 0.961022
0.509426, 0.961022
0.52828, 0.960455
0.547135, 0.959318
0.565993, 0.957609
0.584856, 0.955318
0.603724, 0.952437
0.622599, 0.948954
0.641481, 0.944852
0.660372, 0.940114
0.679272, 0.934717
0.698183, 0.928633
0.717103, 0.921831
0.736035, 0.914273
0.754976, 0.905913
0.773926, 0.896697
0.792883, 0.886562
0.811845, 0.875429
0.830809, 0.863204
0.84977, 0.84977
0.868723, 0.834981
0.146895, 0.853105
0.165019, 0.868723
0.183146, 0.882924
0.201273, 0.895861
0.219398, 0.907655
0.237521, 0.918403
0.255642, 0.928186
0.27376, 0.93707
0.291874, 0.945109
0.309985, 0.952349
0.328093, 0.958829
0.346198, 0.964582
0.364299, 0.969634
0.382398, 0.97401
0.400495, 0.977728
0.41859, 0.980803
0.436683, 0.983249
0.454774, 0.985075
0.472865, 0.986289
0.490955, 0.986894
0.509045, 0.986894
0.527135, 0.986289
0.545226, 0.985075
0.563317, 0.983249
0.58141, 0.980803
0.599505, 0.977728
0.617602, 0.97401
0.635701, 0.969634
0.653802, 0.964582
0.671907, 0.958829
0.690015, 0.952349
0.708126, 0.945109
0.72624, 0.93707
0.744358, 0.928186
0.762479, 0.918403
0.780602, 0.907655
0.798727, 0.895861
0.816854, 0.882924
0.834981, 0.868723
0.853105, 0.853105
