0.146447, 0.146447
0.164124, 0.129612
0.181802, 0.114319
0.19948, 0.100391
0.217157, 0.0876894
0.234835, 0.0761044
0.252513, 0.0655463
0.27019, 0.055942
0.287868, 0.0472307
0.305546, 0.0393619
0.323223, 0.0322928
0.340901, 0.0259879
0.358579, 0.0204168
0.376256, 0.0155544
0.393934, 0.0113795
0.411612, 0.00787451
0.429289, 0.00502525
0.446967, 0.00282045
0.464645, 0.00125157
0.482322, 0.000312598
0.5, 0
0.517678, 0.000312598
0.535355, 0.00125157
0.553033, 0.00282045
0.570711, 0.00502525
0.588388, 0.00787451
0.606066, 0.0113795
0.623744, 0.0155544
0.641421, 0.0204168
0.659099, 0.0259879
0.676777, 0.0322928
0.694454, 0.0393619
0.712132, 0.0472307
0.72981, 0.055942
0.747487, 0.0655463
0.765165, 0.0761044
0.782843, 0.0876894
0.80052, 0.100391
0.818198, 0.114319
0.835876, 0.129612
0.853553, 0.146447
0.129612, 0.164124
0.148177, 0.148177
0.166731, 0.133691
0.185289, 0.120514
0.203847, 0.108512
0.222403, 0.0975788
0.240954, 0.087627
0.2595, 0.0785852
0.27804, 0.070394
0.296572, 0.0630035
0.315096, 0.0563716
0.333613, 0.0504626
0.352122, 0.0452464
0.370624, 0.0406976
0.389119, 0.036795
0.407609, 0.0335208
0.426093, 0.0308606
0.444574, 0.0288031
0.463051, 0.0273395
0.481526, 0.0264638
0.5, 0.0261723
0.518474, 0.0264638
0.536949, 0.0273395
0.555426, 0.0288031
0.573907, 0.0308606
0.592391, 0.0335208
0.610881, 0.036795
0.629376, 0.0406976
0.647878, 0.0452464
0.666387, 0.0504626
0.684904, 0.0563716
0.703428, 0.0630035
0.72196, 0.070394
0.7405, 0.0785852
0.759046, 0.087627
0.777597, 0.0975788
0.796153, 0.108512
0.814711, 0.120514
0.833269, 0.133691
0.851823, 0.148177
0.870388, 0.164124
0.114319, 0.181802
0.133691, 0.166731
0.15305, 0.15305
0.172416, 0.14062
0.191782, 0.129314
0.211143, 0.119026
0.230494, 0.109673
0.249832, 0.101183
0.269156, 0.0934995
0.288463, 0.0865716
0.307754, 0.0803583
0.327029, 0.0748246
0.346289, 0.069941
0.365534, 0.0656829
0.384767, 0.0620297
0.40399, 0.0589646
0.423203, 0.0564741
0.442408, 0.0545475
0.461609, 0.0531769
0.480805, 0.0523568
0.5, 0.0520837
0.519195, 0.0523568
0.538391, 0.0531769
0.557592, 0.0545475
0.576797, 0.0564741
0.59601, 0.0589646
0.615233, 0.0620297
0.634466, 0.0656829
0.653711, 0.069941
0.672971, 0.0748246
0.692246, 0.0803583
0.711537, 0.0865716
0.730844, 0.0934995
0.750168, 0.101183
0.769506, 0.109673
0.788857, 0.119026
0.808218, 0.129314
0.827584, 0.14062
0.84695, 0.15305
0.866309, 0.166731
0.885681, 0.181802
0.100391, 0.19948
0.120514, 0.185289
0.14062, 0.172416
0.160736, 0.160736
0.180848, 0.150122
0.200947, 0.140474
0.221026, 0.131707
0.241081, 0.123751
0.26111, 0.116549
0.281111, 0.110051
0.301086, 0.104217
0.321036, 0.099013
0.340965, 0.0944113
0.360875, 0.0903899
0.380771, 0.0869315
0.400655, 0.0840227
0.420532, 0.0816536
0.440403, 0.0798172
0.46027, 0.0785085
0.480136, 0.0777245
0.5, 0.0774633
0.519864, 0.0777245
0.53973, 0.0785085
0.559597, 0.0798172
0.579468, 0.0816536
0.599345, 0.0840227
0.619229, 0.0869315
0.639125, 0.0903899
0.659035, 0.0944113
0.678964, 0.099013
0.698914, 0.104217
0.718889, 0.110051
0.73889, 0.116549
0.758919, 0.123751
0.778974, 0.131707
0.799053, 0.140474
0.819152, 0.150122
0.839264, 0.160736
0.85938, 0.172416
0.879486, 0.185289
0.899609, 0.19948
0.0876894, 0.217157
0.108512, 0.203847
0.129314, 0.191782
0.150122, 0.180848
0.170918, 0.170918
0.191688, 0.161893
0.212422, 0.153688
0.233113, 0.146231
0.253761, 0.139463
0.274365, 0.133333
0.29493, 0.127802
0.315464, 0.122839
0.335974, 0.11842
0.356469, 0.114529
0.376958, 0.111159
0.397448, 0.108304
0.417943, 0.105965
0.438447, 0.104143
0.458959, 0.102839
0.479478, 0.102056
0.5, 0.101795
0.520522, 0.102056
0.541041, 0.102839
0.561553, 0.104143
0.582057, 0.105965
0.602552, 0.108304
0.623042, 0.111159
0.643531, 0.114529
0.664026, 0.11842
0.684536, 0.122839
0.70507, 0.127802
0.725635, 0.133333
0.746239, 0.139463
0.766887, 0.146231
0.787578, 0.153688
0.808312, 0.161893
0.829082, 0.170918
0.849878, 0.180848
0.870686, 0.191782
0.891488, 0.203847
0.912311, 0.217157
0.0761044, 0.234835
0.0975788, 0.222403
0.119026, 0.211143
0.140474, 0.200947
0.161893, 0.191688
0.183264, 0.183264
0.204572, 0.175586
0.22581, 0.168578
0.246975, 0.162174
0.268073, 0.156322
0.289118, 0.150983
0.310129, 0.146134
0.331127, 0.141766
0.352132, 0.137881
0.373161, 0.13449
0.394224, 0.131603
0.415324, 0.129232
0.436458, 0.127382
0.457622, 0.12606
0.478806, 0.125265
0.5, 0.125001
0.521194, 0.125265
0.542378, 0.12606
0.563542, 0.127382
0.584676, 0.129232
0.605776, 0.131603
0.626839, 0.13449
0.647868, 0.137881
0.668873, 0.141766
0.689871, 0.146134
0.710882, 0.150983
0.731927, 0.156322
0.753025, 0.162174
0.77419, 0.168578
0.795428, 0.175586
0.816736, 0.183264
0.838107, 0.191688
0.859526, 0.200947
0.880974, 0.211143
0.902421, 0.222403
0.923896, 0.234835
0.0655463, 0.252513
0.087627, 0.240954
0.109673, 0.230494
0.131707, 0.221026
0.153688, 0.212422
0.175586, 0.204572
0.19738, 0.19738
0.219057, 0.190758
0.24062, 0.184632
0.262088, 0.178953
0.283497, 0.173697
0.304895, 0.168874
0.326326, 0.164509
0.347822, 0.160636
0.369395, 0.157279
0.391045, 0.15445
0.41276, 0.152152
0.434528, 0.150378
0.456333, 0.14912
0.478161, 0.148369
0.5, 0.148119
0.521839, 0.148369
0.543667, 0.14912
0.565472, 0.150378
0.58724, 0.152152
0.608955, 0.15445
0.630605, 0.157279
0.652178, 0.160636
0.673674, 0.164509
0.695105, 0.168874
0.716503, 0.173697
0.737912, 0.178953
0.75938, 0.184632
0.780943, 0.190758
0.80262, 0.19738
0.824414, 0.204572
0.846312, 0.212422
0.868293, 0.221026
0.890327, 0.230494
0.912373, 0.240954
0.934454, 0.252513
0.055942, 0.27019
0.0785852, 0.2595
0.101183, 0.249832
0.123751, 0.241081
0.146231, 0.233113
0.168578, 0.22581
0.190758, 0.219057
0.212755, 0.212755
0.234589, 0.206831
0.256319, 0.201262
0.278035, 0.196083
0.299823, 0.19136
0.321735, 0.187157
0.34378, 0.183504
0.365942, 0.180407
0.388193, 0.177848
0.410506, 0.175802
0.432856, 0.174242
0.455228, 0.173146
0.477612, 0.172496
0.5, 0.17228
0.522388, 0.172496
0.544772, 0.173146
0.567144, 0.174242
0.589494, 0.175802
0.611807, 0.177848
0.634058, 0.180407
0.65622, 0.183504
0.678265, 0.187157
0.700177, 0.19136
0.721965, 0.196083
0.743681, 0.201262
0.765411, 0.206831
0.787245, 0.212755
0.809242, 0.219057
0.831422, 0.22581
0.853769, 0.233113
0.876249, 0.241081
0.898817, 0.249832
0.921415, 0.2595
0.944058, 0.27019
0.0472307, 0.287868
0.070394, 0.27804
0.0934995, 0.269156
0.116549, 0.26111
0.139463, 0.253761
0.162174, 0.246975
0.184632, 0.24062
0.206831, 0.234589
0.228841, 0.228841
0.25081, 0.223433
0.27289, 0.218481
0.295167, 0.214082
0.317646, 0.210276
0.340285, 0.207052
0.363032, 0.204373
0.385839, 0.202196
0.408674, 0.200478
0.431514, 0.199182
0.45435, 0.198278
0.477178, 0.197745
0.5, 0.197568
0.522822, 0.197745
0.54565, 0.198278
0.568486, 0.199182
0.591326, 0.200478
0.614161, 0.202196
0.636968, 0.204373
0.659715, 0.207052
0.682354, 0.210276
0.704833, 0.214082
0.72711, 0.218481
0.74919, 0.223433
0.771159, 0.228841
0.793169, 0.234589
0.815368, 0.24062
0.837826, 0.246975
0.860537, 0.253761
0.883451, 0.26111
0.906501, 0.269156
0.929606, 0.27804
0.952769, 0.287868
0.0393619, 0.305546
0.0630035, 0.296572
0.0865716, 0.288463
0.110051, 0.281111
0.133333, 0.274365
0.156322, 0.268073
0.178953, 0.262088
0.201262, 0.256319
0.223433, 0.25081
0.245719, 0.245719
0.26828, 0.241198
0.29113, 0.237304
0.314201, 0.234019
0.337409, 0.231292
0.360682, 0.229065
0.383971, 0.227281
0.407242, 0.225894
0.430479, 0.22486
0.453679, 0.224146
0.476848, 0.223728
0.5, 0.22359
0.523152, 0.223728
0.546321, 0.224146
0.569521, 0.22486
0.592758, 0.225894
0.616029, 0.227281
0.639318, 0.229065
0.662591, 0.231292
0.685799, 0.234019
0.70887, 0.237304
0.73172, 0.241198
0.754281, 0.245719
0.776567, 0.25081
0.798738, 0.256319
0.821047, 0.262088
0.843678, 0.268073
0.866667, 0.274365
0.889949, 0.281111
0.913428, 0.288463
0.936996, 0.296572
0.960638, 0.305546
0.0322928, 0.323223
0.0563716, 0.315096
0.0803583, 0.307754
0.104217, 0.301086
0.127802, 0.29493
0.150983, 0.289118
0.173697, 0.283497
0.196083, 0.278035
0.218481, 0.27289
0.241198, 0.26828
0.264315, 0.264315
0.287749, 0.260986
0.311378, 0.258235
0.335099, 0.255994
0.358834, 0.254199
0.382531, 0.25279
0.406159, 0.251715
0.429709, 0.250927
0.453187, 0.250391
0.476608, 0.250079
0.5, 0.249977
0.523392, 0.250079
0.546813, 0.250391
0.570291, 0.250927
0.593841, 0.251715
0.617469, 0.25279
0.641166, 0.254199
0.664901, 0.255994
0.688622, 0.258235
0.712251, 0.260986
0.735685, 0.264315
0.758802, 0.26828
0.781519, 0.27289
0.803917, 0.278035
0.826303, 0.283497
0.849017, 0.289118
0.872198, 0.29493
0.895783, 0.301086
0.919642, 0.307754
0.943628, 0.315096
0.967707, 0.323223
0.0259879, 0.340901
0.0504626, 0.333613
0.0748246, 0.327029
0.099013, 0.321036
0.122839, 0.315464
0.146134, 0.310129
0.168874, 0.304895
0.19136, 0.299823
0.214082, 0.295167
0.237304, 0.29113
0.260986, 0.287749
0.28497, 0.28497
0.309108, 0.282721
0.333285, 0.280932
0.357419, 0.279534
0.381457, 0.278464
0.405372, 0.277666
0.429161, 0.277091
0.452841, 0.276704
0.476441, 0.27648
0.5, 0.276406
0.523559, 0.27648
0.547159, 0.276704
0.570839, 0.277091
0.594628, 0.277666
0.618543, 0.278464
0.642581, 0.279534
0.666715, 0.280932
0.690892, 0.282721
0.71503, 0.28497
0.739014, 0.287749
0.762696, 0.29113
0.785918, 0.295167
0.80864, 0.299823
0.831126, 0.304895
0.853866, 0.310129
0.877161, 0.315464
0.900987, 0.321036
0.925175, 0.327029
0.949537, 0.333613
0.974012, 0.340901
0.0204168, 0.358579
0.0452464, 0.352122
0.069941, 0.346289
0.0944113, 0.340965
0.11842, 0.335974
0.141766, 0.331127
0.164509, 0.326326
0.187157, 0.321735
0.210276, 0.317646
0.234019, 0.314201
0.258235, 0.311378
0.282721, 0.309108
0.307315, 0.307315
0.331893, 0.305929
0.356365, 0.304877
0.380678, 0.30409
0.40481, 0.303507
0.42877, 0.30308
0.452591, 0.30278
0.476318, 0.302598
0.5, 0.302536
0.523682, 0.302598
0.547409, 0.30278
0.57123, 0.30308
0.59519, 0.303507
0.619322, 0.30409
0.643635, 0.304877
0.668107, 0.305929
0.692685, 0.307315
0.717279, 0.309108
0.741765, 0.311378
0.765981, 0.314201
0.789724, 0.317646
0.812843, 0.321735
0.835491, 0.326326
0.858234, 0.331127
0.88158, 0.335974
0.905589, 0.340965
0.930059, 0.346289
0.954754, 0.352122
0.979583, 0.358579
0.0155544, 0.376256
0.0406976, 0.370624
0.0656829, 0.365534
0.0903899, 0.360875
0.114529, 0.356469
0.137881, 0.352132
0.160636, 0.347822
0.183504, 0.34378
0.207052, 0.340285
0.231292, 0.337409
0.255994, 0.335099
0.280932, 0.333285
0.305929, 0.331893
0.330849, 0.330849
0.355594, 0.330073
0.380105, 0.329485
0.404372, 0.329012
0.428429, 0.328607
0.452342, 0.328267
0.476183, 0.328028
0.5, 0.327941
0.523817, 0.328028
0.547658, 0.328267
0.571571, 0.328607
0.595628, 0.329012
0.619895, 0.329485
0.644406, 0.330073
0.669151, 0.330849
0.694071, 0.331893
0.719068, 0.333285
0.744006, 0.335099
0.768708, 0.337409
0.792948, 0.340285
0.816496, 0.34378
0.839364, 0.347822
0.862119, 0.352132
0.885471, 0.356469
0.90961, 0.360875
0.934317, 0.365534
0.959302, 0.370624
0.984446, 0.376256
0.0113795, 0.393934
0.036795, 0.389119
0.0620297, 0.384767
0.0869315, 0.380771
0.111159, 0.376958
0.13449, 0.373161
0.157279, 0.369395
0.180407, 0.365942
0.204373, 0.363032
0.229065, 0.360682
0.254199, 0.358834
0.279534, 0.357419
0.304877, 0.356365
0.330073, 0.355594
0.355007, 0.355007
0.379613, 0.354499
0.403899, 0.35397
0.427953, 0.353375
0.451924, 0.35277
0.475932, 0.352303
0.5, 0.352125
0.524068, 0.352303
0.548076, 0.35277
0.572047, 0.353375
0.596101, 0.35397
0.620387, 0.354499
0.644993, 0.355007
0.669927, 0.355594
0.695123, 0.356365
0.720466, 0.357419
0.745801, 0.358834
0.770935, 0.360682
0.795627, 0.363032
0.819593, 0.365942
0.842721, 0.369395
0.86551, 0.373161
0.888841, 0.376958
0.913069, 0.380771
0.93797, 0.384767
0.963205, 0.389119
0.988621, 0.393934
0.00787451, 0.411612
0.0335208, 0.407609
0.0589646, 0.40399
0.0840227, 0.400655
0.108304, 0.397448
0.131603, 0.394224
0.15445, 0.391045
0.177848, 0.388193
0.202196, 0.385839
0.227281, 0.383971
0.25279, 0.382531
0.278464, 0.381457
0.30409, 0.380678
0.329485, 0.380105
0.354499, 0.379613
0.379046, 0.379046
0.40317, 0.378258
0.427092, 0.377232
0.451127, 0.376165
0.475451, 0.375368
0.5, 0.375076
0.524549, 0.375368
0.548873, 0.376165
0.572908, 0.377232
0.59683, 0.378258
0.620954, 0.379046
0.645501, 0.379613
0.670515, 0.380105
0.69591, 0.380678
0.721536, 0.381457
0.74721, 0.382531
0.772719, 0.383971
0.797804, 0.385839
0.822152, 0.388193
0.84555, 0.391045
0.868397, 0.394224
0.891696, 0.397448
0.915977, 0.400655
0.941035, 0.40399
0.966479, 0.407609
0.992125, 0.411612
0.00502525, 0.429289
0.0308606, 0.426093
0.0564741, 0.423203
0.0816536, 0.420532
0.105965, 0.417943
0.129232, 0.415324
0.152152, 0.41276
0.175802, 0.410506
0.200478, 0.408674
0.225894, 0.407242
0.251715, 0.406159
0.277666, 0.405372
0.303507, 0.40481
0.329012, 0.404372
0.35397, 0.403899
0.378258, 0.40317
0.402019, 0.402019
0.425754, 0.400565
0.44998, 0.399206
0.474809, 0.398292
0.5, 0.397977
0.525191, 0.398292
0.55002, 0.399206
0.574246, 0.400565
0.597981, 0.402019
0.621742, 0.40317
0.64603, 0.403899
0.670988, 0.404372
0.696493, 0.40481
0.722334, 0.405372
0.748285, 0.406159
0.774106, 0.407242
0.799522, 0.408674
0.824198, 0.410506
0.847848, 0.41276
0.870768, 0.415324
0.894035, 0.417943
0.918346, 0.420532
0.943526, 0.423203
0.969139, 0.426093
0.994975, 0.429289
0.00282045, 0.446967
0.0288031, 0.444574
0.0545475, 0.442408
0.0798172, 0.440403
0.104143, 0.438447
0.127382, 0.436458
0.150378, 0.434528
0.174242, 0.432856
0.199182, 0.431514
0.22486, 0.430479
0.250927, 0.429709
0.277091, 0.429161
0.30308, 0.42877
0.328607, 0.428429
0.353375, 0.427953
0.377232, 0.427092
0.400565, 0.425754
0.42426, 0.42426
0.448854, 0.423045
0.474228, 0.422303
0.5, 0.422058
0.525772, 0.422303
0.551146, 0.423045
0.57574, 0.42426
0.599435, 0.425754
0.622768, 0.427092
0.646625, 0.427953
0.671393, 0.428429
0.69692, 0.42877
0.722909, 0.429161
0.749073, 0.429709
0.77514, 0.430479
0.800818, 0.431514
0.825758, 0.432856
0.849622, 0.434528
0.872618, 0.436458
0.895857, 0.438447
0.920183, 0.440403
0.945452, 0.442408
0.971197, 0.444574
0.99718, 0.446967
0.00125157, 0.464645
0.0273395, 0.463051
0.0531769, 0.461609
0.0785085, 0.46027
0.102839, 0.458959
0.12606, 0.457622
0.14912, 0.456333
0.173146, 0.455228
0.198278, 0.45435
0.224146, 0.453679
0.250391, 0.453187
0.276704, 0.452841
0.30278, 0.452591
0.328267, 0.452342
0.35277, 0.451924
0.376165, 0.451127
0.399206, 0.44998
0.423045, 0.448854
0.448028, 0.448028
0.473822, 0.447548
0.5, 0.447392
0.526178, 0.447548
0.551972, 0.448028
0.576955, 0.448854
0.600794, 0.44998
0.623835, 0.451127
0.64723, 0.451924
0.671733, 0.452342
0.69722, 0.452591
0.723296, 0.452841
0.749609, 0.453187
0.775854, 0.453679
0.801722, 0.45435
0.826854, 0.455228
0.85088, 0.456333
0.87394, 0.457622
0.897161, 0.458959
0.921491, 0.46027
0.946823, 0.461609
0.97266, 0.463051
0.998748, 0.464645
0.000312598, 0.482322
0.0264638, 0.481526
0.0523568, 0.480805
0.0777245, 0.480136
0.102056, 0.479478
0.125265, 0.478806
0.148369, 0.478161
0.172496, 0.477612
0.197745, 0.477178
0.223728, 0.476848
0.250079, 0.476608
0.27648, 0.476441
0.302598, 0.476318
0.328028, 0.476183
0.352303, 0.475932
0.375368, 0.475451
0.398292, 0.474809
0.422303, 0.474228
0.447548, 0.473822
0.473591, 0.473591
0.5, 0.473516
0.526409, 0.473591
0.552452, 0.473822
0.577697, 0.474228
0.601708, 0.474809
0.624632, 0.475451
0.647697, 0.475932
0.671972, 0.476183
0.697402, 0.476318
0.72352, 0.476441
0.749921, 0.476608
0.776272, 0.476848
0.802255, 0.477178
0.827504, 0.477612
0.851631, 0.478161
0.874735, 0.478806
0.897944, 0.479478
0.922276, 0.480136
0.947643, 0.480805
0.973536, 0.481526
0.999687, 0.482322
0, 0.5
0.0261723, 0.5
0.0520837, 0.5
0.0774633, 0.5
0.101795, 0.5
0.125001, 0.5
0.148119, 0.5
0.17228, 0.5
0.197568, 0.5
0.22359, 0.5
0.249977, 0.5
0.276406, 0.5
0.302536, 0.5
0.327941, 0.5
0.352125, 0.5
0.375076, 0.5
0.397977, 0.5
0.422058, 0.5
0.447392, 0.5
0.473516, 0.5
0.5, 0.5
0.526484, 0.5
0.552608, 0.5
0.577942, 0.5
0.602023, 0.5
0.624924, 0.5
0.647875, 0.5
0.672059, 0.5
0.697464, 0.5
0.723594, 0.5
0.750023, 0.5
0.77641, 0.5
0.802432, 0.5
0.82772, 0.5
0.851881, 0.5
0.874999, 0.5
0.898205, 0.5
0.922537, 0.5
0.947916, 0.5
0.973828, 0.5
1, 0.5
0.000312598, 0.517678
0.0264638, 0.518474
0.0523568, 0.519195
0.0777245, 0.519864
0.102056, 0.520522
0.125265, 0.521194
0.148369, 0.521839
0.172496, 0.522388
0.197745, 0.522822
0.223728, 0.523152
0.250079, 0.523392
0.27648, 0.523559
0.302598, 0.523682
0.328028, 0.523817
0.352303, 0.524068
0.375368, 0.524549
0.398292, 0.525191
0.422303, 0.525772
0.447548, 0.526178
0.473591, 0.526409
0.5, 0.526484
0.526409, 0.526409
0.552452, 0.526178
0.577697, 0.525772
0.601708, 0.525191
0.624632, 0.524549
0.647697, 0.524068
0.671972, 0.523817
0.697402, 0.523682
0.72352, 0.523559
0.749921, 0.523392
0.776272, 0.523152
0.802255, 0.522822
0.827504, 0.522388
0.851631, 0.521839
0.874735, 0.521194
0.897944, 0.520522
0.922276, 0.519864
0.947643, 0.519195
0.973536, 0.518474
0.999687, 0.517678
0.00125157, 0.535355
0.0273395, 0.536949
0.0531769, 0.538391
0.0785085, 0.53973
0.102839, 0.541041
0.12606, 0.542378
0.14912, 0.543667
0.173146, 0.544772
0.198278, 0.54565
0.224146, 0.546321
0.250391, 0.546813
0.276704, 0.547159
0.30278, 0.547409
0.328267, 0.547658
0.35277, 0.548076
0.376165, 0.548873
0.399206, 0.55002
0.423045, 0.551146
0.448028, 0.551972
0.473822, 0.552452
0.5, 0.552608
0.526178, 0.552452
0.551972, 0.551972
0.576955, 0.551146
0.600794, 0.55002
0.623835, 0.548873
0.64723, 0.548076
0.671733, 0.547658
0.69722, 0.547409
0.723296, 0.547159
0.749609, 0.546813
0.775854, 0.546321
0.801722, 0.54565
0.826854, 0.544772
0.85088, 0.543667
0.87394, 0.542378
0.897161, 0.541041
0.921491, 0.53973
0.946823, 0.538391
0.97266, 0.536949
0.998748, 0.535355
0.00282045, 0.553033
0.0288031, 0.555426
0.0545475, 0.557592
0.0798172, 0.559597
0.104143, 0.561553
0.127382, 0.563542
0.150378, 0.565472
0.174242, 0.567144
0.199182, 0.568486
0.22486, 0.569521
0.250927, 0.570291
0.277091, 0.570839
0.30308, 0.57123
0.328607, 0.571571
0.353375, 0.572047
0.377232, 0.572908
0.400565, 0.574246
0.42426, 0.57574
0.448854, 0.576955
0.474228, 0.577697
0.5, 0.577942
0.525772, 0.577697
0.551146, 0.576955
0.57574, 0.57574
0.599435, 0.574246
0.622768, 0.572908
0.646625, 0.572047
0.671393, 0.571571
0.69692, 0.57123
0.722909, 0.570839
0.749073, 0.570291
0.77514, 0.569521
0.800818, 0.568486
0.825758, 0.567144
0.849622, 0.565472
0.872618, 0.563542
0.895857, 0.561553
0.920183, 0.559597
0.945452, 0.557592
0.971197, 0.555426
0.99718, 0.553033
0.00502525, 0.570711
0.0308606, 0.573907
0.0564741, 0.576797
0.0816536, 0.579468
0.105965, 0.582057
0.129232, 0.584676
0.152152, 0.58724
0.175802, 0.589494
0.200478, 0.591326
0.225894, 0.592758
0.251715, 0.593841
0.277666, 0.594628
0.303507, 0.59519
0.329012, 0.595628
0.35397, 0.596101
0.378258, 0.59683
0.402019, 0.597981
0.425754, 0.599435
0.44998, 0.600794
0.474809, 0.601708
0.5, 0.602023
0.525191, 0.601708
0.55002, 0.600794
0.574246, 0.599435
0.597981, 0.597981
0.621742, 0.59683
0.64603, 0.596101
0.670988, 0.595628
0.696493, 0.59519
0.722334, 0.594628
0.748285, 0.593841
0.774106, 0.592758
0.799522, 0.591326
0.824198, 0.589494
0.847848, 0.58724
0.870768, 0.584676
0.894035, 0.582057
0.918346, 0.579468
0.943526, 0.576797
0.969139, 0.573907
0.994975, 0.570711
0.00787451, 0.588388
0.0335208, 0.592391
0.0589646, 0.59601
0.0840227, 0.599345
0.108304, 0.602552
0.131603, 0.605776
0.15445, 0.608955
0.177848, 0.611807
0.202196, 0.614161
0.227281, 0.616029
0.25279, 0.617469
0.278464, 0.618543
0.30409, 0.619322
0.329485, 0.619895
0.354499, 0.620387
0.379046, 0.620954
0.40317, 0.621742
0.427092, 0.622768
0.451127, 0.623835
0.475451, 0.624632
0.5, 0.624924
0.524549, 0.624632
0.548873, 0.623835
0.572908, 0.622768
0.59683, 0.621742
0.620954, 0.620954
0.645501, 0.620387
0.670515, 0.619895
0.69591, 0.619322
0.721536, 0.618543
0.74721, 0.617469
0.772719, 0.616029
0.797804, 0.614161
0.822152, 0.611807
0.84555, 0.608955
0.868397, 0.605776
0.891696, 0.602552
0.915977, 0.599345
0.941035, 0.59601
0.966479, 0.592391
0.992125, 0.588388
0.0113795, 0.606066
0.036795, 0.610881
0.0620297, 0.615233
0.0869315, 0.619229
0.111159, 0.623042
0.13449, 0.626839
0.157279, 0.630605
0.180407, 0.634058
0.204373, 0.636968
0.229065, 0.639318
0.254199, 0.641166
0.279534, 0.642581
0.304877, 0.643635
0.330073, 0.644406
0.355007, 0.644993
0.379613, 0.645501
0.403899, 0.64603
0.427953, 0.646625
0.451924, 0.64723
0.475932, 0.647697
0.5, 0.647875
0.524068, 0.647697
0.548076, 0.64723
0.572047, 0.646625
0.596101, 0.64603
0.620387, 0.645501
0.644993, 0.644993
0.669927, 0.644406
0.695123, 0.643635
0.720466, 0.642581
0.745801, 0.641166
0.770935, 0.639318
0.795627, 0.636968
0.819593, 0.634058
0.842721, 0.630605
0.86551, 0.626839
0.888841, 0.623042
0.913069, 0.619229
0.93797, 0.615233
0.963205, 0.610881
0.988621, 0.606066
0.0155544, 0.623744
0.0406976, 0.629376
0.0656829, 0.634466
0.0903899, 0.639125
0.114529, 0.643531
0.137881, 0.647868
0.160636, 0.652178
0.183504, 0.65622
0.207052, 0.659715
0.231292, 0.662591
0.255994, 0.664901
0.280932, 0.666715
0.305929, 0.668107
0.330849, 0.669151
0.355594, 0.669927
0.380105, 0.670515
0.404372, 0.670988
0.428429, 0.671393
0.452342, 0.671733
0.476183, 0.671972
0.5, 0.672059
0.523817, 0.671972
0.547658, 0.671733
0.571571, 0.671393
0.595628, 0.670988
0.619895, 0.670515
0.644406, 0.669927
0.669151, 0.669151
0.694071, 0.668107
0.719068, 0.666715
0.744006, 0.664901
0.768708, 0.662591
0.792948, 0.659715
0.816496, 0.65622
0.839364, 0.652178
0.862119, 0.647868
0.885471, 0.643531
0.90961, 0.639125
0.934317, 0.634466
0.959302, 0.629376
0.984446, 0.623744
0.0204168, 0.641421
0.0452464, 0.647878
0.069941, 0.653711
0.0944113, 0.659035
0.11842, 0.664026
0.141766, 0.668873
0.164509, 0.673674
0.187157, 0.678265
0.210276, 0.682354
0.234019, 0.685799
0.258235, 0.688622
0.282721, 0.690892
0.307315, 0.692685
0.331893, 0.694071
0.356365, 0.695123
0.380678, 0.69591
0.40481, 0.696493
0.42877, 0.69692
0.452591, 0.69722
0.476318, 0.697402
0.5, 0.697464
0.523682, 0.697402
0.547409, 0.69722
0.57123, 0.69692
0.59519, 0.696493
0.619322, 0.69591
0.643635, 0.695123
0.668107, 0.694071
0.692685, 0.692685
0.717279, 0.690892
0.741765, 0.688622
0.765981, 0.685799
0.789724, 0.682354
0.812843, 0.678265
0.835491, 0.673674
0.858234, 0.668873
0.88158, 0.664026
0.905589, 0.659035
0.930059, 0.653711
0.954754, 0.647878
0.979583, 0.641421
0.0259879, 0.659099
0.0504626, 0.666387
0.0748246, 0.672971
0.099013, 0.678964
0.122839, 0.684536
0.146134, 0.689871
0.168874, 0.695105
0.19136, 0.700177
0.214082, 0.704833
0.237304, 0.70887
0.260986, 0.712251
0.28497, 0.71503
0.309108, 0.717279
0.333285, 0.719068
0.357419, 0.720466
0.381457, 0.721536
0.405372, 0.722334
0.429161, 0.722909
0.452841, 0.723296
0.476441, 0.72352
0.5, 0.723594
0.523559, 0.72352
0.547159, 0.723296
0.570839, 0.722909
0.594628, 0.722334
0.618543, 0.721536
0.642581, 0.720466
0.666715, 0.719068
0.690892, 0.717279
0.71503, 0.71503
0.739014, 0.712251
0.762696, 0.70887
0.785918, 0.704833
0.80864, 0.700177
0.831126, 0.695105
0.853866, 0.689871
0.877161, 0.684536
0.900987, 0.678964
0.925175, 0.672971
0.949537, 0.666387
0.974012, 0.659099
0.0322928, 0.676777
0.0563716, 0.684904
0.0803583, 0.692246
0.104217, 0.698914
0.127802, 0.70507
0.150983, 0.710882
0.173697, 0.716503
0.196083, 0.721965
0.218481, 0.72711
0.241198, 0.73172
0.264315, 0.735685
0.287749, 0.739014
0.311378, 0.741765
0.335099, 0.744006
0.358834, 0.745801
0.382531, 0.74721
0.406159, 0.748285
0.429709, 0.749073
0.453187, 0.749609
0.476608, 0.749921
0.5, 0.750023
0.523392, 0.749921
0.546813, 0.749609
0.570291, 0.749073
0.593841, 0.748285
0.617469, 0.74721
0.641166, 0.745801
0.664901, 0.744006
0.688622, 0.741765
0.712251, 0.739014
0.735685, 0.735685
0.758802, 0.73172
0.781519, 0.72711
0.803917, 0.721965
0.826303, 0.716503
0.849017, 0.710882
0.872198, 0.70507
0.895783, 0.698914
0.919642, 0.692246
0.943628, 0.684904
0.967707, 0.676777
0.0393619, 0.694454
0.0630035, 0.703428
0.0865716, 0.711537
0.110051, 0.718889
0.133333, 0.725635
0.156322, 0.731927
0.178953, 0.737912
0.201262, 0.743681
0.223433, 0.74919
0.245719, 0.754281
0.26828, 0.758802
0.29113, 0.762696
0.314201, 0.765981
0.337409, 0.768708
0.360682, 0.770935
0.383971, 0.772719
0.407242, 0.774106
0.430479, 0.77514
0.453679, 0.775854
0.476848, 0.776272
0.5, 0.77641
0.523152, 0.776272
0.546321, 0.775854
0.569521, 0.77514
0.592758, 0.774106
0.616029, 0.772719
0.639318, 0.770935
0.662591, 0.768708
0.685799, 0.765981
0.70887, 0.762696
0.73172, 0.758802
0.754281, 0.754281
0.776567, 0.74919
0.798738, 0.743681
0.821047, 0.737912
0.843678, 0.731927
0.866667, 0.725635
0.889949, 0.718889
0.913428, 0.711537
0.936996, 0.703428
0.960638, 0.694454
0.0472307, 0.712132
0.070394, 0.72196
0.0934995, 0.730844
0.116549, 0.73889
0.139463, 0.746239
0.162174, 0.753025
0.184632, 0.75938
0.206831, 0.765411
0.228841, 0.771159
0.25081, 0.776567
0.27289, 0.781519
0.295167, 0.785918
0.317646, 0.789724
0.340285, 0.792948
0.363032, 0.795627
0.385839, 0.797804
0.408674, 0.799522
0.431514, 0.800818
0.45435, 0.801722
0.477178, 0.802255
0.5, 0.802432
0.522822, 0.802255
0.54565, 0.801722
0.568486, 0.800818
0.591326, 0.799522
0.614161, 0.797804
0.636968, 0.795627
0.659715, 0.792948
0.682354, 0.789724
0.704833, 0.785918
0.72711, 0.781519
0.74919, 0.776567
0.771159, 0.771159
0.793169, 0.765411
0.815368, 0.75938
0.837826, 0.753025
0.860537, 0.746239
0.883451, 0.73889
0.906501, 0.730844
0.929606, 0.72196
0.952769, 0.712132
0.055942, 0.72981
0.0785852, 0.7405
0.101183, 0.750168
0.123751, 0.758919
0.146231, 0.766887
0.168578, 0.77419
0.190758, 0.780943
0.212755, 0.787245
0.234589, 0.793169
0.256319, 0.798738
0.278035, 0.803917
0.299823, 0.80864
0.321735, 0.812843
0.34378, 0.816496
0.365942, 0.819593
0.388193, 0.822152
0.410506, 0.824198
0.432856, 0.825758
0.455228, 0.826854
0.477612, 0.827504
0.5, 0.82772
0.522388, 0.827504
0.544772, 0.826854
0.567144, 0.825758
0.589494, 0.824198
0.611807, 0.822152
0.634058, 0.819593
0.65622, 0.816496
0.678265, 0.812843
0.700177, 0.80864
0.721965, 0.803917
0.743681, 0.798738
0.765411, 0.793169
0.787245, 0.787245
0.809242, 0.780943
0.831422, 0.77419
0.853769, 0.766887
0.876249, 0.758919
0.898817, 0.750168
0.921415, 0.7405
0.944058, 0.72981
0.0655463, 0.747487
0.087627, 0.759046
0.109673, 0.769506
0.131707, 0.778974
0.153688, 0.787578
0.175586, 0.795428
0.19738, 0.80262
0.219057, 0.809242
0.24062, 0.815368
0.262088, 0.821047
0.283497, 0.826303
0.304895, 0.831126
0.326326, 0.835491
0.347822, 0.839364
0.369395, 0.842721
0.391045, 0.84555
0.41276, 0.847848
0.434528, 0.849622
0.456333, 0.85088
0.478161, 0.851631
0.5, 0.851881
0.521839, 0.851631
0.543667, 0.85088
0.565472, 0.849622
0.58724, 0.847848
0.608955, 0.84555
0.630605, 0.842721
0.652178, 0.839364
0.673674, 0.835491
0.695105, 0.831126
0.716503, 0.826303
0.737912, 0.821047
0.75938, 0.815368
0.780943, 0.809242
0.80262, 0.80262
0.824414, 0.795428
0.846312, 0.787578
0.868293, 0.778974
0.890327, 0.769506
0.912373, 0.759046
0.934454, 0.747487
0.0761044, 0.765165
0.0975788, 0.777597
0.119026, 0.788857
0.140474, 0.799053
0.161893, 0.808312
0.183264, 0.816736
0.204572, 0.824414
0.22581, 0.831422
0.246975, 0.837826
0.268073, 0.843678
0.289118, 0.849017
0.310129, 0.853866
0.331127, 0.858234
0.352132, 0.862119
0.373161, 0.86551
0.394224, 0.868397
0.415324, 0.870768
0.436458, 0.872618
0.457622, 0.87394
0.478806, 0.874735
0.5, 0.874999
0.521194, 0.874735
0.542378, 0.87394
0.563542, 0.872618
0.584676, 0.870768
0.605776, 0.868397
0.626839, 0.86551
0.647868, 0.862119
0.668873, 0.858234
0.689871, 0.853866
0.710882, 0.849017
0.731927, 0.843678
0.753025, 0.837826
0.77419, 0.831422
0.795428, 0.824414
0.816736, 0.816736
0.838107, 0.808312
0.859526, 0.799053
0.880974, 0.788857
0.902421, 0.777597
0.923896, 0.765165
0.0876894, 0.782843
0.108512, 0.796153
0.129314, 0.808218
0.150122, 0.819152
0.170918, 0.829082
0.191688, 0.838107
0.212422, 0.846312
0.233113, 0.853769
0.253761, 0.860537
0.274365, 0.866667
0.29493, 0.872198
0.315464, 0.877161
0.335974, 0.88158
0.356469, 0.885471
0.376958, 0.888841
0.397448, 0.891696
0.417943, 0.894035
0.438447, 0.895857
0.458959, 0.897161
0.479478, 0.897944
0.5, 0.898205
0.520522, 0.897944
0.541041, 0.897161
0.561553, 0.895857
0.582057, 0.894035
0.602552, 0.891696
0.623042, 0.888841
0.643531, 0.885471
0.664026, 0.88158
0.684536, 0.877161
0.70507, 0.872198
0.725635, 0.866667
0.746239, 0.860537
0.766887, 0.853769
0.787578, 0.846312
0.808312, 0.838107
0.829082, 0.829082
0.849878, 0.819152
0.870686, 0.808218
0.891488, 0.796153
0.912311, 0.782843
0.100391, 0.80052
0.120514, 0.814711
0.14062, 0.827584
0.160736, 0.839264
0.180848, 0.849878
0.200947, 0.859526
0.221026, 0.868293
0.241081, 0.876249
0.26111, 0.883451
0.281111, 0.889949
0.301086, 0.895783
0.321036, 0.900987
0.340965, 0.905589
0.360875, 0.90961
0.380771, 0.913069
0.400655, 0.915977
0.420532, 0.918346
0.440403, 0.920183
0.46027, 0.921491
0.480136, 0.922276
0.5, 0.922537
0.519864, 0.922276
0.53973, 0.921491
0.559597, 0.920183
0.579468, 0.918346
0.599345, 0.915977
0.619229, 0.913069
0.639125, 0.90961
0.659035, 0.905589
0.678964, 0.900987
0.698914, 0.895783
0.718889, 0.889949
0.73889, 0.883451
0.758919, 0.876249
0.778974, 0.868293
0.799053, 0.859526
0.819152, 0.849878
0.839264, 0.839264
0.85938, 0.827584
0.879486, 0.814711
0.899609, 0.80052
0.114319, 0.818198
0.133691, 0.833269
0.15305, 0.84695
0.172416, 0.85938
0.191782, 0.870686
0.211143, 0.880974
0.230494, 0.890327
0.249832, 0.898817
0.269156, 0.906501
0.288463, 0.913428
0.307754, 0.919642
0.327029, 0.925175
0.346289, 0.930059
0.365534, 0.934317
0.384767, 0.93797
0.40399, 0.941035
0.423203, 0.943526
0.442408, 0.945452
0.461609, 0.946823
0.480805, 0.947643
0.5, 0.947916
0.519195, 0.947643
0.538391, 0.946823
0.557592, 0.945452
0.576797, 0.943526
0.59601, 0.941035
0.615233, 0.93797
0.634466, 0.934317
0.653711, 0.930059
0.672971, 0.925175
0.692246, 0.919642
0.711537, 0.913428
0.730844, 0.906501
0.750168, 0.898817
0.769506, 0.890327
0.788857, 0.880974
0.808218, 0.870686
0.827584, 0.85938
0.84695, 0.84695
0.866309, 0.833269
0.885681, 0.818198
0.129612, 0.835876
0.148177, 0.851823
0.166731, 0.866309
0.185289, 0.879486
0.203847, 0.891488
0.222403, 0.902421
0.240954, 0.912373
0.2595, 0.921415
0.27804, 0.929606
0.296572, 0.936996
0.315096, 0.943628
0.333613, 0.949537
0.352122, 0.954754
0.370624, 0.959302
0.389119, 0.963205
0.407609, 0.966479
0.426093, 0.969139
0.444574, 0.971197
0.463051, 0.97266
0.481526, 0.973536
0.5, 0.973828
0.518474, 0.973536
0.536949, 0.97266
0.555426, 0.971197
0.573907, 0.969139
0.592391, 0.966479
0.610881, 0.963205
0.629376, 0.959302
0.647878, 0.954754
0.666387, 0.949537
0.684904, 0.943628
0.703428, 0.936996
0.72196, 0.929606
0.7405, 0.921415
0.759046, 0.912373
0.777597, 0.902421
0.796153, 0.891488
0.814711, 0.879486
0.833269, 0.866309
0.851823, 0.851823
0.870388, 0.835876
0.146447, 0.853553
0.164124, 0.870388
0.181802, 0.885681
0.19948, 0.899609
0.217157, 0.912311
0.234835, 0.923896
0.252513, 0.934454
0.27019, 0.944058
0.287868, 0.952769
0.305546, 0.960638
0.323223, 0.967707
0.340901, 0.974012
0.358579, 0.979583
0.376256, 0.984446
0.393934, 0.988621
0.411612, 0.992125
0.429289, 0.994975
0.446967, 0.99718
0.464645, 0.998748
0.482322, 0.999687
0.5, 1
0.517678, 0.999687
0.535355, 0.998748
0.553033, 0.99718
0.570711, 0.994975
0.588388, 0.992125
0.606066, 0.988621
0.623744, 0.984446
0.641421, 0.979583
0.659099, 0.974012
0.676777, 0.967707
0.694454, 0.960638
0.712132, 0.952769
0.72981, 0.944058
0.747487, 0.934454
0.765165, 0.923896
0.782843, 0.912311
0.80052, 0.899609
0.818198, 0.885681
0.835876, 0.870388
0.853553, 0.853553
0.146898, 0.146898
0.165024, 0.131282
0.183153, 0.117084
0.201281, 0.104151
0.219408, 0.092361
0.237533, 0.0816165
0.255655, 0.0718376
0.273773, 0.0629582
0.291888, 0.0549235
0.309999, 0.0476873
0.328107, 0.041211
0.346211, 0.0354619
0.364312, 0.0304125
0.38241, 0.0260399
0.400505, 0.0223248
0.418598, 0.0192516
0.436689, 0.0168076
0.454779, 0.0149829
0.472868, 0.0137704
0.490956, 0.0131653
0.509044, 0.0131653
0.527132, 0.0137704
0.545221, 0.0149829
0.563311, 0.0168076
0.581402, 0.0192516
0.599495, 0.0223248
0.61759, 0.0260399
0.635688, 0.0304125
0.653789, 0.0354619
0.671893, 0.041211
0.690001, 0.0476873
0.708112, 0.0549235
0.726227, 0.0629582
0.744345, 0.0718376
0.762467, 0.0816165
0.780592, 0.092361
0.798719, 0.104151
0.816847, 0.117084
0.834976, 0.131282
0.853102, 0.146898
0.131282, 0.165024
0.15024, 0.15024
0.169207, 0.136813
0.188176, 0.124597
0.207144, 0.113474
0.226106, 0.103349
0.24506, 0.0941441
0.264004, 0.0857953
0.282938, 0.0782481
0.301859, 0.0714573
0.32077, 0.0653845
0.339669, 0.0599973
0.358558, 0.0552687
0.377437, 0.0511758
0.396307, 0.0476999
0.415171, 0.0448253
0.434028, 0.0425399
0.452881, 0.0408339
0.47173, 0.0397004
0.490577, 0.0391348
0.509423, 0.0391348
0.52827, 0.0397004
0.547119, 0.0408339
0.565972, 0.0425399
0.584829, 0.0448253
0.603693, 0.0476999
0.622563, 0.0511758
0.641442, 0.0552687
0.660331, 0.0599973
0.67923, 0.0653845
0.698141, 0.0714573
0.717062, 0.0782481
0.735996, 0.0857953
0.75494, 0.0941441
0.773894, 0.103349
0.792856, 0.113474
0.811824, 0.124597
0.830793, 0.136813
0.84976, 0.15024
0.868718, 0.165024
0.117084, 0.183153
0.136813, 0.169207
0.156556, 0.156556
0.176302, 0.145059
0.196042, 0.134603
0.21577, 0.125093
0.235481, 0.116454
0.255174, 0.108622
0.274845, 0.101543
0.294496, 0.0951728
0.314126, 0.0894737
0.333738, 0.084415
0.353333, 0.0799709
0.372914, 0.0761205
0.392483, 0.072847
0.412043, 0.070137
0.431596, 0.0679803
0.451143, 0.066369
0.470687, 0.0652977
0.490229, 0.0647629
0.509771, 0.0647629
0.529313, 0.0652977
0.548857, 0.066369
0.568404, 0.0679803
0.587957, 0.070137
0.607517, 0.072847
0.627086, 0.0761205
0.646667, 0.0799709
0.666262, 0.084415
0.685874, 0.0894737
0.705504, 0.0951728
0.725155, 0.101543
0.744826, 0.108622
0.764519, 0.116454
0.78423, 0.125093
0.803958, 0.134603
0.823698, 0.145059
0.843444, 0.156556
0.863187, 0.169207
0.882916, 0.183153
0.104151, 0.201281
0.124597, 0.188176
0.145059, 0.176302
0.165521, 0.165521
0.185969, 0.155722
0.206392, 0.146813
0.226786, 0.138716
0.247145, 0.131368
0.267471, 0.124715
0.287763, 0.118714
0.308027, 0.113328
0.328267, 0.108529
0.348488, 0.104296
0.368697, 0.100612
0.388898, 0.0974665
0.409096, 0.0948523
0.429294, 0.0927644
0.449493, 0.0912001
0.469695, 0.0901579
0.489898, 0.089637
0.510102, 0.089637
0.530305, 0.0901579
0.550507, 0.0912001
0.570706, 0.0927644
0.590904, 0.0948523
0.611102, 0.0974665
0.631303, 0.100612
0.651512, 0.104296
0.671733, 0.108529
0.691973, 0.113328
0.712237, 0.118714
0.732529, 0.124715
0.752855, 0.131368
0.773214, 0.138716
0.793608, 0.146813
0.814031, 0.155722
0.834479, 0.165521
0.854941, 0.176302
0.875403, 0.188176
0.895849, 0.201281
0.092361, 0.219408
0.113474, 0.207144
0.134603, 0.196042
0.155722, 0.185969
0.176812, 0.176812
0.197858, 0.168478
0.218853, 0.160888
0.239791, 0.153975
0.260675, 0.147683
0.281511, 0.141969
0.30231, 0.136801
0.323085, 0.132157
0.343851, 0.128025
0.364618, 0.124401
0.385399, 0.121287
0.406197, 0.118684
0.427015, 0.116597
0.447853, 0.115029
0.468705, 0.113982
0.489567, 0.113458
0.510433, 0.113458
0.531295, 0.113982
0.552147, 0.115029
0.572985, 0.116597
0.593803, 0.118684
0.614601, 0.121287
0.635382, 0.124401
0.656149, 0.128025
0.676915, 0.132157
0.69769, 0.136801
0.718489, 0.141969
0.739325, 0.147683
0.760209, 0.153975
0.781147, 0.160888
0.802142, 0.168478
0.823188, 0.176812
0.844278, 0.185969
0.865397, 0.196042
0.886526, 0.207144
0.907639, 0.219408
0.0816165, 0.237533
0.103349, 0.226106
0.125093, 0.21577
0.146813, 0.206392
0.168478, 0.197858
0.19007, 0.19007
0.211574, 0.18294
0.232989, 0.176398
0.254321, 0.170384
0.275589, 0.164859
0.296821, 0.159805
0.318048, 0.155219
0.339296, 0.151112
0.360586, 0.1475
0.381926, 0.144396
0.403317, 0.141808
0.424754, 0.13974
0.446226, 0.138192
0.467725, 0.137163
0.48924, 0.136649
0.51076, 0.136649
0.532275, 0.137163
0.553774, 0.138192
0.575246, 0.13974
0.596683, 0.141808
0.618074, 0.144396
0.639414, 0.1475
0.660704, 0.151112
0.681952, 0.155219
0.703179, 0.159805
0.724411, 0.164859
0.745679, 0.170384
0.767011, 0.176398
0.788426, 0.18294
0.80993, 0.19007
0.831522, 0.197858
0.853187, 0.206392
0.874907, 0.21577
0.896651, 0.226106
0.918383, 0.237533
0.0718376, 0.255655
0.0941441, 0.24506
0.116454, 0.235481
0.138716, 0.226786
0.160888, 0.218853
0.18294, 0.211574
0.204855, 0.204855
0.226631, 0.198614
0.248296, 0.1928
0.269898, 0.187397
0.291499, 0.182423
0.313152, 0.177916
0.334889, 0.17391
0.35672, 0.170429
0.378636, 0.167479
0.400622, 0.165054
0.422661, 0.16314
0.444735, 0.161721
0.466833, 0.160785
0.488943, 0.160319
0.511057, 0.160319
0.533167, 0.160785
0.555265, 0.161721
0.577339, 0.16314
0.599378, 0.165054
0.621364, 0.167479
0.64328, 0.170429
0.665111, 0.17391
0.686848, 0.177916
0.708501, 0.182423
0.730102, 0.187397
0.751704, 0.1928
0.773369, 0.198614
0.795145, 0.204855
0.81706, 0.211574
0.839112, 0.218853
0.861284, 0.226786
0.883546, 0.235481
0.905856, 0.24506
0.928162, 0.255655
0.0629582, 0.273773
0.0857953, 0.264004
0.108622, 0.255174
0.131368, 0.247145
0.153975, 0.239791
0.176398, 0.232989
0.198614, 0.226631
0.220642, 0.220642
0.242554, 0.215001
0.264457, 0.209751
0.286449, 0.204965
0.308582, 0.200705
0.330862, 0.197
0.353265, 0.193848
0.375757, 0.191227
0.398308, 0.189106
0.420891, 0.187452
0.443489, 0.186238
0.466093, 0.185442
0.488698, 0.185048
0.511302, 0.185048
0.533907, 0.185442
0.556511, 0.186238
0.579109, 0.187452
0.601692, 0.189106
0.624243, 0.191227
0.646735, 0.193848
0.669138, 0.197
0.691418, 0.200705
0.713551, 0.204965
0.735543, 0.209751
0.757446, 0.215001
0.779358, 0.220642
0.801386, 0.226631
0.823602, 0.232989
0.846025, 0.239791
0.868632, 0.247145
0.891378, 0.255174
0.914205, 0.264004
0.937042, 0.273773
0.0549235, 0.291888
0.0782481, 0.282938
0.101543, 0.274845
0.124715, 0.267471
0.147683, 0.260675
0.170384, 0.254321
0.1928, 0.248296
0.215001, 0.242554
0.237146, 0.237146
0.259403, 0.232185
0.281867, 0.227768
0.304547, 0.223939
0.327399, 0.220687
0.350363, 0.217975
0.373388, 0.215757
0.396435, 0.213988
0.419479, 0.212625
0.442505, 0.211634
0.465513, 0.210989
0.488506, 0.210671
0.511494, 0.210671
0.534487, 0.210989
0.557495, 0.211634
0.580521, 0.212625
0.603565, 0.213988
0.626612, 0.215757
0.649637, 0.217975
0.672601, 0.220687
0.695453, 0.223939
0.718133, 0.227768
0.740597, 0.232185
0.762854, 0.237146
0.784999, 0.242554
0.8072, 0.248296
0.829616, 0.254321
0.852317, 0.260675
0.875285, 0.267471
0.898457, 0.274845
0.921752, 0.282938
0.945077, 0.291888
0.0476873, 0.309999
0.0714573, 0.301859
0.0951728, 0.294496
0.118714, 0.287763
0.141969, 0.281511
0.164859, 0.275589
0.187397, 0.269898
0.209751, 0.264457
0.232185, 0.259403
0.254883, 0.254883
0.277887, 0.250972
0.301134, 0.247664
0.324536, 0.244912
0.348014, 0.242659
0.371506, 0.240848
0.394973, 0.239426
0.418392, 0.238348
0.441758, 0.237574
0.465077, 0.237075
0.488363, 0.23683
0.511637, 0.23683
0.534923, 0.237075
0.558242, 0.237574
0.581608, 0.238348
0.605027, 0.239426
0.628494, 0.240848
0.651986, 0.242659
0.675464, 0.244912
0.698866, 0.247664
0.722113, 0.250972
0.745117, 0.254883
0.767815, 0.259403
0.790249, 0.264457
0.812603, 0.269898
0.835141, 0.275589
0.858031, 0.281511
0.881286, 0.287763
0.904827, 0.294496
0.928543, 0.301859
0.952313, 0.309999
0.041211, 0.328107
0.0653845, 0.32077
0.0894737, 0.314126
0.113328, 0.308027
0.136801, 0.30231
0.159805, 0.296821
0.182423, 0.291499
0.204965, 0.286449
0.227768, 0.281867
0.250972, 0.277887
0.274529, 0.274529
0.298318, 0.271749
0.322225, 0.269484
0.346157, 0.267668
0.370051, 0.266239
0.393867, 0.26514
0.417587, 0.264322
0.441212, 0.263742
0.464761, 0.263371
0.488259, 0.26319
0.511741, 0.26319
0.535239, 0.263371
0.558788, 0.263742
0.582413, 0.264322
0.606133, 0.26514
0.629949, 0.266239
0.653843, 0.267668
0.677775, 0.269484
0.701682, 0.271749
0.725471, 0.274529
0.749028, 0.277887
0.772232, 0.281867
0.795035, 0.286449
0.817577, 0.291499
0.840195, 0.296821
0.863199, 0.30231
0.886672, 0.308027
0.910526, 0.314126
0.934616, 0.32077
0.958789, 0.328107
0.0354619, 0.346211
0.0599973, 0.339669
0.084415, 0.333738
0.108529, 0.328267
0.132157, 0.323085
0.155219, 0.318048
0.177916, 0.313152
0.200705, 0.308582
0.223939, 0.304547
0.247664, 0.301134
0.271749, 0.298318
0.296037, 0.296037
0.320396, 0.294221
0.344726, 0.292802
0.368958, 0.291712
0.393054, 0.290889
0.417003, 0.29028
0.44082, 0.289848
0.464534, 0.289567
0.488185, 0.289428
0.511815, 0.289428
0.535466, 0.289567
0.55918, 0.289848
0.582997, 0.29028
0.606946, 0.290889
0.631042, 0.291712
0.655274, 0.292802
0.679604, 0.294221
0.703963, 0.296037
0.728251, 0.298318
0.752336, 0.301134
0.776061, 0.304547
0.799295, 0.308582
0.822084, 0.313152
0.844781, 0.318048
0.867843, 0.323085
0.891471, 0.328267
0.915585, 0.333738
0.940003, 0.339669
0.964538, 0.346211
0.0304125, 0.364312
0.0552687, 0.358558
0.0799709, 0.353333
0.104296, 0.348488
0.128025, 0.343851
0.151112, 0.339296
0.17391, 0.334889
0.197, 0.330862
0.220687, 0.327399
0.244912, 0.324536
0.269484, 0.322225
0.294221, 0.320396
0.318978, 0.318978
0.343645, 0.317899
0.368148, 0.317082
0.392451, 0.316458
0.416557, 0.315972
0.440502, 0.315594
0.464338, 0.315322
0.488118, 0.315178
0.511882, 0.315178
0.535662, 0.315322
0.559498, 0.315594
0.583443, 0.315972
0.607549, 0.316458
0.631852, 0.317082
0.656355, 0.317899
0.681022, 0.318978
0.705779, 0.320396
0.730516, 0.322225
0.755088, 0.324536
0.779313, 0.327399
0.803, 0.330862
0.82609, 0.334889
0.848888, 0.339296
0.871975, 0.343851
0.895704, 0.348488
0.920029, 0.353333
0.944731, 0.358558
0.969587, 0.364312
0.0260399, 0.38241
0.0511758, 0.377437
0.0761205, 0.372914
0.100612, 0.368697
0.124401, 0.364618
0.1475, 0.360586
0.170429, 0.35672
0.193848, 0.353265
0.217975, 0.350363
0.242659, 0.348014
0.267668, 0.346157
0.292802, 0.344726
0.317899, 0.343645
0.342834, 0.342834
0.367524, 0.342201
0.39194, 0.34166
0.416112, 0.34115
0.440122, 0.340661
0.464071, 0.340252
0.48802, 0.340014
0.51198, 0.340014
0.535929, 0.340252
0.559878, 0.340661
0.583888, 0.34115
0.60806, 0.34166
0.632476, 0.342201
0.657166, 0.342834
0.682101, 0.343645
0.707198, 0.344726
0.732332, 0.346157
0.757341, 0.348014
0.782025, 0.350363
0.806152, 0.353265
0.829571, 0.35672
0.8525, 0.360586
0.875599, 0.364618
0.899388, 0.368697
0.92388, 0.372914
0.948824, 0.377437
0.97396, 0.38241
0.0223248, 0.400505
0.0476999, 0.396307
0.072847, 0.392483
0.0974665, 0.388898
0.121287, 0.385399
0.144396, 0.381926
0.167479, 0.378636
0.191227, 0.375757
0.215757, 0.373388
0.240848, 0.371506
0.266239, 0.370051
0.291712, 0.368958
0.317082, 0.368148
0.342201, 0.367524
0.366969, 0.366969
0.391362, 0.36636
0.415469, 0.365625
0.43948, 0.36481
0.463583, 0.364088
0.487838, 0.363662
0.512162, 0.363662
0.536417, 0.364088
0.56052, 0.36481
0.584531, 0.365625
0.608638, 0.36636
0.633031, 0.366969
0.657799, 0.367524
0.682918, 0.368148
0.708288, 0.368958
0.733761, 0.370051
0.759152, 0.371506
0.784243, 0.373388
0.808773, 0.375757
0.832521, 0.378636
0.855604, 0.381926
0.878713, 0.385399
0.902533, 0.388898
0.927153, 0.392483
0.9523, 0.396307
0.977675, 0.400505
0.0192516, 0.418598
0.0448253, 0.415171
0.070137, 0.412043
0.0948523, 0.409096
0.118684, 0.406197
0.141808, 0.403317
0.165054, 0.400622
0.189106, 0.398308
0.213988, 0.396435
0.239426, 0.394973
0.26514, 0.393867
0.290889, 0.393054
0.316458, 0.392451
0.34166, 0.39194
0.36636, 0.391362
0.390548, 0.390548
0.414449, 0.389448
0.43845, 0.388231
0.462825, 0.387202
0.487561, 0.386625
0.512439, 0.386625
0.537175, 0.387202
0.56155, 0.388231
0.585551, 0.389448
0.609452, 0.390548
0.63364, 0.391362
0.65834, 0.39194
0.683542, 0.392451
0.709111, 0.393054
0.73486, 0.393867
0.760574, 0.394973
0.786012, 0.396435
0.810894, 0.398308
0.834946, 0.400622
0.858192, 0.403317
0.881316, 0.406197
0.905148, 0.409096
0.929863, 0.412043
0.955175, 0.415171
0.980748, 0.418598
0.0168076, 0.436689
0.0425399, 0.434028
0.0679803, 0.431596
0.0927644, 0.429294
0.116597, 0.427015
0.13974, 0.424754
0.16314, 0.422661
0.187452, 0.420891
0.212625, 0.419479
0.238348, 0.418392
0.264322, 0.417587
0.29028, 0.417003
0.315972, 0.416557
0.34115, 0.416112
0.365625, 0.415469
0.389448, 0.414449
0.413098, 0.413098
0.437191, 0.411732
0.461966, 0.410689
0.487261, 0.410144
0.512739, 0.410144
0.538034, 0.410689
0.562809, 0.411732
0.586902, 0.413098
0.610552, 0.414449
0.634375, 0.415469
0.65885, 0.416112
0.684028, 0.416557
0.70972, 0.417003
0.735678, 0.417587
0.761652, 0.418392
0.787375, 0.419479
0.812548, 0.420891
0.83686, 0.422661
0.86026, 0.424754
0.883403, 0.427015
0.907236, 0.429294
0.93202, 0.431596
0.95746, 0.434028
0.983192, 0.436689
0.0149829, 0.454779
0.0408339, 0.452881
0.066369, 0.451143
0.0912001, 0.449493
0.115029, 0.447853
0.138192, 0.446226
0.161721, 0.444735
0.186238, 0.443489
0.211634, 0.442505
0.237574, 0.441758
0.263742, 0.441212
0.289848, 0.44082
0.315594, 0.440502
0.340661, 0.440122
0.36481, 0.43948
0.388231, 0.43845
0.411732, 0.437191
0.436046, 0.436046
0.461247, 0.435248
0.48702, 0.434851
0.51298, 0.434851
0.538753, 0.435248
0.563954, 0.436046
0.588268, 0.437191
0.611769, 0.43845
0.63519, 0.43948
0.659339, 0.440122
0.684406, 0.440502
0.710152, 0.44082
0.736258, 0.441212
0.762426, 0.441758
0.788366, 0.442505
0.813762, 0.443489
0.838279, 0.444735
0.861808, 0.446226
0.884971, 0.447853
0.9088, 0.449493
0.933631, 0.451143
0.959166, 0.452881
0.985017, 0.454779
0.0137704, 0.472868
0.0397004, 0.47173
0.0652977, 0.470687
0.0901579, 0.469695
0.113982, 0.468705
0.137163, 0.467725
0.160785, 0.466833
0.185442, 0.466093
0.210989, 0.465513
0.237075, 0.465077
0.263371, 0.464761
0.289567, 0.464534
0.315322, 0.464338
0.340252, 0.464071
0.364088, 0.463583
0.387202, 0.462825
0.410689, 0.461966
0.435248, 0.461247
0.460771, 0.460771
0.486863, 0.46054
0.513137, 0.46054
0.539229, 0.460771
0.564752, 0.461247
0.589311, 0.461966
0.612798, 0.462825
0.635912, 0.463583
0.659748, 0.464071
0.684678, 0.464338
0.710433, 0.464534
0.736629, 0.464761
0.762925, 0.465077
0.789011, 0.465513
0.814558, 0.466093
0.839215, 0.466833
0.862837, 0.467725
0.886018, 0.468705
0.909842, 0.469695
0.934702, 0.470687
0.9603, 0.47173
0.98623, 0.472868
0.0131653, 0.490956
0.0391348, 0.490577
0.0647629, 0.490229
0.089637, 0.489898
0.113458, 0.489567
0.136649, 0.48924
0.160319, 0.488943
0.185048, 0.488698
0.210671, 0.488506
0.23683, 0.488363
0.26319, 0.488259
0.289428, 0.488185
0.315178, 0.488118
0.340014, 0.48802
0.363662, 0.487838
0.386625, 0.487561
0.410144, 0.487261
0.434851, 0.48702
0.46054, 0.486863
0.486788, 0.486788
0.513212, 0.486788
0.53946, 0.486863
0.565149, 0.48702
0.589856, 0.487261
0.613375, 0.487561
0.636338, 0.487838
0.659986, 0.48802
0.684822, 0.488118
0.710572, 0.488185
0.73681, 0.488259
0.76317, 0.488363
0.789329, 0.488506
0.814952, 0.488698
0.839681, 0.488943
0.863351, 0.48924
0.886542, 0.489567
0.910363, 0.489898
0.935237, 0.490229
0.960865, 0.490577
0.986835, 0.490956
0.0131653, 0.509044
0.0391348, 0.509423
0.0647629, 0.509771
0.089637, 0.510102
0.113458, 0.510433
0.136649, 0.51076
0.160319, 0.511057
0.185048, 0.511302
0.210671, 0.511494
0.23683, 0.511637
0.26319, 0.511741
0.289428, 0.511815
0.315178, 0.511882
0.340014, 0.51198
0.363662, 0.512162
0.386625, 0.512439
0.410144, 0.512739
0.434851, 0.51298
0.46054, 0.513137
0.486788, 0.513212
0.513212, 0.513212
0.53946, 0.513137
0.565149, 0.51298
0.589856, 0.512739
0.613375, 0.512439
0.636338, 0.512162
0.659986, 0.51198
0.684822, 0.511882
0.710572, 0.511815
0.73681, 0.511741
0.76317, 0.511637
0.789329, 0.511494
0.814952, 0.511302
0.839681, 0.511057
0.863351, 0.51076
0.886542, 0.510433
0.910363, 0.510102
0.935237, 0.509771
0.960865, 0.509423
0.986835, 0.509044
0.0137704, 0.527132
0.0397004, 0.52827
0.0652977, 0.529313
0.0901579, 0.530305
0.113982, 0.531295
0.137163, 0.532275
0.160785, 0.533167
0.185442, 0.533907
0.210989, 0.534487
0.237075, 0.534923
0.263371, 0.535239
0.289567, 0.535466
0.315322, 0.535662
0.340252, 0.535929
0.364088, 0.536417
0.387202, 0.537175
0.410689, 0.538034
0.435248, 0.538753
0.460771, 0.539229
0.486863, 0.53946
0.513137, 0.53946
0.539229, 0.539229
0.564752, 0.538753
0.589311, 0.538034
0.612798, 0.537175
0.635912, 0.536417
0.659748, 0.535929
0.684678, 0.535662
0.710433, 0.535466
0.736629, 0.535239
0.762925, 0.534923
0.789011, 0.534487
0.814558, 0.533907
0.839215, 0.533167
0.862837, 0.532275
0.886018, 0.531295
0.909842, 0.530305
0.934702, 0.529313
0.9603, 0.52827
0.98623, 0.527132
0.0149829, 0.545221
0.0408339, 0.547119
0.066369, 0.548857
0.0912001, 0.550507
0.115029, 0.552147
0.138192, 0.553774
0.161721, 0.555265
0.186238, 0.556511
0.211634, 0.557495
0.237574, 0.558242
0.263742, 0.558788
0.289848, 0.55918
0.315594, 0.559498
0.340661, 0.559878
0.36481, 0.56052
0.388231, 0.56155
0.411732, 0.562809
0.436046, 0.563954
0.461247, 0.564752
0.48702, 0.565149
0.51298, 0.565149
0.538753, 0.564752
0.563954, 0.563954
0.588268, 0.562809
0.611769, 0.56155
0.63519, 0.56052
0.659339, 0.559878
0.684406, 0.559498
0.710152, 0.55918
0.736258, 0.558788
0.762426, 0.558242
0.788366, 0.557495
0.813762, 0.556511
0.838279, 0.555265
0.861808, 0.553774
0.884971, 0.552147
0.9088, 0.550507
0.933631, 0.548857
0.959166, 0.547119
0.985017, 0.545221
0.0168076, 0.563311
0.0425399, 0.565972
0.0679803, 0.568404
0.0927644, 0.570706
0.116597, 0.572985
0.13974, 0.575246
0.16314, 0.577339
0.187452, 0.579109
0.212625, 0.580521
0.238348, 0.581608
0.264322, 0.582413
0.29028, 0.582997
0.315972, 0.583443
0.34115, 0.583888
0.365625, 0.584531
0.389448, 0.585551
0.413098, 0.586902
0.437191, 0.588268
0.461966, 0.589311
0.487261, 0.589856
0.512739, 0.589856
0.538034, 0.589311
0.562809, 0.588268
0.586902, 0.586902
0.610552, 0.585551
0.634375, 0.584531
0.65885, 0.583888
0.684028, 0.583443
0.70972, 0.582997
0.735678, 0.582413
0.761652, 0.581608
0.787375, 0.580521
0.812548, 0.579109
0.83686, 0.577339
0.86026, 0.575246
0.883403, 0.572985
0.907236, 0.570706
0.93202, 0.568404
0.95746, 0.565972
0.983192, 0.563311
0.0192516, 0.581402
0.0448253, 0.584829
0.070137, 0.587957
0.0948523, 0.590904
0.118684, 0.593803
0.141808, 0.596683
0.165054, 0.599378
0.189106, 0.601692
0.213988, 0.603565
0.239426, 0.605027
0.26514, 0.606133
0.290889, 0.606946
0.316458, 0.607549
0.34166, 0.60806
0.36636, 0.608638
0.390548, 0.609452
0.414449, 0.610552
0.43845, 0.611769
0.462825, 0.612798
0.487561, 0.613375
0.512439, 0.613375
0.537175, 0.612798
0.56155, 0.611769
0.585551, 0.610552
0.609452, 0.609452
0.63364, 0.608638
0.65834, 0.60806
0.683542, 0.607549
0.709111, 0.606946
0.73486, 0.606133
0.760574, 0.605027
0.786012, 0.603565
0.810894, 0.601692
0.834946, 0.599378
0.858192, 0.596683
0.881316, 0.593803
0.905148, 0.590904
0.929863, 0.587957
0.955175, 0.584829
0.980748, 0.581402
0.0223248, 0.599495
0.0476999, 0.603693
0.072847, 0.607517
0.0974665, 0.611102
0.121287, 0.614601
0.144396, 0.618074
0.167479, 0.621364
0.191227, 0.624243
0.215757, 0.626612
0.240848, 0.628494
0.266239, 0.629949
0.291712, 0.631042
0.317082, 0.631852
0.342201, 0.632476
0.366969, 0.633031
0.391362, 0.63364
0.415469, 0.634375
0.43948, 0.63519
0.463583, 0.635912
0.487838, 0.636338
0.512162, 0.636338
0.536417, 0.635912
0.56052, 0.63519
0.584531, 0.634375
0.608638, 0.63364
0.633031, 0.633031
0.657799, 0.632476
0.682918, 0.631852
0.708288, 0.631042
0.733761, 0.629949
0.759152, 0.628494
0.784243, 0.626612
0.808773, 0.624243
0.832521, 0.621364
0.855604, 0.618074
0.878713, 0.614601
0.902533, 0.611102
0.927153, 0.607517
0.9523, 0.603693
0.977675, 0.599495
0.0260399, 0.61759
0.0511758, 0.622563
0.0761205, 0.627086
0.100612, 0.631303
0.124401, 0.635382
0.1475, 0.639414
0.170429, 0.64328
0.193848, 0.646735
0.217975, 0.649637
0.242659, 0.651986
0.267668, 0.653843
0.292802, 0.655274
0.317899, 0.656355
0.342834, 0.657166
0.367524, 0.657799
0.39194, 0.65834
0.416112, 0.65885
0.440122, 0.659339
0.464071, 0.659748
0.48802, 0.659986
0.51198, 0.659986
0.535929, 0.659748
0.559878, 0.659339
0.583888, 0.65885
0.60806, 0.65834
0.632476, 0.657799
0.657166, 0.657166
0.682101, 0.656355
0.707198, 0.655274
0.732332, 0.653843
0.757341, 0.651986
0.782025, 0.649637
0.806152, 0.646735
0.829571, 0.64328
0.8525, 0.639414
0.875599, 0.635382
0.899388, 0.631303
0.92388, 0.627086
0.948824, 0.622563
0.97396, 0.61759
0.0304125, 0.635688
0.0552687, 0.641442
0.0799709, 0.646667
0.104296, 0.651512
0.128025, 0.656149
0.151112, 0.660704
0.17391, 0.665111
0.197, 0.669138
0.220687, 0.672601
0.244912, 0.675464
0.269484, 0.677775
0.294221, 0.679604
0.318978, 0.681022
0.343645, 0.682101
0.368148, 0.682918
0.392451, 0.683542
0.416557, 0.684028
0.440502, 0.684406
0.464338, 0.684678
0.488118, 0.684822
0.511882, 0.684822
0.535662, 0.684678
0.559498, 0.684406
0.583443, 0.684028
0.607549, 0.683542
0.631852, 0.682918
0.656355, 0.682101
0.681022, 0.681022
0.705779, 0.679604
0.730516, 0.677775
0.755088, 0.675464
0.779313, 0.672601
0.803, 0.669138
0.82609, 0.665111
0.848888, 0.660704
0.871975, 0.656149
0.895704, 0.651512
0.920029, 0.646667
0.944731, 0.641442
0.969587, 0.635688
0.0354619, 0.653789
0.0599973, 0.660331
0.084415, 0.666262
0.108529, 0.671733
0.132157, 0.676915
0.155219, 0.681952
0.177916, 0.686848
0.200705, 0.691418
0.223939, 0.695453
0.247664, 0.698866
0.271749, 0.701682
0.296037, 0.703963
0.320396, 0.705779
0.344726, 0.707198
0.368958, 0.708288
0.393054, 0.709111
0.417003, 0.70972
0.44082, 0.710152
0.464534, 0.710433
0.488185, 0.710572
0.511815, 0.710572
0.535466, 0.710433
0.55918, 0.710152
0.582997, 0.70972
0.606946, 0.709111
0.631042, 0.708288
0.655274, 0.707198
0.679604, 0.705779
0.703963, 0.703963
0.728251, 0.701682
0.752336, 0.698866
0.776061, 0.695453
0.799295, 0.691418
0.822084, 0.686848
0.844781, 0.681952
0.867843, 0.676915
0.891471, 0.671733
0.915585, 0.666262
0.940003, 0.660331
0.964538, 0.653789
0.041211, 0.671893
0.0653845, 0.67923
0.0894737, 0.685874
0.113328, 0.691973
0.136801, 0.69769
0.159805, 0.703179
0.182423, 0.708501
0.204965, 0.713551
0.227768, 0.718133
0.250972, 0.722113
0.274529, 0.725471
0.298318, 0.728251
0.322225, 0.730516
0.346157, 0.732332
0.370051, 0.733761
0.393867, 0.73486
0.417587, 0.735678
0.441212, 0.736258
0.464761, 0.736629
0.488259, 0.73681
0.511741, 0.73681
0.535239, 0.736629
0.558788, 0.736258
0.582413, 0.735678
0.606133, 0.73486
0.629949, 0.733761
0.653843, 0.732332
0.677775, 0.730516
0.701682, 0.728251
0.725471, 0.725471
0.749028, 0.722113
0.772232, 0.718133
0.795035, 0.713551
0.817577, 0.708501
0.840195, 0.703179
0.863199, 0.69769
0.886672, 0.691973
0.910526, 0.685874
0.934616, 0.67923
0.958789, 0.671893
0.0476873, 0.690001
0.0714573, 0.698141
0.0951728, 0.705504
0.118714, 0.712237
0.141969, 0.718489
0.164859, 0.724411
0.187397, 0.730102
0.209751, 0.735543
0.232185, 0.740597
0.254883, 0.745117
0.277887, 0.749028
0.301134, 0.752336
0.324536, 0.755088
0.348014, 0.757341
0.371506, 0.759152
0.394973, 0.760574
0.418392, 0.761652
0.441758, 0.762426
0.465077, 0.762925
0.488363, 0.76317
0.511637, 0.76317
0.534923, 0.762925
0.558242, 0.762426
0.581608, 0.761652
0.605027, 0.760574
0.628494, 0.759152
0.651986, 0.757341
0.675464, 0.755088
0.698866, 0.752336
0.722113, 0.749028
0.745117, 0.745117
0.767815, 0.740597
0.790249, 0.735543
0.812603, 0.730102
0.835141, 0.724411
0.858031, 0.718489
0.881286, 0.712237
0.904827, 0.705504
0.928543, 0.698141
0.952313, 0.690001
0.0549235, 0.708112
0.0782481, 0.717062
0.101543, 0.725155
0.124715, 0.732529
0.147683, 0.739325
0.170384, 0.745679
0.1928, 0.751704
0.215001, 0.757446
0.237146, 0.762854
0.259403, 0.767815
0.281867, 0.772232
0.304547, 0.776061
0.327399, 0.779313
0.350363, 0.782025
0.373388, 0.784243
0.396435, 0.786012
0.419479, 0.787375
0.442505, 0.788366
0.465513, 0.789011
0.488506, 0.789329
0.511494, 0.789329
0.534487, 0.789011
0.557495, 0.788366
0.580521, 0.787375
0.603565, 0.786012
0.626612, 0.784243
0.649637, 0.782025
0.672601, 0.779313
0.695453, 0.776061
0.718133, 0.772232
0.740597, 0.767815
0.762854, 0.762854
0.784999, 0.757446
0.8072, 0.751704
0.829616, 0.745679
0.852317, 0.739325
0.875285, 0.732529
0.898457, 0.725155
0.921752, 0.717062
0.945077, 0.708112
0.0629582, 0.726227
0.0857953, 0.735996
0.108622, 0.744826
0.131368, 0.752855
0.153975, 0.760209
0.176398, 0.767011
0.198614, 0.773369
0.220642, 0.779358
0.242554, 0.784999
0.264457, 0.790249
0.286449, 0.795035
0.308582, 0.799295
0.330862, 0.803
0.353265, 0.806152
0.375757, 0.808773
0.398308, 0.810894
0.420891, 0.812548
0.443489, 0.813762
0.466093, 0.814558
0.488698, 0.814952
0.511302, 0.814952
0.533907, 0.814558
0.556511, 0.813762
0.579109, 0.812548
0.601692, 0.810894
0.624243, 0.808773
0.646735, 0.806152
0.669138, 0.803
0.691418, 0.799295
0.713551, 0.795035
0.735543, 0.790249
0.757446, 0.784999
0.779358, 0.779358
0.801386, 0.773369
0.823602, 0.767011
0.846025, 0.760209
0.868632, 0.752855
0.891378, 0.744826
0.914205, 0.735996
0.937042, 0.726227
0.0718376, 0.744345
0.0941441, 0.75494
0.116454, 0.764519
0.138716, 0.773214
0.160888, 0.781147
0.18294, 0.788426
0.204855, 0.795145
0.226631, 0.801386
0.248296, 0.8072
0.269898, 0.812603
0.291499, 0.817577
0.313152, 0.822084
0.334889, 0.82609
0.35672, 0.829571
0.378636, 0.832521
0.400622, 0.834946
0.422661, 0.83686
0.444735, 0.838279
0.466833, 0.839215
0.488943, 0.839681
0.511057, 0.839681
0.533167, 0.839215
0.555265, 0.838279
0.577339, 0.83686
0.599378, 0.834946
0.621364, 0.832521
0.64328, 0.829571
0.665111, 0.82609
0.686848, 0.822084
0.708501, 0.817577
0.730102, 0.812603
0.751704, 0.8072
0.773369, 0.801386
0.795145, 0.795145
0.81706, 0.788426
0.839112, 0.781147
0.861284, 0.773214
0.883546, 0.764519
0.905856, 0.75494
0.928162, 0.744345
0.0816165, 0.762467
0.103349, 0.773894
0.125093, 0.78423
0.146813, 0.793608
0.168478, 0.802142
0.19007, 0.80993
0.211574, 0.81706
0.232989, 0.823602
0.254321, 0.829616
0.275589, 0.835141
0.296821, 0.840195
0.318048, 0.844781
0.339296, 0.848888
0.360586, 0.8525
0.381926, 0.855604
0.403317, 0.858192
0.424754, 0.86026
0.446226, 0.861808
0.467725, 0.862837
0.48924, 0.863351
0.51076, 0.863351
0.532275, 0.862837
0.553774, 0.861808
0.575246, 0.86026
0.596683, 0.858192
0.618074, 0.855604
0.639414, 0.8525
0.660704, 0.848888
0.681952, 0.844781
0.703179, 0.840195
0.724411, 0.835141
0.745679, 0.829616
0.767011, 0.823602
0.788426, 0.81706
0.80993, 0.80993
0.831522, 0.802142
0.853187, 0.793608
0.874907, 0.78423
0.896651, 0.773894
0.918383, 0.762467
0.092361, 0.780592
0.113474, 0.792856
0.134603, 0.803958
0.155722, 0.814031
0.176812, 0.823188
0.197858, 0.831522
0.218853, 0.839112
0.239791, 0.846025
0.260675, 0.852317
0.281511, 0.858031
0.30231, 0.863199
0.323085, 0.867843
0.343851, 0.871975
0.364618, 0.875599
0.385399, 0.878713
0.406197, 0.881316
0.427015, 0.883403
0.447853, 0.884971
0.468705, 0.886018
0.489567, 0.886542
0.510433, 0.886542
0.531295, 0.886018
0.552147, 0.884971
0.572985, 0.883403
0.593803, 0.881316
0.614601, 0.878713
0.635382, 0.875599
0.656149, 0.871975
0.676915, 0.867843
0.69769, 0.863199
0.718489, 0.858031
0.739325, 0.852317
0.760209, 0.846025
0.781147, 0.839112
0.802142, 0.831522
0.823188, 0.823188
0.844278, 0.814031
0.865397, 0.803958
0.886526, 0.792856
0.907639, 0.780592
0.104151, 0.798719
0.124597, 0.811824
0.145059, 0.823698
0.165521, 0.834479
0.185969, 0.844278
0.206392, 0.853187
0.226786, 0.861284
0.247145, 0.868632
0.267471, 0.875285
0.287763, 0.881286
0.308027, 0.886672
0.328267, 0.891471
0.348488, 0.895704
0.368697, 0.899388
0.388898, 0.902533
0.409096, 0.905148
0.429294, 0.907236
0.449493, 0.9088
0.469695, 0.909842
0.489898, 0.910363
0.510102, 0.910363
0.530305, 0.909842
0.550507, 0.9088
0.570706, 0.907236
0.590904, 0.905148
0.611102, 0.902533
0.631303, 0.899388
0.651512, 0.895704
0.671733, 0.891471
0.691973, 0.886672
0.712237, 0.881286
0.732529, 0.875285
0.752855, 0.868632
0.773214, 0.861284
0.793608, 0.853187
0.814031, 0.844278
0.834479, 0.834479
0.854941, 0.823698
0.875403, 0.811824
0.895849, 0.798719
0.117084, 0.816847
0.136813, 0.830793
0.156556, 0.843444
0.176302, 0.854941
0.196042, 0.865397
0.21577, 0.874907
0.235481, 0.883546
0.255174, 0.891378
0.274845, 0.898457
0.294496, 0.904827
0.314126, 0.910526
0.333738, 0.915585
0.353333, 0.920029
0.372914, 0.92388
0.392483, 0.927153
0.412043, 0.929863
0.431596, 0.93202
0.451143, 0.933631
0.470687, 0.934702
0.490229, 0.935237
0.509771, 0.935237
0.529313, 0.934702
0.548857, 0.933631
0.568404, 0.93202
0.587957, 0.929863
0.607517, 0.927153
0.627086, 0.92388
0.646667, 0.920029
0.666262, 0.915585
0.685874, 0.910526
0.705504, 0.904827
0.725155, 0.898457
0.744826, 0.891378
0.764519, 0.883546
0.78423, 0.874907
0.803958, 0.865397
0.823698, 0.854941
0.843444, 0.843444
0.863187, 0.830793
0.882916, 0.816847
0.131282, 0.834976
0.15024, 0.84976
0.169207, 0.863187
0.188176, 0.875403
0.207144, 0.886526
0.226106, 0.896651
0.24506, 0.905856
0.264004, 0.914205
0.282938, 0.921752
0.301859, 0.928543
0.32077, 0.934616
0.339669, 0.940003
0.358558, 0.944731
0.377437, 0.948824
0.396307, 0.9523
0.415171, 0.955175
0.434028, 0.95746
0.452881, 0.959166
0.47173, 0.9603
0.490577, 0.960865
0.509423, 0.960865
0.52827, 0.9603
0.547119, 0.959166
0.565972, 0.95746
0.584829, 0.955175
0.603693, 0.9523
0.622563, 0.948824
0.641442, 0.944731
0.660331, 0.940003
0.67923, 0.934616
0.698141, 0.928543
0.717062, 0.921752
0.735996, 0.914205
0.75494, 0.905856
0.773894, 0.896651
0.792856, 0.886526
0.811824, 0.875403
0.830793, 0.863187
0.84976, 0.84976
0.868718, 0.834976
0.146898, 0.853102
0.165024, 0.868718
0.183153, 0.882916
0.201281, 0.895849
0.219408, 0.907639
0.237533, 0.918383
0.255655, 0.928162
0.273773, 0.937042
0.291888, 0.945077
0.309999, 0.952313
0.328107, 0.958789
0.346211, 0.964538
0.364312, 0.969587
0.38241, 0.97396
0.400505, 0.977675
0.418598, 0.980748
0.436689, 0.983192
0.454779, 0.985017
0.472868, 0.98623
0.490956, 0.986835
0.509044, 0.986835
0.527132, 0.98623
0.545221, 0.985017
0.563311, 0.983192
0.581402, 0.980748
0.599495, 0.977675
0.61759, 0.97396
0.635688, 0.969587
0.653789, 0.964538
0.671893, 0.958789
0.690001, 0.952313
0.708112, 0.945077
0.726227, 0.937042
0.744345, 0.928162
0.762467, 0.918383
0.780592, 0.907639
0.798719, 0.895849
0.816847, 0.882916
0.834976, 0.868718
0.853102, 0.853102
