0.146447, 0.146447
0.164124, 0.129612
0.181802, 0.114319
0.19948, 0.100391
0.217157, 0.0876894
0.234835, 0.0761044
0.252513, 0.0655463
0.27019, 0.055942
0.287868, 0.0472307
0.305546, 0.0393619
0.323223, 0.0322928
0.340901, 0.0259879
0.358579, 0.0204168
0.376256, 0.0155544
0.393934, 0.0113795
0.411612, 0.00787451
0.429289, 0.00502525
0.446967, 0.00282045
0.464645, 0.00125157
0.482322, 0.000312598
0.5, 0
0.517678, 0.000312598
0.535355, 0.00125157
0.553033, 0.00282045
0.570711, 0.00502525
0.588388, 0.00787451
0.606066, 0.0113795
0.623744, 0.0155544
0.641421, 0.0204168
0.659099, 0.0259879
0.676777, 0.0322928
0.694454, 0.0393619
0.712132, 0.0472307
0.72981, 0.055942
0.747487, 0.0655463
0.765165, 0.0761044
0.782843, 0.0876894
0.80052, 0.100391
0.818198, 0.114319
0.835876, 0.129612
0.853553, 0.146447
0.129612, 0.164124
0.148132, 0.148132
0.166652, 0.133605
0.185173, 0.120375
0.203694, 0.108311
0.222215, 0.097308
0.240735, 0.0872807
0.259256, 0.0781597
0.277776, 0.0698871
0.296296, 0.0624149
0.314816, 0.0557024
0.333335, 0.0497157
0.351854, 0.0444261
0.370373, 0.0398094
0.388892, 0.0358456
0.40741, 0.0325179
0.425928, 0.0298128
0.444446, 0.0277196
0.462964, 0.0262302
0.481482, 0.0253388
0.5, 0.025042
0.518518, 0.0253388
0.537036, 0.0262302
0.555554, 0.0277196
0.574072, 0.0298128
0.59259, 0.0325179
0.611108, 0.0358456
0.629627, 0.0398094
0.648146, 0.0444261
0.666665, 0.0497157
0.685184, 0.0557024
0.703704, 0.0624149
0.722224, 0.0698871
0.740744, 0.0781597
0.759265, 0.0872807
0.777785, 0.097308
0.796306, 0.108311
0.814827, 0.120375
0.833348, 0.133605
0.851868, 0.148132
0.870388, 0.164124
0.114319, 0.181802
0.133605, 0.166652
0.152892, 0.152892
0.172179, 0.14036
0.191466, 0.128934
0.210753, 0.118512
0.23004, 0.109016
0.249326, 0.100378
0.268612, 0.0925433
0.287897, 0.0854671
0.307181, 0.0791106
0.326465, 0.0734414
0.345748, 0.0684323
0.365031, 0.0640606
0.384313, 0.060307
0.403595, 0.0571559
0.422876, 0.0545943
0.442157, 0.0526121
0.461438, 0.0512016
0.480719, 0.0503575
0.5, 0.0500764
0.519281, 0.0503575
0.538562, 0.0512016
0.557843, 0.0526121
0.577124, 0.0545943
0.596405, 0.0571559
0.615687, 0.060307
0.634969, 0.0640606
0.654252, 0.0684323
0.673535, 0.0734414
0.692819, 0.0791106
0.712103, 0.0854671
0.731388, 0.0925433
0.750674, 0.100378
0.76996, 0.109016
0.789247, 0.118512
0.808534, 0.128934
0.827821, 0.14036
0.847108, 0.152892
0.866395, 0.166652
0.885681, 0.181802
0.100391, 0.19948
0.120375, 0.185173
0.14036, 0.172179
0.160346, 0.160346
0.180331, 0.149557
0.200316, 0.139717
0.220301, 0.13075
0.240284, 0.122594
0.260266, 0.115197
0.280248, 0.108516
0.300228, 0.102514
0.320208, 0.0971605
0.340186, 0.0924302
0.360164, 0.0883014
0.380141, 0.084756
0.400118, 0.0817794
0.420095, 0.0793595
0.440071, 0.0774868
0.460048, 0.0761541
0.480024, 0.0753565
0.5, 0.0750909
0.519976, 0.0753565
0.539952, 0.0761541
0.559929, 0.0774868
0.579905, 0.0793595
0.599882, 0.0817794
0.619859, 0.084756
0.639836, 0.0883014
0.659814, 0.0924302
0.679792, 0.0971605
0.699772, 0.102514
0.719752, 0.108516
0.739734, 0.115197
0.759716, 0.122594
0.779699, 0.13075
0.799684, 0.139717
0.819669, 0.149557
0.839654, 0.160346
0.85964, 0.172179
0.879625, 0.185173
0.899609, 0.19948
0.0876894, 0.217157
0.108311, 0.203694
0.128934, 0.191466
0.149557, 0.180331
0.170179, 0.170179
0.1908, 0.16092
0.211421, 0.152483
0.232039, 0.144808
0.252656, 0.137847
0.273271, 0.131558
0.293885, 0.125907
0.314498, 0.120867
0.335109, 0.116411
0.35572, 0.112521
0.376331, 0.10918
0.396942, 0.106374
0.417553, 0.104093
0.438164, 0.102327
0.458776, 0.10107
0.479388, 0.100317
0.5, 0.100067
0.520612, 0.100317
0.541224, 0.10107
0.561836, 0.102327
0.582447, 0.104093
0.603058, 0.106374
0.623669, 0.10918
0.64428, 0.112521
0.664891, 0.116411
0.685502, 0.120867
0.706115, 0.125907
0.726729, 0.131558
0.747344, 0.137847
0.767961, 0.144808
0.788579, 0.152483
0.8092, 0.16092
0.829821, 0.170179
0.850443, 0.180331
0.871066, 0.191466
0.891689, 0.203694
0.912311, 0.217157
0.0761044, 0.234835
0.097308, 0.222215
0.118512, 0.210753
0.139717, 0.200316
0.16092, 0.1908
0.182122, 0.182122
0.203321, 0.174212
0.224518, 0.167017
0.245712, 0.160488
0.266903, 0.154589
0.288093, 0.149286
0.30928, 0.144553
0.330468, 0.140367
0.351655, 0.136712
0.372844, 0.133571
0.394034, 0.130932
0.415225, 0.128786
0.436417, 0.127125
0.457611, 0.125943
0.478805, 0.125235
0.5, 0.125
0.521195, 0.125235
0.542389, 0.125943
0.563583, 0.127125
0.584775, 0.128786
0.605966, 0.130932
0.627156, 0.133571
0.648345, 0.136712
0.669532, 0.140367
0.69072, 0.144553
0.711907, 0.149286
0.733097, 0.154589
0.754288, 0.160488
0.775482, 0.167017
0.796679, 0.174212
0.817878, 0.182122
0.83908, 0.1908
0.860283, 0.200316
0.881488, 0.210753
0.902692, 0.222215
0.923896, 0.234835
0.0655463, 0.252513
0.0872807, 0.240735
0.109016, 0.23004
0.13075, 0.220301
0.152483, 0.211421
0.174212, 0.203321
0.195938, 0.195938
0.21766, 0.189219
0.239377, 0.183121
0.26109, 0.177607
0.282801, 0.172647
0.304511, 0.168218
0.326223, 0.1643
0.347937, 0.160879
0.369654, 0.15794
0.391374, 0.155472
0.413096, 0.153466
0.43482, 0.151914
0.456546, 0.15081
0.478273, 0.15015
0.5, 0.14993
0.521727, 0.15015
0.543454, 0.15081
0.56518, 0.151914
0.586904, 0.153466
0.608626, 0.155472
0.630346, 0.15794
0.652063, 0.160879
0.673777, 0.1643
0.695489, 0.168218
0.717199, 0.172647
0.73891, 0.177607
0.760623, 0.183121
0.78234, 0.189219
0.804062, 0.195938
0.825788, 0.203321
0.847517, 0.211421
0.86925, 0.220301
0.890984, 0.23004
0.912719, 0.240735
0.934454, 0.252513
0.055942, 0.27019
0.0781597, 0.259256
0.100378, 0.249326
0.122594, 0.240284
0.144808, 0.232039
0.167017, 0.224518
0.189219, 0.21766
0.211415, 0.211415
0.233604, 0.205743
0.25579, 0.200611
0.277974, 0.195994
0.300161, 0.191872
0.322352, 0.188229
0.344549, 0.18505
0.366751, 0.182322
0.388956, 0.180034
0.411163, 0.178174
0.433371, 0.176737
0.45558, 0.175714
0.47779, 0.175103
0.5, 0.174899
0.52221, 0.175103
0.54442, 0.175714
0.566629, 0.176737
0.588837, 0.178174
0.611044, 0.180034
0.633249, 0.182322
0.655451, 0.18505
0.677648, 0.188229
0.699839, 0.191872
0.722026, 0.195994
0.74421, 0.200611
0.766396, 0.205743
0.788585, 0.211415
0.810781, 0.21766
0.832983, 0.224518
0.855192, 0.232039
0.877406, 0.240284
0.899622, 0.249326
0.92184, 0.259256
0.944058, 0.27019
0.0472307, 0.287868
0.0698871, 0.277776
0.0925433, 0.268612
0.115197, 0.260266
0.137847, 0.252656
0.160488, 0.245712
0.183121, 0.239377
0.205743, 0.233604
0.228358, 0.228358
0.250971, 0.22361
0.273588, 0.219342
0.296213, 0.215536
0.318845, 0.212176
0.341484, 0.209247
0.364127, 0.206736
0.386772, 0.204631
0.409417, 0.202921
0.432063, 0.2016
0.454709, 0.20066
0.477355, 0.200098
0.5, 0.19991
0.522645, 0.200098
0.545291, 0.20066
0.567937, 0.2016
0.590583, 0.202921
0.613228, 0.204631
0.635873, 0.206736
0.658516, 0.209247
0.681155, 0.212176
0.703787, 0.215536
0.726412, 0.219342
0.749029, 0.22361
0.771642, 0.228358
0.794257, 0.233604
0.816879, 0.239377
0.839512, 0.245712
0.862153, 0.252656
0.884803, 0.260266
0.907457, 0.268612
0.930113, 0.277776
0.952769, 0.287868
0.0393619, 0.305546
0.0624149, 0.296296
0.0854671, 0.287897
0.108516, 0.280248
0.131558, 0.273271
0.154589, 0.266903
0.177607, 0.26109
0.200611, 0.25579
0.22361, 0.250971
0.246614, 0.246614
0.269628, 0.242702
0.292653, 0.239219
0.315687, 0.236147
0.338726, 0.233471
0.361767, 0.231178
0.384808, 0.229255
0.407849, 0.227695
0.430889, 0.226489
0.453927, 0.225632
0.476964, 0.225119
0.5, 0.224949
0.523036, 0.225119
0.546073, 0.225632
0.569111, 0.226489
0.592151, 0.227695
0.615192, 0.229255
0.638233, 0.231178
0.661274, 0.233471
0.684313, 0.236147
0.707347, 0.239219
0.730372, 0.242702
0.753386, 0.246614
0.77639, 0.250971
0.799389, 0.25579
0.822393, 0.26109
0.845411, 0.266903
0.868442, 0.273271
0.891484, 0.280248
0.914533, 0.287897
0.937585, 0.296296
0.960638, 0.305546
0.0322928, 0.323223
0.0557024, 0.314816
0.0791106, 0.307181
0.102514, 0.300228
0.125907, 0.293885
0.149286, 0.288093
0.172647, 0.282801
0.195994, 0.277974
0.219342, 0.273588
0.242702, 0.269628
0.266078, 0.266078
0.289465, 0.262919
0.31286, 0.260135
0.336258, 0.257711
0.359656, 0.255635
0.383053, 0.253895
0.406448, 0.252484
0.429839, 0.251393
0.453228, 0.250618
0.476614, 0.250154
0.5, 0.25
0.523386, 0.250154
0.546772, 0.250618
0.570161, 0.251393
0.593552, 0.252484
0.616947, 0.253895
0.640344, 0.255635
0.663742, 0.257711
0.68714, 0.260135
0.710535, 0.262919
0.733922, 0.266078
0.757298, 0.269628
0.780658, 0.273588
0.804006, 0.277974
0.827353, 0.282801
0.850714, 0.288093
0.874093, 0.293885
0.897486, 0.300228
0.920889, 0.307181
0.944298, 0.314816
0.967707, 0.323223
0.0259879, 0.340901
0.0497157, 0.333335
0.0734414, 0.326465
0.0971605, 0.320208
0.120867, 0.314498
0.144553, 0.30928
0.168218, 0.304511
0.191872, 0.300161
0.215536, 0.296213
0.239219, 0.292653
0.262919, 0.289465
0.286631, 0.286631
0.310348, 0.284133
0.334066, 0.28196
0.357783, 0.280099
0.381496, 0.278541
0.405204, 0.277277
0.428908, 0.2763
0.452608, 0.275606
0.476305, 0.275191
0.5, 0.275053
0.523695, 0.275191
0.547392, 0.275606
0.571092, 0.2763
0.594796, 0.277277
0.618504, 0.278541
0.642217, 0.280099
0.665934, 0.28196
0.689652, 0.284133
0.713369, 0.286631
0.737081, 0.289465
0.760781, 0.292653
0.784464, 0.296213
0.808128, 0.300161
0.831782, 0.304511
0.855447, 0.30928
0.879133, 0.314498
0.902839, 0.320208
0.926559, 0.326465
0.950284, 0.333335
0.974012, 0.340901
0.0204168, 0.358579
0.0444261, 0.351854
0.0684323, 0.345748
0.0924302, 0.340186
0.116411, 0.335109
0.140367, 0.330468
0.1643, 0.326223
0.188229, 0.322352
0.212176, 0.318845
0.236147, 0.315687
0.260135, 0.31286
0.284133, 0.310348
0.308135, 0.308135
0.332137, 0.306211
0.356134, 0.304564
0.380126, 0.303185
0.40411, 0.302066
0.428089, 0.301201
0.452062, 0.300586
0.476032, 0.300217
0.5, 0.300095
0.523968, 0.300217
0.547938, 0.300586
0.571911, 0.301201
0.59589, 0.302066
0.619874, 0.303185
0.643866, 0.304564
0.667863, 0.306211
0.691865, 0.308135
0.715867, 0.310348
0.739865, 0.31286
0.763853, 0.315687
0.787824, 0.318845
0.811771, 0.322352
0.8357, 0.326223
0.859633, 0.330468
0.883589, 0.335109
0.90757, 0.340186
0.931568, 0.345748
0.955574, 0.351854
0.979583, 0.358579
0.0155544, 0.376256
0.0398094, 0.370373
0.0640606, 0.365031
0.0883014, 0.360164
0.112521, 0.35572
0.136712, 0.351655
0.160879, 0.347937
0.18505, 0.344549
0.209247, 0.341484
0.233471, 0.338726
0.257711, 0.336258
0.28196, 0.334066
0.306211, 0.332137
0.330459, 0.330459
0.354701, 0.329023
0.378934, 0.32782
0.403158, 0.326843
0.427374, 0.326085
0.451585, 0.325544
0.475793, 0.325219
0.5, 0.32511
0.524207, 0.325219
0.548415, 0.325544
0.572626, 0.326085
0.596842, 0.326843
0.621066, 0.32782
0.645299, 0.329023
0.669541, 0.330459
0.693789, 0.332137
0.71804, 0.334066
0.742289, 0.336258
0.766529, 0.338726
0.790753, 0.341484
0.81495, 0.344549
0.839121, 0.347937
0.863288, 0.351655
0.887479, 0.35572
0.911699, 0.360164
0.935939, 0.365031
0.960191, 0.370373
0.984446, 0.376256
0.0113795, 0.393934
0.0358456, 0.388892
0.060307, 0.384313
0.084756, 0.380141
0.10918, 0.376331
0.133571, 0.372844
0.15794, 0.369654
0.182322, 0.366751
0.206736, 0.364127
0.231178, 0.361767
0.255635, 0.359656
0.280099, 0.357783
0.304564, 0.356134
0.329023, 0.354701
0.353473, 0.353473
0.377911, 0.352442
0.402337, 0.3516
0.426754, 0.350941
0.451168, 0.350466
0.475583, 0.350177
0.5, 0.35008
0.524417, 0.350177
0.548832, 0.350466
0.573246, 0.350941
0.597663, 0.3516
0.622089, 0.352442
0.646527, 0.353473
0.670977, 0.354701
0.695436, 0.356134
0.719901, 0.357783
0.744365, 0.359656
0.768822, 0.361767
0.793264, 0.364127
0.817678, 0.366751
0.84206, 0.369654
0.866429, 0.372844
0.89082, 0.376331
0.915244, 0.380141
0.939693, 0.384313
0.964154, 0.388892
0.988621, 0.393934
0.00787451, 0.411612
0.0325179, 0.40741
0.0571559, 0.403595
0.0817794, 0.400118
0.106374, 0.396942
0.130932, 0.394034
0.155472, 0.391374
0.180034, 0.388956
0.204631, 0.386772
0.229255, 0.384808
0.253895, 0.383053
0.278541, 0.381496
0.303185, 0.380126
0.32782, 0.378934
0.352442, 0.377911
0.377047, 0.377047
0.401636, 0.376332
0.426216, 0.375763
0.450801, 0.375344
0.475396, 0.375088
0.5, 0.375001
0.524604, 0.375088
0.549199, 0.375344
0.573784, 0.375763
0.598364, 0.376332
0.622953, 0.377047
0.647558, 0.377911
0.67218, 0.378934
0.696815, 0.380126
0.721459, 0.381496
0.746105, 0.383053
0.770745, 0.384808
0.795369, 0.386772
0.819966, 0.388956
0.844528, 0.391374
0.869068, 0.394034
0.893626, 0.396942
0.918221, 0.400118
0.942844, 0.403595
0.967482, 0.40741
0.992125, 0.411612
0.00502525, 0.429289
0.0298128, 0.425928
0.0545943, 0.422876
0.0793595, 0.420095
0.104093, 0.417553
0.128786, 0.415225
0.153466, 0.413096
0.178174, 0.411163
0.202921, 0.409417
0.227695, 0.407849
0.252484, 0.406448
0.277277, 0.405204
0.302066, 0.40411
0.326843, 0.403158
0.3516, 0.402337
0.376332, 0.401636
0.401044, 0.401044
0.425753, 0.400563
0.450482, 0.400209
0.475234, 0.399993
0.5, 0.399921
0.524766, 0.399993
0.549518, 0.400209
0.574247, 0.400563
0.598956, 0.401044
0.623668, 0.401636
0.6484, 0.402337
0.673157, 0.403158
0.697934, 0.40411
0.722723, 0.405204
0.747516, 0.406448
0.772305, 0.407849
0.797079, 0.409417
0.821826, 0.411163
0.846534, 0.413096
0.871214, 0.415225
0.895907, 0.417553
0.920641, 0.420095
0.945406, 0.422876
0.970187, 0.425928
0.994975, 0.429289
0.00282045, 0.446967
0.0277196, 0.444446
0.0526121, 0.442157
0.0774868, 0.440071
0.102327, 0.438164
0.127125, 0.436417
0.151914, 0.43482
0.176737, 0.433371
0.2016, 0.432063
0.226489, 0.430889
0.251393, 0.429839
0.2763, 0.428908
0.301201, 0.428089
0.326085, 0.427374
0.350941, 0.426754
0.375763, 0.426216
0.400563, 0.425753
0.425377, 0.425377
0.450227, 0.425105
0.475106, 0.424942
0.5, 0.424888
0.524894, 0.424942
0.549773, 0.425105
0.574623, 0.425377
0.599437, 0.425753
0.624237, 0.426216
0.649059, 0.426754
0.673915, 0.427374
0.698799, 0.428089
0.7237, 0.428908
0.748607, 0.429839
0.773511, 0.430889
0.7984, 0.432063
0.823263, 0.433371
0.848086, 0.43482
0.872875, 0.436417
0.897673, 0.438164
0.922513, 0.440071
0.947388, 0.442157
0.97228, 0.444446
0.99718, 0.446967
0.00125157, 0.464645
0.0262302, 0.462964
0.0512016, 0.461438
0.0761541, 0.460048
0.10107, 0.458776
0.125943, 0.457611
0.15081, 0.456546
0.175714, 0.45558
0.20066, 0.454709
0.225632, 0.453927
0.250618, 0.453228
0.275606, 0.452608
0.300586, 0.452062
0.325544, 0.451585
0.350466, 0.451168
0.375344, 0.450801
0.400209, 0.450482
0.425105, 0.450227
0.450046, 0.450046
0.475016, 0.449938
0.5, 0.449902
0.524984, 0.449938
0.549954, 0.450046
0.574895, 0.450227
0.599791, 0.450482
0.624656, 0.450801
0.649534, 0.451168
0.674456, 0.451585
0.699414, 0.452062
0.724394, 0.452608
0.749382, 0.453228
0.774368, 0.453927
0.79934, 0.454709
0.824286, 0.45558
0.84919, 0.456546
0.874057, 0.457611
0.89893, 0.458776
0.923846, 0.460048
0.948798, 0.461438
0.97377, 0.462964
0.998748, 0.464645
0.000312598, 0.482322
0.0253388, 0.481482
0.0503575, 0.480719
0.0753565, 0.480024
0.100317, 0.479388
0.125235, 0.478805
0.15015, 0.478273
0.175103, 0.47779
0.200098, 0.477355
0.225119, 0.476964
0.250154, 0.476614
0.275191, 0.476305
0.300217, 0.476032
0.325219, 0.475793
0.350177, 0.475583
0.375088, 0.475396
0.399993, 0.475234
0.424942, 0.475106
0.449938, 0.475016
0.474963, 0.474963
0.5, 0.474945
0.525037, 0.474963
0.550062, 0.475016
0.575058, 0.475106
0.600007, 0.475234
0.624912, 0.475396
0.649823, 0.475583
0.674781, 0.475793
0.699783, 0.476032
0.724809, 0.476305
0.749846, 0.476614
0.774881, 0.476964
0.799902, 0.477355
0.824897, 0.47779
0.84985, 0.478273
0.874765, 0.478805
0.899683, 0.479388
0.924644, 0.480024
0.949643, 0.480719
0.974661, 0.481482
0.999687, 0.482322
0, 0.5
0.025042, 0.5
0.0500764, 0.5
0.0750909, 0.5
0.100067, 0.5
0.125, 0.5
0.14993, 0.5
0.174899, 0.5
0.19991, 0.5
0.224949, 0.5
0.25, 0.5
0.275053, 0.5
0.300095, 0.5
0.32511, 0.5
0.35008, 0.5
0.375001, 0.5
0.399921, 0.5
0.424888, 0.5
0.449902, 0.5
0.474945, 0.5
0.5, 0.5
0.525055, 0.5
0.550098, 0.5
0.575112, 0.5
0.600079, 0.5
0.624999, 0.5
0.64992, 0.5
0.67489, 0.5
0.699905, 0.5
0.724947, 0.5
0.75, 0.5
0.775051, 0.5
0.80009, 0.5
0.825101, 0.5
0.85007, 0.5
0.875, 0.5
0.899933, 0.5
0.924909, 0.5
0.949924, 0.5
0.974958, 0.5
1, 0.5
0.000312598, 0.517678
0.0253388, 0.518518
0.0503575, 0.519281
0.0753565, 0.519976
0.100317, 0.520612
0.125235, 0.521195
0.15015, 0.521727
0.175103, 0.52221
0.200098, 0.522645
0.225119, 0.523036
0.250154, 0.523386
0.275191, 0.523695
0.300217, 0.523968
0.325219, 0.524207
0.350177, 0.524417
0.375088, 0.524604
0.399993, 0.524766
0.424942, 0.524894
0.449938, 0.524984
0.474963, 0.525037
0.5, 0.525055
0.525037, 0.525037
0.550062, 0.524984
0.575058, 0.524894
0.600007, 0.524766
0.624912, 0.524604
0.649823, 0.524417
0.674781, 0.524207
0.699783, 0.523968
0.724809, 0.523695
0.749846, 0.523386
0.774881, 0.523036
0.799902, 0.522645
0.824897, 0.52221
0.84985, 0.521727
0.874765, 0.521195
0.899683, 0.520612
0.924644, 0.519976
0.949643, 0.519281
0.974661, 0.518518
0.999687, 0.517678
0.00125157, 0.535355
0.0262302, 0.537036
0.0512016, 0.538562
0.0761541, 0.539952
0.10107, 0.541224
0.125943, 0.542389
0.15081, 0.543454
0.175714, 0.54442
0.20066, 0.545291
0.225632, 0.546073
0.250618, 0.546772
0.275606, 0.547392
0.300586, 0.547938
0.325544, 0.548415
0.350466, 0.548832
0.375344, 0.549199
0.400209, 0.549518
0.425105, 0.549773
0.450046, 0.549954
0.475016, 0.550062
0.5, 0.550098
0.524984, 0.550062
0.549954, 0.549954
0.574895, 0.549773
0.599791, 0.549518
0.624656, 0.549199
0.649534, 0.548832
0.674456, 0.548415
0.699414, 0.547938
0.724394, 0.547392
0.749382, 0.546772
0.774368, 0.546073
0.79934, 0.545291
0.824286, 0.54442
0.84919, 0.543454
0.874057, 0.542389
0.89893, 0.541224
0.923846, 0.539952
0.948798, 0.538562
0.97377, 0.537036
0.998748, 0.535355
0.00282045, 0.553033
0.0277196, 0.555554
0.0526121, 0.557843
0.0774868, 0.559929
0.102327, 0.561836
0.127125, 0.563583
0.151914, 0.56518
0.176737, 0.566629
0.2016, 0.567937
0.226489, 0.569111
0.251393, 0.570161
0.2763, 0.571092
0.301201, 0.571911
0.326085, 0.572626
0.350941, 0.573246
0.375763, 0.573784
0.400563, 0.574247
0.425377, 0.574623
0.450227, 0.574895
0.475106, 0.575058
0.5, 0.575112
0.524894, 0.575058
0.549773, 0.574895
0.574623, 0.574623
0.599437, 0.574247
0.624237, 0.573784
0.649059, 0.573246
0.673915, 0.572626
0.698799, 0.571911
0.7237, 0.571092
0.748607, 0.570161
0.773511, 0.569111
0.7984, 0.567937
0.823263, 0.566629
0.848086, 0.56518
0.872875, 0.563583
0.897673, 0.561836
0.922513, 0.559929
0.947388, 0.557843
0.97228, 0.555554
0.99718, 0.553033
0.00502525, 0.570711
0.0298128, 0.574072
0.0545943, 0.577124
0.0793595, 0.579905
0.104093, 0.582447
0.128786, 0.584775
0.153466, 0.586904
0.178174, 0.588837
0.202921, 0.590583
0.227695, 0.592151
0.252484, 0.593552
0.277277, 0.594796
0.302066, 0.59589
0.326843, 0.596842
0.3516, 0.597663
0.376332, 0.598364
0.401044, 0.598956
0.425753, 0.599437
0.450482, 0.599791
0.475234, 0.600007
0.5, 0.600079
0.524766, 0.600007
0.549518, 0.599791
0.574247, 0.599437
0.598956, 0.598956
0.623668, 0.598364
0.6484, 0.597663
0.673157, 0.596842
0.697934, 0.59589
0.722723, 0.594796
0.747516, 0.593552
0.772305, 0.592151
0.797079, 0.590583
0.821826, 0.588837
0.846534, 0.586904
0.871214, 0.584775
0.895907, 0.582447
0.920641, 0.579905
0.945406, 0.577124
0.970187, 0.574072
0.994975, 0.570711
0.00787451, 0.588388
0.0325179, 0.59259
0.0571559, 0.596405
0.0817794, 0.599882
0.106374, 0.603058
0.130932, 0.605966
0.155472, 0.608626
0.180034, 0.611044
0.204631, 0.613228
0.229255, 0.615192
0.253895, 0.616947
0.278541, 0.618504
0.303185, 0.619874
0.32782, 0.621066
0.352442, 0.622089
0.377047, 0.622953
0.401636, 0.623668
0.426216, 0.624237
0.450801, 0.624656
0.475396, 0.624912
0.5, 0.624999
0.524604, 0.624912
0.549199, 0.624656
0.573784, 0.624237
0.598364, 0.623668
0.622953, 0.622953
0.647558, 0.622089
0.67218, 0.621066
0.696815, 0.619874
0.721459, 0.618504
0.746105, 0.616947
0.770745, 0.615192
0.795369, 0.613228
0.819966, 0.611044
0.844528, 0.608626
0.869068, 0.605966
0.893626, 0.603058
0.918221, 0.599882
0.942844, 0.596405
0.967482, 0.59259
0.992125, 0.588388
0.0113795, 0.606066
0.0358456, 0.611108
0.060307, 0.615687
0.084756, 0.619859
0.10918, 0.623669
0.133571, 0.627156
0.15794, 0.630346
0.182322, 0.633249
0.206736, 0.635873
0.231178, 0.638233
0.255635, 0.640344
0.280099, 0.642217
0.304564, 0.643866
0.329023, 0.645299
0.353473, 0.646527
0.377911, 0.647558
0.402337, 0.6484
0.426754, 0.649059
0.451168, 0.649534
0.475583, 0.649823
0.5, 0.64992
0.524417, 0.649823
0.548832, 0.649534
0.573246, 0.649059
0.597663, 0.6484
0.622089, 0.647558
0.646527, 0.646527
0.670977, 0.645299
0.695436, 0.643866
0.719901, 0.642217
0.744365, 0.640344
0.768822, 0.638233
0.793264, 0.635873
0.817678, 0.633249
0.84206, 0.630346
0.866429, 0.627156
0.89082, 0.623669
0.915244, 0.619859
0.939693, 0.615687
0.964154, 0.611108
0.988621, 0.606066
0.0155544, 0.623744
0.0398094, 0.629627
0.0640606, 0.634969
0.0883014, 0.639836
0.112521, 0.64428
0.136712, 0.648345
0.160879, 0.652063
0.18505, 0.655451
0.209247, 0.658516
0.233471, 0.661274
0.257711, 0.663742
0.28196, 0.665934
0.306211, 0.667863
0.330459, 0.669541
0.354701, 0.670977
0.378934, 0.67218
0.403158, 0.673157
0.427374, 0.673915
0.451585, 0.674456
0.475793, 0.674781
0.5, 0.67489
0.524207, 0.674781
0.548415, 0.674456
0.572626, 0.673915
0.596842, 0.673157
0.621066, 0.67218
0.645299, 0.670977
0.669541, 0.669541
0.693789, 0.667863
0.71804, 0.665934
0.742289, 0.663742
0.766529, 0.661274
0.790753, 0.658516
0.81495, 0.655451
0.839121, 0.652063
0.863288, 0.648345
0.887479, 0.64428
0.911699, 0.639836
0.935939, 0.634969
0.960191, 0.629627
0.984446, 0.623744
0.0204168, 0.641421
0.0444261, 0.648146
0.0684323, 0.654252
0.0924302, 0.659814
0.116411, 0.664891
0.140367, 0.669532
0.1643, 0.673777
0.188229, 0.677648
0.212176, 0.681155
0.236147, 0.684313
0.260135, 0.68714
0.284133, 0.689652
0.308135, 0.691865
0.332137, 0.693789
0.356134, 0.695436
0.380126, 0.696815
0.40411, 0.697934
0.428089, 0.698799
0.452062, 0.699414
0.476032, 0.699783
0.5, 0.699905
0.523968, 0.699783
0.547938, 0.699414
0.571911, 0.698799
0.59589, 0.697934
0.619874, 0.696815
0.643866, 0.695436
0.667863, 0.693789
0.691865, 0.691865
0.715867, 0.689652
0.739865, 0.68714
0.763853, 0.684313
0.787824, 0.681155
0.811771, 0.677648
0.8357, 0.673777
0.859633, 0.669532
0.883589, 0.664891
0.90757, 0.659814
0.931568, 0.654252
0.955574, 0.648146
0.979583, 0.641421
0.0259879, 0.659099
0.0497157, 0.666665
0.0734414, 0.673535
0.0971605, 0.679792
0.120867, 0.685502
0.144553, 0.69072
0.168218, 0.695489
0.191872, 0.699839
0.215536, 0.703787
0.239219, 0.707347
0.262919, 0.710535
0.286631, 0.713369
0.310348, 0.715867
0.334066, 0.71804
0.357783, 0.719901
0.381496, 0.721459
0.405204, 0.722723
0.428908, 0.7237
0.452608, 0.724394
0.476305, 0.724809
0.5, 0.724947
0.523695, 0.724809
0.547392, 0.724394
0.571092, 0.7237
0.594796, 0.722723
0.618504, 0.721459
0.642217, 0.719901
0.665934, 0.71804
0.689652, 0.715867
0.713369, 0.713369
0.737081, 0.710535
0.760781, 0.707347
0.784464, 0.703787
0.808128, 0.699839
0.831782, 0.695489
0.855447, 0.69072
0.879133, 0.685502
0.902839, 0.679792
0.926559, 0.673535
0.950284, 0.666665
0.974012, 0.659099
0.0322928, 0.676777
0.0557024, 0.685184
0.0791106, 0.692819
0.102514, 0.699772
0.125907, 0.706115
0.149286, 0.711907
0.172647, 0.717199
0.195994, 0.722026
0.219342, 0.726412
0.242702, 0.730372
0.266078, 0.733922
0.289465, 0.737081
0.31286, 0.739865
0.336258, 0.742289
0.359656, 0.744365
0.383053, 0.746105
0.406448, 0.747516
0.429839, 0.748607
0.453228, 0.749382
0.476614, 0.749846
0.5, 0.75
0.523386, 0.749846
0.546772, 0.749382
0.570161, 0.748607
0.593552, 0.747516
0.616947, 0.746105
0.640344, 0.744365
0.663742, 0.742289
0.68714, 0.739865
0.710535, 0.737081
0.733922, 0.733922
0.757298, 0.730372
0.780658, 0.726412
0.804006, 0.722026
0.827353, 0.717199
0.850714, 0.711907
0.874093, 0.706115
0.897486, 0.699772
0.920889, 0.692819
0.944298, 0.685184
0.967707, 0.676777
0.0393619, 0.694454
0.0624149, 0.703704
0.0854671, 0.712103
0.108516, 0.719752
0.131558, 0.726729
0.154589, 0.733097
0.177607, 0.73891
0.200611, 0.74421
0.22361, 0.749029
0.246614, 0.753386
0.269628, 0.757298
0.292653, 0.760781
0.315687, 0.763853
0.338726, 0.766529
0.361767, 0.768822
0.384808, 0.770745
0.407849, 0.772305
0.430889, 0.773511
0.453927, 0.774368
0.476964, 0.774881
0.5, 0.775051
0.523036, 0.774881
0.546073, 0.774368
0.569111, 0.773511
0.592151, 0.772305
0.615192, 0.770745
0.638233, 0.768822
0.661274, 0.766529
0.684313, 0.763853
0.707347, 0.760781
0.730372, 0.757298
0.753386, 0.753386
0.77639, 0.749029
0.799389, 0.74421
0.822393, 0.73891
0.845411, 0.733097
0.868442, 0.726729
0.891484, 0.719752
0.914533, 0.712103
0.937585, 0.703704
0.960638, 0.694454
0.0472307, 0.712132
0.0698871, 0.722224
0.0925433, 0.731388
0.115197, 0.739734
0.137847, 0.747344
0.160488, 0.754288
0.183121, 0.760623
0.205743, 0.766396
0.228358, 0.771642
0.250971, 0.77639
0.273588, 0.780658
0.296213, 0.784464
0.318845, 0.787824
0.341484, 0.790753
0.364127, 0.793264
0.386772, 0.795369
0.409417, 0.797079
0.432063, 0.7984
0.454709, 0.79934
0.477355, 0.799902
0.5, 0.80009
0.522645, 0.799902
0.545291, 0.79934
0.567937, 0.7984
0.590583, 0.797079
0.613228, 0.795369
0.635873, 0.793264
0.658516, 0.790753
0.681155, 0.787824
0.703787, 0.784464
0.726412, 0.780658
0.749029, 0.77639
0.771642, 0.771642
0.794257, 0.766396
0.816879, 0.760623
0.839512, 0.754288
0.862153, 0.747344
0.884803, 0.739734
0.907457, 0.731388
0.930113, 0.722224
0.952769, 0.712132
0.055942, 0.72981
0.0781597, 0.740744
0.100378, 0.750674
0.122594, 0.759716
0.144808, 0.767961
0.167017, 0.775482
0.189219, 0.78234
0.211415, 0.788585
0.233604, 0.794257
0.25579, 0.799389
0.277974, 0.804006
0.300161, 0.808128
0.322352, 0.811771
0.344549, 0.81495
0.366751, 0.817678
0.388956, 0.819966
0.411163, 0.821826
0.433371, 0.823263
0.45558, 0.824286
0.47779, 0.824897
0.5, 0.825101
0.52221, 0.824897
0.54442, 0.824286
0.566629, 0.823263
0.588837, 0.821826
0.611044, 0.819966
0.633249, 0.817678
0.655451, 0.81495
0.677648, 0.811771
0.699839, 0.808128
0.722026, 0.804006
0.74421, 0.799389
0.766396, 0.794257
0.788585, 0.788585
0.810781, 0.78234
0.832983, 0.775482
0.855192, 0.767961
0.877406, 0.759716
0.899622, 0.750674
0.92184, 0.740744
0.944058, 0.72981
0.0655463, 0.747487
0.0872807, 0.759265
0.109016, 0.76996
0.13075, 0.779699
0.152483, 0.788579
0.174212, 0.796679
0.195938, 0.804062
0.21766, 0.810781
0.239377, 0.816879
0.26109, 0.822393
0.282801, 0.827353
0.304511, 0.831782
0.326223, 0.8357
0.347937, 0.839121
0.369654, 0.84206
0.391374, 0.844528
0.413096, 0.846534
0.43482, 0.848086
0.456546, 0.84919
0.478273, 0.84985
0.5, 0.85007
0.521727, 0.84985
0.543454, 0.84919
0.56518, 0.848086
0.586904, 0.846534
0.608626, 0.844528
0.630346, 0.84206
0.652063, 0.839121
0.673777, 0.8357
0.695489, 0.831782
0.717199, 0.827353
0.73891, 0.822393
0.760623, 0.816879
0.78234, 0.810781
0.804062, 0.804062
0.825788, 0.796679
0.847517, 0.788579
0.86925, 0.779699
0.890984, 0.76996
0.912719, 0.759265
0.934454, 0.747487
0.0761044, 0.765165
0.097308, 0.777785
0.118512, 0.789247
0.139717, 0.799684
0.16092, 0.8092
0.182122, 0.817878
0.203321, 0.825788
0.224518, 0.832983
0.245712, 0.839512
0.266903, 0.845411
0.288093, 0.850714
0.30928, 0.855447
0.330468, 0.859633
0.351655, 0.863288
0.372844, 0.866429
0.394034, 0.869068
0.415225, 0.871214
0.436417, 0.872875
0.457611, 0.874057
0.478805, 0.874765
0.5, 0.875
0.521195, 0.874765
0.542389, 0.874057
0.563583, 0.872875
0.584775, 0.871214
0.605966, 0.869068
0.627156, 0.866429
0.648345, 0.863288
0.669532, 0.859633
0.69072, 0.855447
0.711907, 0.850714
0.733097, 0.845411
0.754288, 0.839512
0.775482, 0.832983
0.796679, 0.825788
0.817878, 0.817878
0.83908, 0.8092
0.860283, 0.799684
0.881488, 0.789247
0.902692, 0.777785
0.923896, 0.765165
0.0876894, 0.782843
0.108311, 0.796306
0.128934, 0.808534
0.149557, 0.819669
0.170179, 0.829821
0.1908, 0.83908
0.211421, 0.847517
0.232039, 0.855192
0.252656, 0.862153
0.273271, 0.868442
0.293885, 0.874093
0.314498, 0.879133
0.335109, 0.883589
0.35572, 0.887479
0.376331, 0.89082
0.396942, 0.893626
0.417553, 0.895907
0.438164, 0.897673
0.458776, 0.89893
0.479388, 0.899683
0.5, 0.899933
0.520612, 0.899683
0.541224, 0.89893
0.561836, 0.897673
0.582447, 0.895907
0.603058, 0.893626
0.623669, 0.89082
0.64428, 0.887479
0.664891, 0.883589
0.685502, 0.879133
0.706115, 0.874093
0.726729, 0.868442
0.747344, 0.862153
0.767961, 0.855192
0.788579, 0.847517
0.8092, 0.83908
0.829821, 0.829821
0.850443, 0.819669
0.871066, 0.808534
0.891689, 0.796306
0.912311, 0.782843
0.100391, 0.80052
0.120375, 0.814827
0.14036, 0.827821
0.160346, 0.839654
0.180331, 0.850443
0.200316, 0.860283
0.220301, 0.86925
0.240284, 0.877406
0.260266, 0.884803
0.280248, 0.891484
0.300228, 0.897486
0.320208, 0.902839
0.340186, 0.90757
0.360164, 0.911699
0.380141, 0.915244
0.400118, 0.918221
0.420095, 0.920641
0.440071, 0.922513
0.460048, 0.923846
0.480024, 0.924644
0.5, 0.924909
0.519976, 0.924644
0.539952, 0.923846
0.559929, 0.922513
0.579905, 0.920641
0.599882, 0.918221
0.619859, 0.915244
0.639836, 0.911699
0.659814, 0.90757
0.679792, 0.902839
0.699772, 0.897486
0.719752, 0.891484
0.739734, 0.884803
0.759716, 0.877406
0.779699, 0.86925
0.799684, 0.860283
0.819669, 0.850443
0.839654, 0.839654
0.85964, 0.827821
0.879625, 0.814827
0.899609, 0.80052
0.114319, 0.818198
0.133605, 0.833348
0.152892, 0.847108
0.172179, 0.85964
0.191466, 0.871066
0.210753, 0.881488
0.23004, 0.890984
0.249326, 0.899622
0.268612, 0.907457
0.287897, 0.914533
0.307181, 0.920889
0.326465, 0.926559
0.345748, 0.931568
0.365031, 0.935939
0.384313, 0.939693
0.403595, 0.942844
0.422876, 0.945406
0.442157, 0.947388
0.461438, 0.948798
0.480719, 0.949643
0.5, 0.949924
0.519281, 0.949643
0.538562, 0.948798
0.557843, 0.947388
0.577124, 0.945406
0.596405, 0.942844
0.615687, 0.939693
0.634969, 0.935939
0.654252, 0.931568
0.673535, 0.926559
0.692819, 0.920889
0.712103, 0.914533
0.731388, 0.907457
0.750674, 0.899622
0.76996, 0.890984
0.789247, 0.881488
0.808534, 0.871066
0.827821, 0.85964
0.847108, 0.847108
0.866395, 0.833348
0.885681, 0.818198
0.129612, 0.835876
0.148132, 0.851868
0.166652, 0.866395
0.185173, 0.879625
0.203694, 0.891689
0.222215, 0.902692
0.240735, 0.912719
0.259256, 0.92184
0.277776, 0.930113
0.296296, 0.937585
0.314816, 0.944298
0.333335, 0.950284
0.351854, 0.955574
0.370373, 0.960191
0.388892, 0.964154
0.40741, 0.967482
0.425928, 0.970187
0.444446, 0.97228
0.462964, 0.97377
0.481482, 0.974661
0.5, 0.974958
0.518518, 0.974661
0.537036, 0.97377
0.555554, 0.97228
0.574072, 0.970187
0.59259, 0.967482
0.611108, 0.964154
0.629627, 0.960191
0.648146, 0.955574
0.666665, 0.950284
0.685184, 0.944298
0.703704, 0.937585
0.722224, 0.930113
0.740744, 0.92184
0.759265, 0.912719
0.777785, 0.902692
0.796306, 0.891689
0.814827, 0.879625
0.833348, 0.866395
0.851868, 0.851868
0.870388, 0.835876
0.146447, 0.853553
0.164124, 0.870388
0.181802, 0.885681
0.19948, 0.899609
0.217157, 0.912311
0.234835, 0.923896
0.252513, 0.934454
0.27019, 0.944058
0.287868, 0.952769
0.305546, 0.960638
0.323223, 0.967707
0.340901, 0.974012
0.358579, 0.979583
0.376256, 0.984446
0.393934, 0.988621
0.411612, 0.992125
0.429289, 0.994975
0.446967, 0.99718
0.464645, 0.998748
0.482322, 0.999687
0.5, 1
0.517678, 0.999687
0.535355, 0.998748
0.553033, 0.99718
0.570711, 0.994975
0.588388, 0.992125
0.606066, 0.988621
0.623744, 0.984446
0.641421, 0.979583
0.659099, 0.974012
0.676777, 0.967707
0.694454, 0.960638
0.712132, 0.952769
0.72981, 0.944058
0.747487, 0.934454
0.765165, 0.923896
0.782843, 0.912311
0.80052, 0.899609
0.818198, 0.885681
0.835876, 0.870388
0.853553, 0.853553
0.146878, 0.146878
0.164987, 0.13124
0.183096, 0.117015
0.201206, 0.104049
0.219315, 0.0922218
0.237424, 0.0814377
0.255533, 0.0716175
0.273643, 0.0626964
0.291752, 0.0546202
0.309861, 0.0473436
0.327969, 0.0408287
0.346078, 0.0350434
0.364187, 0.0299607
0.382295, 0.0255581
0.400404, 0.0218167
0.418512, 0.0187211
0.436621, 0.0162589
0.454729, 0.0144205
0.472838, 0.0131987
0.490946, 0.012589
0.509054, 0.012589
0.527162, 0.0131987
0.545271, 0.0144205
0.563379, 0.0162589
0.581488, 0.0187211
0.599596, 0.0218167
0.617705, 0.0255581
0.635813, 0.0299607
0.653922, 0.0350434
0.672031, 0.0408287
0.690139, 0.0473436
0.708248, 0.0546202
0.726357, 0.0626964
0.744467, 0.0716175
0.762576, 0.0814377
0.780685, 0.0922218
0.798794, 0.104049
0.816904, 0.117015
0.835013, 0.13124
0.853122, 0.146878
0.13124, 0.164987
0.150152, 0.150152
0.169064, 0.136657
0.187976, 0.124357
0.206888, 0.113138
0.2258, 0.102908
0.244712, 0.0935933
0.263623, 0.0851312
0.282535, 0.0774707
0.301446, 0.0705689
0.320357, 0.0643895
0.339267, 0.0589023
0.358178, 0.0540816
0.377088, 0.0499059
0.395998, 0.0463574
0.414907, 0.0434214
0.433817, 0.0410862
0.452726, 0.0393425
0.471636, 0.0381838
0.490545, 0.0376055
0.509455, 0.0376055
0.528364, 0.0381838
0.547274, 0.0393425
0.566183, 0.0410862
0.585093, 0.0434214
0.604002, 0.0463574
0.622912, 0.0499059
0.641822, 0.0540816
0.660733, 0.0589023
0.679643, 0.0643895
0.698554, 0.0705689
0.717465, 0.0774707
0.736377, 0.0851312
0.755288, 0.0935933
0.7742, 0.102908
0.793112, 0.113138
0.812024, 0.124357
0.830936, 0.136657
0.849848, 0.150152
0.86876, 0.164987
0.117015, 0.183096
0.136657, 0.169064
0.1563, 0.1563
0.175942, 0.144666
0.195585, 0.134054
0.215227, 0.124379
0.234869, 0.115569
0.25451, 0.107566
0.274151, 0.100321
0.293792, 0.0937934
0.313432, 0.0879492
0.333072, 0.0827595
0.352711, 0.0782
0.37235, 0.0742506
0.391989, 0.0708943
0.411628, 0.0681173
0.431266, 0.0659085
0.450905, 0.0642593
0.470543, 0.0631632
0.490181, 0.0626162
0.509819, 0.0626162
0.529457, 0.0631632
0.549095, 0.0642593
0.568734, 0.0659085
0.588372, 0.0681173
0.608011, 0.0708943
0.62765, 0.0742506
0.647289, 0.0782
0.666928, 0.0827595
0.686568, 0.0879492
0.706208, 0.0937934
0.725849, 0.100321
0.74549, 0.107566
0.765131, 0.115569
0.784773, 0.124379
0.804415, 0.134054
0.824058, 0.144666
0.8437, 0.1563
0.863343, 0.169064
0.882985, 0.183096
0.104049, 0.201206
0.124357, 0.187976
0.144666, 0.175942
0.164974, 0.164974
0.185283, 0.154971
0.205591, 0.14585
0.225898, 0.137544
0.246204, 0.129999
0.26651, 0.123169
0.286815, 0.117014
0.30712, 0.111504
0.327424, 0.10661
0.347727, 0.102311
0.368031, 0.0985859
0.388334, 0.0954203
0.408637, 0.0928009
0.42894, 0.0907172
0.449242, 0.0891613
0.469545, 0.0881272
0.489848, 0.0876111
0.510152, 0.0876111
0.530455, 0.0881272
0.550758, 0.0891613
0.57106, 0.0907172
0.591363, 0.0928009
0.611666, 0.0954203
0.631969, 0.0985859
0.652273, 0.102311
0.672576, 0.10661
0.69288, 0.111504
0.713185, 0.117014
0.73349, 0.123169
0.753796, 0.129999
0.774102, 0.137544
0.794409, 0.14585
0.814717, 0.154971
0.835026, 0.164974
0.855334, 0.175942
0.875643, 0.187976
0.895951, 0.201206
0.0922218, 0.219315
0.113138, 0.206888
0.134054, 0.195585
0.154971, 0.185283
0.175887, 0.175887
0.196801, 0.167319
0.217715, 0.159517
0.238628, 0.15243
0.259539, 0.146012
0.280449, 0.140229
0.301359, 0.135051
0.322268, 0.130451
0.343176, 0.126408
0.364085, 0.122906
0.384994, 0.119929
0.405903, 0.117464
0.426813, 0.115504
0.447723, 0.11404
0.468634, 0.113067
0.489545, 0.112582
0.510455, 0.112582
0.531366, 0.113067
0.552277, 0.11404
0.573187, 0.115504
0.594097, 0.117464
0.615006, 0.119929
0.635915, 0.122906
0.656824, 0.126408
0.677732, 0.130451
0.698641, 0.135051
0.719551, 0.140229
0.740461, 0.146012
0.761372, 0.15243
0.782285, 0.159517
0.803199, 0.167319
0.824113, 0.175887
0.845029, 0.185283
0.865946, 0.195585
0.886862, 0.206888
0.907778, 0.219315
0.0814377, 0.237424
0.102908, 0.2258
0.124379, 0.215227
0.14585, 0.205591
0.167319, 0.196801
0.188787, 0.188787
0.210253, 0.181488
0.231717, 0.174856
0.253179, 0.16885
0.27464, 0.163436
0.2961, 0.158587
0.317559, 0.154278
0.339019, 0.150491
0.36048, 0.147209
0.381942, 0.144419
0.403406, 0.14211
0.42487, 0.140273
0.446335, 0.138902
0.467801, 0.13799
0.489267, 0.137536
0.510733, 0.137536
0.532199, 0.13799
0.553665, 0.138902
0.57513, 0.140273
0.596594, 0.14211
0.618058, 0.144419
0.63952, 0.147209
0.660981, 0.150491
0.682441, 0.154278
0.7039, 0.158587
0.72536, 0.163436
0.746821, 0.16885
0.768283, 0.174856
0.789747, 0.181488
0.811213, 0.188787
0.832681, 0.196801
0.85415, 0.205591
0.875621, 0.215227
0.897092, 0.2258
0.918562, 0.237424
0.0716175, 0.255533
0.0935933, 0.244712
0.115569, 0.234869
0.137544, 0.225898
0.159517, 0.217715
0.181488, 0.210253
0.203456, 0.203456
0.22542, 0.197278
0.247382, 0.191681
0.269343, 0.186635
0.291303, 0.182114
0.313265, 0.178097
0.335228, 0.174566
0.357194, 0.171508
0.379161, 0.168909
0.40113, 0.166759
0.4231, 0.16505
0.445071, 0.163773
0.467042, 0.162926
0.489014, 0.162502
0.510986, 0.162502
0.532958, 0.162926
0.554929, 0.163773
0.5769, 0.16505
0.59887, 0.166759
0.620839, 0.168909
0.642806, 0.171508
0.664772, 0.174566
0.686735, 0.178097
0.708697, 0.182114
0.730657, 0.186635
0.752618, 0.191681
0.77458, 0.197278
0.796544, 0.203456
0.818512, 0.210253
0.840483, 0.217715
0.862456, 0.225898
0.884431, 0.234869
0.906407, 0.244712
0.928382, 0.255533
0.0626964, 0.273643
0.0851312, 0.263623
0.107566, 0.25451
0.129999, 0.246204
0.15243, 0.238628
0.174856, 0.231717
0.197278, 0.22542
0.219695, 0.219695
0.24211, 0.214507
0.264524, 0.209829
0.286941, 0.205639
0.309361, 0.201917
0.331784, 0.198649
0.354209, 0.195819
0.376637, 0.193416
0.399066, 0.191428
0.421495, 0.189848
0.443925, 0.188669
0.466355, 0.187885
0.488785, 0.187494
0.511215, 0.187494
0.533645, 0.187885
0.556075, 0.188669
0.578505, 0.189848
0.600934, 0.191428
0.623363, 0.193416
0.645791, 0.195819
0.668216, 0.198649
0.690639, 0.201917
0.713059, 0.205639
0.735476, 0.209829
0.75789, 0.214507
0.780305, 0.219695
0.802722, 0.22542
0.825144, 0.231717
0.84757, 0.238628
0.870001, 0.246204
0.892434, 0.25451
0.914869, 0.263623
0.937304, 0.273643
0.0546202, 0.291752
0.0774707, 0.282535
0.100321, 0.274151
0.123169, 0.26651
0.146012, 0.259539
0.16885, 0.253179
0.191681, 0.247382
0.214507, 0.24211
0.237332, 0.237332
0.26016, 0.233025
0.282992, 0.22917
0.305829, 0.225749
0.328669, 0.222745
0.351513, 0.220146
0.374357, 0.217939
0.397202, 0.216115
0.420046, 0.214665
0.442891, 0.213582
0.465735, 0.212863
0.488578, 0.212505
0.511422, 0.212505
0.534265, 0.212863
0.557109, 0.213582
0.579954, 0.214665
0.602798, 0.216115
0.625643, 0.217939
0.648487, 0.220146
0.671331, 0.222745
0.694171, 0.225749
0.717008, 0.22917
0.73984, 0.233025
0.762668, 0.237332
0.785493, 0.24211
0.808319, 0.247382
0.83115, 0.253179
0.853988, 0.259539
0.876831, 0.26651
0.899679, 0.274151
0.922529, 0.282535
0.94538, 0.291752
0.0473436, 0.309861
0.0705689, 0.301446
0.0937934, 0.293792
0.117014, 0.286815
0.140229, 0.280449
0.163436, 0.27464
0.186635, 0.269343
0.209829, 0.264524
0.233025, 0.26016
0.256228, 0.256228
0.279437, 0.252711
0.302652, 0.249591
0.325869, 0.246854
0.349089, 0.244485
0.372308, 0.242475
0.395527, 0.240813
0.418745, 0.239493
0.441962, 0.238507
0.465178, 0.237852
0.488393, 0.237526
0.511607, 0.237526
0.534822, 0.237852
0.558038, 0.238507
0.581255, 0.239493
0.604473, 0.240813
0.627692, 0.242475
0.650911, 0.244485
0.674131, 0.246854
0.697348, 0.249591
0.720563, 0.252711
0.743772, 0.256228
0.766975, 0.26016
0.790171, 0.264524
0.813365, 0.269343
0.836564, 0.27464
0.859771, 0.280449
0.882986, 0.286815
0.906207, 0.293792
0.929431, 0.301446
0.952656, 0.309861
0.0408287, 0.327969
0.0643895, 0.320357
0.0879492, 0.313432
0.111504, 0.30712
0.135051, 0.301359
0.158587, 0.2961
0.182114, 0.291303
0.205639, 0.286941
0.22917, 0.282992
0.252711, 0.279437
0.276259, 0.276259
0.299812, 0.273441
0.323368, 0.270969
0.346924, 0.268831
0.370479, 0.267017
0.394032, 0.265517
0.417583, 0.264326
0.441133, 0.263436
0.46468, 0.262846
0.488227, 0.262551
0.511773, 0.262551
0.53532, 0.262846
0.558867, 0.263436
0.582417, 0.264326
0.605968, 0.265517
0.629521, 0.267017
0.653076, 0.268831
0.676632, 0.270969
0.700188, 0.273441
0.723741, 0.276259
0.747289, 0.279437
0.77083, 0.282992
0.794361, 0.286941
0.817886, 0.291303
0.841413, 0.2961
0.864949, 0.301359
0.888496, 0.30712
0.912051, 0.313432
0.93561, 0.320357
0.959171, 0.327969
0.0350434, 0.346078
0.0589023, 0.339267
0.0827595, 0.333072
0.10661, 0.327424
0.130451, 0.322268
0.154278, 0.317559
0.178097, 0.313265
0.201917, 0.309361
0.225749, 0.305829
0.249591, 0.302652
0.273441, 0.299812
0.297295, 0.297295
0.321151, 0.295088
0.345006, 0.293179
0.368858, 0.29156
0.392708, 0.290222
0.416555, 0.289158
0.440399, 0.288365
0.46424, 0.287837
0.48808, 0.287574
0.51192, 0.287574
0.53576, 0.287837
0.559601, 0.288365
0.583445, 0.289158
0.607292, 0.290222
0.631142, 0.29156
0.654994, 0.293179
0.678849, 0.295088
0.702705, 0.297295
0.726559, 0.299812
0.750409, 0.302652
0.774251, 0.305829
0.798083, 0.309361
0.821903, 0.313265
0.845722, 0.317559
0.869549, 0.322268
0.89339, 0.327424
0.917241, 0.333072
0.941098, 0.339267
0.964957, 0.346078
0.0299607, 0.364187
0.0540816, 0.358178
0.0782, 0.352711
0.102311, 0.347727
0.126408, 0.343176
0.150491, 0.339019
0.174566, 0.335228
0.198649, 0.331784
0.222745, 0.328669
0.246854, 0.325869
0.270969, 0.323368
0.295088, 0.321151
0.319207, 0.319207
0.343324, 0.317527
0.367438, 0.316101
0.391548, 0.314923
0.415653, 0.313985
0.439754, 0.313286
0.463853, 0.31282
0.487951, 0.312588
0.512049, 0.312588
0.536147, 0.31282
0.560246, 0.313286
0.584347, 0.313985
0.608452, 0.314923
0.632562, 0.316101
0.656676, 0.317527
0.680793, 0.319207
0.704912, 0.321151
0.729031, 0.323368
0.753146, 0.325869
0.777255, 0.328669
0.801351, 0.331784
0.825434, 0.335228
0.849509, 0.339019
0.873592, 0.343176
0.897689, 0.347727
0.9218, 0.352711
0.945918, 0.358178
0.970039, 0.364187
0.0255581, 0.382295
0.0499059, 0.377088
0.0742506, 0.37235
0.0985859, 0.368031
0.122906, 0.364085
0.147209, 0.36048
0.171508, 0.357194
0.195819, 0.354209
0.220146, 0.351513
0.244485, 0.349089
0.268831, 0.346924
0.293179, 0.345006
0.317527, 0.343324
0.341871, 0.341871
0.36621, 0.340637
0.390542, 0.339616
0.41487, 0.338802
0.439194, 0.338192
0.463516, 0.337785
0.487839, 0.337582
0.512161, 0.337582
0.536484, 0.337785
0.560806, 0.338192
0.58513, 0.338802
0.609458, 0.339616
0.63379, 0.340637
0.658129, 0.341871
0.682473, 0.343324
0.706821, 0.345006
0.731169, 0.346924
0.755515, 0.349089
0.779854, 0.351513
0.804181, 0.354209
0.828492, 0.357194
0.852791, 0.36048
0.877094, 0.364085
0.901414, 0.368031
0.925749, 0.37235
0.950094, 0.377088
0.974442, 0.382295
0.0218167, 0.400404
0.0463574, 0.395998
0.0708943, 0.391989
0.0954203, 0.388334
0.119929, 0.384994
0.144419, 0.381942
0.168909, 0.379161
0.193416, 0.376637
0.217939, 0.374357
0.242475, 0.372308
0.267017, 0.370479
0.29156, 0.368858
0.316101, 0.367438
0.340637, 0.36621
0.365165, 0.365165
0.389685, 0.364298
0.414199, 0.363603
0.43871, 0.363078
0.463223, 0.362725
0.487741, 0.362548
0.512259, 0.362548
0.536777, 0.362725
0.56129, 0.363078
0.585801, 0.363603
0.610315, 0.364298
0.634835, 0.365165
0.659363, 0.36621
0.683899, 0.367438
0.70844, 0.368858
0.732983, 0.370479
0.757525, 0.372308
0.782061, 0.374357
0.806584, 0.376637
0.831091, 0.379161
0.855581, 0.381942
0.880071, 0.384994
0.90458, 0.388334
0.929106, 0.391989
0.953643, 0.395998
0.978183, 0.400404
0.0187211, 0.418512
0.0434214, 0.414907
0.0681173, 0.411628
0.0928009, 0.408637
0.117464, 0.405903
0.14211, 0.403406
0.166759, 0.40113
0.191428, 0.399066
0.216115, 0.397202
0.240813, 0.395527
0.265517, 0.394032
0.290222, 0.392708
0.314923, 0.391548
0.339616, 0.390542
0.364298, 0.389685
0.388969, 0.388969
0.413632, 0.388389
0.438298, 0.387946
0.462974, 0.387647
0.487657, 0.387496
0.512343, 0.387496
0.537026, 0.387647
0.561702, 0.387946
0.586368, 0.388389
0.611031, 0.388969
0.635702, 0.389685
0.660384, 0.390542
0.685077, 0.391548
0.709778, 0.392708
0.734483, 0.394032
0.759187, 0.395527
0.783885, 0.397202
0.808572, 0.399066
0.833241, 0.40113
0.85789, 0.403406
0.882536, 0.405903
0.907199, 0.408637
0.931883, 0.411628
0.956579, 0.414907
0.981279, 0.418512
0.0162589, 0.436621
0.0410862, 0.433817
0.0659085, 0.431266
0.0907172, 0.42894
0.115504, 0.426813
0.140273, 0.42487
0.16505, 0.4231
0.189848, 0.421495
0.214665, 0.420046
0.239493, 0.418745
0.264326, 0.417583
0.289158, 0.416555
0.313985, 0.415653
0.338802, 0.41487
0.363603, 0.414199
0.388389, 0.413632
0.41317, 0.41317
0.437962, 0.412816
0.462769, 0.412578
0.487589, 0.412459
0.512411, 0.412459
0.537231, 0.412578
0.562038, 0.412816
0.58683, 0.41317
0.611611, 0.413632
0.636397, 0.414199
0.661198, 0.41487
0.686015, 0.415653
0.710842, 0.416555
0.735674, 0.417583
0.760507, 0.418745
0.785335, 0.420046
0.810152, 0.421495
0.83495, 0.4231
0.859727, 0.42487
0.884496, 0.426813
0.909283, 0.42894
0.934091, 0.431266
0.958914, 0.433817
0.983741, 0.436621
0.0144205, 0.454729
0.0393425, 0.452726
0.0642593, 0.450905
0.0891613, 0.449242
0.11404, 0.447723
0.138902, 0.446335
0.163773, 0.445071
0.188669, 0.443925
0.213582, 0.442891
0.238507, 0.441962
0.263436, 0.441133
0.288365, 0.440399
0.313286, 0.439754
0.338192, 0.439194
0.363078, 0.43871
0.387946, 0.438298
0.412816, 0.437962
0.437706, 0.437706
0.462616, 0.437536
0.487537, 0.437451
0.512463, 0.437451
0.537384, 0.437536
0.562294, 0.437706
0.587184, 0.437962
0.612054, 0.438298
0.636922, 0.43871
0.661808, 0.439194
0.686714, 0.439754
0.711635, 0.440399
0.736564, 0.441133
0.761493, 0.441962
0.786418, 0.442891
0.811331, 0.443925
0.836227, 0.445071
0.861098, 0.446335
0.88596, 0.447723
0.910839, 0.449242
0.935741, 0.450905
0.960657, 0.452726
0.985579, 0.454729
0.0131987, 0.472838
0.0381838, 0.471636
0.0631632, 0.470543
0.0881272, 0.469545
0.113067, 0.468634
0.13799, 0.467801
0.162926, 0.467042
0.187885, 0.466355
0.212863, 0.465735
0.237852, 0.465178
0.262846, 0.46468
0.287837, 0.46424
0.31282, 0.463853
0.337785, 0.463516
0.362725, 0.463223
0.387647, 0.462974
0.412578, 0.462769
0.437536, 0.462616
0.462514, 0.462514
0.487503, 0.462463
0.512497, 0.462463
0.537486, 0.462514
0.562464, 0.462616
0.587422, 0.462769
0.612353, 0.462974
0.637275, 0.463223
0.662215, 0.463516
0.68718, 0.463853
0.712163, 0.46424
0.737154, 0.46468
0.762148, 0.465178
0.787137, 0.465735
0.812115, 0.466355
0.837074, 0.467042
0.86201, 0.467801
0.886933, 0.468634
0.911873, 0.469545
0.936837, 0.470543
0.961816, 0.471636
0.986801, 0.472838
0.012589, 0.490946
0.0376055, 0.490545
0.0626162, 0.490181
0.0876111, 0.489848
0.112582, 0.489545
0.137536, 0.489267
0.162502, 0.489014
0.187494, 0.488785
0.212505, 0.488578
0.237526, 0.488393
0.262551, 0.488227
0.287574, 0.48808
0.312588, 0.487951
0.337582, 0.487839
0.362548, 0.487741
0.387496, 0.487657
0.412459, 0.487589
0.437451, 0.487537
0.462463, 0.487503
0.487486, 0.487486
0.512514, 0.487486
0.537537, 0.487503
0.562549, 0.487537
0.587541, 0.487589
0.612504, 0.487657
0.637452, 0.487741
0.662418, 0.487839
0.687412, 0.487951
0.712426, 0.48808
0.737449, 0.488227
0.762474, 0.488393
0.787495, 0.488578
0.812506, 0.488785
0.837498, 0.489014
0.862464, 0.489267
0.887418, 0.489545
0.912389, 0.489848
0.937384, 0.490181
0.962395, 0.490545
0.987411, 0.490946
0.012589, 0.509054
0.0376055, 0.509455
0.0626162, 0.509819
0.0876111, 0.510152
0.112582, 0.510455
0.137536, 0.510733
0.162502, 0.510986
0.187494, 0.511215
0.212505, 0.511422
0.237526, 0.511607
0.262551, 0.511773
0.287574, 0.51192
0.312588, 0.512049
0.337582, 0.512161
0.362548, 0.512259
0.387496, 0.512343
0.412459, 0.512411
0.437451, 0.512463
0.462463, 0.512497
0.487486, 0.512514
0.512514, 0.512514
0.537537, 0.512497
0.562549, 0.512463
0.587541, 0.512411
0.612504, 0.512343
0.637452, 0.512259
0.662418, 0.512161
0.687412, 0.512049
0.712426, 0.51192
0.737449, 0.511773
0.762474, 0.511607
0.787495, 0.511422
0.812506, 0.511215
0.837498, 0.510986
0.862464, 0.510733
0.887418, 0.510455
0.912389, 0.510152
0.937384, 0.509819
0.962395, 0.509455
0.987411, 0.509054
0.0131987, 0.527162
0.0381838, 0.528364
0.0631632, 0.529457
0.0881272, 0.530455
0.113067, 0.531366
0.13799, 0.532199
0.162926, 0.532958
0.187885, 0.533645
0.212863, 0.534265
0.237852, 0.534822
0.262846, 0.53532
0.287837, 0.53576
0.31282, 0.536147
0.337785, 0.536484
0.362725, 0.536777
0.387647, 0.537026
0.412578, 0.537231
0.437536, 0.537384
0.462514, 0.537486
0.487503, 0.537537
0.512497, 0.537537
0.537486, 0.537486
0.562464, 0.537384
0.587422, 0.537231
0.612353, 0.537026
0.637275, 0.536777
0.662215, 0.536484
0.68718, 0.536147
0.712163, 0.53576
0.737154, 0.53532
0.762148, 0.534822
0.787137, 0.534265
0.812115, 0.533645
0.837074, 0.532958
0.86201, 0.532199
0.886933, 0.531366
0.911873, 0.530455
0.936837, 0.529457
0.961816, 0.528364
0.986801, 0.527162
0.0144205, 0.545271
0.0393425, 0.547274
0.0642593, 0.549095
0.0891613, 0.550758
0.11404, 0.552277
0.138902, 0.553665
0.163773, 0.554929
0.188669, 0.556075
0.213582, 0.557109
0.238507, 0.558038
0.263436, 0.558867
0.288365, 0.559601
0.313286, 0.560246
0.338192, 0.560806
0.363078, 0.56129
0.387946, 0.561702
0.412816, 0.562038
0.437706, 0.562294
0.462616, 0.562464
0.487537, 0.562549
0.512463, 0.562549
0.537384, 0.562464
0.562294, 0.562294
0.587184, 0.562038
0.612054, 0.561702
0.636922, 0.56129
0.661808, 0.560806
0.686714, 0.560246
0.711635, 0.559601
0.736564, 0.558867
0.761493, 0.558038
0.786418, 0.557109
0.811331, 0.556075
0.836227, 0.554929
0.861098, 0.553665
0.88596, 0.552277
0.910839, 0.550758
0.935741, 0.549095
0.960657, 0.547274
0.985579, 0.545271
0.0162589, 0.563379
0.0410862, 0.566183
0.0659085, 0.568734
0.0907172, 0.57106
0.115504, 0.573187
0.140273, 0.57513
0.16505, 0.5769
0.189848, 0.578505
0.214665, 0.579954
0.239493, 0.581255
0.264326, 0.582417
0.289158, 0.583445
0.313985, 0.584347
0.338802, 0.58513
0.363603, 0.585801
0.388389, 0.586368
0.41317, 0.58683
0.437962, 0.587184
0.462769, 0.587422
0.487589, 0.587541
0.512411, 0.587541
0.537231, 0.587422
0.562038, 0.587184
0.58683, 0.58683
0.611611, 0.586368
0.636397, 0.585801
0.661198, 0.58513
0.686015, 0.584347
0.710842, 0.583445
0.735674, 0.582417
0.760507, 0.581255
0.785335, 0.579954
0.810152, 0.578505
0.83495, 0.5769
0.859727, 0.57513
0.884496, 0.573187
0.909283, 0.57106
0.934091, 0.568734
0.958914, 0.566183
0.983741, 0.563379
0.0187211, 0.581488
0.0434214, 0.585093
0.0681173, 0.588372
0.0928009, 0.591363
0.117464, 0.594097
0.14211, 0.596594
0.166759, 0.59887
0.191428, 0.600934
0.216115, 0.602798
0.240813, 0.604473
0.265517, 0.605968
0.290222, 0.607292
0.314923, 0.608452
0.339616, 0.609458
0.364298, 0.610315
0.388969, 0.611031
0.413632, 0.611611
0.438298, 0.612054
0.462974, 0.612353
0.487657, 0.612504
0.512343, 0.612504
0.537026, 0.612353
0.561702, 0.612054
0.586368, 0.611611
0.611031, 0.611031
0.635702, 0.610315
0.660384, 0.609458
0.685077, 0.608452
0.709778, 0.607292
0.734483, 0.605968
0.759187, 0.604473
0.783885, 0.602798
0.808572, 0.600934
0.833241, 0.59887
0.85789, 0.596594
0.882536, 0.594097
0.907199, 0.591363
0.931883, 0.588372
0.956579, 0.585093
0.981279, 0.581488
0.0218167, 0.599596
0.0463574, 0.604002
0.0708943, 0.608011
0.0954203, 0.611666
0.119929, 0.615006
0.144419, 0.618058
0.168909, 0.620839
0.193416, 0.623363
0.217939, 0.625643
0.242475, 0.627692
0.267017, 0.629521
0.29156, 0.631142
0.316101, 0.632562
0.340637, 0.63379
0.365165, 0.634835
0.389685, 0.635702
0.414199, 0.636397
0.43871, 0.636922
0.463223, 0.637275
0.487741, 0.637452
0.512259, 0.637452
0.536777, 0.637275
0.56129, 0.636922
0.585801, 0.636397
0.610315, 0.635702
0.634835, 0.634835
0.659363, 0.63379
0.683899, 0.632562
0.70844, 0.631142
0.732983, 0.629521
0.757525, 0.627692
0.782061, 0.625643
0.806584, 0.623363
0.831091, 0.620839
0.855581, 0.618058
0.880071, 0.615006
0.90458, 0.611666
0.929106, 0.608011
0.953643, 0.604002
0.978183, 0.599596
0.0255581, 0.617705
0.0499059, 0.622912
0.0742506, 0.62765
0.0985859, 0.631969
0.122906, 0.635915
0.147209, 0.63952
0.171508, 0.642806
0.195819, 0.645791
0.220146, 0.648487
0.244485, 0.650911
0.268831, 0.653076
0.293179, 0.654994
0.317527, 0.656676
0.341871, 0.658129
0.36621, 0.659363
0.390542, 0.660384
0.41487, 0.661198
0.439194, 0.661808
0.463516, 0.662215
0.487839, 0.662418
0.512161, 0.662418
0.536484, 0.662215
0.560806, 0.661808
0.58513, 0.661198
0.609458, 0.660384
0.63379, 0.659363
0.658129, 0.658129
0.682473, 0.656676
0.706821, 0.654994
0.731169, 0.653076
0.755515, 0.650911
0.779854, 0.648487
0.804181, 0.645791
0.828492, 0.642806
0.852791, 0.63952
0.877094, 0.635915
0.901414, 0.631969
0.925749, 0.62765
0.950094, 0.622912
0.974442, 0.617705
0.0299607, 0.635813
0.0540816, 0.641822
0.0782, 0.647289
0.102311, 0.652273
0.126408, 0.656824
0.150491, 0.660981
0.174566, 0.664772
0.198649, 0.668216
0.222745, 0.671331
0.246854, 0.674131
0.270969, 0.676632
0.295088, 0.678849
0.319207, 0.680793
0.343324, 0.682473
0.367438, 0.683899
0.391548, 0.685077
0.415653, 0.686015
0.439754, 0.686714
0.463853, 0.68718
0.487951, 0.687412
0.512049, 0.687412
0.536147, 0.68718
0.560246, 0.686714
0.584347, 0.686015
0.608452, 0.685077
0.632562, 0.683899
0.656676, 0.682473
0.680793, 0.680793
0.704912, 0.678849
0.729031, 0.676632
0.753146, 0.674131
0.777255, 0.671331
0.801351, 0.668216
0.825434, 0.664772
0.849509, 0.660981
0.873592, 0.656824
0.897689, 0.652273
0.9218, 0.647289
0.945918, 0.641822
0.970039, 0.635813
0.0350434, 0.653922
0.0589023, 0.660733
0.0827595, 0.666928
0.10661, 0.672576
0.130451, 0.677732
0.154278, 0.682441
0.178097, 0.686735
0.201917, 0.690639
0.225749, 0.694171
0.249591, 0.697348
0.273441, 0.700188
0.297295, 0.702705
0.321151, 0.704912
0.345006, 0.706821
0.368858, 0.70844
0.392708, 0.709778
0.416555, 0.710842
0.440399, 0.711635
0.46424, 0.712163
0.48808, 0.712426
0.51192, 0.712426
0.53576, 0.712163
0.559601, 0.711635
0.583445, 0.710842
0.607292, 0.709778
0.631142, 0.70844
0.654994, 0.706821
0.678849, 0.704912
0.702705, 0.702705
0.726559, 0.700188
0.750409, 0.697348
0.774251, 0.694171
0.798083, 0.690639
0.821903, 0.686735
0.845722, 0.682441
0.869549, 0.677732
0.89339, 0.672576
0.917241, 0.666928
0.941098, 0.660733
0.964957, 0.653922
0.0408287, 0.672031
0.0643895, 0.679643
0.0879492, 0.686568
0.111504, 0.69288
0.135051, 0.698641
0.158587, 0.7039
0.182114, 0.708697
0.205639, 0.713059
0.22917, 0.717008
0.252711, 0.720563
0.276259, 0.723741
0.299812, 0.726559
0.323368, 0.729031
0.346924, 0.731169
0.370479, 0.732983
0.394032, 0.734483
0.417583, 0.735674
0.441133, 0.736564
0.46468, 0.737154
0.488227, 0.737449
0.511773, 0.737449
0.53532, 0.737154
0.558867, 0.736564
0.582417, 0.735674
0.605968, 0.734483
0.629521, 0.732983
0.653076, 0.731169
0.676632, 0.729031
0.700188, 0.726559
0.723741, 0.723741
0.747289, 0.720563
0.77083, 0.717008
0.794361, 0.713059
0.817886, 0.708697
0.841413, 0.7039
0.864949, 0.698641
0.888496, 0.69288
0.912051, 0.686568
0.93561, 0.679643
0.959171, 0.672031
0.0473436, 0.690139
0.0705689, 0.698554
0.0937934, 0.706208
0.117014, 0.713185
0.140229, 0.719551
0.163436, 0.72536
0.186635, 0.730657
0.209829, 0.735476
0.233025, 0.73984
0.256228, 0.743772
0.279437, 0.747289
0.302652, 0.750409
0.325869, 0.753146
0.349089, 0.755515
0.372308, 0.757525
0.395527, 0.759187
0.418745, 0.760507
0.441962, 0.761493
0.465178, 0.762148
0.488393, 0.762474
0.511607, 0.762474
0.534822, 0.762148
0.558038, 0.761493
0.581255, 0.760507
0.604473, 0.759187
0.627692, 0.757525
0.650911, 0.755515
0.674131, 0.753146
0.697348, 0.750409
0.720563, 0.747289
0.743772, 0.743772
0.766975, 0.73984
0.790171, 0.735476
0.813365, 0.730657
0.836564, 0.72536
0.859771, 0.719551
0.882986, 0.713185
0.906207, 0.706208
0.929431, 0.698554
0.952656, 0.690139
0.0546202, 0.708248
0.0774707, 0.717465
0.100321, 0.725849
0.123169, 0.73349
0.146012, 0.740461
0.16885, 0.746821
0.191681, 0.752618
0.214507, 0.75789
0.237332, 0.762668
0.26016, 0.766975
0.282992, 0.77083
0.305829, 0.774251
0.328669, 0.777255
0.351513, 0.779854
0.374357, 0.782061
0.397202, 0.783885
0.420046, 0.785335
0.442891, 0.786418
0.465735, 0.787137
0.488578, 0.787495
0.511422, 0.787495
0.534265, 0.787137
0.557109, 0.786418
0.579954, 0.785335
0.602798, 0.783885
0.625643, 0.782061
0.648487, 0.779854
0.671331, 0.777255
0.694171, 0.774251
0.717008, 0.77083
0.73984, 0.766975
0.762668, 0.762668
0.785493, 0.75789
0.808319, 0.752618
0.83115, 0.746821
0.853988, 0.740461
0.876831, 0.73349
0.899679, 0.725849
0.922529, 0.717465
0.94538, 0.708248
0.0626964, 0.726357
0.0851312, 0.736377
0.107566, 0.74549
0.129999, 0.753796
0.15243, 0.761372
0.174856, 0.768283
0.197278, 0.77458
0.219695, 0.780305
0.24211, 0.785493
0.264524, 0.790171
0.286941, 0.794361
0.309361, 0.798083
0.331784, 0.801351
0.354209, 0.804181
0.376637, 0.806584
0.399066, 0.808572
0.421495, 0.810152
0.443925, 0.811331
0.466355, 0.812115
0.488785, 0.812506
0.511215, 0.812506
0.533645, 0.812115
0.556075, 0.811331
0.578505, 0.810152
0.600934, 0.808572
0.623363, 0.806584
0.645791, 0.804181
0.668216, 0.801351
0.690639, 0.798083
0.713059, 0.794361
0.735476, 0.790171
0.75789, 0.785493
0.780305, 0.780305
0.802722, 0.77458
0.825144, 0.768283
0.84757, 0.761372
0.870001, 0.753796
0.892434, 0.74549
0.914869, 0.736377
0.937304, 0.726357
0.0716175, 0.744467
0.0935933, 0.755288
0.115569, 0.765131
0.137544, 0.774102
0.159517, 0.782285
0.181488, 0.789747
0.203456, 0.796544
0.22542, 0.802722
0.247382, 0.808319
0.269343, 0.813365
0.291303, 0.817886
0.313265, 0.821903
0.335228, 0.825434
0.357194, 0.828492
0.379161, 0.831091
0.40113, 0.833241
0.4231, 0.83495
0.445071, 0.836227
0.467042, 0.837074
0.489014, 0.837498
0.510986, 0.837498
0.532958, 0.837074
0.554929, 0.836227
0.5769, 0.83495
0.59887, 0.833241
0.620839, 0.831091
0.642806, 0.828492
0.664772, 0.825434
0.686735, 0.821903
0.708697, 0.817886
0.730657, 0.813365
0.752618, 0.808319
0.77458, 0.802722
0.796544, 0.796544
0.818512, 0.789747
0.840483, 0.782285
0.862456, 0.774102
0.884431, 0.765131
0.906407, 0.755288
0.928382, 0.744467
0.0814377, 0.762576
0.102908, 0.7742
0.124379, 0.784773
0.14585, 0.794409
0.167319, 0.803199
0.188787, 0.811213
0.210253, 0.818512
0.231717, 0.825144
0.253179, 0.83115
0.27464, 0.836564
0.2961, 0.841413
0.317559, 0.845722
0.339019, 0.849509
0.36048, 0.852791
0.381942, 0.855581
0.403406, 0.85789
0.42487, 0.859727
0.446335, 0.861098
0.467801, 0.86201
0.489267, 0.862464
0.510733, 0.862464
0.532199, 0.86201
0.553665, 0.861098
0.57513, 0.859727
0.596594, 0.85789
0.618058, 0.855581
0.63952, 0.852791
0.660981, 0.849509
0.682441, 0.845722
0.7039, 0.841413
0.72536, 0.836564
0.746821, 0.83115
0.768283, 0.825144
0.789747, 0.818512
0.811213, 0.811213
0.832681, 0.803199
0.85415, 0.794409
0.875621, 0.784773
0.897092, 0.7742
0.918562, 0.762576
0.0922218, 0.780685
0.113138, 0.793112
0.134054, 0.804415
0.154971, 0.814717
0.175887, 0.824113
0.196801, 0.832681
0.217715, 0.840483
0.238628, 0.84757
0.259539, 0.853988
0.280449, 0.859771
0.301359, 0.864949
0.322268, 0.869549
0.343176, 0.873592
0.364085, 0.877094
0.384994, 0.880071
0.405903, 0.882536
0.426813, 0.884496
0.447723, 0.88596
0.468634, 0.886933
0.489545, 0.887418
0.510455, 0.887418
0.531366, 0.886933
0.552277, 0.88596
0.573187, 0.884496
0.594097, 0.882536
0.615006, 0.880071
0.635915, 0.877094
0.656824, 0.873592
0.677732, 0.869549
0.698641, 0.864949
0.719551, 0.859771
0.740461, 0.853988
0.761372, 0.84757
0.782285, 0.840483
0.803199, 0.832681
0.824113, 0.824113
0.845029, 0.814717
0.865946, 0.804415
0.886862, 0.793112
0.907778, 0.780685
0.104049, 0.798794
0.124357, 0.812024
0.144666, 0.824058
0.164974, 0.835026
0.185283, 0.845029
0.205591, 0.85415
0.225898, 0.862456
0.246204, 0.870001
0.26651, 0.876831
0.286815, 0.882986
0.30712, 0.888496
0.327424, 0.89339
0.347727, 0.897689
0.368031, 0.901414
0.388334, 0.90458
0.408637, 0.907199
0.42894, 0.909283
0.449242, 0.910839
0.469545, 0.911873
0.489848, 0.912389
0.510152, 0.912389
0.530455, 0.911873
0.550758, 0.910839
0.57106, 0.909283
0.591363, 0.907199
0.611666, 0.90458
0.631969, 0.901414
0.652273, 0.897689
0.672576, 0.89339
0.69288, 0.888496
0.713185, 0.882986
0.73349, 0.876831
0.753796, 0.870001
0.774102, 0.862456
0.794409, 0.85415
0.814717, 0.845029
0.835026, 0.835026
0.855334, 0.824058
0.875643, 0.812024
0.895951, 0.798794
0.117015, 0.816904
0.136657, 0.830936
0.1563, 0.8437
0.175942, 0.855334
0.195585, 0.865946
0.215227, 0.875621
0.234869, 0.884431
0.25451, 0.892434
0.274151, 0.899679
0.293792, 0.906207
0.313432, 0.912051
0.333072, 0.917241
0.352711, 0.9218
0.37235, 0.925749
0.391989, 0.929106
0.411628, 0.931883
0.431266, 0.934091
0.450905, 0.935741
0.470543, 0.936837
0.490181, 0.937384
0.509819, 0.937384
0.529457, 0.936837
0.549095, 0.935741
0.568734, 0.934091
0.588372, 0.931883
0.608011, 0.929106
0.62765, 0.925749
0.647289, 0.9218
0.666928, 0.917241
0.686568, 0.912051
0.706208, 0.906207
0.725849, 0.899679
0.74549, 0.892434
0.765131, 0.884431
0.784773, 0.875621
0.804415, 0.865946
0.824058, 0.855334
0.8437, 0.8437
0.863343, 0.830936
0.882985, 0.816904
0.13124, 0.835013
0.150152, 0.849848
0.169064, 0.863343
0.187976, 0.875643
0.206888, 0.886862
0.2258, 0.897092
0.244712, 0.906407
0.263623, 0.914869
0.282535, 0.922529
0.301446, 0.929431
0.320357, 0.93561
0.339267, 0.941098
0.358178, 0.945918
0.377088, 0.950094
0.395998, 0.953643
0.414907, 0.956579
0.433817, 0.958914
0.452726, 0.960657
0.471636, 0.961816
0.490545, 0.962395
0.509455, 0.962395
0.528364, 0.961816
0.547274, 0.960657
0.566183, 0.958914
0.585093, 0.956579
0.604002, 0.953643
0.622912, 0.950094
0.641822, 0.945918
0.660733, 0.941098
0.679643, 0.93561
0.698554, 0.929431
0.717465, 0.922529
0.736377, 0.914869
0.755288, 0.906407
0.7742, 0.897092
0.793112, 0.886862
0.812024, 0.875643
0.830936, 0.863343
0.849848, 0.849848
0.86876, 0.835013
0.146878, 0.853122
0.164987, 0.86876
0.183096, 0.882985
0.201206, 0.895951
0.219315, 0.907778
0.237424, 0.918562
0.255533, 0.928382
0.273643, 0.937304
0.291752, 0.94538
0.309861, 0.952656
0.327969, 0.959171
0.346078, 0.964957
0.364187, 0.970039
0.382295, 0.974442
0.400404, 0.978183
0.418512, 0.981279
0.436621, 0.983741
0.454729, 0.985579
0.472838, 0.986801
0.490946, 0.987411
0.509054, 0.987411
0.527162, 0.986801
0.545271, 0.985579
0.563379, 0.983741
0.581488, 0.981279
0.599596, 0.978183
0.617705, 0.974442
0.635813, 0.970039
0.653922, 0.964957
0.672031, 0.959171
0.690139, 0.952656
0.708248, 0.94538
0.726357, 0.937304
0.744467, 0.928382
0.762576, 0.918562
0.780685, 0.907778
0.798794, 0.895951
0.816904, 0.882985
0.835013, 0.86876
0.853122, 0.853122
