0.146447, 0.146447
0.164124, 0.129612
0.181802, 0.114319
0.19948, 0.100391
0.217157, 0.0876894
0.234835, 0.0761044
0.252513, 0.0655463
0.27019, 0.055942
0.287868, 0.0472307
0.305546, 0.0393619
0.323223, 0.0322928
0.340901, 0.0259879
0.358579, 0.0204168
0.376256, 0.0155544
0.393934, 0.0113795
0.411612, 0.00787451
0.429289, 0.00502525
0.446967, 0.00282045
0.464645, 0.00125157
0.482322, 0.000312598
0.5, 0
0.517678, 0.000312598
0.535355, 0.00125157
0.553033, 0.00282045
0.570711, 0.00502525
0.588388, 0.00787451
0.606066, 0.0113795
0.623744, 0.0155544
0.641421, 0.0204168
0.659099, 0.0259879
0.676777, 0.0322928
0.694454, 0.0393619
0.712132, 0.0472307
0.72981, 0.055942
0.747487, 0.0655463
0.765165, 0.0761044
0.782843, 0.0876894
0.80052, 0.100391
0.818198, 0.114319
0.835876, 0.129612
0.853553, 0.146447
0.129612, 0.164124
0.148191, 0.148191
0.166753, 0.133715
0.185319, 0.12055
0.203884, 0.108561
0.222447, 0.0976423
0.241004, 0.0877056
0.259554, 0.0786794
0.278096, 0.070504
0.29663, 0.063129
0.315155, 0.0565122
0.33367, 0.0506175
0.352177, 0.0454149
0.370675, 0.0408785
0.389165, 0.0369869
0.407649, 0.0337224
0.426126, 0.0310703
0.444599, 0.0290192
0.463068, 0.0275603
0.481535, 0.0266873
0.5, 0.0263967
0.518465, 0.0266873
0.536932, 0.0275603
0.555401, 0.0290192
0.573874, 0.0310703
0.592351, 0.0337224
0.610835, 0.0369869
0.629325, 0.0408785
0.647823, 0.0454149
0.66633, 0.0506175
0.684845, 0.0565122
0.70337, 0.063129
0.721904, 0.070504
0.740446, 0.0786794
0.758996, 0.0877056
0.777553, 0.0976423
0.796116, 0.108561
0.814681, 0.12055
0.833247, 0.133715
0.851809, 0.148191
0.870388, 0.164124
0.114319, 0.181802
0.133715, 0.166753
0.153089, 0.153089
0.172471, 0.140681
0.191852, 0.129399
0.211227, 0.119138
0.23059, 0.109812
0.249937, 0.101352
0.269267, 0.0936961
0.288578, 0.086796
0.307869, 0.0806093
0.327141, 0.0751004
0.346395, 0.0702395
0.365633, 0.0660017
0.384856, 0.0623664
0.404066, 0.0593165
0.423266, 0.0568385
0.442457, 0.0549217
0.461641, 0.0535581
0.480822, 0.052742
0.5, 0.0524704
0.519178, 0.052742
0.538359, 0.0535581
0.557543, 0.0549217
0.576734, 0.0568385
0.595934, 0.0593165
0.615144, 0.0623664
0.634367, 0.0660017
0.653605, 0.0702395
0.672859, 0.0751004
0.692131, 0.0806093
0.711422, 0.086796
0.730733, 0.0936961
0.750063, 0.101352
0.76941, 0.109812
0.788773, 0.119138
0.808148, 0.129399
0.827529, 0.140681
0.846911, 0.153089
0.866285, 0.166753
0.885681, 0.181802
0.100391, 0.19948
0.12055, 0.185319
0.140681, 0.172471
0.160822, 0.160822
0.180958, 0.150243
0.201078, 0.140632
0.221175, 0.131904
0.241242, 0.123986
0.261278, 0.116819
0.281281, 0.110355
0.301253, 0.10455
0.321196, 0.0993719
0.341114, 0.0947918
0.36101, 0.0907879
0.38089, 0.0873433
0.400756, 0.0844449
0.420614, 0.0820834
0.440464, 0.0802522
0.460311, 0.0789469
0.480156, 0.0781647
0.5, 0.0779042
0.519844, 0.0781647
0.539689, 0.0789469
0.559536, 0.0802522
0.579386, 0.0820834
0.599244, 0.0844449
0.61911, 0.0873433
0.63899, 0.0907879
0.658886, 0.0947918
0.678804, 0.0993719
0.698747, 0.10455
0.718719, 0.110355
0.738722, 0.116819
0.758758, 0.123986
0.778825, 0.131904
0.798922, 0.140632
0.819042, 0.150243
0.839178, 0.160822
0.859319, 0.172471
0.87945, 0.185319
0.899609, 0.19948
0.0876894, 0.217157
0.108561, 0.203884
0.129399, 0.191852
0.150243, 0.180958
0.171072, 0.171072
0.191869, 0.162092
0.212623, 0.15393
0.233326, 0.146512
0.253976, 0.139778
0.274575, 0.133674
0.295128, 0.128162
0.315645, 0.123208
0.336133, 0.118791
0.356606, 0.114897
0.377071, 0.111518
0.397539, 0.108652
0.418013, 0.106301
0.438497, 0.104467
0.458991, 0.103155
0.479494, 0.102366
0.5, 0.102103
0.520506, 0.102366
0.541009, 0.103155
0.561503, 0.104467
0.581987, 0.106301
0.602461, 0.108652
0.622929, 0.111518
0.643394, 0.114897
0.663867, 0.118791
0.684355, 0.123208
0.704872, 0.128162
0.725425, 0.133674
0.746024, 0.139778
0.766674, 0.146512
0.787377, 0.15393
0.808131, 0.162092
0.828928, 0.171072
0.849757, 0.180958
0.870601, 0.191852
0.891439, 0.203884
0.912311, 0.217157
0.0761044, 0.234835
0.0976423, 0.222447
0.119138, 0.211227
0.140632, 0.201078
0.162092, 0.191869
0.183493, 0.183493
0.204818, 0.175856
0.226059, 0.168879
0.247214, 0.162493
0.26829, 0.156644
0.289305, 0.151293
0.310281, 0.146418
0.331243, 0.142014
0.352215, 0.138087
0.373216, 0.13465
0.394256, 0.13172
0.41534, 0.129309
0.436465, 0.127427
0.457624, 0.12608
0.478806, 0.125271
0.5, 0.125001
0.521194, 0.125271
0.542376, 0.12608
0.563535, 0.127427
0.58466, 0.129309
0.605744, 0.13172
0.626784, 0.13465
0.647785, 0.138087
0.668757, 0.142014
0.689719, 0.146418
0.710695, 0.151293
0.73171, 0.156644
0.752786, 0.162493
0.773941, 0.168879
0.795182, 0.175856
0.816507, 0.183493
0.837908, 0.191869
0.859368, 0.201078
0.880862, 0.211227
0.902358, 0.222447
0.923896, 0.234835
0.0655463, 0.252513
0.0877056, 0.241004
0.109812, 0.23059
0.131904, 0.221175
0.15393, 0.212623
0.175856, 0.204818
0.197657, 0.197657
0.21932, 0.191046
0.240848, 0.184909
0.262266, 0.179194
0.283619, 0.173882
0.304961, 0.168987
0.326343, 0.164544
0.347801, 0.160593
0.36935, 0.157164
0.390988, 0.154272
0.412702, 0.151922
0.434477, 0.150109
0.456296, 0.148822
0.478141, 0.148055
0.5, 0.147799
0.521859, 0.148055
0.543704, 0.148822
0.565523, 0.150109
0.587298, 0.151922
0.609012, 0.154272
0.63065, 0.157164
0.652199, 0.160593
0.673657, 0.164544
0.695039, 0.168987
0.716381, 0.173882
0.737734, 0.179194
0.759152, 0.184909
0.78068, 0.191046
0.802343, 0.197657
0.824144, 0.204818
0.84607, 0.212623
0.868096, 0.221175
0.890188, 0.23059
0.912294, 0.241004
0.934454, 0.252513
0.055942, 0.27019
0.0786794, 0.259554
0.101352, 0.249937
0.123986, 0.241242
0.146512, 0.233326
0.168879, 0.226059
0.191046, 0.21932
0.212999, 0.212999
0.234763, 0.207023
0.25641, 0.201374
0.278045, 0.196097
0.299764, 0.191271
0.321627, 0.186969
0.343645, 0.183231
0.365799, 0.180065
0.388057, 0.177454
0.410386, 0.17537
0.432762, 0.173786
0.455164, 0.172674
0.477579, 0.172015
0.5, 0.171797
0.522421, 0.172015
0.544836, 0.172674
0.567238, 0.173786
0.589614, 0.17537
0.611943, 0.177454
0.634201, 0.180065
0.656355, 0.183231
0.678373, 0.186969
0.700236, 0.191271
0.721955, 0.196097
0.74359, 0.201374
0.765237, 0.207023
0.787001, 0.212999
0.808954, 0.21932
0.831121, 0.226059
0.853488, 0.233326
0.876014, 0.241242
0.898648, 0.249937
0.921321, 0.259554
0.944058, 0.27019
0.0472307, 0.287868
0.070504, 0.278096
0.0936961, 0.269267
0.116819, 0.261278
0.139778, 0.253976
0.162493, 0.247214
0.184909, 0.240848
0.207023, 0.234763
0.228924, 0.228924
0.250781, 0.223401
0.272768, 0.21833
0.294982, 0.213824
0.31743, 0.209933
0.340066, 0.20665
0.362829, 0.203935
0.385664, 0.201739
0.408533, 0.200016
0.43141, 0.198722
0.454282, 0.197823
0.477144, 0.197295
0.5, 0.19712
0.522856, 0.197295
0.545718, 0.197823
0.56859, 0.198722
0.591467, 0.200016
0.614336, 0.201739
0.637171, 0.203935
0.659934, 0.20665
0.68257, 0.209933
0.705018, 0.213824
0.727232, 0.21833
0.749219, 0.223401
0.771076, 0.228924
0.792977, 0.234763
0.815091, 0.240848
0.837507, 0.247214
0.860222, 0.253976
0.883181, 0.261278
0.906304, 0.269267
0.929496, 0.278096
0.952769, 0.287868
0.0393619, 0.305546
0.063129, 0.29663
0.086796, 0.288578
0.110355, 0.281281
0.133674, 0.274575
0.156644, 0.26829
0.179194, 0.262266
0.201374, 0.25641
0.223401, 0.250781
0.245562, 0.245562
0.268039, 0.240929
0.290852, 0.236954
0.313924, 0.233623
0.33716, 0.23088
0.360475, 0.22866
0.38381, 0.226901
0.407124, 0.225544
0.430399, 0.224542
0.45363, 0.223855
0.476825, 0.223455
0.5, 0.223324
0.523175, 0.223455
0.54637, 0.223855
0.569601, 0.224542
0.592876, 0.225544
0.61619, 0.226901
0.639525, 0.22866
0.66284, 0.23088
0.686076, 0.233623
0.709148, 0.236954
0.731961, 0.240929
0.754438, 0.245562
0.776599, 0.250781
0.798626, 0.25641
0.820806, 0.262266
0.843356, 0.26829
0.866326, 0.274575
0.889645, 0.281281
0.913204, 0.288578
0.936871, 0.29663
0.960638, 0.305546
0.0322928, 0.323223
0.0565122, 0.315155
0.0806093, 0.307869
0.10455, 0.301253
0.128162, 0.295128
0.151293, 0.289305
0.173882, 0.283619
0.196097, 0.278045
0.21833, 0.272768
0.240929, 0.268039
0.263991, 0.263991
0.287426, 0.260623
0.311096, 0.257872
0.334875, 0.255662
0.358674, 0.253919
0.382428, 0.252573
0.406102, 0.251562
0.429683, 0.250833
0.453178, 0.250343
0.476607, 0.250061
0.5, 0.249969
0.523393, 0.250061
0.546822, 0.250343
0.570317, 0.250833
0.593898, 0.251562
0.617572, 0.252573
0.641326, 0.253919
0.665125, 0.255662
0.688904, 0.257872
0.712574, 0.260623
0.736009, 0.263991
0.759071, 0.268039
0.78167, 0.272768
0.803903, 0.278045
0.826118, 0.283619
0.848707, 0.289305
0.871838, 0.295128
0.89545, 0.301253
0.919391, 0.307869
0.943488, 0.315155
0.967707, 0.323223
0.0259879, 0.340901
0.0506175, 0.33367
0.0751004, 0.327141
0.0993719, 0.321196
0.123208, 0.315645
0.146418, 0.310281
0.168987, 0.304961
0.191271, 0.299764
0.213824, 0.294982
0.236954, 0.290852
0.260623, 0.287426
0.284652, 0.284652
0.308867, 0.282447
0.333131, 0.28073
0.357346, 0.279421
0.381447, 0.278446
0.405403, 0.277738
0.429209, 0.277241
0.452885, 0.276913
0.476467, 0.276725
0.5, 0.276664
0.523533, 0.276725
0.547115, 0.276913
0.570791, 0.277241
0.594597, 0.277738
0.618553, 0.278446
0.642654, 0.279421
0.666869, 0.28073
0.691133, 0.282447
0.715348, 0.284652
0.739377, 0.287426
0.763046, 0.290852
0.786176, 0.294982
0.808729, 0.299764
0.831013, 0.304961
0.853582, 0.310281
0.876792, 0.315645
0.900628, 0.321196
0.9249, 0.327141
0.949382, 0.33367
0.974012, 0.340901
0.0204168, 0.358579
0.0454149, 0.352177
0.0702395, 0.346395
0.0947918, 0.341114
0.118791, 0.336133
0.142014, 0.331243
0.164544, 0.326343
0.186969, 0.321627
0.209933, 0.31743
0.233623, 0.313924
0.257872, 0.311096
0.282447, 0.308867
0.307154, 0.307154
0.331843, 0.305871
0.356409, 0.304935
0.380784, 0.304263
0.404944, 0.303782
0.428899, 0.303437
0.452691, 0.303195
0.476372, 0.303047
0.5, 0.302996
0.523628, 0.303047
0.547309, 0.303195
0.571101, 0.303437
0.595056, 0.303782
0.619216, 0.304263
0.643591, 0.304935
0.668157, 0.305871
0.692846, 0.307154
0.717553, 0.308867
0.742128, 0.311096
0.766377, 0.313924
0.790067, 0.31743
0.813031, 0.321627
0.835456, 0.326343
0.857986, 0.331243
0.881209, 0.336133
0.905208, 0.341114
0.929761, 0.346395
0.954585, 0.352177
0.979583, 0.358579
0.0155544, 0.376256
0.0408785, 0.370675
0.0660017, 0.365633
0.0907879, 0.36101
0.114897, 0.356606
0.138087, 0.352215
0.160593, 0.347801
0.183231, 0.343645
0.20665, 0.340066
0.23088, 0.33716
0.255662, 0.334875
0.28073, 0.333131
0.305871, 0.331843
0.330922, 0.330922
0.355764, 0.330274
0.380328, 0.329801
0.404601, 0.32942
0.428626, 0.329077
0.452482, 0.328769
0.476255, 0.328543
0.5, 0.328459
0.523745, 0.328543
0.547518, 0.328769
0.571374, 0.329077
0.595399, 0.32942
0.619672, 0.329801
0.644236, 0.330274
0.669078, 0.330922
0.694129, 0.331843
0.71927, 0.333131
0.744338, 0.334875
0.76912, 0.33716
0.79335, 0.340066
0.816769, 0.343645
0.839407, 0.347801
0.861913, 0.352215
0.885103, 0.356606
0.909212, 0.36101
0.933998, 0.365633
0.959122, 0.370675
0.984446, 0.376256
0.0113795, 0.393934
0.0369869, 0.389165
0.0623664, 0.384856
0.0873433, 0.38089
0.111518, 0.377071
0.13465, 0.373216
0.157164, 0.36935
0.180065, 0.365799
0.203935, 0.362829
0.22866, 0.360475
0.253919, 0.358674
0.279421, 0.357346
0.304935, 0.356409
0.330274, 0.355764
0.355298, 0.355298
0.379932, 0.354883
0.404185, 0.354405
0.428169, 0.353814
0.452058, 0.353181
0.475993, 0.352679
0.5, 0.352488
0.524007, 0.352679
0.547942, 0.353181
0.571831, 0.353814
0.595815, 0.354405
0.620068, 0.354883
0.644702, 0.355298
0.669726, 0.355764
0.695065, 0.356409
0.720579, 0.357346
0.746081, 0.358674
0.77134, 0.360475
0.796065, 0.362829
0.819935, 0.365799
0.842836, 0.36935
0.86535, 0.373216
0.888482, 0.377071
0.912657, 0.38089
0.937634, 0.384856
0.963013, 0.389165
0.988621, 0.393934
0.00787451, 0.411612
0.0337224, 0.407649
0.0593165, 0.404066
0.0844449, 0.400756
0.108652, 0.397539
0.13172, 0.394256
0.154272, 0.390988
0.177454, 0.388057
0.201739, 0.385664
0.226901, 0.38381
0.252573, 0.382428
0.278446, 0.381447
0.304263, 0.380784
0.329801, 0.380328
0.354883, 0.379932
0.37941, 0.37941
0.403442, 0.378601
0.427245, 0.37749
0.451184, 0.376314
0.475462, 0.375427
0.5, 0.375101
0.524538, 0.375427
0.548816, 0.376314
0.572755, 0.37749
0.596558, 0.378601
0.62059, 0.37941
0.645117, 0.379932
0.670199, 0.380328
0.695737, 0.380784
0.721554, 0.381447
0.747427, 0.382428
0.773099, 0.38381
0.798261, 0.385664
0.822546, 0.388057
0.845728, 0.390988
0.86828, 0.394256
0.891348, 0.397539
0.915555, 0.400756
0.940683, 0.404066
0.966278, 0.407649
0.992125, 0.411612
0.00502525, 0.429289
0.0310703, 0.426126
0.0568385, 0.423266
0.0820834, 0.420614
0.106301, 0.418013
0.129309, 0.41534
0.151922, 0.412702
0.17537, 0.410386
0.200016, 0.408533
0.225544, 0.407124
0.251562, 0.406102
0.277738, 0.405403
0.303782, 0.404944
0.32942, 0.404601
0.354405, 0.404185
0.378601, 0.403442
0.40219, 0.40219
0.42576, 0.400575
0.4499, 0.399048
0.474739, 0.398012
0.5, 0.397652
0.525261, 0.398012
0.5501, 0.399048
0.57424, 0.400575
0.59781, 0.40219
0.621399, 0.403442
0.645595, 0.404185
0.67058, 0.404601
0.696218, 0.404944
0.722262, 0.405403
0.748438, 0.406102
0.774456, 0.407124
0.799984, 0.408533
0.82463, 0.410386
0.848078, 0.412702
0.870691, 0.41534
0.893699, 0.418013
0.917917, 0.420614
0.943161, 0.423266
0.96893, 0.426126
0.994975, 0.429289
0.00282045, 0.446967
0.0290192, 0.444599
0.0549217, 0.442457
0.0802522, 0.440464
0.104467, 0.438497
0.127427, 0.436465
0.150109, 0.434477
0.173786, 0.432762
0.198722, 0.43141
0.224542, 0.430399
0.250833, 0.429683
0.277241, 0.429209
0.303437, 0.428899
0.329077, 0.428626
0.353814, 0.428169
0.37749, 0.427245
0.400575, 0.42576
0.424078, 0.424078
0.448619, 0.42269
0.474073, 0.421835
0.5, 0.421551
0.525927, 0.421835
0.551381, 0.42269
0.575922, 0.424078
0.599425, 0.42576
0.62251, 0.427245
0.646186, 0.428169
0.670923, 0.428626
0.696563, 0.428899
0.722759, 0.429209
0.749167, 0.429683
0.775458, 0.430399
0.801278, 0.43141
0.826214, 0.432762
0.849891, 0.434477
0.872573, 0.436465
0.895533, 0.438497
0.919748, 0.440464
0.945078, 0.442457
0.970981, 0.444599
0.99718, 0.446967
0.00125157, 0.464645
0.0275603, 0.463068
0.0535581, 0.461641
0.0789469, 0.460311
0.103155, 0.458991
0.12608, 0.457624
0.148822, 0.456296
0.172674, 0.455164
0.197823, 0.454282
0.223855, 0.45363
0.250343, 0.453178
0.276913, 0.452885
0.303195, 0.452691
0.328769, 0.452482
0.353181, 0.452058
0.376314, 0.451184
0.399048, 0.4499
0.42269, 0.448619
0.447663, 0.447663
0.473601, 0.447104
0.5, 0.446922
0.526399, 0.447104
0.552337, 0.447663
0.57731, 0.448619
0.600952, 0.4499
0.623686, 0.451184
0.646819, 0.452058
0.671231, 0.452482
0.696805, 0.452691
0.723087, 0.452885
0.749657, 0.453178
0.776145, 0.45363
0.802177, 0.454282
0.827326, 0.455164
0.851178, 0.456296
0.87392, 0.457624
0.896845, 0.458991
0.921053, 0.460311
0.946442, 0.461641
0.97244, 0.463068
0.998748, 0.464645
0.000312598, 0.482322
0.0266873, 0.481535
0.052742, 0.480822
0.0781647, 0.480156
0.102366, 0.479494
0.125271, 0.478806
0.148055, 0.478141
0.172015, 0.477579
0.197295, 0.477144
0.223455, 0.476825
0.250061, 0.476607
0.276725, 0.476467
0.303047, 0.476372
0.328543, 0.476255
0.352679, 0.475993
0.375427, 0.475462
0.398012, 0.474739
0.421835, 0.474073
0.447104, 0.473601
0.47333, 0.47333
0.5, 0.473242
0.52667, 0.47333
0.552896, 0.473601
0.578165, 0.474073
0.601988, 0.474739
0.624573, 0.475462
0.647321, 0.475993
0.671457, 0.476255
0.696953, 0.476372
0.723275, 0.476467
0.749939, 0.476607
0.776545, 0.476825
0.802705, 0.477144
0.827985, 0.477579
0.851945, 0.478141
0.874729, 0.478806
0.897634, 0.479494
0.921835, 0.480156
0.947258, 0.480822
0.973313, 0.481535
0.999687, 0.482322
0, 0.5
0.0263967, 0.5
0.0524704, 0.5
0.0779042, 0.5
0.102103, 0.5
0.125001, 0.5
0.147799, 0.5
0.171797, 0.5
0.19712, 0.5
0.223324, 0.5
0.249969, 0.5
0.276664, 0.5
0.302996, 0.5
0.328459, 0.5
0.352488, 0.5
0.375101, 0.5
0.397652, 0.5
0.421551, 0.5
0.446922, 0.5
0.473242, 0.5
0.5, 0.5
0.526758, 0.5
0.553078, 0.5
0.578449, 0.5
0.602348, 0.5
0.624899, 0.5
0.647512, 0.5
0.671541, 0.5
0.697004, 0.5
0.723336, 0.5
0.750031, 0.5
0.776676, 0.5
0.80288, 0.5
0.828203, 0.5
0.852201, 0.5
0.874999, 0.5
0.897897, 0.5
0.922096, 0.5
0.94753, 0.5
0.973603, 0.5
1, 0.5
0.000312598, 0.517678
0.0266873, 0.518465
0.052742, 0.519178
0.0781647, 0.519844
0.102366, 0.520506
0.125271, 0.521194
0.148055, 0.521859
0.172015, 0.522421
0.197295, 0.522856
0.223455, 0.523175
0.250061, 0.523393
0.276725, 0.523533
0.303047, 0.523628
0.328543, 0.523745
0.352679, 0.524007
0.375427, 0.524538
0.398012, 0.525261
0.421835, 0.525927
0.447104, 0.526399
0.47333, 0.52667
0.5, 0.526758
0.52667, 0.52667
0.552896, 0.526399
0.578165, 0.525927
0.601988, 0.525261
0.624573, 0.524538
0.647321, 0.524007
0.671457, 0.523745
0.696953, 0.523628
0.723275, 0.523533
0.749939, 0.523393
0.776545, 0.523175
0.802705, 0.522856
0.827985, 0.522421
0.851945, 0.521859
0.874729, 0.521194
0.897634, 0.520506
0.921835, 0.519844
0.947258, 0.519178
0.973313, 0.518465
0.999687, 0.517678
0.00125157, 0.535355
0.0275603, 0.536932
0.0535581, 0.538359
0.0789469, 0.539689
0.103155, 0.541009
0.12608, 0.542376
0.148822, 0.543704
0.172674, 0.544836
0.197823, 0.545718
0.223855, 0.54637
0.250343, 0.546822
0.276913, 0.547115
0.303195, 0.547309
0.328769, 0.547518
0.353181, 0.547942
0.376314, 0.548816
0.399048, 0.5501
0.42269, 0.551381
0.447663, 0.552337
0.473601, 0.552896
0.5, 0.553078
0.526399, 0.552896
0.552337, 0.552337
0.57731, 0.551381
0.600952, 0.5501
0.623686, 0.548816
0.646819, 0.547942
0.671231, 0.547518
0.696805, 0.547309
0.723087, 0.547115
0.749657, 0.546822
0.776145, 0.54637
0.802177, 0.545718
0.827326, 0.544836
0.851178, 0.543704
0.87392, 0.542376
0.896845, 0.541009
0.921053, 0.539689
0.946442, 0.538359
0.97244, 0.536932
0.998748, 0.535355
0.00282045, 0.553033
0.0290192, 0.555401
0.0549217, 0.557543
0.0802522, 0.559536
0.104467, 0.561503
0.127427, 0.563535
0.150109, 0.565523
0.173786, 0.567238
0.198722, 0.56859
0.224542, 0.569601
0.250833, 0.570317
0.277241, 0.570791
0.303437, 0.571101
0.329077, 0.571374
0.353814, 0.571831
0.37749, 0.572755
0.400575, 0.57424
0.424078, 0.575922
0.448619, 0.57731
0.474073, 0.578165
0.5, 0.578449
0.525927, 0.578165
0.551381, 0.57731
0.575922, 0.575922
0.599425, 0.57424
0.62251, 0.572755
0.646186, 0.571831
0.670923, 0.571374
0.696563, 0.571101
0.722759, 0.570791
0.749167, 0.570317
0.775458, 0.569601
0.801278, 0.56859
0.826214, 0.567238
0.849891, 0.565523
0.872573, 0.563535
0.895533, 0.561503
0.919748, 0.559536
0.945078, 0.557543
0.970981, 0.555401
0.99718, 0.553033
0.00502525, 0.570711
0.0310703, 0.573874
0.0568385, 0.576734
0.0820834, 0.579386
0.106301, 0.581987
0.129309, 0.58466
0.151922, 0.587298
0.17537, 0.589614
0.200016, 0.591467
0.225544, 0.592876
0.251562, 0.593898
0.277738, 0.594597
0.303782, 0.595056
0.32942, 0.595399
0.354405, 0.595815
0.378601, 0.596558
0.40219, 0.59781
0.42576, 0.599425
0.4499, 0.600952
0.474739, 0.601988
0.5, 0.602348
0.525261, 0.601988
0.5501, 0.600952
0.57424, 0.599425
0.59781, 0.59781
0.621399, 0.596558
0.645595, 0.595815
0.67058, 0.595399
0.696218, 0.595056
0.722262, 0.594597
0.748438, 0.593898
0.774456, 0.592876
0.799984, 0.591467
0.82463, 0.589614
0.848078, 0.587298
0.870691, 0.58466
0.893699, 0.581987
0.917917, 0.579386
0.943161, 0.576734
0.96893, 0.573874
0.994975, 0.570711
0.00787451, 0.588388
0.0337224, 0.592351
0.0593165, 0.595934
0.0844449, 0.599244
0.108652, 0.602461
0.13172, 0.605744
0.154272, 0.609012
0.177454, 0.611943
0.201739, 0.614336
0.226901, 0.61619
0.252573, 0.617572
0.278446, 0.618553
0.304263, 0.619216
0.329801, 0.619672
0.354883, 0.620068
0.37941, 0.62059
0.403442, 0.621399
0.427245, 0.62251
0.451184, 0.623686
0.475462, 0.624573
0.5, 0.624899
0.524538, 0.624573
0.548816, 0.623686
0.572755, 0.62251
0.596558, 0.621399
0.62059, 0.62059
0.645117, 0.620068
0.670199, 0.619672
0.695737, 0.619216
0.721554, 0.618553
0.747427, 0.617572
0.773099, 0.61619
0.798261, 0.614336
0.822546, 0.611943
0.845728, 0.609012
0.86828, 0.605744
0.891348, 0.602461
0.915555, 0.599244
0.940683, 0.595934
0.966278, 0.592351
0.992125, 0.588388
0.0113795, 0.606066
0.0369869, 0.610835
0.0623664, 0.615144
0.0873433, 0.61911
0.111518, 0.622929
0.13465, 0.626784
0.157164, 0.63065
0.180065, 0.634201
0.203935, 0.637171
0.22866, 0.639525
0.253919, 0.641326
0.279421, 0.642654
0.304935, 0.643591
0.330274, 0.644236
0.355298, 0.644702
0.379932, 0.645117
0.404185, 0.645595
0.428169, 0.646186
0.452058, 0.646819
0.475993, 0.647321
0.5, 0.647512
0.524007, 0.647321
0.547942, 0.646819
0.571831, 0.646186
0.595815, 0.645595
0.620068, 0.645117
0.644702, 0.644702
0.669726, 0.644236
0.695065, 0.643591
0.720579, 0.642654
0.746081, 0.641326
0.77134, 0.639525
0.796065, 0.637171
0.819935, 0.634201
0.842836, 0.63065
0.86535, 0.626784
0.888482, 0.622929
0.912657, 0.61911
0.937634, 0.615144
0.963013, 0.610835
0.988621, 0.606066
0.0155544, 0.623744
0.0408785, 0.629325
0.0660017, 0.634367
0.0907879, 0.63899
0.114897, 0.643394
0.138087, 0.647785
0.160593, 0.652199
0.183231, 0.656355
0.20665, 0.659934
0.23088, 0.66284
0.255662, 0.665125
0.28073, 0.666869
0.305871, 0.668157
0.330922, 0.669078
0.355764, 0.669726
0.380328, 0.670199
0.404601, 0.67058
0.428626, 0.670923
0.452482, 0.671231
0.476255, 0.671457
0.5, 0.671541
0.523745, 0.671457
0.547518, 0.671231
0.571374, 0.670923
0.595399, 0.67058
0.619672, 0.670199
0.644236, 0.669726
0.669078, 0.669078
0.694129, 0.668157
0.71927, 0.666869
0.744338, 0.665125
0.76912, 0.66284
0.79335, 0.659934
0.816769, 0.656355
0.839407, 0.652199
0.861913, 0.647785
0.885103, 0.643394
0.909212, 0.63899
0.933998, 0.634367
0.959122, 0.629325
0.984446, 0.623744
0.0204168, 0.641421
0.0454149, 0.647823
0.0702395, 0.653605
0.0947918, 0.658886
0.118791, 0.663867
0.142014, 0.668757
0.164544, 0.673657
0.186969, 0.678373
0.209933, 0.68257
0.233623, 0.686076
0.257872, 0.688904
0.282447, 0.691133
0.307154, 0.692846
0.331843, 0.694129
0.356409, 0.695065
0.380784, 0.695737
0.404944, 0.696218
0.428899, 0.696563
0.452691, 0.696805
0.476372, 0.696953
0.5, 0.697004
0.523628, 0.696953
0.547309, 0.696805
0.571101, 0.696563
0.595056, 0.696218
0.619216, 0.695737
0.643591, 0.695065
0.668157, 0.694129
0.692846, 0.692846
0.717553, 0.691133
0.742128, 0.688904
0.766377, 0.686076
0.790067, 0.68257
0.813031, 0.678373
0.835456, 0.673657
0.857986, 0.668757
0.881209, 0.663867
0.905208, 0.658886
0.929761, 0.653605
0.954585, 0.647823
0.979583, 0.641421
0.0259879, 0.659099
0.0506175, 0.66633
0.0751004, 0.672859
0.0993719, 0.678804
0.123208, 0.684355
0.146418, 0.689719
0.168987, 0.695039
0.191271, 0.700236
0.213824, 0.705018
0.236954, 0.709148
0.260623, 0.712574
0.284652, 0.715348
0.308867, 0.717553
0.333131, 0.71927
0.357346, 0.720579
0.381447, 0.721554
0.405403, 0.722262
0.429209, 0.722759
0.452885, 0.723087
0.476467, 0.723275
0.5, 0.723336
0.523533, 0.723275
0.547115, 0.723087
0.570791, 0.722759
0.594597, 0.722262
0.618553, 0.721554
0.642654, 0.720579
0.666869, 0.71927
0.691133, 0.717553
0.715348, 0.715348
0.739377, 0.712574
0.763046, 0.709148
0.786176, 0.705018
0.808729, 0.700236
0.831013, 0.695039
0.853582, 0.689719
0.876792, 0.684355
0.900628, 0.678804
0.9249, 0.672859
0.949382, 0.66633
0.974012, 0.659099
0.0322928, 0.676777
0.0565122, 0.684845
0.0806093, 0.692131
0.10455, 0.698747
0.128162, 0.704872
0.151293, 0.710695
0.173882, 0.716381
0.196097, 0.721955
0.21833, 0.727232
0.240929, 0.731961
0.263991, 0.736009
0.287426, 0.739377
0.311096, 0.742128
0.334875, 0.744338
0.358674, 0.746081
0.382428, 0.747427
0.406102, 0.748438
0.429683, 0.749167
0.453178, 0.749657
0.476607, 0.749939
0.5, 0.750031
0.523393, 0.749939
0.546822, 0.749657
0.570317, 0.749167
0.593898, 0.748438
0.617572, 0.747427
0.641326, 0.746081
0.665125, 0.744338
0.688904, 0.742128
0.712574, 0.739377
0.736009, 0.736009
0.759071, 0.731961
0.78167, 0.727232
0.803903, 0.721955
0.826118, 0.716381
0.848707, 0.710695
0.871838, 0.704872
0.89545, 0.698747
0.919391, 0.692131
0.943488, 0.684845
0.967707, 0.676777
0.0393619, 0.694454
0.063129, 0.70337
0.086796, 0.711422
0.110355, 0.718719
0.133674, 0.725425
0.156644, 0.73171
0.179194, 0.737734
0.201374, 0.74359
0.223401, 0.749219
0.245562, 0.754438
0.268039, 0.759071
0.290852, 0.763046
0.313924, 0.766377
0.33716, 0.76912
0.360475, 0.77134
0.38381, 0.773099
0.407124, 0.774456
0.430399, 0.775458
0.45363, 0.776145
0.476825, 0.776545
0.5, 0.776676
0.523175, 0.776545
0.54637, 0.776145
0.569601, 0.775458
0.592876, 0.774456
0.61619, 0.773099
0.639525, 0.77134
0.66284, 0.76912
0.686076, 0.766377
0.709148, 0.763046
0.731961, 0.759071
0.754438, 0.754438
0.776599, 0.749219
0.798626, 0.74359
0.820806, 0.737734
0.843356, 0.73171
0.866326, 0.725425
0.889645, 0.718719
0.913204, 0.711422
0.936871, 0.70337
0.960638, 0.694454
0.0472307, 0.712132
0.070504, 0.721904
0.0936961, 0.730733
0.116819, 0.738722
0.139778, 0.746024
0.162493, 0.752786
0.184909, 0.759152
0.207023, 0.765237
0.228924, 0.771076
0.250781, 0.776599
0.272768, 0.78167
0.294982, 0.786176
0.31743, 0.790067
0.340066, 0.79335
0.362829, 0.796065
0.385664, 0.798261
0.408533, 0.799984
0.43141, 0.801278
0.454282, 0.802177
0.477144, 0.802705
0.5, 0.80288
0.522856, 0.802705
0.545718, 0.802177
0.56859, 0.801278
0.591467, 0.799984
0.614336, 0.798261
0.637171, 0.796065
0.659934, 0.79335
0.68257, 0.790067
0.705018, 0.786176
0.727232, 0.78167
0.749219, 0.776599
0.771076, 0.771076
0.792977, 0.765237
0.815091, 0.759152
0.837507, 0.752786
0.860222, 0.746024
0.883181, 0.738722
0.906304, 0.730733
0.929496, 0.721904
0.952769, 0.712132
0.055942, 0.72981
0.0786794, 0.740446
0.101352, 0.750063
0.123986, 0.758758
0.146512, 0.766674
0.168879, 0.773941
0.191046, 0.78068
0.212999, 0.787001
0.234763, 0.792977
0.25641, 0.798626
0.278045, 0.803903
0.299764, 0.808729
0.321627, 0.813031
0.343645, 0.816769
0.365799, 0.819935
0.388057, 0.822546
0.410386, 0.82463
0.432762, 0.826214
0.455164, 0.827326
0.477579, 0.827985
0.5, 0.828203
0.522421, 0.827985
0.544836, 0.827326
0.567238, 0.826214
0.589614, 0.82463
0.611943, 0.822546
0.634201, 0.819935
0.656355, 0.816769
0.678373, 0.813031
0.700236, 0.808729
0.721955, 0.803903
0.74359, 0.798626
0.765237, 0.792977
0.787001, 0.787001
0.808954, 0.78068
0.831121, 0.773941
0.853488, 0.766674
0.876014, 0.758758
0.898648, 0.750063
0.921321, 0.740446
0.944058, 0.72981
0.0655463, 0.747487
0.0877056, 0.758996
0.109812, 0.76941
0.131904, 0.778825
0.15393, 0.787377
0.175856, 0.795182
0.197657, 0.802343
0.21932, 0.808954
0.240848, 0.815091
0.262266, 0.820806
0.283619, 0.826118
0.304961, 0.831013
0.326343, 0.835456
0.347801, 0.839407
0.36935, 0.842836
0.390988, 0.845728
0.412702, 0.848078
0.434477, 0.849891
0.456296, 0.851178
0.478141, 0.851945
0.5, 0.852201
0.521859, 0.851945
0.543704, 0.851178
0.565523, 0.849891
0.587298, 0.848078
0.609012, 0.845728
0.63065, 0.842836
0.652199, 0.839407
0.673657, 0.835456
0.695039, 0.831013
0.716381, 0.826118
0.737734, 0.820806
0.759152, 0.815091
0.78068, 0.808954
0.802343, 0.802343
0.824144, 0.795182
0.84607, 0.787377
0.868096, 0.778825
0.890188, 0.76941
0.912294, 0.758996
0.934454, 0.747487
0.0761044, 0.765165
0.0976423, 0.777553
0.119138, 0.788773
0.140632, 0.798922
0.162092, 0.808131
0.183493, 0.816507
0.204818, 0.824144
0.226059, 0.831121
0.247214, 0.837507
0.26829, 0.843356
0.289305, 0.848707
0.310281, 0.853582
0.331243, 0.857986
0.352215, 0.861913
0.373216, 0.86535
0.394256, 0.86828
0.41534, 0.870691
0.436465, 0.872573
0.457624, 0.87392
0.478806, 0.874729
0.5, 0.874999
0.521194, 0.874729
0.542376, 0.87392
0.563535, 0.872573
0.58466, 0.870691
0.605744, 0.86828
0.626784, 0.86535
0.647785, 0.861913
0.668757, 0.857986
0.689719, 0.853582
0.710695, 0.848707
0.73171, 0.843356
0.752786, 0.837507
0.773941, 0.831121
0.795182, 0.824144
0.816507, 0.816507
0.837908, 0.808131
0.859368, 0.798922
0.880862, 0.788773
0.902358, 0.777553
0.923896, 0.765165
0.0876894, 0.782843
0.108561, 0.796116
0.129399, 0.808148
0.150243, 0.819042
0.171072, 0.828928
0.191869, 0.837908
0.212623, 0.84607
0.233326, 0.853488
0.253976, 0.860222
0.274575, 0.866326
0.295128, 0.871838
0.315645, 0.876792
0.336133, 0.881209
0.356606, 0.885103
0.377071, 0.888482
0.397539, 0.891348
0.418013, 0.893699
0.438497, 0.895533
0.458991, 0.896845
0.479494, 0.897634
0.5, 0.897897
0.520506, 0.897634
0.541009, 0.896845
0.561503, 0.895533
0.581987, 0.893699
0.602461, 0.891348
0.622929, 0.888482
0.643394, 0.885103
0.663867, 0.881209
0.684355, 0.876792
0.704872, 0.871838
0.725425, 0.866326
0.746024, 0.860222
0.766674, 0.853488
0.787377, 0.84607
0.808131, 0.837908
0.828928, 0.828928
0.849757, 0.819042
0.870601, 0.808148
0.891439, 0.796116
0.912311, 0.782843
0.100391, 0.80052
0.12055, 0.814681
0.140681, 0.827529
0.160822, 0.839178
0.180958, 0.849757
0.201078, 0.859368
0.221175, 0.868096
0.241242, 0.876014
0.261278, 0.883181
0.281281, 0.889645
0.301253, 0.89545
0.321196, 0.900628
0.341114, 0.905208
0.36101, 0.909212
0.38089, 0.912657
0.400756, 0.915555
0.420614, 0.917917
0.440464, 0.919748
0.460311, 0.921053
0.480156, 0.921835
0.5, 0.922096
0.519844, 0.921835
0.539689, 0.921053
0.559536, 0.919748
0.579386, 0.917917
0.599244, 0.915555
0.61911, 0.912657
0.63899, 0.909212
0.658886, 0.905208
0.678804, 0.900628
0.698747, 0.89545
0.718719, 0.889645
0.738722, 0.883181
0.758758, 0.876014
0.778825, 0.868096
0.798922, 0.859368
0.819042, 0.849757
0.839178, 0.839178
0.859319, 0.827529
0.87945, 0.814681
0.899609, 0.80052
0.114319, 0.818198
0.133715, 0.833247
0.153089, 0.846911
0.172471, 0.859319
0.191852, 0.870601
0.211227, 0.880862
0.23059, 0.890188
0.249937, 0.898648
0.269267, 0.906304
0.288578, 0.913204
0.307869, 0.919391
0.327141, 0.9249
0.346395, 0.929761
0.365633, 0.933998
0.384856, 0.937634
0.404066, 0.940683
0.423266, 0.943161
0.442457, 0.945078
0.461641, 0.946442
0.480822, 0.947258
0.5, 0.94753
0.519178, 0.947258
0.538359, 0.946442
0.557543, 0.945078
0.576734, 0.943161
0.595934, 0.940683
0.615144, 0.937634
0.634367, 0.933998
0.653605, 0.929761
0.672859, 0.9249
0.692131, 0.919391
0.711422, 0.913204
0.730733, 0.906304
0.750063, 0.898648
0.76941, 0.890188
0.788773, 0.880862
0.808148, 0.870601
0.827529, 0.859319
0.846911, 0.846911
0.866285, 0.833247
0.885681, 0.818198
0.129612, 0.835876
0.148191, 0.851809
0.166753, 0.866285
0.185319, 0.87945
0.203884, 0.891439
0.222447, 0.902358
0.241004, 0.912294
0.259554, 0.921321
0.278096, 0.929496
0.29663, 0.936871
0.315155, 0.943488
0.33367, 0.949382
0.352177, 0.954585
0.370675, 0.959122
0.389165, 0.963013
0.407649, 0.966278
0.426126, 0.96893
0.444599, 0.970981
0.463068, 0.97244
0.481535, 0.973313
0.5, 0.973603
0.518465, 0.973313
0.536932, 0.97244
0.555401, 0.970981
0.573874, 0.96893
0.592351, 0.966278
0.610835, 0.963013
0.629325, 0.959122
0.647823, 0.954585
0.66633, 0.949382
0.684845, 0.943488
0.70337, 0.936871
0.721904, 0.929496
0.740446, 0.921321
0.758996, 0.912294
0.777553, 0.902358
0.796116, 0.891439
0.814681, 0.87945
0.833247, 0.866285
0.851809, 0.851809
0.870388, 0.835876
0.146447, 0.853553
0.164124, 0.870388
0.181802, 0.885681
0.19948, 0.899609
0.217157, 0.912311
0.234835, 0.923896
0.252513, 0.934454
0.27019, 0.944058
0.287868, 0.952769
0.305546, 0.960638
0.323223, 0.967707
0.340901, 0.974012
0.358579, 0.979583
0.376256, 0.984446
0.393934, 0.988621
0.411612, 0.992125
0.429289, 0.994975
0.446967, 0.99718
0.464645, 0.998748
0.482322, 0.999687
0.5, 1
0.517678, 0.999687
0.535355, 0.998748
0.553033, 0.99718
0.570711, 0.994975
0.588388, 0.992125
0.606066, 0.988621
0.623744, 0.984446
0.641421, 0.979583
0.659099, 0.974012
0.676777, 0.967707
0.694454, 0.960638
0.712132, 0.952769
0.72981, 0.944058
0.747487, 0.934454
0.765165, 0.923896
0.782843, 0.912311
0.80052, 0.899609
0.818198, 0.885681
0.835876, 0.870388
0.853553, 0.853553
0.146905, 0.146905
0.165035, 0.131294
0.183168, 0.117103
0.2013, 0.104177
0.21943, 0.0923952
0.237558, 0.0816592
0.255682, 0.0718891
0.273802, 0.0630186
0.291918, 0.0549927
0.310029, 0.0477651
0.328136, 0.0412969
0.346239, 0.0355555
0.364338, 0.0305132
0.382434, 0.026147
0.400527, 0.0224375
0.418616, 0.019369
0.436704, 0.0169289
0.45479, 0.0151072
0.472874, 0.0138966
0.490958, 0.0132925
0.509042, 0.0132925
0.527126, 0.0138966
0.54521, 0.0151072
0.563296, 0.0169289
0.581384, 0.019369
0.599473, 0.0224375
0.617566, 0.026147
0.635662, 0.0305132
0.653761, 0.0355555
0.671864, 0.0412969
0.689971, 0.0477651
0.708082, 0.0549927
0.726198, 0.0630186
0.744318, 0.0718891
0.762442, 0.0816592
0.78057, 0.0923952
0.7987, 0.104177
0.816832, 0.117103
0.834965, 0.131294
0.853095, 0.146905
0.131294, 0.165035
0.150264, 0.150264
0.169242, 0.136852
0.188223, 0.124653
0.207201, 0.11355
0.226174, 0.103447
0.245136, 0.0942655
0.264087, 0.0859405
0.283025, 0.0784175
0.301949, 0.0716503
0.320859, 0.0656002
0.339756, 0.0602346
0.35864, 0.0555259
0.377512, 0.051451
0.396374, 0.0479908
0.415228, 0.0451298
0.434074, 0.0428552
0.452914, 0.0411575
0.47175, 0.0400296
0.490584, 0.0394667
0.509416, 0.0394667
0.52825, 0.0400296
0.547086, 0.0411575
0.565926, 0.0428552
0.584772, 0.0451298
0.603626, 0.0479908
0.622488, 0.051451
0.64136, 0.0555259
0.660244, 0.0602346
0.679141, 0.0656002
0.698051, 0.0716503
0.716975, 0.0784175
0.735913, 0.0859405
0.754864, 0.0942655
0.773826, 0.103447
0.792799, 0.11355
0.811777, 0.124653
0.830758, 0.136852
0.849736, 0.150264
0.868706, 0.165035
0.117103, 0.183168
0.136852, 0.169242
0.156615, 0.156615
0.176381, 0.145147
0.196141, 0.134723
0.215887, 0.125248
0.235613, 0.116645
0.255315, 0.108849
0.274993, 0.101805
0.294646, 0.0954685
0.314274, 0.0898007
0.33388, 0.0847704
0.353466, 0.0803514
0.373035, 0.0765226
0.392589, 0.0732673
0.412132, 0.070572
0.431667, 0.0684267
0.451195, 0.0668238
0.470718, 0.065758
0.49024, 0.0652259
0.50976, 0.0652259
0.529282, 0.065758
0.548805, 0.0668238
0.568333, 0.0684267
0.587868, 0.070572
0.607411, 0.0732673
0.626965, 0.0765226
0.646534, 0.0803514
0.66612, 0.0847704
0.685726, 0.0898007
0.705354, 0.0954685
0.725007, 0.101805
0.744685, 0.108849
0.764387, 0.116645
0.784113, 0.125248
0.803859, 0.134723
0.823619, 0.145147
0.843385, 0.156615
0.863148, 0.169242
0.882897, 0.183168
0.104177, 0.2013
0.124653, 0.188223
0.145147, 0.176381
0.16564, 0.16564
0.186116, 0.155884
0.206563, 0.147019
0.226975, 0.138966
0.247346, 0.13166
0.267676, 0.125046
0.287966, 0.119077
0.308221, 0.113718
0.328447, 0.10894
0.348651, 0.104721
0.36884, 0.101047
0.389019, 0.0979058
0.409195, 0.0952928
0.42937, 0.093204
0.449547, 0.0916379
0.469727, 0.0905939
0.489909, 0.0900719
0.510091, 0.0900719
0.530273, 0.0905939
0.550453, 0.0916379
0.57063, 0.093204
0.590805, 0.0952928
0.610981, 0.0979058
0.63116, 0.101047
0.651349, 0.104721
0.671553, 0.10894
0.691779, 0.113718
0.712034, 0.119077
0.732324, 0.125046
0.752654, 0.13166
0.773025, 0.138966
0.793437, 0.147019
0.813884, 0.155884
0.83436, 0.16564
0.854853, 0.176381
0.875347, 0.188223
0.895823, 0.2013
0.0923952, 0.21943
0.11355, 0.207201
0.134723, 0.196141
0.155884, 0.186116
0.177009, 0.177009
0.198083, 0.168725
0.219095, 0.16118
0.240039, 0.154304
0.260917, 0.14804
0.281738, 0.142341
0.302514, 0.137175
0.32326, 0.132521
0.343995, 0.12837
0.364733, 0.12472
0.385486, 0.121576
0.40626, 0.118944
0.427059, 0.116829
0.447881, 0.115239
0.468721, 0.114176
0.489572, 0.113645
0.510428, 0.113645
0.531279, 0.114176
0.552119, 0.115239
0.572941, 0.116829
0.59374, 0.118944
0.614514, 0.121576
0.635267, 0.12472
0.656005, 0.12837
0.67674, 0.132521
0.697486, 0.137175
0.718262, 0.142341
0.739083, 0.14804
0.759961, 0.154304
0.780905, 0.16118
0.801917, 0.168725
0.822991, 0.177009
0.844116, 0.186116
0.865277, 0.196141
0.88645, 0.207201
0.907605, 0.21943
0.0816592, 0.237558
0.103447, 0.226174
0.125248, 0.215887
0.147019, 0.206563
0.168725, 0.198083
0.190343, 0.190343
0.211856, 0.18325
0.23326, 0.176726
0.254564, 0.17071
0.275792, 0.165162
0.296975, 0.160063
0.318152, 0.155418
0.339356, 0.151244
0.360609, 0.147562
0.381923, 0.14439
0.403299, 0.141743
0.424729, 0.139627
0.446203, 0.138042
0.467709, 0.136987
0.489234, 0.136461
0.510766, 0.136461
0.532291, 0.136987
0.553797, 0.138042
0.575271, 0.139627
0.596701, 0.141743
0.618077, 0.14439
0.639391, 0.147562
0.660644, 0.151244
0.681848, 0.155418
0.703025, 0.160063
0.724208, 0.165162
0.745436, 0.17071
0.76674, 0.176726
0.788144, 0.18325
0.809657, 0.190343
0.831275, 0.198083
0.852981, 0.206563
0.874752, 0.215887
0.896553, 0.226174
0.918341, 0.237558
0.0718891, 0.255682
0.0942655, 0.245136
0.116645, 0.235613
0.138966, 0.226975
0.16118, 0.219095
0.18325, 0.211856
0.205152, 0.205152
0.226889, 0.198898
0.24849, 0.193037
0.270016, 0.187558
0.291541, 0.182488
0.313128, 0.177877
0.334817, 0.17377
0.356618, 0.170199
0.378523, 0.167174
0.400513, 0.16469
0.422566, 0.162732
0.444663, 0.161283
0.466788, 0.160327
0.488928, 0.159852
0.511072, 0.159852
0.533212, 0.160327
0.555337, 0.161283
0.577434, 0.162732
0.599487, 0.16469
0.621477, 0.167174
0.643382, 0.170199
0.665183, 0.17377
0.686872, 0.177877
0.708459, 0.182488
0.729984, 0.187558
0.75151, 0.193037
0.773111, 0.198898
0.794848, 0.205152
0.81675, 0.211856
0.83882, 0.219095
0.861034, 0.226975
0.883355, 0.235613
0.905735, 0.245136
0.928111, 0.255682
0.0630186, 0.273802
0.0859405, 0.264087
0.108849, 0.255315
0.13166, 0.247346
0.154304, 0.240039
0.176726, 0.23326
0.198898, 0.226889
0.220843, 0.220843
0.242648, 0.215106
0.264443, 0.209734
0.286344, 0.204821
0.308415, 0.200446
0.330663, 0.196647
0.353061, 0.193426
0.375568, 0.190758
0.398144, 0.188607
0.42076, 0.186937
0.443395, 0.185716
0.466036, 0.184917
0.488679, 0.184522
0.511321, 0.184522
0.533964, 0.184917
0.556605, 0.185716
0.57924, 0.186937
0.601856, 0.188607
0.624432, 0.190758
0.646939, 0.193426
0.669337, 0.196647
0.691585, 0.200446
0.713656, 0.204821
0.735557, 0.209734
0.757352, 0.215106
0.779157, 0.220843
0.801102, 0.226889
0.823274, 0.23326
0.845696, 0.240039
0.86834, 0.247346
0.891151, 0.255315
0.914059, 0.264087
0.936981, 0.273802
0.0549927, 0.291918
0.0784175, 0.283025
0.101805, 0.274993
0.125046, 0.267676
0.14804, 0.260917
0.17071, 0.254564
0.193037, 0.24849
0.215106, 0.242648
0.237106, 0.237106
0.259241, 0.232005
0.281626, 0.227468
0.304272, 0.22355
0.327125, 0.220245
0.350116, 0.217508
0.37318, 0.215288
0.39627, 0.21353
0.419356, 0.212186
0.442422, 0.211215
0.465465, 0.210585
0.488491, 0.210276
0.511509, 0.210276
0.534535, 0.210585
0.557578, 0.211215
0.580644, 0.212186
0.60373, 0.21353
0.62682, 0.215288
0.649884, 0.217508
0.672875, 0.220245
0.695728, 0.22355
0.718374, 0.227468
0.740759, 0.232005
0.762894, 0.237106
0.784894, 0.242648
0.806963, 0.24849
0.82929, 0.254564
0.85196, 0.260917
0.874954, 0.267676
0.898195, 0.274993
0.921583, 0.283025
0.945007, 0.291918
0.0477651, 0.310029
0.0716503, 0.301949
0.0954685, 0.294646
0.119077, 0.287966
0.142341, 0.281738
0.165162, 0.275792
0.187558, 0.270016
0.209734, 0.264443
0.232005, 0.259241
0.254595, 0.254595
0.277554, 0.250599
0.300807, 0.247249
0.324249, 0.244494
0.347782, 0.242266
0.371333, 0.240497
0.394853, 0.239127
0.418316, 0.2381
0.441714, 0.237371
0.465054, 0.236905
0.488356, 0.236678
0.511644, 0.236678
0.534946, 0.236905
0.558286, 0.237371
0.581684, 0.2381
0.605147, 0.239127
0.628667, 0.240497
0.652218, 0.242266
0.675751, 0.244494
0.699193, 0.247249
0.722446, 0.250599
0.745405, 0.254595
0.767995, 0.259241
0.790266, 0.264443
0.812442, 0.270016
0.834838, 0.275792
0.857659, 0.281738
0.880923, 0.287966
0.904532, 0.294646
0.92835, 0.301949
0.952235, 0.310029
0.0412969, 0.328136
0.0656002, 0.320859
0.0898007, 0.314274
0.113718, 0.308221
0.137175, 0.302514
0.160063, 0.296975
0.182488, 0.291541
0.204821, 0.286344
0.227468, 0.281626
0.250599, 0.277554
0.274157, 0.274157
0.297997, 0.271385
0.321979, 0.269164
0.345992, 0.267417
0.369958, 0.266071
0.39383, 0.265057
0.417586, 0.264318
0.441229, 0.263804
0.464778, 0.26348
0.488266, 0.263324
0.511734, 0.263324
0.535222, 0.26348
0.558771, 0.263804
0.582414, 0.264318
0.60617, 0.265057
0.630042, 0.266071
0.654008, 0.267417
0.678021, 0.269164
0.702003, 0.271385
0.725843, 0.274157
0.749401, 0.277554
0.772532, 0.281626
0.795179, 0.286344
0.817512, 0.291541
0.839937, 0.296975
0.862825, 0.302514
0.886282, 0.308221
0.910199, 0.314274
0.9344, 0.320859
0.958703, 0.328136
0.0355555, 0.346239
0.0602346, 0.339756
0.0847704, 0.33388
0.10894, 0.328447
0.132521, 0.32326
0.155418, 0.318152
0.177877, 0.313128
0.200446, 0.308415
0.22355, 0.304272
0.247249, 0.300807
0.271385, 0.297997
0.295766, 0.295766
0.320233, 0.294034
0.344664, 0.292719
0.368977, 0.291742
0.393126, 0.291029
0.417098, 0.290518
0.440909, 0.290162
0.464596, 0.289934
0.488207, 0.289822
0.511793, 0.289822
0.535404, 0.289934
0.559091, 0.290162
0.582902, 0.290518
0.606874, 0.291029
0.631023, 0.291742
0.655336, 0.292719
0.679767, 0.294034
0.704234, 0.295766
0.728615, 0.297997
0.752751, 0.300807
0.77645, 0.304272
0.799554, 0.308415
0.822123, 0.313128
0.844582, 0.318152
0.867479, 0.32326
0.89106, 0.328447
0.91523, 0.33388
0.939765, 0.339756
0.964445, 0.346239
0.0305132, 0.364338
0.0555259, 0.35864
0.0803514, 0.353466
0.104721, 0.348651
0.12837, 0.343995
0.151244, 0.339356
0.17377, 0.334817
0.196647, 0.330663
0.220245, 0.327125
0.244494, 0.324249
0.269164, 0.321979
0.294034, 0.320233
0.318927, 0.318927
0.343712, 0.317976
0.368298, 0.317289
0.392642, 0.316784
0.416749, 0.316395
0.440661, 0.316085
0.464442, 0.315856
0.488154, 0.31573
0.511846, 0.31573
0.535558, 0.315856
0.559339, 0.316085
0.583251, 0.316395
0.607358, 0.316784
0.631702, 0.317289
0.656288, 0.317976
0.681073, 0.318927
0.705966, 0.320233
0.730836, 0.321979
0.755506, 0.324249
0.779755, 0.327125
0.803353, 0.330663
0.82623, 0.334817
0.848756, 0.339356
0.87163, 0.343995
0.895279, 0.348651
0.919649, 0.353466
0.944474, 0.35864
0.969487, 0.364338
0.026147, 0.382434
0.051451, 0.377512
0.0765226, 0.373035
0.101047, 0.36884
0.12472, 0.364733
0.147562, 0.360609
0.170199, 0.356618
0.193426, 0.353061
0.217508, 0.350116
0.242266, 0.347782
0.267417, 0.345992
0.292719, 0.344664
0.317976, 0.343712
0.343037, 0.343037
0.367804, 0.342534
0.392238, 0.342096
0.416377, 0.34165
0.440321, 0.341188
0.46419, 0.340778
0.48806, 0.340533
0.51194, 0.340533
0.53581, 0.340778
0.559679, 0.341188
0.583623, 0.34165
0.607762, 0.342096
0.632196, 0.342534
0.656963, 0.343037
0.682024, 0.343712
0.707281, 0.344664
0.732583, 0.345992
0.757734, 0.347782
0.782492, 0.350116
0.806574, 0.353061
0.829801, 0.356618
0.852438, 0.360609
0.87528, 0.364733
0.898953, 0.36884
0.923477, 0.373035
0.948549, 0.377512
0.973853, 0.382434
0.0224375, 0.400527
0.0479908, 0.396374
0.0732673, 0.392589
0.0979058, 0.389019
0.121576, 0.385486
0.14439, 0.381923
0.167174, 0.378523
0.190758, 0.375568
0.215288, 0.37318
0.240497, 0.371333
0.266071, 0.369958
0.291742, 0.368977
0.317289, 0.368298
0.342534, 0.367804
0.367353, 0.367353
0.39172, 0.3668
0.415742, 0.366057
0.439648, 0.365181
0.463663, 0.364381
0.48786, 0.363902
0.51214, 0.363902
0.536337, 0.364381
0.560352, 0.365181
0.584258, 0.366057
0.60828, 0.3668
0.632647, 0.367353
0.657466, 0.367804
0.682711, 0.368298
0.708258, 0.368977
0.733929, 0.369958
0.759503, 0.371333
0.784712, 0.37318
0.809242, 0.375568
0.832826, 0.378523
0.85561, 0.381923
0.878424, 0.385486
0.902094, 0.389019
0.926733, 0.392589
0.952009, 0.396374
0.977563, 0.400527
0.019369, 0.418616
0.0451298, 0.415228
0.070572, 0.412132
0.0952928, 0.409195
0.118944, 0.40626
0.141743, 0.403299
0.16469, 0.400513
0.188607, 0.398144
0.21353, 0.39627
0.239127, 0.394853
0.265057, 0.39383
0.291029, 0.393126
0.316784, 0.392642
0.342096, 0.392238
0.3668, 0.39172
0.390887, 0.390887
0.414628, 0.389678
0.438488, 0.388298
0.462798, 0.387118
0.487542, 0.386452
0.512458, 0.386452
0.537202, 0.387118
0.561512, 0.388298
0.585372, 0.389678
0.609113, 0.390887
0.6332, 0.39172
0.657904, 0.392238
0.683216, 0.392642
0.708971, 0.393126
0.734943, 0.39383
0.760873, 0.394853
0.78647, 0.39627
0.811393, 0.398144
0.83531, 0.400513
0.858257, 0.403299
0.881056, 0.40626
0.904707, 0.409195
0.929428, 0.412132
0.95487, 0.415228
0.980631, 0.418616
0.0169289, 0.436704
0.0428552, 0.434074
0.0684267, 0.431667
0.093204, 0.42937
0.116829, 0.427059
0.139627, 0.424729
0.162732, 0.422566
0.186937, 0.42076
0.212186, 0.419356
0.2381, 0.418316
0.264318, 0.417586
0.290518, 0.417098
0.316395, 0.416749
0.34165, 0.416377
0.366057, 0.415742
0.389678, 0.414628
0.413091, 0.413091
0.437033, 0.411511
0.461799, 0.410297
0.487192, 0.409661
0.512808, 0.409661
0.538201, 0.410297
0.562967, 0.411511
0.586909, 0.413091
0.610322, 0.414628
0.633943, 0.415742
0.65835, 0.416377
0.683605, 0.416749
0.709482, 0.417098
0.735682, 0.417586
0.7619, 0.418316
0.787814, 0.419356
0.813063, 0.42076
0.837268, 0.422566
0.860373, 0.424729
0.883171, 0.427059
0.906796, 0.42937
0.931573, 0.431667
0.957145, 0.434074
0.983071, 0.436704
0.0151072, 0.45479
0.0411575, 0.452914
0.0668238, 0.451195
0.0916379, 0.449547
0.115239, 0.447881
0.138042, 0.446203
0.161283, 0.444663
0.185716, 0.443395
0.211215, 0.442422
0.237371, 0.441714
0.263804, 0.441229
0.290162, 0.440909
0.316085, 0.440661
0.341188, 0.440321
0.365181, 0.439648
0.388298, 0.438488
0.411511, 0.437033
0.435698, 0.435698
0.460958, 0.434765
0.48691, 0.434301
0.51309, 0.434301
0.539042, 0.434765
0.564302, 0.435698
0.588489, 0.437033
0.611702, 0.438488
0.634819, 0.439648
0.658812, 0.440321
0.683915, 0.440661
0.709838, 0.440909
0.736196, 0.441229
0.762629, 0.441714
0.788785, 0.442422
0.814284, 0.443395
0.838717, 0.444663
0.861958, 0.446203
0.884761, 0.447881
0.908362, 0.449547
0.933176, 0.451195
0.958842, 0.452914
0.984893, 0.45479
0.0138966, 0.472874
0.0400296, 0.47175
0.065758, 0.470718
0.0905939, 0.469727
0.114176, 0.468721
0.136987, 0.467709
0.160327, 0.466788
0.184917, 0.466036
0.210585, 0.465465
0.236905, 0.465054
0.26348, 0.464778
0.289934, 0.464596
0.315856, 0.464442
0.340778, 0.46419
0.364381, 0.463663
0.387118, 0.462798
0.410297, 0.461799
0.434765, 0.460958
0.460402, 0.460402
0.486727, 0.460131
0.513273, 0.460131
0.539598, 0.460402
0.565235, 0.460958
0.589703, 0.461799
0.612882, 0.462798
0.635619, 0.463663
0.659222, 0.46419
0.684144, 0.464442
0.710066, 0.464596
0.73652, 0.464778
0.763095, 0.465054
0.789415, 0.465465
0.815083, 0.466036
0.839673, 0.466788
0.863013, 0.467709
0.885824, 0.468721
0.909406, 0.469727
0.934242, 0.470718
0.95997, 0.47175
0.986103, 0.472874
0.0132925, 0.490958
0.0394667, 0.490584
0.0652259, 0.49024
0.0900719, 0.489909
0.113645, 0.489572
0.136461, 0.489234
0.159852, 0.488928
0.184522, 0.488679
0.210276, 0.488491
0.236678, 0.488356
0.263324, 0.488266
0.289822, 0.488207
0.31573, 0.488154
0.340533, 0.48806
0.363902, 0.48786
0.386452, 0.487542
0.409661, 0.487192
0.434301, 0.48691
0.460131, 0.486727
0.486639, 0.486639
0.513361, 0.486639
0.539869, 0.486727
0.565699, 0.48691
0.590339, 0.487192
0.613548, 0.487542
0.636098, 0.48786
0.659467, 0.48806
0.68427, 0.488154
0.710178, 0.488207
0.736676, 0.488266
0.763322, 0.488356
0.789724, 0.488491
0.815478, 0.488679
0.840148, 0.488928
0.863539, 0.489234
0.886355, 0.489572
0.909928, 0.489909
0.934774, 0.49024
0.960533, 0.490584
0.986707, 0.490958
0.0132925, 0.509042
0.0394667, 0.509416
0.0652259, 0.50976
0.0900719, 0.510091
0.113645, 0.510428
0.136461, 0.510766
0.159852, 0.511072
0.184522, 0.511321
0.210276, 0.511509
0.236678, 0.511644
0.263324, 0.511734
0.289822, 0.511793
0.31573, 0.511846
0.340533, 0.51194
0.363902, 0.51214
0.386452, 0.512458
0.409661, 0.512808
0.434301, 0.51309
0.460131, 0.513273
0.486639, 0.513361
0.513361, 0.513361
0.539869, 0.513273
0.565699, 0.51309
0.590339, 0.512808
0.613548, 0.512458
0.636098, 0.51214
0.659467, 0.51194
0.68427, 0.511846
0.710178, 0.511793
0.736676, 0.511734
0.763322, 0.511644
0.789724, 0.511509
0.815478, 0.511321
0.840148, 0.511072
0.863539, 0.510766
0.886355, 0.510428
0.909928, 0.510091
0.934774, 0.50976
0.960533, 0.509416
0.986707, 0.509042
0.0138966, 0.527126
0.0400296, 0.52825
0.065758, 0.529282
0.0905939, 0.530273
0.114176, 0.531279
0.136987, 0.532291
0.160327, 0.533212
0.184917, 0.533964
0.210585, 0.534535
0.236905, 0.534946
0.26348, 0.535222
0.289934, 0.535404
0.315856, 0.535558
0.340778, 0.53581
0.364381, 0.536337
0.387118, 0.537202
0.410297, 0.538201
0.434765, 0.539042
0.460402, 0.539598
0.486727, 0.539869
0.513273, 0.539869
0.539598, 0.539598
0.565235, 0.539042
0.589703, 0.538201
0.612882, 0.537202
0.635619, 0.536337
0.659222, 0.53581
0.684144, 0.535558
0.710066, 0.535404
0.73652, 0.535222
0.763095, 0.534946
0.789415, 0.534535
0.815083, 0.533964
0.839673, 0.533212
0.863013, 0.532291
0.885824, 0.531279
0.909406, 0.530273
0.934242, 0.529282
0.95997, 0.52825
0.986103, 0.527126
0.0151072, 0.54521
0.0411575, 0.547086
0.0668238, 0.548805
0.0916379, 0.550453
0.115239, 0.552119
0.138042, 0.553797
0.161283, 0.555337
0.185716, 0.556605
0.211215, 0.557578
0.237371, 0.558286
0.263804, 0.558771
0.290162, 0.559091
0.316085, 0.559339
0.341188, 0.559679
0.365181, 0.560352
0.388298, 0.561512
0.411511, 0.562967
0.435698, 0.564302
0.460958, 0.565235
0.48691, 0.565699
0.51309, 0.565699
0.539042, 0.565235
0.564302, 0.564302
0.588489, 0.562967
0.611702, 0.561512
0.634819, 0.560352
0.658812, 0.559679
0.683915, 0.559339
0.709838, 0.559091
0.736196, 0.558771
0.762629, 0.558286
0.788785, 0.557578
0.814284, 0.556605
0.838717, 0.555337
0.861958, 0.553797
0.884761, 0.552119
0.908362, 0.550453
0.933176, 0.548805
0.958842, 0.547086
0.984893, 0.54521
0.0169289, 0.563296
0.0428552, 0.565926
0.0684267, 0.568333
0.093204, 0.57063
0.116829, 0.572941
0.139627, 0.575271
0.162732, 0.577434
0.186937, 0.57924
0.212186, 0.580644
0.2381, 0.581684
0.264318, 0.582414
0.290518, 0.582902
0.316395, 0.583251
0.34165, 0.583623
0.366057, 0.584258
0.389678, 0.585372
0.413091, 0.586909
0.437033, 0.588489
0.461799, 0.589703
0.487192, 0.590339
0.512808, 0.590339
0.538201, 0.589703
0.562967, 0.588489
0.586909, 0.586909
0.610322, 0.585372
0.633943, 0.584258
0.65835, 0.583623
0.683605, 0.583251
0.709482, 0.582902
0.735682, 0.582414
0.7619, 0.581684
0.787814, 0.580644
0.813063, 0.57924
0.837268, 0.577434
0.860373, 0.575271
0.883171, 0.572941
0.906796, 0.57063
0.931573, 0.568333
0.957145, 0.565926
0.983071, 0.563296
0.019369, 0.581384
0.0451298, 0.584772
0.070572, 0.587868
0.0952928, 0.590805
0.118944, 0.59374
0.141743, 0.596701
0.16469, 0.599487
0.188607, 0.601856
0.21353, 0.60373
0.239127, 0.605147
0.265057, 0.60617
0.291029, 0.606874
0.316784, 0.607358
0.342096, 0.607762
0.3668, 0.60828
0.390887, 0.609113
0.414628, 0.610322
0.438488, 0.611702
0.462798, 0.612882
0.487542, 0.613548
0.512458, 0.613548
0.537202, 0.612882
0.561512, 0.611702
0.585372, 0.610322
0.609113, 0.609113
0.6332, 0.60828
0.657904, 0.607762
0.683216, 0.607358
0.708971, 0.606874
0.734943, 0.60617
0.760873, 0.605147
0.78647, 0.60373
0.811393, 0.601856
0.83531, 0.599487
0.858257, 0.596701
0.881056, 0.59374
0.904707, 0.590805
0.929428, 0.587868
0.95487, 0.584772
0.980631, 0.581384
0.0224375, 0.599473
0.0479908, 0.603626
0.0732673, 0.607411
0.0979058, 0.610981
0.121576, 0.614514
0.14439, 0.618077
0.167174, 0.621477
0.190758, 0.624432
0.215288, 0.62682
0.240497, 0.628667
0.266071, 0.630042
0.291742, 0.631023
0.317289, 0.631702
0.342534, 0.632196
0.367353, 0.632647
0.39172, 0.6332
0.415742, 0.633943
0.439648, 0.634819
0.463663, 0.635619
0.48786, 0.636098
0.51214, 0.636098
0.536337, 0.635619
0.560352, 0.634819
0.584258, 0.633943
0.60828, 0.6332
0.632647, 0.632647
0.657466, 0.632196
0.682711, 0.631702
0.708258, 0.631023
0.733929, 0.630042
0.759503, 0.628667
0.784712, 0.62682
0.809242, 0.624432
0.832826, 0.621477
0.85561, 0.618077
0.878424, 0.614514
0.902094, 0.610981
0.926733, 0.607411
0.952009, 0.603626
0.977563, 0.599473
0.026147, 0.617566
0.051451, 0.622488
0.0765226, 0.626965
0.101047, 0.63116
0.12472, 0.635267
0.147562, 0.639391
0.170199, 0.643382
0.193426, 0.646939
0.217508, 0.649884
0.242266, 0.652218
0.267417, 0.654008
0.292719, 0.655336
0.317976, 0.656288
0.343037, 0.656963
0.367804, 0.657466
0.392238, 0.657904
0.416377, 0.65835
0.440321, 0.658812
0.46419, 0.659222
0.48806, 0.659467
0.51194, 0.659467
0.53581, 0.659222
0.559679, 0.658812
0.583623, 0.65835
0.607762, 0.657904
0.632196, 0.657466
0.656963, 0.656963
0.682024, 0.656288
0.707281, 0.655336
0.732583, 0.654008
0.757734, 0.652218
0.782492, 0.649884
0.806574, 0.646939
0.829801, 0.643382
0.852438, 0.639391
0.87528, 0.635267
0.898953, 0.63116
0.923477, 0.626965
0.948549, 0.622488
0.973853, 0.617566
0.0305132, 0.635662
0.0555259, 0.64136
0.0803514, 0.646534
0.104721, 0.651349
0.12837, 0.656005
0.151244, 0.660644
0.17377, 0.665183
0.196647, 0.669337
0.220245, 0.672875
0.244494, 0.675751
0.269164, 0.678021
0.294034, 0.679767
0.318927, 0.681073
0.343712, 0.682024
0.368298, 0.682711
0.392642, 0.683216
0.416749, 0.683605
0.440661, 0.683915
0.464442, 0.684144
0.488154, 0.68427
0.511846, 0.68427
0.535558, 0.684144
0.559339, 0.683915
0.583251, 0.683605
0.607358, 0.683216
0.631702, 0.682711
0.656288, 0.682024
0.681073, 0.681073
0.705966, 0.679767
0.730836, 0.678021
0.755506, 0.675751
0.779755, 0.672875
0.803353, 0.669337
0.82623, 0.665183
0.848756, 0.660644
0.87163, 0.656005
0.895279, 0.651349
0.919649, 0.646534
0.944474, 0.64136
0.969487, 0.635662
0.0355555, 0.653761
0.0602346, 0.660244
0.0847704, 0.66612
0.10894, 0.671553
0.132521, 0.67674
0.155418, 0.681848
0.177877, 0.686872
0.200446, 0.691585
0.22355, 0.695728
0.247249, 0.699193
0.271385, 0.702003
0.295766, 0.704234
0.320233, 0.705966
0.344664, 0.707281
0.368977, 0.708258
0.393126, 0.708971
0.417098, 0.709482
0.440909, 0.709838
0.464596, 0.710066
0.488207, 0.710178
0.511793, 0.710178
0.535404, 0.710066
0.559091, 0.709838
0.582902, 0.709482
0.606874, 0.708971
0.631023, 0.708258
0.655336, 0.707281
0.679767, 0.705966
0.704234, 0.704234
0.728615, 0.702003
0.752751, 0.699193
0.77645, 0.695728
0.799554, 0.691585
0.822123, 0.686872
0.844582, 0.681848
0.867479, 0.67674
0.89106, 0.671553
0.91523, 0.66612
0.939765, 0.660244
0.964445, 0.653761
0.0412969, 0.671864
0.0656002, 0.679141
0.0898007, 0.685726
0.113718, 0.691779
0.137175, 0.697486
0.160063, 0.703025
0.182488, 0.708459
0.204821, 0.713656
0.227468, 0.718374
0.250599, 0.722446
0.274157, 0.725843
0.297997, 0.728615
0.321979, 0.730836
0.345992, 0.732583
0.369958, 0.733929
0.39383, 0.734943
0.417586, 0.735682
0.441229, 0.736196
0.464778, 0.73652
0.488266, 0.736676
0.511734, 0.736676
0.535222, 0.73652
0.558771, 0.736196
0.582414, 0.735682
0.60617, 0.734943
0.630042, 0.733929
0.654008, 0.732583
0.678021, 0.730836
0.702003, 0.728615
0.725843, 0.725843
0.749401, 0.722446
0.772532, 0.718374
0.795179, 0.713656
0.817512, 0.708459
0.839937, 0.703025
0.862825, 0.697486
0.886282, 0.691779
0.910199, 0.685726
0.9344, 0.679141
0.958703, 0.671864
0.0477651, 0.689971
0.0716503, 0.698051
0.0954685, 0.705354
0.119077, 0.712034
0.142341, 0.718262
0.165162, 0.724208
0.187558, 0.729984
0.209734, 0.735557
0.232005, 0.740759
0.254595, 0.745405
0.277554, 0.749401
0.300807, 0.752751
0.324249, 0.755506
0.347782, 0.757734
0.371333, 0.759503
0.394853, 0.760873
0.418316, 0.7619
0.441714, 0.762629
0.465054, 0.763095
0.488356, 0.763322
0.511644, 0.763322
0.534946, 0.763095
0.558286, 0.762629
0.581684, 0.7619
0.605147, 0.760873
0.628667, 0.759503
0.652218, 0.757734
0.675751, 0.755506
0.699193, 0.752751
0.722446, 0.749401
0.745405, 0.745405
0.767995, 0.740759
0.790266, 0.735557
0.812442, 0.729984
0.834838, 0.724208
0.857659, 0.718262
0.880923, 0.712034
0.904532, 0.705354
0.92835, 0.698051
0.952235, 0.689971
0.0549927, 0.708082
0.0784175, 0.716975
0.101805, 0.725007
0.125046, 0.732324
0.14804, 0.739083
0.17071, 0.745436
0.193037, 0.75151
0.215106, 0.757352
0.237106, 0.762894
0.259241, 0.767995
0.281626, 0.772532
0.304272, 0.77645
0.327125, 0.779755
0.350116, 0.782492
0.37318, 0.784712
0.39627, 0.78647
0.419356, 0.787814
0.442422, 0.788785
0.465465, 0.789415
0.488491, 0.789724
0.511509, 0.789724
0.534535, 0.789415
0.557578, 0.788785
0.580644, 0.787814
0.60373, 0.78647
0.62682, 0.784712
0.649884, 0.782492
0.672875, 0.779755
0.695728, 0.77645
0.718374, 0.772532
0.740759, 0.767995
0.762894, 0.762894
0.784894, 0.757352
0.806963, 0.75151
0.82929, 0.745436
0.85196, 0.739083
0.874954, 0.732324
0.898195, 0.725007
0.921583, 0.716975
0.945007, 0.708082
0.0630186, 0.726198
0.0859405, 0.735913
0.108849, 0.744685
0.13166, 0.752654
0.154304, 0.759961
0.176726, 0.76674
0.198898, 0.773111
0.220843, 0.779157
0.242648, 0.784894
0.264443, 0.790266
0.286344, 0.795179
0.308415, 0.799554
0.330663, 0.803353
0.353061, 0.806574
0.375568, 0.809242
0.398144, 0.811393
0.42076, 0.813063
0.443395, 0.814284
0.466036, 0.815083
0.488679, 0.815478
0.511321, 0.815478
0.533964, 0.815083
0.556605, 0.814284
0.57924, 0.813063
0.601856, 0.811393
0.624432, 0.809242
0.646939, 0.806574
0.669337, 0.803353
0.691585, 0.799554
0.713656, 0.795179
0.735557, 0.790266
0.757352, 0.784894
0.779157, 0.779157
0.801102, 0.773111
0.823274, 0.76674
0.845696, 0.759961
0.86834, 0.752654
0.891151, 0.744685
0.914059, 0.735913
0.936981, 0.726198
0.0718891, 0.744318
0.0942655, 0.754864
0.116645, 0.764387
0.138966, 0.773025
0.16118, 0.780905
0.18325, 0.788144
0.205152, 0.794848
0.226889, 0.801102
0.24849, 0.806963
0.270016, 0.812442
0.291541, 0.817512
0.313128, 0.822123
0.334817, 0.82623
0.356618, 0.829801
0.378523, 0.832826
0.400513, 0.83531
0.422566, 0.837268
0.444663, 0.838717
0.466788, 0.839673
0.488928, 0.840148
0.511072, 0.840148
0.533212, 0.839673
0.555337, 0.838717
0.577434, 0.837268
0.599487, 0.83531
0.621477, 0.832826
0.643382, 0.829801
0.665183, 0.82623
0.686872, 0.822123
0.708459, 0.817512
0.729984, 0.812442
0.75151, 0.806963
0.773111, 0.801102
0.794848, 0.794848
0.81675, 0.788144
0.83882, 0.780905
0.861034, 0.773025
0.883355, 0.764387
0.905735, 0.754864
0.928111, 0.744318
0.0816592, 0.762442
0.103447, 0.773826
0.125248, 0.784113
0.147019, 0.793437
0.168725, 0.801917
0.190343, 0.809657
0.211856, 0.81675
0.23326, 0.823274
0.254564, 0.82929
0.275792, 0.834838
0.296975, 0.839937
0.318152, 0.844582
0.339356, 0.848756
0.360609, 0.852438
0.381923, 0.85561
0.403299, 0.858257
0.424729, 0.860373
0.446203, 0.861958
0.467709, 0.863013
0.489234, 0.863539
0.510766, 0.863539
0.532291, 0.863013
0.553797, 0.861958
0.575271, 0.860373
0.596701, 0.858257
0.618077, 0.85561
0.639391, 0.852438
0.660644, 0.848756
0.681848, 0.844582
0.703025, 0.839937
0.724208, 0.834838
0.745436, 0.82929
0.76674, 0.823274
0.788144, 0.81675
0.809657, 0.809657
0.831275, 0.801917
0.852981, 0.793437
0.874752, 0.784113
0.896553, 0.773826
0.918341, 0.762442
0.0923952, 0.78057
0.11355, 0.792799
0.134723, 0.803859
0.155884, 0.813884
0.177009, 0.822991
0.198083, 0.831275
0.219095, 0.83882
0.240039, 0.845696
0.260917, 0.85196
0.281738, 0.857659
0.302514, 0.862825
0.32326, 0.867479
0.343995, 0.87163
0.364733, 0.87528
0.385486, 0.878424
0.40626, 0.881056
0.427059, 0.883171
0.447881, 0.884761
0.468721, 0.885824
0.489572, 0.886355
0.510428, 0.886355
0.531279, 0.885824
0.552119, 0.884761
0.572941, 0.883171
0.59374, 0.881056
0.614514, 0.878424
0.635267, 0.87528
0.656005, 0.87163
0.67674, 0.867479
0.697486, 0.862825
0.718262, 0.857659
0.739083, 0.85196
0.759961, 0.845696
0.780905, 0.83882
0.801917, 0.831275
0.822991, 0.822991
0.844116, 0.813884
0.865277, 0.803859
0.88645, 0.792799
0.907605, 0.78057
0.104177, 0.7987
0.124653, 0.811777
0.145147, 0.823619
0.16564, 0.83436
0.186116, 0.844116
0.206563, 0.852981
0.226975, 0.861034
0.247346, 0.86834
0.267676, 0.874954
0.287966, 0.880923
0.308221, 0.886282
0.328447, 0.89106
0.348651, 0.895279
0.36884, 0.898953
0.389019, 0.902094
0.409195, 0.904707
0.42937, 0.906796
0.449547, 0.908362
0.469727, 0.909406
0.489909, 0.909928
0.510091, 0.909928
0.530273, 0.909406
0.550453, 0.908362
0.57063, 0.906796
0.590805, 0.904707
0.610981, 0.902094
0.63116, 0.898953
0.651349, 0.895279
0.671553, 0.89106
0.691779, 0.886282
0.712034, 0.880923
0.732324, 0.874954
0.752654, 0.86834
0.773025, 0.861034
0.793437, 0.852981
0.813884, 0.844116
0.83436, 0.83436
0.854853, 0.823619
0.875347, 0.811777
0.895823, 0.7987
0.117103, 0.816832
0.136852, 0.830758
0.156615, 0.843385
0.176381, 0.854853
0.196141, 0.865277
0.215887, 0.874752
0.235613, 0.883355
0.255315, 0.891151
0.274993, 0.898195
0.294646, 0.904532
0.314274, 0.910199
0.33388, 0.91523
0.353466, 0.919649
0.373035, 0.923477
0.392589, 0.926733
0.412132, 0.929428
0.431667, 0.931573
0.451195, 0.933176
0.470718, 0.934242
0.49024, 0.934774
0.50976, 0.934774
0.529282, 0.934242
0.548805, 0.933176
0.568333, 0.931573
0.587868, 0.929428
0.607411, 0.926733
0.626965, 0.923477
0.646534, 0.919649
0.66612, 0.91523
0.685726, 0.910199
0.705354, 0.904532
0.725007, 0.898195
0.744685, 0.891151
0.764387, 0.883355
0.784113, 0.874752
0.803859, 0.865277
0.823619, 0.854853
0.843385, 0.843385
0.863148, 0.830758
0.882897, 0.816832
0.131294, 0.834965
0.150264, 0.849736
0.169242, 0.863148
0.188223, 0.875347
0.207201, 0.88645
0.226174, 0.896553
0.245136, 0.905735
0.264087, 0.914059
0.283025, 0.921583
0.301949, 0.92835
0.320859, 0.9344
0.339756, 0.939765
0.35864, 0.944474
0.377512, 0.948549
0.396374, 0.952009
0.415228, 0.95487
0.434074, 0.957145
0.452914, 0.958842
0.47175, 0.95997
0.490584, 0.960533
0.509416, 0.960533
0.52825, 0.95997
0.547086, 0.958842
0.565926, 0.957145
0.584772, 0.95487
0.603626, 0.952009
0.622488, 0.948549
0.64136, 0.944474
0.660244, 0.939765
0.679141, 0.9344
0.698051, 0.92835
0.716975, 0.921583
0.735913, 0.914059
0.754864, 0.905735
0.773826, 0.896553
0.792799, 0.88645
0.811777, 0.875347
0.830758, 0.863148
0.849736, 0.849736
0.868706, 0.834965
0.146905, 0.853095
0.165035, 0.868706
0.183168, 0.882897
0.2013, 0.895823
0.21943, 0.907605
0.237558, 0.918341
0.255682, 0.928111
0.273802, 0.936981
0.291918, 0.945007
0.310029, 0.952235
0.328136, 0.958703
0.346239, 0.964445
0.364338, 0.969487
0.382434, 0.973853
0.400527, 0.977563
0.418616, 0.980631
0.436704, 0.983071
0.45479, 0.984893
0.472874, 0.986103
0.490958, 0.986707
0.509042, 0.986707
0.527126, 0.986103
0.54521, 0.984893
0.563296, 0.983071
0.581384, 0.980631
0.599473, 0.977563
0.617566, 0.973853
0.635662, 0.969487
0.653761, 0.964445
0.671864, 0.958703
0.689971, 0.952235
0.708082, 0.945007
0.726198, 0.936981
0.744318, 0.928111
0.762442, 0.918341
0.78057, 0.907605
0.7987, 0.895823
0.816832, 0.882897
0.834965, 0.868706
0.853095, 0.853095
