0.146447, 0.146447
0.164124, 0.129612
0.181802, 0.114319
0.19948, 0.100391
0.217157, 0.0876894
0.234835, 0.0761044
0.252513, 0.0655463
0.27019, 0.055942
0.287868, 0.0472307
0.305546, 0.0393619
0.323223, 0.0322928
0.340901, 0.0259879
0.358579, 0.0204168
0.376256, 0.0155544
0.393934, 0.0113795
0.411612, 0.00787451
0.429289, 0.00502525
0.446967, 0.00282045
0.464645, 0.00125157
0.482322, 0.000312598
0.5, 0
0.517678, 0.000312598
0.535355, 0.00125157
0.553033, 0.00282045
0.570711, 0.00502525
0.588388, 0.00787451
0.606066, 0.0113795
0.623744, 0.0155544
0.641421, 0.0204168
0.659099, 0.0259879
0.676777, 0.0322928
0.694454, 0.0393619
0.712132, 0.0472307
0.72981, 0.055942
0.747487, 0.0655463
0.765165, 0.0761044
0.782843, 0.0876894
0.80052, 0.100391
0.818198, 0.114319
0.835876, 0.129612
0.853553, 0.146447
0.129612, 0.164124
0.148199, 0.148199
0.166765, 0.133728
0.185335, 0.12057
0.203905, 0.108588
0.222471, 0.0976771
0.241031, 0.0877487
0.259583, 0.0787309
0.278127, 0.0705639
0.296662, 0.0631972
0.315186, 0.0565884
0.333701, 0.0507015
0.352206, 0.045506
0.370702, 0.0409762
0.38919, 0.0370905
0.40767, 0.0338311
0.426144, 0.0311833
0.444613, 0.0291355
0.463078, 0.027679
0.481539, 0.0268076
0.5, 0.0265175
0.518461, 0.0268076
0.536922, 0.027679
0.555387, 0.0291355
0.573856, 0.0311833
0.59233, 0.0338311
0.61081, 0.0370905
0.629298, 0.0409762
0.647794, 0.045506
0.666299, 0.0507015
0.684814, 0.0565884
0.703338, 0.0631972
0.721873, 0.0705639
0.740417, 0.0787309
0.758969, 0.0877487
0.777529, 0.0976771
0.796095, 0.108588
0.814665, 0.12057
0.833235, 0.133728
0.851801, 0.148199
0.870388, 0.164124
0.114319, 0.181802
0.133728, 0.166765
0.153111, 0.153111
0.172501, 0.140714
0.191891, 0.129445
0.211273, 0.119198
0.230642, 0.109888
0.249994, 0.101443
0.269327, 0.0938024
0.288639, 0.0869171
0.30793, 0.0807445
0.327201, 0.0752487
0.346452, 0.0703999
0.365686, 0.0661729
0.384903, 0.062547
0.404107, 0.0595052
0.423299, 0.0570338
0.442483, 0.055122
0.461659, 0.053762
0.480831, 0.0529482
0.5, 0.0526773
0.519169, 0.0529482
0.538341, 0.053762
0.557517, 0.055122
0.576701, 0.0570338
0.595893, 0.0595052
0.615097, 0.062547
0.634314, 0.0661729
0.653548, 0.0703999
0.672799, 0.0752487
0.69207, 0.0807445
0.711361, 0.0869171
0.730673, 0.0938024
0.750006, 0.101443
0.769358, 0.109888
0.788727, 0.119198
0.808109, 0.129445
0.827499, 0.140714
0.846889, 0.153111
0.866272, 0.166765
0.885681, 0.181802
0.100391, 0.19948
0.12057, 0.185335
0.140714, 0.172501
0.160869, 0.160869
0.181018, 0.150309
0.201149, 0.140718
0.221255, 0.13201
0.241329, 0.124112
0.261369, 0.116965
0.281373, 0.110518
0.301343, 0.104729
0.321282, 0.099564
0.341194, 0.0949952
0.361083, 0.0910004
0.380953, 0.0875627
0.40081, 0.0846696
0.420657, 0.082312
0.440497, 0.0804834
0.460333, 0.0791797
0.480167, 0.0783984
0.5, 0.0781381
0.519833, 0.0783984
0.539667, 0.0791797
0.559503, 0.0804834
0.579343, 0.082312
0.59919, 0.0846696
0.619047, 0.0875627
0.638917, 0.0910004
0.658806, 0.0949952
0.678718, 0.099564
0.698657, 0.104729
0.718627, 0.110518
0.738631, 0.116965
0.758671, 0.124112
0.778745, 0.13201
0.798851, 0.140718
0.818982, 0.150309
0.839131, 0.160869
0.859286, 0.172501
0.87943, 0.185335
0.899609, 0.19948
0.0876894, 0.217157
0.108588, 0.203905
0.129445, 0.191891
0.150309, 0.181018
0.171156, 0.171156
0.191967, 0.162199
0.212731, 0.15406
0.23344, 0.146664
0.254091, 0.139946
0.274687, 0.133857
0.295234, 0.128353
0.315741, 0.123405
0.336218, 0.118988
0.356678, 0.115092
0.377131, 0.111708
0.397587, 0.108836
0.41805, 0.106478
0.438524, 0.104638
0.459008, 0.10332
0.479502, 0.102528
0.5, 0.102264
0.520498, 0.102528
0.540992, 0.10332
0.561476, 0.104638
0.58195, 0.106478
0.602413, 0.108836
0.622869, 0.111708
0.643322, 0.115092
0.663782, 0.118988
0.684259, 0.123405
0.704766, 0.128353
0.725313, 0.133857
0.745909, 0.139946
0.76656, 0.146664
0.787269, 0.15406
0.808033, 0.162199
0.828844, 0.171156
0.849691, 0.181018
0.870555, 0.191891
0.891412, 0.203905
0.912311, 0.217157
0.0761044, 0.234835
0.0976771, 0.222471
0.119198, 0.211273
0.140718, 0.201149
0.162199, 0.191967
0.183616, 0.183616
0.20495, 0.176001
0.226192, 0.16904
0.247341, 0.162663
0.268406, 0.156815
0.289404, 0.151457
0.310361, 0.146568
0.331304, 0.142144
0.352258, 0.138194
0.373244, 0.134734
0.394273, 0.131781
0.415349, 0.129349
0.436469, 0.12745
0.457625, 0.126091
0.478806, 0.125274
0.5, 0.125002
0.521194, 0.125274
0.542375, 0.126091
0.563531, 0.12745
0.584651, 0.129349
0.605727, 0.131781
0.626756, 0.134734
0.647742, 0.138194
0.668696, 0.142144
0.689639, 0.146568
0.710596, 0.151457
0.731594, 0.156815
0.752659, 0.162663
0.773808, 0.16904
0.79505, 0.176001
0.816384, 0.183616
0.837801, 0.191967
0.859282, 0.201149
0.880802, 0.211273
0.902323, 0.222471
0.923896, 0.234835
0.0655463, 0.252513
0.0877487, 0.241031
0.109888, 0.230642
0.13201, 0.221255
0.15406, 0.212731
0.176001, 0.20495
0.197806, 0.197806
0.219459, 0.1912
0.240968, 0.185056
0.26236, 0.179321
0.283683, 0.173979
0.304995, 0.169046
0.326352, 0.164562
0.347791, 0.16057
0.369327, 0.157103
0.390958, 0.154179
0.412672, 0.151802
0.434451, 0.149968
0.456276, 0.148667
0.478131, 0.14789
0.5, 0.147632
0.521869, 0.14789
0.543724, 0.148667
0.565549, 0.149968
0.587328, 0.151802
0.609042, 0.154179
0.630673, 0.157103
0.652209, 0.16057
0.673648, 0.164562
0.695005, 0.169046
0.716317, 0.173979
0.73764, 0.179321
0.759032, 0.185056
0.780541, 0.1912
0.802194, 0.197806
0.823999, 0.20495
0.84594, 0.212731
0.86799, 0.221255
0.890112, 0.230642
0.912251, 0.241031
0.934454, 0.252513
0.055942, 0.27019
0.0787309, 0.259583
0.101443, 0.249994
0.124112, 0.241329
0.146664, 0.23344
0.16904, 0.226192
0.1912, 0.219459
0.213129, 0.213129
0.234855, 0.207125
0.256458, 0.201433
0.278049, 0.196104
0.299733, 0.191224
0.32157, 0.18687
0.343574, 0.183088
0.365723, 0.179885
0.387984, 0.177246
0.410324, 0.175142
0.432712, 0.173544
0.455129, 0.172424
0.477562, 0.171761
0.5, 0.171541
0.522438, 0.171761
0.544871, 0.172424
0.567288, 0.173544
0.589676, 0.175142
0.612016, 0.177246
0.634277, 0.179885
0.656426, 0.183088
0.67843, 0.18687
0.700267, 0.191224
0.721951, 0.196104
0.743542, 0.201433
0.765145, 0.207125
0.786871, 0.213129
0.8088, 0.219459
0.83096, 0.226192
0.853336, 0.23344
0.875888, 0.241329
0.898557, 0.249994
0.921269, 0.259583
0.944058, 0.27019
0.0472307, 0.287868
0.0705639, 0.278127
0.0938024, 0.269327
0.116965, 0.261369
0.139946, 0.254091
0.162663, 0.247341
0.185056, 0.240968
0.207125, 0.234855
0.228967, 0.228967
0.250765, 0.223385
0.272704, 0.218251
0.294885, 0.213689
0.317316, 0.209752
0.33995, 0.206437
0.362721, 0.203702
0.385571, 0.201497
0.408459, 0.19977
0.431354, 0.198477
0.454245, 0.197581
0.477126, 0.197054
0.5, 0.19688
0.522874, 0.197054
0.545755, 0.197581
0.568646, 0.198477
0.591541, 0.19977
0.614429, 0.201497
0.637279, 0.203702
0.66005, 0.206437
0.682684, 0.209752
0.705115, 0.213689
0.727296, 0.218251
0.749235, 0.223385
0.771033, 0.228967
0.792875, 0.234855
0.814944, 0.240968
0.837337, 0.247341
0.860054, 0.254091
0.883035, 0.261369
0.906198, 0.269327
0.929436, 0.278127
0.952769, 0.287868
0.0393619, 0.305546
0.0631972, 0.296662
0.0869171, 0.288639
0.110518, 0.281373
0.133857, 0.274687
0.156815, 0.268406
0.179321, 0.26236
0.201433, 0.256458
0.223385, 0.250765
0.24548, 0.24548
0.267912, 0.240787
0.290704, 0.236769
0.313777, 0.233412
0.337027, 0.230661
0.360364, 0.228445
0.383723, 0.226697
0.407061, 0.225357
0.430356, 0.224372
0.453604, 0.223699
0.476813, 0.223308
0.5, 0.22318
0.523187, 0.223308
0.546396, 0.223699
0.569644, 0.224372
0.592939, 0.225357
0.616277, 0.226697
0.639636, 0.228445
0.662973, 0.230661
0.686223, 0.233412
0.709296, 0.236769
0.732088, 0.240787
0.75452, 0.24548
0.776615, 0.250765
0.798567, 0.256458
0.820679, 0.26236
0.843185, 0.268406
0.866143, 0.274687
0.889482, 0.281373
0.913083, 0.288639
0.936803, 0.296662
0.960638, 0.305546
0.0322928, 0.323223
0.0565884, 0.315186
0.0807445, 0.30793
0.104729, 0.301343
0.128353, 0.295234
0.151457, 0.289404
0.173979, 0.283683
0.196104, 0.278049
0.218251, 0.272704
0.240787, 0.267912
0.263819, 0.263819
0.287255, 0.260429
0.310944, 0.257678
0.334756, 0.255484
0.358588, 0.253768
0.382373, 0.252456
0.406071, 0.251479
0.429669, 0.250782
0.453173, 0.250316
0.476606, 0.25005
0.5, 0.249964
0.523394, 0.25005
0.546827, 0.250316
0.570331, 0.250782
0.593929, 0.251479
0.617627, 0.252456
0.641412, 0.253768
0.665244, 0.255484
0.689056, 0.257678
0.712745, 0.260429
0.736181, 0.263819
0.759213, 0.267912
0.781749, 0.272704
0.803896, 0.278049
0.826021, 0.283683
0.848543, 0.289404
0.871647, 0.295234
0.895271, 0.301343
0.919256, 0.30793
0.943412, 0.315186
0.967707, 0.323223
0.0259879, 0.340901
0.0507015, 0.333701
0.0752487, 0.327201
0.099564, 0.321282
0.123405, 0.315741
0.146568, 0.310361
0.169046, 0.304995
0.191224, 0.299733
0.213689, 0.294885
0.236769, 0.290704
0.260429, 0.287255
0.284482, 0.284482
0.308738, 0.2823
0.333049, 0.280621
0.357307, 0.27936
0.381442, 0.278436
0.405419, 0.277777
0.429235, 0.277321
0.452909, 0.277024
0.476481, 0.276856
0.5, 0.276802
0.523519, 0.276856
0.547091, 0.277024
0.570765, 0.277321
0.594581, 0.277777
0.618558, 0.278436
0.642693, 0.27936
0.666951, 0.280621
0.691262, 0.2823
0.715518, 0.284482
0.739571, 0.287255
0.763231, 0.290704
0.786311, 0.294885
0.808776, 0.299733
0.830954, 0.304995
0.853432, 0.310361
0.876595, 0.315741
0.900436, 0.321282
0.924751, 0.327201
0.949299, 0.333701
0.974012, 0.340901
0.0204168, 0.358579
0.045506, 0.352206
0.0703999, 0.346452
0.0949952, 0.341194
0.118988, 0.336218
0.142144, 0.331304
0.164562, 0.326352
0.18687, 0.32157
0.209752, 0.317316
0.233412, 0.313777
0.257678, 0.310944
0.2823, 0.308738
0.307067, 0.307067
0.331816, 0.30584
0.356431, 0.304965
0.38084, 0.304355
0.405015, 0.303929
0.428969, 0.303627
0.452744, 0.303416
0.476401, 0.303286
0.5, 0.303241
0.523599, 0.303286
0.547256, 0.303416
0.571031, 0.303627
0.594985, 0.303929
0.61916, 0.304355
0.643569, 0.304965
0.668184, 0.30584
0.692933, 0.307067
0.7177, 0.308738
0.742322, 0.310944
0.766588, 0.313777
0.790248, 0.317316
0.81313, 0.32157
0.835438, 0.326352
0.857856, 0.331304
0.881012, 0.336218
0.905005, 0.341194
0.9296, 0.346452
0.954494, 0.352206
0.979583, 0.358579
0.0155544, 0.376256
0.0409762, 0.370702
0.0661729, 0.365686
0.0910004, 0.361083
0.115092, 0.356678
0.138194, 0.352258
0.16057, 0.347791
0.183088, 0.343574
0.206437, 0.33995
0.230661, 0.337027
0.255484, 0.334756
0.280621, 0.333049
0.30584, 0.331816
0.330961, 0.330961
0.355855, 0.330381
0.380447, 0.32997
0.404723, 0.329637
0.42873, 0.329326
0.452556, 0.329035
0.476293, 0.328816
0.5, 0.328733
0.523707, 0.328816
0.547444, 0.329035
0.57127, 0.329326
0.595277, 0.329637
0.619553, 0.32997
0.644145, 0.330381
0.669039, 0.330961
0.69416, 0.331816
0.719379, 0.333049
0.744516, 0.334756
0.769339, 0.337027
0.793563, 0.33995
0.816912, 0.343574
0.83943, 0.347791
0.861806, 0.352258
0.884908, 0.356678
0.909, 0.361083
0.933827, 0.365686
0.959024, 0.370702
0.984446, 0.376256
0.0113795, 0.393934
0.0370905, 0.38919
0.062547, 0.384903
0.0875627, 0.380953
0.111708, 0.377131
0.134734, 0.373244
0.157103, 0.369327
0.179885, 0.365723
0.203702, 0.362721
0.228445, 0.360364
0.253768, 0.358588
0.27936, 0.357307
0.304965, 0.356431
0.330381, 0.355855
0.355453, 0.355453
0.380101, 0.355087
0.404337, 0.354635
0.428283, 0.354045
0.452128, 0.353396
0.476024, 0.352877
0.5, 0.352677
0.523976, 0.352877
0.547872, 0.353396
0.571717, 0.354045
0.595663, 0.354635
0.619899, 0.355087
0.644547, 0.355453
0.669619, 0.355855
0.695035, 0.356431
0.72064, 0.357307
0.746232, 0.358588
0.771555, 0.360364
0.796298, 0.362721
0.820115, 0.365723
0.842897, 0.369327
0.865266, 0.373244
0.888292, 0.377131
0.912437, 0.380953
0.937453, 0.384903
0.96291, 0.38919
0.988621, 0.393934
0.00787451, 0.411612
0.0338311, 0.40767
0.0595052, 0.404107
0.0846696, 0.40081
0.108836, 0.397587
0.131781, 0.394273
0.154179, 0.390958
0.177246, 0.387984
0.201497, 0.385571
0.226697, 0.383723
0.252456, 0.382373
0.278436, 0.381442
0.304355, 0.38084
0.32997, 0.380447
0.355087, 0.380101
0.379603, 0.379603
0.403585, 0.37878
0.427325, 0.377626
0.451214, 0.376392
0.475467, 0.375459
0.5, 0.375115
0.524533, 0.375459
0.548786, 0.376392
0.572675, 0.377626
0.596415, 0.37878
0.620397, 0.379603
0.644913, 0.380101
0.67003, 0.380447
0.695645, 0.38084
0.721564, 0.381442
0.747544, 0.382373
0.773303, 0.383723
0.798503, 0.385571
0.822754, 0.387984
0.845821, 0.390958
0.868219, 0.394273
0.891164, 0.397587
0.91533, 0.40081
0.940495, 0.404107
0.966169, 0.40767
0.992125, 0.411612
0.00502525, 0.429289
0.0311833, 0.426144
0.0570338, 0.423299
0.082312, 0.420657
0.106478, 0.41805
0.129349, 0.415349
0.151802, 0.412672
0.175142, 0.410324
0.19977, 0.408459
0.225357, 0.407061
0.251479, 0.406071
0.277777, 0.405419
0.303929, 0.405015
0.329637, 0.404723
0.354635, 0.404337
0.37878, 0.403585
0.40228, 0.40228
0.425765, 0.400581
0.44986, 0.398967
0.474702, 0.397867
0.5, 0.397484
0.525298, 0.397867
0.55014, 0.398967
0.574235, 0.400581
0.59772, 0.40228
0.62122, 0.403585
0.645365, 0.404337
0.670363, 0.404723
0.696071, 0.405015
0.722223, 0.405419
0.748521, 0.406071
0.774643, 0.407061
0.80023, 0.408459
0.824858, 0.410324
0.848198, 0.412672
0.870651, 0.415349
0.893522, 0.41805
0.917688, 0.420657
0.942966, 0.423299
0.968817, 0.426144
0.994975, 0.429289
0.00282045, 0.446967
0.0291355, 0.444613
0.055122, 0.442483
0.0804834, 0.440497
0.104638, 0.438524
0.12745, 0.436469
0.149968, 0.434451
0.173544, 0.432712
0.198477, 0.431354
0.224372, 0.430356
0.250782, 0.429669
0.277321, 0.429235
0.303627, 0.428969
0.329326, 0.42873
0.354045, 0.428283
0.377626, 0.427325
0.400581, 0.425765
0.423984, 0.423984
0.448496, 0.422506
0.473991, 0.42159
0.5, 0.421285
0.526009, 0.42159
0.551504, 0.422506
0.576016, 0.423984
0.599419, 0.425765
0.622374, 0.427325
0.645955, 0.428283
0.670674, 0.42873
0.696373, 0.428969
0.722679, 0.429235
0.749218, 0.429669
0.775628, 0.430356
0.801523, 0.431354
0.826456, 0.432712
0.850032, 0.434451
0.87255, 0.436469
0.895362, 0.438524
0.919517, 0.440497
0.944878, 0.442483
0.970864, 0.444613
0.99718, 0.446967
0.00125157, 0.464645
0.027679, 0.463078
0.053762, 0.461659
0.0791797, 0.460333
0.10332, 0.459008
0.126091, 0.457625
0.148667, 0.456276
0.172424, 0.455129
0.197581, 0.454245
0.223699, 0.453604
0.250316, 0.453173
0.277024, 0.452909
0.303416, 0.452744
0.329035, 0.452556
0.353396, 0.452128
0.376392, 0.451214
0.398967, 0.44986
0.422506, 0.448496
0.447471, 0.447471
0.473483, 0.446868
0.5, 0.446672
0.526517, 0.446868
0.552529, 0.447471
0.577494, 0.448496
0.601033, 0.44986
0.623608, 0.451214
0.646604, 0.452128
0.670965, 0.452556
0.696584, 0.452744
0.722976, 0.452909
0.749684, 0.453173
0.776301, 0.453604
0.802419, 0.454245
0.827576, 0.455129
0.851333, 0.456276
0.873909, 0.457625
0.89668, 0.459008
0.92082, 0.460333
0.946238, 0.461659
0.972321, 0.463078
0.998748, 0.464645
0.000312598, 0.482322
0.0268076, 0.481539
0.0529482, 0.480831
0.0783984, 0.480167
0.102528, 0.479502
0.125274, 0.478806
0.14789, 0.478131
0.171761, 0.477562
0.197054, 0.477126
0.223308, 0.476813
0.25005, 0.476606
0.276856, 0.476481
0.303286, 0.476401
0.328816, 0.476293
0.352877, 0.476024
0.375459, 0.475467
0.397867, 0.474702
0.42159, 0.473991
0.446868, 0.473483
0.47319, 0.47319
0.5, 0.473095
0.52681, 0.47319
0.553132, 0.473483
0.57841, 0.473991
0.602133, 0.474702
0.624541, 0.475467
0.647123, 0.476024
0.671184, 0.476293
0.696714, 0.476401
0.723144, 0.476481
0.74995, 0.476606
0.776692, 0.476813
0.802946, 0.477126
0.828239, 0.477562
0.85211, 0.478131
0.874726, 0.478806
0.897472, 0.479502
0.921602, 0.480167
0.947052, 0.480831
0.973192, 0.481539
0.999687, 0.482322
0, 0.5
0.0265175, 0.5
0.0526773, 0.5
0.0781381, 0.5
0.102264, 0.5
0.125002, 0.5
0.147632, 0.5
0.171541, 0.5
0.19688, 0.5
0.22318, 0.5
0.249964, 0.5
0.276802, 0.5
0.303241, 0.5
0.328733, 0.5
0.352677, 0.5
0.375115, 0.5
0.397484, 0.5
0.421285, 0.5
0.446672, 0.5
0.473095, 0.5
0.5, 0.5
0.526905, 0.5
0.553328, 0.5
0.578715, 0.5
0.602516, 0.5
0.624885, 0.5
0.647323, 0.5
0.671267, 0.5
0.696759, 0.5
0.723198, 0.5
0.750036, 0.5
0.77682, 0.5
0.80312, 0.5
0.828459, 0.5
0.852368, 0.5
0.874998, 0.5
0.897736, 0.5
0.921862, 0.5
0.947323, 0.5
0.973483, 0.5
1, 0.5
0.000312598, 0.517678
0.0268076, 0.518461
0.0529482, 0.519169
0.0783984, 0.519833
0.102528, 0.520498
0.125274, 0.521194
0.14789, 0.521869
0.171761, 0.522438
0.197054, 0.522874
0.223308, 0.523187
0.25005, 0.523394
0.276856, 0.523519
0.303286, 0.523599
0.328816, 0.523707
0.352877, 0.523976
0.375459, 0.524533
0.397867, 0.525298
0.42159, 0.526009
0.446868, 0.526517
0.47319, 0.52681
0.5, 0.526905
0.52681, 0.52681
0.553132, 0.526517
0.57841, 0.526009
0.602133, 0.525298
0.624541, 0.524533
0.647123, 0.523976
0.671184, 0.523707
0.696714, 0.523599
0.723144, 0.523519
0.74995, 0.523394
0.776692, 0.523187
0.802946, 0.522874
0.828239, 0.522438
0.85211, 0.521869
0.874726, 0.521194
0.897472, 0.520498
0.921602, 0.519833
0.947052, 0.519169
0.973192, 0.518461
0.999687, 0.517678
0.00125157, 0.535355
0.027679, 0.536922
0.053762, 0.538341
0.0791797, 0.539667
0.10332, 0.540992
0.126091, 0.542375
0.148667, 0.543724
0.172424, 0.544871
0.197581, 0.545755
0.223699, 0.546396
0.250316, 0.546827
0.277024, 0.547091
0.303416, 0.547256
0.329035, 0.547444
0.353396, 0.547872
0.376392, 0.548786
0.398967, 0.55014
0.422506, 0.551504
0.447471, 0.552529
0.473483, 0.553132
0.5, 0.553328
0.526517, 0.553132
0.552529, 0.552529
0.577494, 0.551504
0.601033, 0.55014
0.623608, 0.548786
0.646604, 0.547872
0.670965, 0.547444
0.696584, 0.547256
0.722976, 0.547091
0.749684, 0.546827
0.776301, 0.546396
0.802419, 0.545755
0.827576, 0.544871
0.851333, 0.543724
0.873909, 0.542375
0.89668, 0.540992
0.92082, 0.539667
0.946238, 0.538341
0.972321, 0.536922
0.998748, 0.535355
0.00282045, 0.553033
0.0291355, 0.555387
0.055122, 0.557517
0.0804834, 0.559503
0.104638, 0.561476
0.12745, 0.563531
0.149968, 0.565549
0.173544, 0.567288
0.198477, 0.568646
0.224372, 0.569644
0.250782, 0.570331
0.277321, 0.570765
0.303627, 0.571031
0.329326, 0.57127
0.354045, 0.571717
0.377626, 0.572675
0.400581, 0.574235
0.423984, 0.576016
0.448496, 0.577494
0.473991, 0.57841
0.5, 0.578715
0.526009, 0.57841
0.551504, 0.577494
0.576016, 0.576016
0.599419, 0.574235
0.622374, 0.572675
0.645955, 0.571717
0.670674, 0.57127
0.696373, 0.571031
0.722679, 0.570765
0.749218, 0.570331
0.775628, 0.569644
0.801523, 0.568646
0.826456, 0.567288
0.850032, 0.565549
0.87255, 0.563531
0.895362, 0.561476
0.919517, 0.559503
0.944878, 0.557517
0.970864, 0.555387
0.99718, 0.553033
0.00502525, 0.570711
0.0311833, 0.573856
0.0570338, 0.576701
0.082312, 0.579343
0.106478, 0.58195
0.129349, 0.584651
0.151802, 0.587328
0.175142, 0.589676
0.19977, 0.591541
0.225357, 0.592939
0.251479, 0.593929
0.277777, 0.594581
0.303929, 0.594985
0.329637, 0.595277
0.354635, 0.595663
0.37878, 0.596415
0.40228, 0.59772
0.425765, 0.599419
0.44986, 0.601033
0.474702, 0.602133
0.5, 0.602516
0.525298, 0.602133
0.55014, 0.601033
0.574235, 0.599419
0.59772, 0.59772
0.62122, 0.596415
0.645365, 0.595663
0.670363, 0.595277
0.696071, 0.594985
0.722223, 0.594581
0.748521, 0.593929
0.774643, 0.592939
0.80023, 0.591541
0.824858, 0.589676
0.848198, 0.587328
0.870651, 0.584651
0.893522, 0.58195
0.917688, 0.579343
0.942966, 0.576701
0.968817, 0.573856
0.994975, 0.570711
0.00787451, 0.588388
0.0338311, 0.59233
0.0595052, 0.595893
0.0846696, 0.59919
0.108836, 0.602413
0.131781, 0.605727
0.154179, 0.609042
0.177246, 0.612016
0.201497, 0.614429
0.226697, 0.616277
0.252456, 0.617627
0.278436, 0.618558
0.304355, 0.61916
0.32997, 0.619553
0.355087, 0.619899
0.379603, 0.620397
0.403585, 0.62122
0.427325, 0.622374
0.451214, 0.623608
0.475467, 0.624541
0.5, 0.624885
0.524533, 0.624541
0.548786, 0.623608
0.572675, 0.622374
0.596415, 0.62122
0.620397, 0.620397
0.644913, 0.619899
0.67003, 0.619553
0.695645, 0.61916
0.721564, 0.618558
0.747544, 0.617627
0.773303, 0.616277
0.798503, 0.614429
0.822754, 0.612016
0.845821, 0.609042
0.868219, 0.605727
0.891164, 0.602413
0.91533, 0.59919
0.940495, 0.595893
0.966169, 0.59233
0.992125, 0.588388
0.0113795, 0.606066
0.0370905, 0.61081
0.062547, 0.615097
0.0875627, 0.619047
0.111708, 0.622869
0.134734, 0.626756
0.157103, 0.630673
0.179885, 0.634277
0.203702, 0.637279
0.228445, 0.639636
0.253768, 0.641412
0.27936, 0.642693
0.304965, 0.643569
0.330381, 0.644145
0.355453, 0.644547
0.380101, 0.644913
0.404337, 0.645365
0.428283, 0.645955
0.452128, 0.646604
0.476024, 0.647123
0.5, 0.647323
0.523976, 0.647123
0.547872, 0.646604
0.571717, 0.645955
0.595663, 0.645365
0.619899, 0.644913
0.644547, 0.644547
0.669619, 0.644145
0.695035, 0.643569
0.72064, 0.642693
0.746232, 0.641412
0.771555, 0.639636
0.796298, 0.637279
0.820115, 0.634277
0.842897, 0.630673
0.865266, 0.626756
0.888292, 0.622869
0.912437, 0.619047
0.937453, 0.615097
0.96291, 0.61081
0.988621, 0.606066
0.0155544, 0.623744
0.0409762, 0.629298
0.0661729, 0.634314
0.0910004, 0.638917
0.115092, 0.643322
0.138194, 0.647742
0.16057, 0.652209
0.183088, 0.656426
0.206437, 0.66005
0.230661, 0.662973
0.255484, 0.665244
0.280621, 0.666951
0.30584, 0.668184
0.330961, 0.669039
0.355855, 0.669619
0.380447, 0.67003
0.404723, 0.670363
0.42873, 0.670674
0.452556, 0.670965
0.476293, 0.671184
0.5, 0.671267
0.523707, 0.671184
0.547444, 0.670965
0.57127, 0.670674
0.595277, 0.670363
0.619553, 0.67003
0.644145, 0.669619
0.669039, 0.669039
0.69416, 0.668184
0.719379, 0.666951
0.744516, 0.665244
0.769339, 0.662973
0.793563, 0.66005
0.816912, 0.656426
0.83943, 0.652209
0.861806, 0.647742
0.884908, 0.643322
0.909, 0.638917
0.933827, 0.634314
0.959024, 0.629298
0.984446, 0.623744
0.0204168, 0.641421
0.045506, 0.647794
0.0703999, 0.653548
0.0949952, 0.658806
0.118988, 0.663782
0.142144, 0.668696
0.164562, 0.673648
0.18687, 0.67843
0.209752, 0.682684
0.233412, 0.686223
0.257678, 0.689056
0.2823, 0.691262
0.307067, 0.692933
0.331816, 0.69416
0.356431, 0.695035
0.38084, 0.695645
0.405015, 0.696071
0.428969, 0.696373
0.452744, 0.696584
0.476401, 0.696714
0.5, 0.696759
0.523599, 0.696714
0.547256, 0.696584
0.571031, 0.696373
0.594985, 0.696071
0.61916, 0.695645
0.643569, 0.695035
0.668184, 0.69416
0.692933, 0.692933
0.7177, 0.691262
0.742322, 0.689056
0.766588, 0.686223
0.790248, 0.682684
0.81313, 0.67843
0.835438, 0.673648
0.857856, 0.668696
0.881012, 0.663782
0.905005, 0.658806
0.9296, 0.653548
0.954494, 0.647794
0.979583, 0.641421
0.0259879, 0.659099
0.0507015, 0.666299
0.0752487, 0.672799
0.099564, 0.678718
0.123405, 0.684259
0.146568, 0.689639
0.169046, 0.695005
0.191224, 0.700267
0.213689, 0.705115
0.236769, 0.709296
0.260429, 0.712745
0.284482, 0.715518
0.308738, 0.7177
0.333049, 0.719379
0.357307, 0.72064
0.381442, 0.721564
0.405419, 0.722223
0.429235, 0.722679
0.452909, 0.722976
0.476481, 0.723144
0.5, 0.723198
0.523519, 0.723144
0.547091, 0.722976
0.570765, 0.722679
0.594581, 0.722223
0.618558, 0.721564
0.642693, 0.72064
0.666951, 0.719379
0.691262, 0.7177
0.715518, 0.715518
0.739571, 0.712745
0.763231, 0.709296
0.786311, 0.705115
0.808776, 0.700267
0.830954, 0.695005
0.853432, 0.689639
0.876595, 0.684259
0.900436, 0.678718
0.924751, 0.672799
0.949299, 0.666299
0.974012, 0.659099
0.0322928, 0.676777
0.0565884, 0.684814
0.0807445, 0.69207
0.104729, 0.698657
0.128353, 0.704766
0.151457, 0.710596
0.173979, 0.716317
0.196104, 0.721951
0.218251, 0.727296
0.240787, 0.732088
0.263819, 0.736181
0.287255, 0.739571
0.310944, 0.742322
0.334756, 0.744516
0.358588, 0.746232
0.382373, 0.747544
0.406071, 0.748521
0.429669, 0.749218
0.453173, 0.749684
0.476606, 0.74995
0.5, 0.750036
0.523394, 0.74995
0.546827, 0.749684
0.570331, 0.749218
0.593929, 0.748521
0.617627, 0.747544
0.641412, 0.746232
0.665244, 0.744516
0.689056, 0.742322
0.712745, 0.739571
0.736181, 0.736181
0.759213, 0.732088
0.781749, 0.727296
0.803896, 0.721951
0.826021, 0.716317
0.848543, 0.710596
0.871647, 0.704766
0.895271, 0.698657
0.919256, 0.69207
0.943412, 0.684814
0.967707, 0.676777
0.0393619, 0.694454
0.0631972, 0.703338
0.0869171, 0.711361
0.110518, 0.718627
0.133857, 0.725313
0.156815, 0.731594
0.179321, 0.73764
0.201433, 0.743542
0.223385, 0.749235
0.24548, 0.75452
0.267912, 0.759213
0.290704, 0.763231
0.313777, 0.766588
0.337027, 0.769339
0.360364, 0.771555
0.383723, 0.773303
0.407061, 0.774643
0.430356, 0.775628
0.453604, 0.776301
0.476813, 0.776692
0.5, 0.77682
0.523187, 0.776692
0.546396, 0.776301
0.569644, 0.775628
0.592939, 0.774643
0.616277, 0.773303
0.639636, 0.771555
0.662973, 0.769339
0.686223, 0.766588
0.709296, 0.763231
0.732088, 0.759213
0.75452, 0.75452
0.776615, 0.749235
0.798567, 0.743542
0.820679, 0.73764
0.843185, 0.731594
0.866143, 0.725313
0.889482, 0.718627
0.913083, 0.711361
0.936803, 0.703338
0.960638, 0.694454
0.0472307, 0.712132
0.0705639, 0.721873
0.0938024, 0.730673
0.116965, 0.738631
0.139946, 0.745909
0.162663, 0.752659
0.185056, 0.759032
0.207125, 0.765145
0.228967, 0.771033
0.250765, 0.776615
0.272704, 0.781749
0.294885, 0.786311
0.317316, 0.790248
0.33995, 0.793563
0.362721, 0.796298
0.385571, 0.798503
0.408459, 0.80023
0.431354, 0.801523
0.454245, 0.802419
0.477126, 0.802946
0.5, 0.80312
0.522874, 0.802946
0.545755, 0.802419
0.568646, 0.801523
0.591541, 0.80023
0.614429, 0.798503
0.637279, 0.796298
0.66005, 0.793563
0.682684, 0.790248
0.705115, 0.786311
0.727296, 0.781749
0.749235, 0.776615
0.771033, 0.771033
0.792875, 0.765145
0.814944, 0.759032
0.837337, 0.752659
0.860054, 0.745909
0.883035, 0.738631
0.906198, 0.730673
0.929436, 0.721873
0.952769, 0.712132
0.055942, 0.72981
0.0787309, 0.740417
0.101443, 0.750006
0.124112, 0.758671
0.146664, 0.76656
0.16904, 0.773808
0.1912, 0.780541
0.213129, 0.786871
0.234855, 0.792875
0.256458, 0.798567
0.278049, 0.803896
0.299733, 0.808776
0.32157, 0.81313
0.343574, 0.816912
0.365723, 0.820115
0.387984, 0.822754
0.410324, 0.824858
0.432712, 0.826456
0.455129, 0.827576
0.477562, 0.828239
0.5, 0.828459
0.522438, 0.828239
0.544871, 0.827576
0.567288, 0.826456
0.589676, 0.824858
0.612016, 0.822754
0.634277, 0.820115
0.656426, 0.816912
0.67843, 0.81313
0.700267, 0.808776
0.721951, 0.803896
0.743542, 0.798567
0.765145, 0.792875
0.786871, 0.786871
0.8088, 0.780541
0.83096, 0.773808
0.853336, 0.76656
0.875888, 0.758671
0.898557, 0.750006
0.921269, 0.740417
0.944058, 0.72981
0.0655463, 0.747487
0.0877487, 0.758969
0.109888, 0.769358
0.13201, 0.778745
0.15406, 0.787269
0.176001, 0.79505
0.197806, 0.802194
0.219459, 0.8088
0.240968, 0.814944
0.26236, 0.820679
0.283683, 0.826021
0.304995, 0.830954
0.326352, 0.835438
0.347791, 0.83943
0.369327, 0.842897
0.390958, 0.845821
0.412672, 0.848198
0.434451, 0.850032
0.456276, 0.851333
0.478131, 0.85211
0.5, 0.852368
0.521869, 0.85211
0.543724, 0.851333
0.565549, 0.850032
0.587328, 0.848198
0.609042, 0.845821
0.630673, 0.842897
0.652209, 0.83943
0.673648, 0.835438
0.695005, 0.830954
0.716317, 0.826021
0.73764, 0.820679
0.759032, 0.814944
0.780541, 0.8088
0.802194, 0.802194
0.823999, 0.79505
0.84594, 0.787269
0.86799, 0.778745
0.890112, 0.769358
0.912251, 0.758969
0.934454, 0.747487
0.0761044, 0.765165
0.0976771, 0.777529
0.119198, 0.788727
0.140718, 0.798851
0.162199, 0.808033
0.183616, 0.816384
0.20495, 0.823999
0.226192, 0.83096
0.247341, 0.837337
0.268406, 0.843185
0.289404, 0.848543
0.310361, 0.853432
0.331304, 0.857856
0.352258, 0.861806
0.373244, 0.865266
0.394273, 0.868219
0.415349, 0.870651
0.436469, 0.87255
0.457625, 0.873909
0.478806, 0.874726
0.5, 0.874998
0.521194, 0.874726
0.542375, 0.873909
0.563531, 0.87255
0.584651, 0.870651
0.605727, 0.868219
0.626756, 0.865266
0.647742, 0.861806
0.668696, 0.857856
0.689639, 0.853432
0.710596, 0.848543
0.731594, 0.843185
0.752659, 0.837337
0.773808, 0.83096
0.79505, 0.823999
0.816384, 0.816384
0.837801, 0.808033
0.859282, 0.798851
0.880802, 0.788727
0.902323, 0.777529
0.923896, 0.765165
0.0876894, 0.782843
0.108588, 0.796095
0.129445, 0.808109
0.150309, 0.818982
0.171156, 0.828844
0.191967, 0.837801
0.212731, 0.84594
0.23344, 0.853336
0.254091, 0.860054
0.274687, 0.866143
0.295234, 0.871647
0.315741, 0.876595
0.336218, 0.881012
0.356678, 0.884908
0.377131, 0.888292
0.397587, 0.891164
0.41805, 0.893522
0.438524, 0.895362
0.459008, 0.89668
0.479502, 0.897472
0.5, 0.897736
0.520498, 0.897472
0.540992, 0.89668
0.561476, 0.895362
0.58195, 0.893522
0.602413, 0.891164
0.622869, 0.888292
0.643322, 0.884908
0.663782, 0.881012
0.684259, 0.876595
0.704766, 0.871647
0.725313, 0.866143
0.745909, 0.860054
0.76656, 0.853336
0.787269, 0.84594
0.808033, 0.837801
0.828844, 0.828844
0.849691, 0.818982
0.870555, 0.808109
0.891412, 0.796095
0.912311, 0.782843
0.100391, 0.80052
0.12057, 0.814665
0.140714, 0.827499
0.160869, 0.839131
0.181018, 0.849691
0.201149, 0.859282
0.221255, 0.86799
0.241329, 0.875888
0.261369, 0.883035
0.281373, 0.889482
0.301343, 0.895271
0.321282, 0.900436
0.341194, 0.905005
0.361083, 0.909
0.380953, 0.912437
0.40081, 0.91533
0.420657, 0.917688
0.440497, 0.919517
0.460333, 0.92082
0.480167, 0.921602
0.5, 0.921862
0.519833, 0.921602
0.539667, 0.92082
0.559503, 0.919517
0.579343, 0.917688
0.59919, 0.91533
0.619047, 0.912437
0.638917, 0.909
0.658806, 0.905005
0.678718, 0.900436
0.698657, 0.895271
0.718627, 0.889482
0.738631, 0.883035
0.758671, 0.875888
0.778745, 0.86799
0.798851, 0.859282
0.818982, 0.849691
0.839131, 0.839131
0.859286, 0.827499
0.87943, 0.814665
0.899609, 0.80052
0.114319, 0.818198
0.133728, 0.833235
0.153111, 0.846889
0.172501, 0.859286
0.191891, 0.870555
0.211273, 0.880802
0.230642, 0.890112
0.249994, 0.898557
0.269327, 0.906198
0.288639, 0.913083
0.30793, 0.919256
0.327201, 0.924751
0.346452, 0.9296
0.365686, 0.933827
0.384903, 0.937453
0.404107, 0.940495
0.423299, 0.942966
0.442483, 0.944878
0.461659, 0.946238
0.480831, 0.947052
0.5, 0.947323
0.519169, 0.947052
0.538341, 0.946238
0.557517, 0.944878
0.576701, 0.942966
0.595893, 0.940495
0.615097, 0.937453
0.634314, 0.933827
0.653548, 0.9296
0.672799, 0.924751
0.69207, 0.919256
0.711361, 0.913083
0.730673, 0.906198
0.750006, 0.898557
0.769358, 0.890112
0.788727, 0.880802
0.808109, 0.870555
0.827499, 0.859286
0.846889, 0.846889
0.866272, 0.833235
0.885681, 0.818198
0.129612, 0.835876
0.148199, 0.851801
0.166765, 0.866272
0.185335, 0.87943
0.203905, 0.891412
0.222471, 0.902323
0.241031, 0.912251
0.259583, 0.921269
0.278127, 0.929436
0.296662, 0.936803
0.315186, 0.943412
0.333701, 0.949299
0.352206, 0.954494
0.370702, 0.959024
0.38919, 0.96291
0.40767, 0.966169
0.426144, 0.968817
0.444613, 0.970864
0.463078, 0.972321
0.481539, 0.973192
0.5, 0.973483
0.518461, 0.973192
0.536922, 0.972321
0.555387, 0.970864
0.573856, 0.968817
0.59233, 0.966169
0.61081, 0.96291
0.629298, 0.959024
0.647794, 0.954494
0.666299, 0.949299
0.684814, 0.943412
0.703338, 0.936803
0.721873, 0.929436
0.740417, 0.921269
0.758969, 0.912251
0.777529, 0.902323
0.796095, 0.891412
0.814665, 0.87943
0.833235, 0.866272
0.851801, 0.851801
0.870388, 0.835876
0.146447, 0.853553
0.164124, 0.870388
0.181802, 0.885681
0.19948, 0.899609
0.217157, 0.912311
0.234835, 0.923896
0.252513, 0.934454
0.27019, 0.944058
0.287868, 0.952769
0.305546, 0.960638
0.323223, 0.967707
0.340901, 0.974012
0.358579, 0.979583
0.376256, 0.984446
0.393934, 0.988621
0.411612, 0.992125
0.429289, 0.994975
0.446967, 0.99718
0.464645, 0.998748
0.482322, 0.999687
0.5, 1
0.517678, 0.999687
0.535355, 0.998748
0.553033, 0.99718
0.570711, 0.994975
0.588388, 0.992125
0.606066, 0.988621
0.623744, 0.984446
0.641421, 0.979583
0.659099, 0.974012
0.676777, 0.967707
0.694454, 0.960638
0.712132, 0.952769
0.72981, 0.944058
0.747487, 0.934454
0.765165, 0.923896
0.782843, 0.912311
0.80052, 0.899609
0.818198, 0.885681
0.835876, 0.870388
0.853553, 0.853553
0.146909, 0.146909
0.165042, 0.131302
0.183176, 0.117114
0.20131, 0.104192
0.219443, 0.092414
0.237572, 0.0816825
0.255697, 0.0719169
0.273818, 0.0630511
0.291934, 0.0550298
0.310046, 0.0478066
0.328152, 0.0413428
0.346255, 0.0356054
0.364353, 0.0305668
0.382447, 0.0262039
0.400538, 0.0224974
0.418626, 0.0194314
0.436712, 0.0169933
0.454795, 0.0151731
0.472878, 0.0139636
0.490959, 0.01336
0.509041, 0.01336
0.527122, 0.0139636
0.545205, 0.0151731
0.563288, 0.0169933
0.581374, 0.0194314
0.599462, 0.0224974
0.617553, 0.0262039
0.635647, 0.0305668
0.653745, 0.0356054
0.671848, 0.0413428
0.689954, 0.0478066
0.708066, 0.0550298
0.726182, 0.0630511
0.744303, 0.0719169
0.762428, 0.0816825
0.780557, 0.092414
0.79869, 0.104192
0.816824, 0.117114
0.834958, 0.131302
0.853091, 0.146909
0.131302, 0.165042
0.150277, 0.150277
0.169261, 0.136873
0.188248, 0.124684
0.207233, 0.113591
0.22621, 0.1035
0.245177, 0.0943304
0.264131, 0.0860179
0.283071, 0.0785073
0.301996, 0.0717525
0.320906, 0.0657143
0.339801, 0.06036
0.358683, 0.0556616
0.377552, 0.0515962
0.39641, 0.0481443
0.415258, 0.0452902
0.434098, 0.0430214
0.452931, 0.041328
0.471761, 0.040203
0.490587, 0.0396416
0.509413, 0.0396416
0.528239, 0.040203
0.547069, 0.041328
0.565902, 0.0430214
0.584742, 0.0452902
0.60359, 0.0481443
0.622448, 0.0515962
0.641317, 0.0556616
0.660199, 0.06036
0.679094, 0.0657143
0.698004, 0.0717525
0.716929, 0.0785073
0.735869, 0.0860179
0.754823, 0.0943304
0.77379, 0.1035
0.792767, 0.113591
0.811752, 0.124684
0.830739, 0.136873
0.849723, 0.150277
0.868698, 0.165042
0.117114, 0.183176
0.136873, 0.169261
0.156647, 0.156647
0.176424, 0.145194
0.196194, 0.134786
0.215949, 0.12533
0.235682, 0.116746
0.25539, 0.108968
0.275071, 0.101943
0.294725, 0.0956242
0.314352, 0.0899728
0.333955, 0.0849573
0.353536, 0.0805514
0.373098, 0.0767339
0.392645, 0.0734881
0.412179, 0.0708005
0.431704, 0.0686612
0.451222, 0.0670627
0.470735, 0.0659997
0.490245, 0.065469
0.509755, 0.065469
0.529265, 0.0659997
0.548778, 0.0670627
0.568296, 0.0686612
0.587821, 0.0708005
0.607355, 0.0734881
0.626902, 0.0767339
0.646464, 0.0805514
0.666045, 0.0849573
0.685648, 0.0899728
0.705275, 0.0956242
0.724929, 0.101943
0.74461, 0.108968
0.764318, 0.116746
0.784051, 0.12533
0.803806, 0.134786
0.823576, 0.145194
0.843353, 0.156647
0.863127, 0.169261
0.882886, 0.183176
0.104192, 0.20131
0.124684, 0.188248
0.145194, 0.176424
0.165703, 0.165703
0.186194, 0.155969
0.206654, 0.147127
0.227075, 0.139098
0.247451, 0.131814
0.267783, 0.125219
0.288072, 0.119268
0.308323, 0.113923
0.328542, 0.109156
0.348736, 0.104944
0.368914, 0.101274
0.389083, 0.0981359
0.409247, 0.0955235
0.42941, 0.0934342
0.449576, 0.0918672
0.469744, 0.0908223
0.489914, 0.0902997
0.510086, 0.0902997
0.530256, 0.0908223
0.550424, 0.0918672
0.57059, 0.0934342
0.590753, 0.0955235
0.610917, 0.0981359
0.631086, 0.101274
0.651264, 0.104944
0.671458, 0.109156
0.691677, 0.113923
0.711928, 0.119268
0.732217, 0.125219
0.752549, 0.131814
0.772925, 0.139098
0.793346, 0.147127
0.813806, 0.155969
0.834297, 0.165703
0.854806, 0.176424
0.875316, 0.188248
0.895808, 0.20131
0.092414, 0.219443
0.113591, 0.207233
0.134786, 0.196194
0.155969, 0.186194
0.177114, 0.177114
0.198202, 0.168855
0.219222, 0.161334
0.240169, 0.154477
0.261044, 0.148227
0.281856, 0.142535
0.30262, 0.13737
0.323352, 0.132711
0.344071, 0.12855
0.364793, 0.124887
0.385532, 0.121727
0.406294, 0.119079
0.427082, 0.116951
0.447896, 0.115349
0.468729, 0.114278
0.489575, 0.113742
0.510425, 0.113742
0.531271, 0.114278
0.552104, 0.115349
0.572918, 0.116951
0.593706, 0.119079
0.614468, 0.121727
0.635207, 0.124887
0.655929, 0.12855
0.676648, 0.132711
0.69738, 0.13737
0.718144, 0.142535
0.738956, 0.148227
0.759831, 0.154477
0.780778, 0.161334
0.801798, 0.168855
0.822886, 0.177114
0.844031, 0.186194
0.865214, 0.196194
0.886409, 0.207233
0.907586, 0.219443
0.0816825, 0.237572
0.1035, 0.22621
0.12533, 0.215949
0.147127, 0.206654
0.168855, 0.198202
0.190486, 0.190486
0.212003, 0.183412
0.233402, 0.176898
0.254692, 0.170881
0.275897, 0.16532
0.297056, 0.160198
0.318207, 0.155522
0.339387, 0.151312
0.360622, 0.147593
0.381922, 0.144388
0.403289, 0.14171
0.424716, 0.139568
0.446191, 0.137963
0.467701, 0.136896
0.489231, 0.136363
0.510769, 0.136363
0.532299, 0.136896
0.553809, 0.137963
0.575284, 0.139568
0.596711, 0.14171
0.618078, 0.144388
0.639378, 0.147593
0.660613, 0.151312
0.681793, 0.155522
0.702944, 0.160198
0.724103, 0.16532
0.745308, 0.170881
0.766598, 0.176898
0.787997, 0.183412
0.809514, 0.190486
0.831145, 0.198202
0.852873, 0.206654
0.87467, 0.215949
0.8965, 0.22621
0.918318, 0.237572
0.0719169, 0.255697
0.0943304, 0.245177
0.116746, 0.235682
0.139098, 0.227075
0.161334, 0.219222
0.183412, 0.212003
0.205308, 0.205308
0.227023, 0.199046
0.248592, 0.193161
0.270078, 0.187642
0.291563, 0.182522
0.313116, 0.177856
0.334779, 0.173697
0.356565, 0.170079
0.378464, 0.167015
0.400456, 0.1645
0.422517, 0.162518
0.444625, 0.161053
0.466764, 0.160087
0.48892, 0.159607
0.51108, 0.159607
0.533236, 0.160087
0.555375, 0.161053
0.577483, 0.162518
0.599544, 0.1645
0.621536, 0.167015
0.643435, 0.170079
0.665221, 0.173697
0.686884, 0.177856
0.708437, 0.182522
0.729922, 0.187642
0.751408, 0.193161
0.772977, 0.199046
0.794692, 0.205308
0.816588, 0.212003
0.838666, 0.219222
0.860902, 0.227075
0.883254, 0.235682
0.90567, 0.245177
0.928083, 0.255697
0.0630511, 0.273818
0.0860179, 0.264131
0.108968, 0.25539
0.131814, 0.247451
0.154477, 0.240169
0.176898, 0.233402
0.199046, 0.227023
0.220947, 0.220947
0.242697, 0.21516
0.264435, 0.209725
0.286289, 0.204746
0.308328, 0.200311
0.33056, 0.196463
0.352955, 0.193205
0.375469, 0.190512
0.398059, 0.188346
0.420692, 0.186667
0.443346, 0.185442
0.466007, 0.184641
0.488669, 0.184246
0.511331, 0.184246
0.533993, 0.184641
0.556654, 0.185442
0.579308, 0.186667
0.601941, 0.188346
0.624531, 0.190512
0.647045, 0.193205
0.66944, 0.196463
0.691672, 0.200311
0.713711, 0.204746
0.735565, 0.209725
0.757303, 0.21516
0.779053, 0.220947
0.800954, 0.227023
0.823102, 0.233402
0.845523, 0.240169
0.868186, 0.247451
0.891032, 0.25539
0.913982, 0.264131
0.936949, 0.273818
0.0550298, 0.291934
0.0785073, 0.283071
0.101943, 0.275071
0.125219, 0.267783
0.148227, 0.261044
0.170881, 0.254692
0.193161, 0.248592
0.21516, 0.242697
0.237085, 0.237085
0.259157, 0.231911
0.2815, 0.227311
0.304128, 0.223348
0.326982, 0.220013
0.349986, 0.217264
0.37307, 0.215042
0.396183, 0.213289
0.419292, 0.211955
0.442379, 0.210994
0.46544, 0.210373
0.488482, 0.210068
0.511518, 0.210068
0.53456, 0.210373
0.557621, 0.210994
0.580708, 0.211955
0.603817, 0.213289
0.62693, 0.215042
0.650014, 0.217264
0.673018, 0.220013
0.695872, 0.223348
0.7185, 0.227311
0.740843, 0.231911
0.762915, 0.237085
0.78484, 0.242697
0.806839, 0.248592
0.829119, 0.254692
0.851773, 0.261044
0.874781, 0.267783
0.898057, 0.275071
0.921493, 0.283071
0.94497, 0.291934
0.0478066, 0.310046
0.0717525, 0.301996
0.0956242, 0.294725
0.119268, 0.288072
0.142535, 0.281856
0.16532, 0.275897
0.187642, 0.270078
0.209725, 0.264435
0.231911, 0.259157
0.254445, 0.254445
0.277379, 0.250404
0.300636, 0.247032
0.324099, 0.244275
0.34766, 0.242059
0.371242, 0.240313
0.39479, 0.23897
0.418276, 0.23797
0.441691, 0.237265
0.465043, 0.236816
0.488353, 0.236598
0.511647, 0.236598
0.534957, 0.236816
0.558309, 0.237265
0.581724, 0.23797
0.60521, 0.23897
0.628758, 0.240313
0.65234, 0.242059
0.675901, 0.244275
0.699364, 0.247032
0.722621, 0.250404
0.745555, 0.254445
0.768089, 0.259157
0.790275, 0.264435
0.812358, 0.270078
0.83468, 0.275897
0.857465, 0.281856
0.880732, 0.288072
0.904376, 0.294725
0.928248, 0.301996
0.952193, 0.310046
0.0413428, 0.328152
0.0657143, 0.320906
0.0899728, 0.314352
0.113923, 0.308323
0.13737, 0.30262
0.160198, 0.297056
0.182522, 0.291563
0.204746, 0.286289
0.227311, 0.2815
0.250404, 0.277379
0.273962, 0.273962
0.297828, 0.271194
0.321849, 0.268996
0.345905, 0.267285
0.369909, 0.265982
0.393811, 0.265013
0.417586, 0.264315
0.441237, 0.263836
0.464786, 0.263537
0.48827, 0.263394
0.51173, 0.263394
0.535214, 0.263537
0.558763, 0.263836
0.582414, 0.264315
0.606189, 0.265013
0.630091, 0.265982
0.654095, 0.267285
0.678151, 0.268996
0.702172, 0.271194
0.726038, 0.273962
0.749596, 0.277379
0.772689, 0.2815
0.795254, 0.286289
0.817478, 0.291563
0.839802, 0.297056
0.86263, 0.30262
0.886077, 0.308323
0.910027, 0.314352
0.934286, 0.320906
0.958657, 0.328152
0.0356054, 0.346255
0.06036, 0.339801
0.0849573, 0.333955
0.109156, 0.328542
0.132711, 0.323352
0.155522, 0.318207
0.177856, 0.313116
0.200311, 0.308328
0.223348, 0.304128
0.247032, 0.300636
0.271194, 0.297828
0.295624, 0.295624
0.320147, 0.293935
0.344631, 0.292675
0.368987, 0.291757
0.393164, 0.291102
0.417147, 0.290642
0.440955, 0.290327
0.464629, 0.290126
0.488219, 0.290028
0.511781, 0.290028
0.535371, 0.290126
0.559045, 0.290327
0.582853, 0.290642
0.606836, 0.291102
0.631013, 0.291757
0.655369, 0.292675
0.679853, 0.293935
0.704376, 0.295624
0.728806, 0.297828
0.752968, 0.300636
0.776652, 0.304128
0.799689, 0.308328
0.822144, 0.313116
0.844478, 0.318207
0.867289, 0.323352
0.890844, 0.328542
0.915043, 0.333955
0.93964, 0.339801
0.964395, 0.346255
0.0305668, 0.364353
0.0556616, 0.358683
0.0805514, 0.353536
0.104944, 0.348736
0.12855, 0.344071
0.151312, 0.339387
0.173697, 0.334779
0.196463, 0.33056
0.220013, 0.326982
0.244275, 0.324099
0.268996, 0.321849
0.293935, 0.320147
0.3189, 0.3189
0.343746, 0.318016
0.368376, 0.317397
0.392743, 0.316955
0.41685, 0.316616
0.440744, 0.316343
0.464496, 0.316135
0.488173, 0.316019
0.511827, 0.316019
0.535504, 0.316135
0.559256, 0.316343
0.58315, 0.316616
0.607257, 0.316955
0.631624, 0.317397
0.656254, 0.318016
0.6811, 0.3189
0.706065, 0.320147
0.731004, 0.321849
0.755725, 0.324099
0.779987, 0.326982
0.803537, 0.33056
0.826303, 0.334779
0.848688, 0.339387
0.87145, 0.344071
0.895056, 0.348736
0.919449, 0.353536
0.944338, 0.358683
0.969433, 0.364353
0.0262039, 0.382447
0.0515962, 0.377552
0.0767339, 0.373098
0.101274, 0.368914
0.124887, 0.364793
0.147593, 0.360622
0.170079, 0.356565
0.193205, 0.352955
0.217264, 0.349986
0.242059, 0.34766
0.267285, 0.345905
0.292675, 0.344631
0.318016, 0.343746
0.343144, 0.343144
0.36795, 0.342708
0.392394, 0.342324
0.416515, 0.341912
0.440425, 0.341463
0.464252, 0.341053
0.48808, 0.340804
0.51192, 0.340804
0.535748, 0.341053
0.559575, 0.341463
0.583485, 0.341912
0.607606, 0.342324
0.63205, 0.342708
0.656856, 0.343144
0.681984, 0.343746
0.707325, 0.344631
0.732715, 0.345905
0.757941, 0.34766
0.782736, 0.349986
0.806795, 0.352955
0.829921, 0.356565
0.852407, 0.360622
0.875113, 0.364793
0.898726, 0.368914
0.923266, 0.373098
0.948404, 0.377552
0.973796, 0.382447
0.0224974, 0.400538
0.0481443, 0.39641
0.0734881, 0.392645
0.0981359, 0.389083
0.121727, 0.385532
0.144388, 0.381922
0.167015, 0.378464
0.190512, 0.375469
0.215042, 0.37307
0.240313, 0.371242
0.265982, 0.369909
0.291757, 0.368987
0.317397, 0.368376
0.342708, 0.36795
0.367554, 0.367554
0.391907, 0.36703
0.415884, 0.366282
0.439735, 0.365375
0.463705, 0.364534
0.487871, 0.364028
0.512129, 0.364028
0.536295, 0.364534
0.560265, 0.365375
0.584116, 0.366282
0.608093, 0.36703
0.632446, 0.367554
0.657292, 0.36795
0.682603, 0.368376
0.708243, 0.368987
0.734018, 0.369909
0.759687, 0.371242
0.784958, 0.37307
0.809488, 0.375469
0.832985, 0.378464
0.855612, 0.381922
0.878273, 0.385532
0.901864, 0.389083
0.926512, 0.392645
0.951856, 0.39641
0.977503, 0.400538
0.0194314, 0.418626
0.0452902, 0.415258
0.0708005, 0.412179
0.0955235, 0.409247
0.119079, 0.406294
0.14171, 0.403289
0.1645, 0.400456
0.188346, 0.398059
0.213289, 0.396183
0.23897, 0.39479
0.265013, 0.393811
0.291102, 0.393164
0.316955, 0.392743
0.342324, 0.392394
0.36703, 0.391907
0.391064, 0.391064
0.414721, 0.389798
0.438509, 0.388334
0.462784, 0.387076
0.487532, 0.386364
0.512468, 0.386364
0.537216, 0.387076
0.561491, 0.388334
0.585279, 0.389798
0.608936, 0.391064
0.63297, 0.391907
0.657676, 0.392394
0.683045, 0.392743
0.708898, 0.393164
0.734987, 0.393811
0.76103, 0.39479
0.786711, 0.396183
0.811654, 0.398059
0.8355, 0.400456
0.85829, 0.403289
0.880921, 0.406294
0.904477, 0.409247
0.929199, 0.412179
0.95471, 0.415258
0.980569, 0.418626
0.0169933, 0.436712
0.0430214, 0.434098
0.0686612, 0.431704
0.0934342, 0.42941
0.116951, 0.427082
0.139568, 0.424716
0.162518, 0.422517
0.186667, 0.420692
0.211955, 0.419292
0.23797, 0.418276
0.264315, 0.417586
0.290642, 0.417147
0.316616, 0.41685
0.341912, 0.416515
0.366282, 0.415884
0.389798, 0.414721
0.413088, 0.413088
0.436953, 0.411397
0.461712, 0.410094
0.487157, 0.40941
0.512843, 0.40941
0.538288, 0.410094
0.563047, 0.411397
0.586912, 0.413088
0.610202, 0.414721
0.633718, 0.415884
0.658088, 0.416515
0.683384, 0.41685
0.709358, 0.417147
0.735685, 0.417586
0.76203, 0.418276
0.788045, 0.419292
0.813333, 0.420692
0.837482, 0.422517
0.860432, 0.424716
0.883049, 0.427082
0.906566, 0.42941
0.931339, 0.431704
0.956979, 0.434098
0.983007, 0.436712
0.0151731, 0.454795
0.041328, 0.452931
0.0670627, 0.451222
0.0918672, 0.449576
0.115349, 0.447896
0.137963, 0.446191
0.161053, 0.444625
0.185442, 0.443346
0.210994, 0.442379
0.237265, 0.441691
0.263836, 0.441237
0.290327, 0.440955
0.316343, 0.440744
0.341463, 0.440425
0.365375, 0.439735
0.388334, 0.438509
0.411397, 0.436953
0.435518, 0.435518
0.460807, 0.434514
0.486853, 0.434014
0.513147, 0.434014
0.539193, 0.434514
0.564482, 0.435518
0.588603, 0.436953
0.611666, 0.438509
0.634625, 0.439735
0.658537, 0.440425
0.683657, 0.440744
0.709673, 0.440955
0.736164, 0.441237
0.762735, 0.441691
0.789006, 0.442379
0.814558, 0.443346
0.838947, 0.444625
0.862037, 0.446191
0.884651, 0.447896
0.908133, 0.449576
0.932937, 0.451222
0.958672, 0.452931
0.984827, 0.454795
0.0139636, 0.472878
0.040203, 0.471761
0.0659997, 0.470735
0.0908223, 0.469744
0.114278, 0.468729
0.136896, 0.467701
0.160087, 0.466764
0.184641, 0.466007
0.210373, 0.46544
0.236816, 0.465043
0.263537, 0.464786
0.290126, 0.464629
0.316135, 0.464496
0.341053, 0.464252
0.364534, 0.463705
0.387076, 0.462784
0.410094, 0.461712
0.434514, 0.460807
0.460208, 0.460208
0.486656, 0.459917
0.513344, 0.459917
0.539792, 0.460208
0.565486, 0.460807
0.589906, 0.461712
0.612924, 0.462784
0.635466, 0.463705
0.658947, 0.464252
0.683865, 0.464496
0.709874, 0.464629
0.736463, 0.464786
0.763184, 0.465043
0.789627, 0.46544
0.815359, 0.466007
0.839913, 0.466764
0.863104, 0.467701
0.885722, 0.468729
0.909178, 0.469744
0.934, 0.470735
0.959797, 0.471761
0.986036, 0.472878
0.01336, 0.490959
0.0396416, 0.490587
0.065469, 0.490245
0.0902997, 0.489914
0.113742, 0.489575
0.136363, 0.489231
0.159607, 0.48892
0.184246, 0.488669
0.210068, 0.488482
0.236598, 0.488353
0.263394, 0.48827
0.290028, 0.488219
0.316019, 0.488173
0.340804, 0.48808
0.364028, 0.487871
0.386364, 0.487532
0.40941, 0.487157
0.434014, 0.486853
0.459917, 0.486656
0.486561, 0.486561
0.513439, 0.486561
0.540083, 0.486656
0.565986, 0.486853
0.59059, 0.487157
0.613636, 0.487532
0.635972, 0.487871
0.659196, 0.48808
0.683981, 0.488173
0.709972, 0.488219
0.736606, 0.48827
0.763402, 0.488353
0.789932, 0.488482
0.815754, 0.488669
0.840393, 0.48892
0.863637, 0.489231
0.886258, 0.489575
0.9097, 0.489914
0.934531, 0.490245
0.960358, 0.490587
0.98664, 0.490959
0.01336, 0.509041
0.0396416, 0.509413
0.065469, 0.509755
0.0902997, 0.510086
0.113742, 0.510425
0.136363, 0.510769
0.159607, 0.51108
0.184246, 0.511331
0.210068, 0.511518
0.236598, 0.511647
0.263394, 0.51173
0.290028, 0.511781
0.316019, 0.511827
0.340804, 0.51192
0.364028, 0.512129
0.386364, 0.512468
0.40941, 0.512843
0.434014, 0.513147
0.459917, 0.513344
0.486561, 0.513439
0.513439, 0.513439
0.540083, 0.513344
0.565986, 0.513147
0.59059, 0.512843
0.613636, 0.512468
0.635972, 0.512129
0.659196, 0.51192
0.683981, 0.511827
0.709972, 0.511781
0.736606, 0.51173
0.763402, 0.511647
0.789932, 0.511518
0.815754, 0.511331
0.840393, 0.51108
0.863637, 0.510769
0.886258, 0.510425
0.9097, 0.510086
0.934531, 0.509755
0.960358, 0.509413
0.98664, 0.509041
0.0139636, 0.527122
0.040203, 0.528239
0.0659997, 0.529265
0.0908223, 0.530256
0.114278, 0.531271
0.136896, 0.532299
0.160087, 0.533236
0.184641, 0.533993
0.210373, 0.53456
0.236816, 0.534957
0.263537, 0.535214
0.290126, 0.535371
0.316135, 0.535504
0.341053, 0.535748
0.364534, 0.536295
0.387076, 0.537216
0.410094, 0.538288
0.434514, 0.539193
0.460208, 0.539792
0.486656, 0.540083
0.513344, 0.540083
0.539792, 0.539792
0.565486, 0.539193
0.589906, 0.538288
0.612924, 0.537216
0.635466, 0.536295
0.658947, 0.535748
0.683865, 0.535504
0.709874, 0.535371
0.736463, 0.535214
0.763184, 0.534957
0.789627, 0.53456
0.815359, 0.533993
0.839913, 0.533236
0.863104, 0.532299
0.885722, 0.531271
0.909178, 0.530256
0.934, 0.529265
0.959797, 0.528239
0.986036, 0.527122
0.0151731, 0.545205
0.041328, 0.547069
0.0670627, 0.548778
0.0918672, 0.550424
0.115349, 0.552104
0.137963, 0.553809
0.161053, 0.555375
0.185442, 0.556654
0.210994, 0.557621
0.237265, 0.558309
0.263836, 0.558763
0.290327, 0.559045
0.316343, 0.559256
0.341463, 0.559575
0.365375, 0.560265
0.388334, 0.561491
0.411397, 0.563047
0.435518, 0.564482
0.460807, 0.565486
0.486853, 0.565986
0.513147, 0.565986
0.539193, 0.565486
0.564482, 0.564482
0.588603, 0.563047
0.611666, 0.561491
0.634625, 0.560265
0.658537, 0.559575
0.683657, 0.559256
0.709673, 0.559045
0.736164, 0.558763
0.762735, 0.558309
0.789006, 0.557621
0.814558, 0.556654
0.838947, 0.555375
0.862037, 0.553809
0.884651, 0.552104
0.908133, 0.550424
0.932937, 0.548778
0.958672, 0.547069
0.984827, 0.545205
0.0169933, 0.563288
0.0430214, 0.565902
0.0686612, 0.568296
0.0934342, 0.57059
0.116951, 0.572918
0.139568, 0.575284
0.162518, 0.577483
0.186667, 0.579308
0.211955, 0.580708
0.23797, 0.581724
0.264315, 0.582414
0.290642, 0.582853
0.316616, 0.58315
0.341912, 0.583485
0.366282, 0.584116
0.389798, 0.585279
0.413088, 0.586912
0.436953, 0.588603
0.461712, 0.589906
0.487157, 0.59059
0.512843, 0.59059
0.538288, 0.589906
0.563047, 0.588603
0.586912, 0.586912
0.610202, 0.585279
0.633718, 0.584116
0.658088, 0.583485
0.683384, 0.58315
0.709358, 0.582853
0.735685, 0.582414
0.76203, 0.581724
0.788045, 0.580708
0.813333, 0.579308
0.837482, 0.577483
0.860432, 0.575284
0.883049, 0.572918
0.906566, 0.57059
0.931339, 0.568296
0.956979, 0.565902
0.983007, 0.563288
0.0194314, 0.581374
0.0452902, 0.584742
0.0708005, 0.587821
0.0955235, 0.590753
0.119079, 0.593706
0.14171, 0.596711
0.1645, 0.599544
0.188346, 0.601941
0.213289, 0.603817
0.23897, 0.60521
0.265013, 0.606189
0.291102, 0.606836
0.316955, 0.607257
0.342324, 0.607606
0.36703, 0.608093
0.391064, 0.608936
0.414721, 0.610202
0.438509, 0.611666
0.462784, 0.612924
0.487532, 0.613636
0.512468, 0.613636
0.537216, 0.612924
0.561491, 0.611666
0.585279, 0.610202
0.608936, 0.608936
0.63297, 0.608093
0.657676, 0.607606
0.683045, 0.607257
0.708898, 0.606836
0.734987, 0.606189
0.76103, 0.60521
0.786711, 0.603817
0.811654, 0.601941
0.8355, 0.599544
0.85829, 0.596711
0.880921, 0.593706
0.904477, 0.590753
0.929199, 0.587821
0.95471, 0.584742
0.980569, 0.581374
0.0224974, 0.599462
0.0481443, 0.60359
0.0734881, 0.607355
0.0981359, 0.610917
0.121727, 0.614468
0.144388, 0.618078
0.167015, 0.621536
0.190512, 0.624531
0.215042, 0.62693
0.240313, 0.628758
0.265982, 0.630091
0.291757, 0.631013
0.317397, 0.631624
0.342708, 0.63205
0.367554, 0.632446
0.391907, 0.63297
0.415884, 0.633718
0.439735, 0.634625
0.463705, 0.635466
0.487871, 0.635972
0.512129, 0.635972
0.536295, 0.635466
0.560265, 0.634625
0.584116, 0.633718
0.608093, 0.63297
0.632446, 0.632446
0.657292, 0.63205
0.682603, 0.631624
0.708243, 0.631013
0.734018, 0.630091
0.759687, 0.628758
0.784958, 0.62693
0.809488, 0.624531
0.832985, 0.621536
0.855612, 0.618078
0.878273, 0.614468
0.901864, 0.610917
0.926512, 0.607355
0.951856, 0.60359
0.977503, 0.599462
0.0262039, 0.617553
0.0515962, 0.622448
0.0767339, 0.626902
0.101274, 0.631086
0.124887, 0.635207
0.147593, 0.639378
0.170079, 0.643435
0.193205, 0.647045
0.217264, 0.650014
0.242059, 0.65234
0.267285, 0.654095
0.292675, 0.655369
0.318016, 0.656254
0.343144, 0.656856
0.36795, 0.657292
0.392394, 0.657676
0.416515, 0.658088
0.440425, 0.658537
0.464252, 0.658947
0.48808, 0.659196
0.51192, 0.659196
0.535748, 0.658947
0.559575, 0.658537
0.583485, 0.658088
0.607606, 0.657676
0.63205, 0.657292
0.656856, 0.656856
0.681984, 0.656254
0.707325, 0.655369
0.732715, 0.654095
0.757941, 0.65234
0.782736, 0.650014
0.806795, 0.647045
0.829921, 0.643435
0.852407, 0.639378
0.875113, 0.635207
0.898726, 0.631086
0.923266, 0.626902
0.948404, 0.622448
0.973796, 0.617553
0.0305668, 0.635647
0.0556616, 0.641317
0.0805514, 0.646464
0.104944, 0.651264
0.12855, 0.655929
0.151312, 0.660613
0.173697, 0.665221
0.196463, 0.66944
0.220013, 0.673018
0.244275, 0.675901
0.268996, 0.678151
0.293935, 0.679853
0.3189, 0.6811
0.343746, 0.681984
0.368376, 0.682603
0.392743, 0.683045
0.41685, 0.683384
0.440744, 0.683657
0.464496, 0.683865
0.488173, 0.683981
0.511827, 0.683981
0.535504, 0.683865
0.559256, 0.683657
0.58315, 0.683384
0.607257, 0.683045
0.631624, 0.682603
0.656254, 0.681984
0.6811, 0.6811
0.706065, 0.679853
0.731004, 0.678151
0.755725, 0.675901
0.779987, 0.673018
0.803537, 0.66944
0.826303, 0.665221
0.848688, 0.660613
0.87145, 0.655929
0.895056, 0.651264
0.919449, 0.646464
0.944338, 0.641317
0.969433, 0.635647
0.0356054, 0.653745
0.06036, 0.660199
0.0849573, 0.666045
0.109156, 0.671458
0.132711, 0.676648
0.155522, 0.681793
0.177856, 0.686884
0.200311, 0.691672
0.223348, 0.695872
0.247032, 0.699364
0.271194, 0.702172
0.295624, 0.704376
0.320147, 0.706065
0.344631, 0.707325
0.368987, 0.708243
0.393164, 0.708898
0.417147, 0.709358
0.440955, 0.709673
0.464629, 0.709874
0.488219, 0.709972
0.511781, 0.709972
0.535371, 0.709874
0.559045, 0.709673
0.582853, 0.709358
0.606836, 0.708898
0.631013, 0.708243
0.655369, 0.707325
0.679853, 0.706065
0.704376, 0.704376
0.728806, 0.702172
0.752968, 0.699364
0.776652, 0.695872
0.799689, 0.691672
0.822144, 0.686884
0.844478, 0.681793
0.867289, 0.676648
0.890844, 0.671458
0.915043, 0.666045
0.93964, 0.660199
0.964395, 0.653745
0.0413428, 0.671848
0.0657143, 0.679094
0.0899728, 0.685648
0.113923, 0.691677
0.13737, 0.69738
0.160198, 0.702944
0.182522, 0.708437
0.204746, 0.713711
0.227311, 0.7185
0.250404, 0.722621
0.273962, 0.726038
0.297828, 0.728806
0.321849, 0.731004
0.345905, 0.732715
0.369909, 0.734018
0.393811, 0.734987
0.417586, 0.735685
0.441237, 0.736164
0.464786, 0.736463
0.48827, 0.736606
0.51173, 0.736606
0.535214, 0.736463
0.558763, 0.736164
0.582414, 0.735685
0.606189, 0.734987
0.630091, 0.734018
0.654095, 0.732715
0.678151, 0.731004
0.702172, 0.728806
0.726038, 0.726038
0.749596, 0.722621
0.772689, 0.7185
0.795254, 0.713711
0.817478, 0.708437
0.839802, 0.702944
0.86263, 0.69738
0.886077, 0.691677
0.910027, 0.685648
0.934286, 0.679094
0.958657, 0.671848
0.0478066, 0.689954
0.0717525, 0.698004
0.0956242, 0.705275
0.119268, 0.711928
0.142535, 0.718144
0.16532, 0.724103
0.187642, 0.729922
0.209725, 0.735565
0.231911, 0.740843
0.254445, 0.745555
0.277379, 0.749596
0.300636, 0.752968
0.324099, 0.755725
0.34766, 0.757941
0.371242, 0.759687
0.39479, 0.76103
0.418276, 0.76203
0.441691, 0.762735
0.465043, 0.763184
0.488353, 0.763402
0.511647, 0.763402
0.534957, 0.763184
0.558309, 0.762735
0.581724, 0.76203
0.60521, 0.76103
0.628758, 0.759687
0.65234, 0.757941
0.675901, 0.755725
0.699364, 0.752968
0.722621, 0.749596
0.745555, 0.745555
0.768089, 0.740843
0.790275, 0.735565
0.812358, 0.729922
0.83468, 0.724103
0.857465, 0.718144
0.880732, 0.711928
0.904376, 0.705275
0.928248, 0.698004
0.952193, 0.689954
0.0550298, 0.708066
0.0785073, 0.716929
0.101943, 0.724929
0.125219, 0.732217
0.148227, 0.738956
0.170881, 0.745308
0.193161, 0.751408
0.21516, 0.757303
0.237085, 0.762915
0.259157, 0.768089
0.2815, 0.772689
0.304128, 0.776652
0.326982, 0.779987
0.349986, 0.782736
0.37307, 0.784958
0.396183, 0.786711
0.419292, 0.788045
0.442379, 0.789006
0.46544, 0.789627
0.488482, 0.789932
0.511518, 0.789932
0.53456, 0.789627
0.557621, 0.789006
0.580708, 0.788045
0.603817, 0.786711
0.62693, 0.784958
0.650014, 0.782736
0.673018, 0.779987
0.695872, 0.776652
0.7185, 0.772689
0.740843, 0.768089
0.762915, 0.762915
0.78484, 0.757303
0.806839, 0.751408
0.829119, 0.745308
0.851773, 0.738956
0.874781, 0.732217
0.898057, 0.724929
0.921493, 0.716929
0.94497, 0.708066
0.0630511, 0.726182
0.0860179, 0.735869
0.108968, 0.74461
0.131814, 0.752549
0.154477, 0.759831
0.176898, 0.766598
0.199046, 0.772977
0.220947, 0.779053
0.242697, 0.78484
0.264435, 0.790275
0.286289, 0.795254
0.308328, 0.799689
0.33056, 0.803537
0.352955, 0.806795
0.375469, 0.809488
0.398059, 0.811654
0.420692, 0.813333
0.443346, 0.814558
0.466007, 0.815359
0.488669, 0.815754
0.511331, 0.815754
0.533993, 0.815359
0.556654, 0.814558
0.579308, 0.813333
0.601941, 0.811654
0.624531, 0.809488
0.647045, 0.806795
0.66944, 0.803537
0.691672, 0.799689
0.713711, 0.795254
0.735565, 0.790275
0.757303, 0.78484
0.779053, 0.779053
0.800954, 0.772977
0.823102, 0.766598
0.845523, 0.759831
0.868186, 0.752549
0.891032, 0.74461
0.913982, 0.735869
0.936949, 0.726182
0.0719169, 0.744303
0.0943304, 0.754823
0.116746, 0.764318
0.139098, 0.772925
0.161334, 0.780778
0.183412, 0.787997
0.205308, 0.794692
0.227023, 0.800954
0.248592, 0.806839
0.270078, 0.812358
0.291563, 0.817478
0.313116, 0.822144
0.334779, 0.826303
0.356565, 0.829921
0.378464, 0.832985
0.400456, 0.8355
0.422517, 0.837482
0.444625, 0.838947
0.466764, 0.839913
0.48892, 0.840393
0.51108, 0.840393
0.533236, 0.839913
0.555375, 0.838947
0.577483, 0.837482
0.599544, 0.8355
0.621536, 0.832985
0.643435, 0.829921
0.665221, 0.826303
0.686884, 0.822144
0.708437, 0.817478
0.729922, 0.812358
0.751408, 0.806839
0.772977, 0.800954
0.794692, 0.794692
0.816588, 0.787997
0.838666, 0.780778
0.860902, 0.772925
0.883254, 0.764318
0.90567, 0.754823
0.928083, 0.744303
0.0816825, 0.762428
0.1035, 0.77379
0.12533, 0.784051
0.147127, 0.793346
0.168855, 0.801798
0.190486, 0.809514
0.212003, 0.816588
0.233402, 0.823102
0.254692, 0.829119
0.275897, 0.83468
0.297056, 0.839802
0.318207, 0.844478
0.339387, 0.848688
0.360622, 0.852407
0.381922, 0.855612
0.403289, 0.85829
0.424716, 0.860432
0.446191, 0.862037
0.467701, 0.863104
0.489231, 0.863637
0.510769, 0.863637
0.532299, 0.863104
0.553809, 0.862037
0.575284, 0.860432
0.596711, 0.85829
0.618078, 0.855612
0.639378, 0.852407
0.660613, 0.848688
0.681793, 0.844478
0.702944, 0.839802
0.724103, 0.83468
0.745308, 0.829119
0.766598, 0.823102
0.787997, 0.816588
0.809514, 0.809514
0.831145, 0.801798
0.852873, 0.793346
0.87467, 0.784051
0.8965, 0.77379
0.918318, 0.762428
0.092414, 0.780557
0.113591, 0.792767
0.134786, 0.803806
0.155969, 0.813806
0.177114, 0.822886
0.198202, 0.831145
0.219222, 0.838666
0.240169, 0.845523
0.261044, 0.851773
0.281856, 0.857465
0.30262, 0.86263
0.323352, 0.867289
0.344071, 0.87145
0.364793, 0.875113
0.385532, 0.878273
0.406294, 0.880921
0.427082, 0.883049
0.447896, 0.884651
0.468729, 0.885722
0.489575, 0.886258
0.510425, 0.886258
0.531271, 0.885722
0.552104, 0.884651
0.572918, 0.883049
0.593706, 0.880921
0.614468, 0.878273
0.635207, 0.875113
0.655929, 0.87145
0.676648, 0.867289
0.69738, 0.86263
0.718144, 0.857465
0.738956, 0.851773
0.759831, 0.845523
0.780778, 0.838666
0.801798, 0.831145
0.822886, 0.822886
0.844031, 0.813806
0.865214, 0.803806
0.886409, 0.792767
0.907586, 0.780557
0.104192, 0.79869
0.124684, 0.811752
0.145194, 0.823576
0.165703, 0.834297
0.186194, 0.844031
0.206654, 0.852873
0.227075, 0.860902
0.247451, 0.868186
0.267783, 0.874781
0.288072, 0.880732
0.308323, 0.886077
0.328542, 0.890844
0.348736, 0.895056
0.368914, 0.898726
0.389083, 0.901864
0.409247, 0.904477
0.42941, 0.906566
0.449576, 0.908133
0.469744, 0.909178
0.489914, 0.9097
0.510086, 0.9097
0.530256, 0.909178
0.550424, 0.908133
0.57059, 0.906566
0.590753, 0.904477
0.610917, 0.901864
0.631086, 0.898726
0.651264, 0.895056
0.671458, 0.890844
0.691677, 0.886077
0.711928, 0.880732
0.732217, 0.874781
0.752549, 0.868186
0.772925, 0.860902
0.793346, 0.852873
0.813806, 0.844031
0.834297, 0.834297
0.854806, 0.823576
0.875316, 0.811752
0.895808, 0.79869
0.117114, 0.816824
0.136873, 0.830739
0.156647, 0.843353
0.176424, 0.854806
0.196194, 0.865214
0.215949, 0.87467
0.235682, 0.883254
0.25539, 0.891032
0.275071, 0.898057
0.294725, 0.904376
0.314352, 0.910027
0.333955, 0.915043
0.353536, 0.919449
0.373098, 0.923266
0.392645, 0.926512
0.412179, 0.929199
0.431704, 0.931339
0.451222, 0.932937
0.470735, 0.934
0.490245, 0.934531
0.509755, 0.934531
0.529265, 0.934
0.548778, 0.932937
0.568296, 0.931339
0.587821, 0.929199
0.607355, 0.926512
0.626902, 0.923266
0.646464, 0.919449
0.666045, 0.915043
0.685648, 0.910027
0.705275, 0.904376
0.724929, 0.898057
0.74461, 0.891032
0.764318, 0.883254
0.784051, 0.87467
0.803806, 0.865214
0.823576, 0.854806
0.843353, 0.843353
0.863127, 0.830739
0.882886, 0.816824
0.131302, 0.834958
0.150277, 0.849723
0.169261, 0.863127
0.188248, 0.875316
0.207233, 0.886409
0.22621, 0.8965
0.245177, 0.90567
0.264131, 0.913982
0.283071, 0.921493
0.301996, 0.928248
0.320906, 0.934286
0.339801, 0.93964
0.358683, 0.944338
0.377552, 0.948404
0.39641, 0.951856
0.415258, 0.95471
0.434098, 0.956979
0.452931, 0.958672
0.471761, 0.959797
0.490587, 0.960358
0.509413, 0.960358
0.528239, 0.959797
0.547069, 0.958672
0.565902, 0.956979
0.584742, 0.95471
0.60359, 0.951856
0.622448, 0.948404
0.641317, 0.944338
0.660199, 0.93964
0.679094, 0.934286
0.698004, 0.928248
0.716929, 0.921493
0.735869, 0.913982
0.754823, 0.90567
0.77379, 0.8965
0.792767, 0.886409
0.811752, 0.875316
0.830739, 0.863127
0.849723, 0.849723
0.868698, 0.834958
0.146909, 0.853091
0.165042, 0.868698
0.183176, 0.882886
0.20131, 0.895808
0.219443, 0.907586
0.237572, 0.918318
0.255697, 0.928083
0.273818, 0.936949
0.291934, 0.94497
0.310046, 0.952193
0.328152, 0.958657
0.346255, 0.964395
0.364353, 0.969433
0.382447, 0.973796
0.400538, 0.977503
0.418626, 0.980569
0.436712, 0.983007
0.454795, 0.984827
0.472878, 0.986036
0.490959, 0.98664
0.509041, 0.98664
0.527122, 0.986036
0.545205, 0.984827
0.563288, 0.983007
0.581374, 0.980569
0.599462, 0.977503
0.617553, 0.973796
0.635647, 0.969433
0.653745, 0.964395
0.671848, 0.958657
0.689954, 0.952193
0.708066, 0.94497
0.726182, 0.936949
0.744303, 0.928083
0.762428, 0.918318
0.780557, 0.907586
0.79869, 0.895808
0.816824, 0.882886
0.834958, 0.868698
0.853091, 0.853091
