0.146447, 0.146447
0.164124, 0.129612
0.181802, 0.114319
0.19948, 0.100391
0.217157, 0.0876894
0.234835, 0.0761044
0.252513, 0.0655463
0.27019, 0.055942
0.287868, 0.0472307
0.305546, 0.0393619
0.323223, 0.0322928
0.340901, 0.0259879
0.358579, 0.0204168
0.376256, 0.0155544
0.393934, 0.0113795
0.411612, 0.00787451
0.429289, 0.00502525
0.446967, 0.00282045
0.464645, 0.00125157
0.482322, 0.000312598
0.5, 0
0.517678, 0.000312598
0.535355, 0.00125157
0.553033, 0.00282045
0.570711, 0.00502525
0.588388, 0.00787451
0.606066, 0.0113795
0.623744, 0.0155544
0.641421, 0.0204168
0.659099, 0.0259879
0.676777, 0.0322928
0.694454, 0.0393619
0.712132, 0.0472307
0.72981, 0.055942
0.747487, 0.0655463
0.765165, 0.0761044
0.782843, 0.0876894
0.80052, 0.100391
0.818198, 0.114319
0.835876, 0.129612
0.853553, 0.146447
0.129612, 0.164124
0.148208, 0.148208
0.166778, 0.133743
0.185353, 0.120591
0.203926, 0.108617
0.222496, 0.0977141
0.241059, 0.0877942
0.259614, 0.0787853
0.27816, 0.0706271
0.296695, 0.0632691
0.31522, 0.0566687
0.333734, 0.0507898
0.352237, 0.0456018
0.370731, 0.0410788
0.389216, 0.0371992
0.407693, 0.0339451
0.426163, 0.0313018
0.444627, 0.0292575
0.463087, 0.0278035
0.481544, 0.0269336
0.5, 0.026644
0.518456, 0.0269336
0.536913, 0.0278035
0.555373, 0.0292575
0.573837, 0.0313018
0.592307, 0.0339451
0.610784, 0.0371992
0.629269, 0.0410788
0.647763, 0.0456018
0.666266, 0.0507898
0.68478, 0.0566687
0.703305, 0.0632691
0.72184, 0.0706271
0.740386, 0.0787853
0.758941, 0.0877942
0.777504, 0.0977141
0.796074, 0.108617
0.814647, 0.120591
0.833222, 0.133743
0.851792, 0.148208
0.870388, 0.164124
0.114319, 0.181802
0.133743, 0.166778
0.153134, 0.153134
0.172533, 0.140749
0.191931, 0.129494
0.211321, 0.119262
0.230697, 0.109968
0.250054, 0.101538
0.26939, 0.0939139
0.288704, 0.0870441
0.307995, 0.0808862
0.327264, 0.0754041
0.346512, 0.0705679
0.365741, 0.0663521
0.384953, 0.062736
0.40415, 0.0597025
0.423335, 0.0572378
0.44251, 0.0553314
0.461677, 0.0539751
0.48084, 0.0531636
0.5, 0.0528934
0.51916, 0.0531636
0.538323, 0.0539751
0.55749, 0.0553314
0.576665, 0.0572378
0.59585, 0.0597025
0.615047, 0.062736
0.634259, 0.0663521
0.653488, 0.0705679
0.672736, 0.0754041
0.692005, 0.0808862
0.711296, 0.0870441
0.73061, 0.0939139
0.749946, 0.101538
0.769303, 0.109968
0.788679, 0.119262
0.808069, 0.129494
0.827467, 0.140749
0.846866, 0.153134
0.866257, 0.166778
0.885681, 0.181802
0.100391, 0.19948
0.120591, 0.185353
0.140749, 0.172533
0.160918, 0.160918
0.181081, 0.150378
0.201224, 0.140808
0.221339, 0.132121
0.24142, 0.124244
0.261463, 0.117117
0.281468, 0.110688
0.301437, 0.104916
0.321371, 0.0997647
0.341277, 0.0952074
0.361158, 0.0912219
0.381019, 0.0877914
0.400866, 0.0849036
0.420702, 0.0825497
0.440531, 0.0807237
0.460356, 0.0794216
0.480179, 0.0786412
0.5, 0.0783812
0.519821, 0.0786412
0.539644, 0.0794216
0.559469, 0.0807237
0.579298, 0.0825497
0.599134, 0.0849036
0.618981, 0.0877914
0.638842, 0.0912219
0.658723, 0.0952074
0.678629, 0.0997647
0.698563, 0.104916
0.718532, 0.110688
0.738537, 0.117117
0.75858, 0.124244
0.778661, 0.132121
0.798776, 0.140808
0.818919, 0.150378
0.839082, 0.160918
0.859251, 0.172533
0.879409, 0.185353
0.899609, 0.19948
0.0876894, 0.217157
0.108617, 0.203926
0.129494, 0.191931
0.150378, 0.181081
0.171243, 0.171243
0.19207, 0.162312
0.212844, 0.154197
0.233559, 0.146822
0.254212, 0.140123
0.274804, 0.134047
0.295344, 0.128553
0.315841, 0.123609
0.336306, 0.119193
0.356753, 0.115293
0.377193, 0.111904
0.397636, 0.109025
0.418087, 0.10666
0.438551, 0.104814
0.459026, 0.103491
0.47951, 0.102696
0.5, 0.10243
0.52049, 0.102696
0.540974, 0.103491
0.561449, 0.104814
0.581913, 0.10666
0.602364, 0.109025
0.622807, 0.111904
0.643247, 0.115293
0.663694, 0.119193
0.684159, 0.123609
0.704656, 0.128553
0.725196, 0.134047
0.745788, 0.140123
0.766441, 0.146822
0.787156, 0.154197
0.80793, 0.162312
0.828757, 0.171243
0.849622, 0.181081
0.870506, 0.191931
0.891383, 0.203926
0.912311, 0.217157
0.0761044, 0.234835
0.0977141, 0.222496
0.119262, 0.211321
0.140808, 0.201224
0.162312, 0.19207
0.183745, 0.183745
0.205088, 0.176153
0.226332, 0.169209
0.247474, 0.162841
0.268526, 0.156993
0.289507, 0.151627
0.310444, 0.146723
0.331367, 0.142279
0.352303, 0.138305
0.373273, 0.13482
0.394291, 0.131843
0.415358, 0.129391
0.436473, 0.127474
0.457626, 0.126102
0.478806, 0.125277
0.5, 0.125002
0.521194, 0.125277
0.542374, 0.126102
0.563527, 0.127474
0.584642, 0.129391
0.605709, 0.131843
0.626727, 0.13482
0.647697, 0.138305
0.668633, 0.142279
0.689556, 0.146723
0.710493, 0.151627
0.731474, 0.156993
0.752526, 0.162841
0.773668, 0.169209
0.794912, 0.176153
0.816255, 0.183745
0.837688, 0.19207
0.859192, 0.201224
0.880738, 0.211321
0.902286, 0.222496
0.923896, 0.234835
0.0655463, 0.252513
0.0877942, 0.241059
0.109968, 0.230697
0.132121, 0.221339
0.154197, 0.212844
0.176153, 0.205088
0.19796, 0.19796
0.219605, 0.19136
0.241093, 0.185208
0.262457, 0.179452
0.283748, 0.174078
0.305031, 0.169107
0.326361, 0.164581
0.34778, 0.160547
0.369303, 0.157042
0.390927, 0.154084
0.412641, 0.151679
0.434423, 0.149823
0.456256, 0.148506
0.47812, 0.147721
0.5, 0.14746
0.52188, 0.147721
0.543744, 0.148506
0.565577, 0.149823
0.587359, 0.151679
0.609073, 0.154084
0.630697, 0.157042
0.65222, 0.160547
0.673639, 0.164581
0.694969, 0.169107
0.716252, 0.174078
0.737543, 0.179452
0.758907, 0.185208
0.780395, 0.19136
0.80204, 0.19796
0.823847, 0.205088
0.845803, 0.212844
0.867879, 0.221339
0.890032, 0.230697
0.912206, 0.241059
0.934454, 0.252513
0.055942, 0.27019
0.0787853, 0.259614
0.101538, 0.250054
0.124244, 0.24142
0.146822, 0.233559
0.169209, 0.226332
0.19136, 0.219605
0.213263, 0.213263
0.234949, 0.207229
0.256507, 0.201493
0.278054, 0.196111
0.299702, 0.191175
0.321512, 0.186769
0.343501, 0.18294
0.365645, 0.179699
0.38791, 0.177031
0.410258, 0.174906
0.432661, 0.173294
0.455094, 0.172165
0.477544, 0.171497
0.5, 0.171275
0.522456, 0.171497
0.544906, 0.172165
0.567339, 0.173294
0.589742, 0.174906
0.61209, 0.177031
0.634355, 0.179699
0.656499, 0.18294
0.678488, 0.186769
0.700298, 0.191175
0.721946, 0.196111
0.743493, 0.201493
0.765051, 0.207229
0.786737, 0.213263
0.80864, 0.219605
0.830791, 0.226332
0.853178, 0.233559
0.875756, 0.24142
0.898462, 0.250054
0.921215, 0.259614
0.944058, 0.27019
0.0472307, 0.287868
0.0706271, 0.27816
0.0939139, 0.26939
0.117117, 0.261463
0.140123, 0.254212
0.162841, 0.247474
0.185208, 0.241093
0.207229, 0.234949
0.229011, 0.229011
0.25075, 0.223367
0.272638, 0.218169
0.294784, 0.213548
0.317199, 0.209565
0.33983, 0.206216
0.362609, 0.20346
0.385475, 0.201244
0.40838, 0.199514
0.431296, 0.198221
0.454207, 0.197328
0.477107, 0.196803
0.5, 0.196631
0.522893, 0.196803
0.545793, 0.197328
0.568704, 0.198221
0.59162, 0.199514
0.614525, 0.201244
0.637391, 0.20346
0.66017, 0.206216
0.682801, 0.209565
0.705216, 0.213548
0.727362, 0.218169
0.74925, 0.223367
0.770989, 0.229011
0.792771, 0.234949
0.814792, 0.241093
0.837159, 0.247474
0.859877, 0.254212
0.882883, 0.261463
0.906086, 0.26939
0.929373, 0.27816
0.952769, 0.287868
0.0393619, 0.305546
0.0632691, 0.296695
0.0870441, 0.288704
0.110688, 0.281468
0.134047, 0.274804
0.156993, 0.268526
0.179452, 0.262457
0.201493, 0.256507
0.223367, 0.25075
0.245395, 0.245395
0.267781, 0.240641
0.290552, 0.236577
0.313624, 0.233193
0.336889, 0.230432
0.360249, 0.228219
0.383633, 0.226484
0.406995, 0.225161
0.430312, 0.224193
0.453577, 0.223536
0.4768, 0.223155
0.5, 0.22303
0.5232, 0.223155
0.546423, 0.223536
0.569688, 0.224193
0.593005, 0.225161
0.616367, 0.226484
0.639751, 0.228219
0.663111, 0.230432
0.686376, 0.233193
0.709448, 0.236577
0.732219, 0.240641
0.754605, 0.245395
0.776633, 0.25075
0.798507, 0.256507
0.820548, 0.262457
0.843007, 0.268526
0.865953, 0.274804
0.889312, 0.281468
0.912956, 0.288704
0.936731, 0.296695
0.960638, 0.305546
0.0322928, 0.323223
0.0566687, 0.31522
0.0808862, 0.307995
0.104916, 0.301437
0.128553, 0.295344
0.151627, 0.289507
0.174078, 0.283748
0.196111, 0.278054
0.218169, 0.272638
0.240641, 0.267781
0.263641, 0.263641
0.287076, 0.260228
0.310787, 0.257476
0.33463, 0.255299
0.358498, 0.253611
0.382315, 0.252333
0.406039, 0.251393
0.429654, 0.250728
0.453168, 0.250289
0.476605, 0.250039
0.5, 0.249958
0.523395, 0.250039
0.546832, 0.250289
0.570346, 0.250728
0.593961, 0.251393
0.617685, 0.252333
0.641502, 0.253611
0.66537, 0.255299
0.689213, 0.257476
0.712924, 0.260228
0.736359, 0.263641
0.759359, 0.267781
0.781831, 0.272638
0.803889, 0.278054
0.825922, 0.283748
0.848373, 0.289507
0.871447, 0.295344
0.895084, 0.301437
0.919114, 0.307995
0.943331, 0.31522
0.967707, 0.323223
0.0259879, 0.340901
0.0507898, 0.333734
0.0754041, 0.327264
0.0997647, 0.321371
0.123609, 0.315841
0.146723, 0.310444
0.169107, 0.305031
0.191175, 0.299702
0.213548, 0.294784
0.236577, 0.290552
0.260228, 0.287076
0.284305, 0.284305
0.308603, 0.282147
0.332963, 0.280508
0.357266, 0.279296
0.381437, 0.278425
0.405437, 0.277816
0.429261, 0.277404
0.452934, 0.27714
0.476496, 0.276992
0.5, 0.276945
0.523504, 0.276992
0.547066, 0.27714
0.570739, 0.277404
0.594563, 0.277816
0.618563, 0.278425
0.642734, 0.279296
0.667037, 0.280508
0.691397, 0.282147
0.715695, 0.284305
0.739772, 0.287076
0.763423, 0.290552
0.786452, 0.294784
0.808825, 0.299702
0.830893, 0.305031
0.853277, 0.310444
0.876391, 0.315841
0.900235, 0.321371
0.924596, 0.327264
0.94921, 0.333734
0.974012, 0.340901
0.0204168, 0.358579
0.0456018, 0.352237
0.0705679, 0.346512
0.0952074, 0.341277
0.119193, 0.336306
0.142279, 0.331367
0.164581, 0.326361
0.186769, 0.321512
0.209565, 0.317199
0.233193, 0.313624
0.257476, 0.310787
0.282147, 0.308603
0.306976, 0.306976
0.331788, 0.305807
0.356455, 0.304997
0.380899, 0.304451
0.405089, 0.304082
0.429041, 0.303826
0.4528, 0.303647
0.476431, 0.303535
0.5, 0.303496
0.523569, 0.303535
0.5472, 0.303647
0.570959, 0.303826
0.594911, 0.304082
0.619101, 0.304451
0.643545, 0.304997
0.668212, 0.305807
0.693024, 0.306976
0.717853, 0.308603
0.742524, 0.310787
0.766807, 0.313624
0.790435, 0.317199
0.813231, 0.321512
0.835419, 0.326361
0.857721, 0.331367
0.880807, 0.336306
0.904793, 0.341277
0.929432, 0.346512
0.954398, 0.352237
0.979583, 0.358579
0.0155544, 0.376256
0.0410788, 0.370731
0.0663521, 0.365741
0.0912219, 0.361158
0.115293, 0.356753
0.138305, 0.352303
0.160547, 0.34778
0.18294, 0.343501
0.206216, 0.33983
0.230432, 0.336889
0.255299, 0.33463
0.280508, 0.332963
0.305807, 0.331788
0.331002, 0.331002
0.35595, 0.330492
0.380571, 0.330146
0.40485, 0.329863
0.428839, 0.329585
0.452633, 0.329312
0.476332, 0.329099
0.5, 0.329017
0.523668, 0.329099
0.547367, 0.329312
0.571161, 0.329585
0.59515, 0.329863
0.619429, 0.330146
0.64405, 0.330492
0.668998, 0.331002
0.694193, 0.331788
0.719492, 0.332963
0.744701, 0.33463
0.769568, 0.336889
0.793784, 0.33983
0.81706, 0.343501
0.839453, 0.34778
0.861695, 0.352303
0.884707, 0.356753
0.908778, 0.361158
0.933648, 0.365741
0.958921, 0.370731
0.984446, 0.376256
0.0113795, 0.393934
0.0371992, 0.389216
0.062736, 0.384953
0.0877914, 0.381019
0.111904, 0.377193
0.13482, 0.373273
0.157042, 0.369303
0.179699, 0.365645
0.20346, 0.362609
0.228219, 0.360249
0.253611, 0.358498
0.279296, 0.357266
0.304997, 0.356455
0.330492, 0.35595
0.355615, 0.355615
0.380277, 0.3553
0.404494, 0.354873
0.4284, 0.354284
0.4522, 0.353619
0.476057, 0.353081
0.5, 0.352873
0.523943, 0.353081
0.5478, 0.353619
0.5716, 0.354284
0.595506, 0.354873
0.619723, 0.3553
0.644385, 0.355615
0.669508, 0.35595
0.695003, 0.356455
0.720704, 0.357266
0.746389, 0.358498
0.771781, 0.360249
0.79654, 0.362609
0.820301, 0.365645
0.842958, 0.369303
0.86518, 0.373273
0.888096, 0.377193
0.912209, 0.381019
0.937264, 0.384953
0.962801, 0.389216
0.988621, 0.393934
0.00787451, 0.411612
0.0339451, 0.407693
0.0597025, 0.40415
0.0849036, 0.400866
0.109025, 0.397636
0.131843, 0.394291
0.154084, 0.390927
0.177031, 0.38791
0.201244, 0.385475
0.226484, 0.383633
0.252333, 0.382315
0.278425, 0.381437
0.304451, 0.380899
0.330146, 0.380571
0.3553, 0.380277
0.379803, 0.379803
0.403732, 0.378966
0.427407, 0.377766
0.451245, 0.376473
0.475473, 0.375493
0.5, 0.375131
0.524527, 0.375493
0.548755, 0.376473
0.572593, 0.377766
0.596268, 0.378966
0.620197, 0.379803
0.6447, 0.380277
0.669854, 0.380571
0.695549, 0.380899
0.721575, 0.381437
0.747667, 0.382315
0.773516, 0.383633
0.798756, 0.385475
0.822969, 0.38791
0.845916, 0.390927
0.868157, 0.394291
0.890975, 0.397636
0.915096, 0.400866
0.940298, 0.40415
0.966055, 0.407693
0.992125, 0.411612
0.00502525, 0.429289
0.0313018, 0.426163
0.0572378, 0.423335
0.0825497, 0.420702
0.10666, 0.418087
0.129391, 0.415358
0.151679, 0.412641
0.174906, 0.410258
0.199514, 0.40838
0.225161, 0.406995
0.251393, 0.406039
0.277816, 0.405437
0.304082, 0.405089
0.329863, 0.40485
0.354873, 0.404494
0.378966, 0.403732
0.402373, 0.402373
0.42577, 0.400589
0.449818, 0.398886
0.474666, 0.39772
0.5, 0.397313
0.525334, 0.39772
0.550182, 0.398886
0.57423, 0.400589
0.597627, 0.402373
0.621034, 0.403732
0.645127, 0.404494
0.670137, 0.40485
0.695918, 0.405089
0.722184, 0.405437
0.748607, 0.406039
0.774839, 0.406995
0.800486, 0.40838
0.825094, 0.410258
0.848321, 0.412641
0.870609, 0.415358
0.89334, 0.418087
0.91745, 0.420702
0.942762, 0.423335
0.968698, 0.426163
0.994975, 0.429289
0.00282045, 0.446967
0.0292575, 0.444627
0.0553314, 0.44251
0.0807237, 0.440531
0.104814, 0.438551
0.127474, 0.436473
0.149823, 0.434423
0.173294, 0.432661
0.198221, 0.431296
0.224193, 0.430312
0.250728, 0.429654
0.277404, 0.429261
0.303826, 0.429041
0.329585, 0.428839
0.354284, 0.4284
0.377766, 0.427407
0.400589, 0.42577
0.423889, 0.423889
0.44837, 0.422316
0.473907, 0.421336
0.5, 0.42101
0.526093, 0.421336
0.55163, 0.422316
0.576111, 0.423889
0.599411, 0.42577
0.622234, 0.427407
0.645716, 0.4284
0.670415, 0.428839
0.696174, 0.429041
0.722596, 0.429261
0.749272, 0.429654
0.775807, 0.430312
0.801779, 0.431296
0.826706, 0.432661
0.850177, 0.434423
0.872526, 0.436473
0.895186, 0.438551
0.919276, 0.440531
0.944669, 0.44251
0.970742, 0.444627
0.99718, 0.446967
0.00125157, 0.464645
0.0278035, 0.463087
0.0539751, 0.461677
0.0794216, 0.460356
0.103491, 0.459026
0.126102, 0.457626
0.148506, 0.456256
0.172165, 0.455094
0.197328, 0.454207
0.223536, 0.453577
0.250289, 0.453168
0.27714, 0.452934
0.303647, 0.4528
0.329312, 0.452633
0.353619, 0.4522
0.376473, 0.451245
0.398886, 0.449818
0.422316, 0.44837
0.447272, 0.447272
0.473361, 0.446624
0.5, 0.446412
0.526639, 0.446624
0.552728, 0.447272
0.577684, 0.44837
0.601114, 0.449818
0.623527, 0.451245
0.646381, 0.4522
0.670688, 0.452633
0.696353, 0.4528
0.72286, 0.452934
0.749711, 0.453168
0.776464, 0.453577
0.802672, 0.454207
0.827835, 0.455094
0.851494, 0.456256
0.873898, 0.457626
0.896509, 0.459026
0.920578, 0.460356
0.946025, 0.461677
0.972196, 0.463087
0.998748, 0.464645
0.000312598, 0.482322
0.0269336, 0.481544
0.0531636, 0.48084
0.0786412, 0.480179
0.102696, 0.47951
0.125277, 0.478806
0.147721, 0.47812
0.171497, 0.477544
0.196803, 0.477107
0.223155, 0.4768
0.250039, 0.476605
0.276992, 0.476496
0.303535, 0.476431
0.329099, 0.476332
0.353081, 0.476057
0.375493, 0.475473
0.39772, 0.474666
0.421336, 0.473907
0.446624, 0.473361
0.473045, 0.473045
0.5, 0.472943
0.526955, 0.473045
0.553376, 0.473361
0.578664, 0.473907
0.60228, 0.474666
0.624507, 0.475473
0.646919, 0.476057
0.670901, 0.476332
0.696465, 0.476431
0.723008, 0.476496
0.749961, 0.476605
0.776845, 0.4768
0.803197, 0.477107
0.828503, 0.477544
0.852279, 0.47812
0.874723, 0.478806
0.897304, 0.47951
0.921359, 0.480179
0.946836, 0.48084
0.973066, 0.481544
0.999687, 0.482322
0, 0.5
0.026644, 0.5
0.0528934, 0.5
0.0783812, 0.5
0.10243, 0.5
0.125002, 0.5
0.14746, 0.5
0.171275, 0.5
0.196631, 0.5
0.22303, 0.5
0.249958, 0.5
0.276945, 0.5
0.303496, 0.5
0.329017, 0.5
0.352873, 0.5
0.375131, 0.5
0.397313, 0.5
0.42101, 0.5
0.446412, 0.5
0.472943, 0.5
0.5, 0.5
0.527057, 0.5
0.553588, 0.5
0.57899, 0.5
0.602687, 0.5
0.624869, 0.5
0.647127, 0.5
0.670983, 0.5
0.696504, 0.5
0.723055, 0.5
0.750042, 0.5
0.77697, 0.5
0.803369, 0.5
0.828725, 0.5
0.85254, 0.5
0.874998, 0.5
0.89757, 0.5
0.921619, 0.5
0.947107, 0.5
0.973356, 0.5
1, 0.5
0.000312598, 0.517678
0.0269336, 0.518456
0.0531636, 0.51916
0.0786412, 0.519821
0.102696, 0.52049
0.125277, 0.521194
0.147721, 0.52188
0.171497, 0.522456
0.196803, 0.522893
0.223155, 0.5232
0.250039, 0.523395
0.276992, 0.523504
0.303535, 0.523569
0.329099, 0.523668
0.353081, 0.523943
0.375493, 0.524527
0.39772, 0.525334
0.421336, 0.526093
0.446624, 0.526639
0.473045, 0.526955
0.5, 0.527057
0.526955, 0.526955
0.553376, 0.526639
0.578664, 0.526093
0.60228, 0.525334
0.624507, 0.524527
0.646919, 0.523943
0.670901, 0.523668
0.696465, 0.523569
0.723008, 0.523504
0.749961, 0.523395
0.776845, 0.5232
0.803197, 0.522893
0.828503, 0.522456
0.852279, 0.52188
0.874723, 0.521194
0.897304, 0.52049
0.921359, 0.519821
0.946836, 0.51916
0.973066, 0.518456
0.999687, 0.517678
0.00125157, 0.535355
0.0278035, 0.536913
0.0539751, 0.538323
0.0794216, 0.539644
0.103491, 0.540974
0.126102, 0.542374
0.148506, 0.543744
0.172165, 0.544906
0.197328, 0.545793
0.223536, 0.546423
0.250289, 0.546832
0.27714, 0.547066
0.303647, 0.5472
0.329312, 0.547367
0.353619, 0.5478
0.376473, 0.548755
0.398886, 0.550182
0.422316, 0.55163
0.447272, 0.552728
0.473361, 0.553376
0.5, 0.553588
0.526639, 0.553376
0.552728, 0.552728
0.577684, 0.55163
0.601114, 0.550182
0.623527, 0.548755
0.646381, 0.5478
0.670688, 0.547367
0.696353, 0.5472
0.72286, 0.547066
0.749711, 0.546832
0.776464, 0.546423
0.802672, 0.545793
0.827835, 0.544906
0.851494, 0.543744
0.873898, 0.542374
0.896509, 0.540974
0.920578, 0.539644
0.946025, 0.538323
0.972196, 0.536913
0.998748, 0.535355
0.00282045, 0.553033
0.0292575, 0.555373
0.0553314, 0.55749
0.0807237, 0.559469
0.104814, 0.561449
0.127474, 0.563527
0.149823, 0.565577
0.173294, 0.567339
0.198221, 0.568704
0.224193, 0.569688
0.250728, 0.570346
0.277404, 0.570739
0.303826, 0.570959
0.329585, 0.571161
0.354284, 0.5716
0.377766, 0.572593
0.400589, 0.57423
0.423889, 0.576111
0.44837, 0.577684
0.473907, 0.578664
0.5, 0.57899
0.526093, 0.578664
0.55163, 0.577684
0.576111, 0.576111
0.599411, 0.57423
0.622234, 0.572593
0.645716, 0.5716
0.670415, 0.571161
0.696174, 0.570959
0.722596, 0.570739
0.749272, 0.570346
0.775807, 0.569688
0.801779, 0.568704
0.826706, 0.567339
0.850177, 0.565577
0.872526, 0.563527
0.895186, 0.561449
0.919276, 0.559469
0.944669, 0.55749
0.970742, 0.555373
0.99718, 0.553033
0.00502525, 0.570711
0.0313018, 0.573837
0.0572378, 0.576665
0.0825497, 0.579298
0.10666, 0.581913
0.129391, 0.584642
0.151679, 0.587359
0.174906, 0.589742
0.199514, 0.59162
0.225161, 0.593005
0.251393, 0.593961
0.277816, 0.594563
0.304082, 0.594911
0.329863, 0.59515
0.354873, 0.595506
0.378966, 0.596268
0.402373, 0.597627
0.42577, 0.599411
0.449818, 0.601114
0.474666, 0.60228
0.5, 0.602687
0.525334, 0.60228
0.550182, 0.601114
0.57423, 0.599411
0.597627, 0.597627
0.621034, 0.596268
0.645127, 0.595506
0.670137, 0.59515
0.695918, 0.594911
0.722184, 0.594563
0.748607, 0.593961
0.774839, 0.593005
0.800486, 0.59162
0.825094, 0.589742
0.848321, 0.587359
0.870609, 0.584642
0.89334, 0.581913
0.91745, 0.579298
0.942762, 0.576665
0.968698, 0.573837
0.994975, 0.570711
0.00787451, 0.588388
0.0339451, 0.592307
0.0597025, 0.59585
0.0849036, 0.599134
0.109025, 0.602364
0.131843, 0.605709
0.154084, 0.609073
0.177031, 0.61209
0.201244, 0.614525
0.226484, 0.616367
0.252333, 0.617685
0.278425, 0.618563
0.304451, 0.619101
0.330146, 0.619429
0.3553, 0.619723
0.379803, 0.620197
0.403732, 0.621034
0.427407, 0.622234
0.451245, 0.623527
0.475473, 0.624507
0.5, 0.624869
0.524527, 0.624507
0.548755, 0.623527
0.572593, 0.622234
0.596268, 0.621034
0.620197, 0.620197
0.6447, 0.619723
0.669854, 0.619429
0.695549, 0.619101
0.721575, 0.618563
0.747667, 0.617685
0.773516, 0.616367
0.798756, 0.614525
0.822969, 0.61209
0.845916, 0.609073
0.868157, 0.605709
0.890975, 0.602364
0.915096, 0.599134
0.940298, 0.59585
0.966055, 0.592307
0.992125, 0.588388
0.0113795, 0.606066
0.0371992, 0.610784
0.062736, 0.615047
0.0877914, 0.618981
0.111904, 0.622807
0.13482, 0.626727
0.157042, 0.630697
0.179699, 0.634355
0.20346, 0.637391
0.228219, 0.639751
0.253611, 0.641502
0.279296, 0.642734
0.304997, 0.643545
0.330492, 0.64405
0.355615, 0.644385
0.380277, 0.6447
0.404494, 0.645127
0.4284, 0.645716
0.4522, 0.646381
0.476057, 0.646919
0.5, 0.647127
0.523943, 0.646919
0.5478, 0.646381
0.5716, 0.645716
0.595506, 0.645127
0.619723, 0.6447
0.644385, 0.644385
0.669508, 0.64405
0.695003, 0.643545
0.720704, 0.642734
0.746389, 0.641502
0.771781, 0.639751
0.79654, 0.637391
0.820301, 0.634355
0.842958, 0.630697
0.86518, 0.626727
0.888096, 0.622807
0.912209, 0.618981
0.937264, 0.615047
0.962801, 0.610784
0.988621, 0.606066
0.0155544, 0.623744
0.0410788, 0.629269
0.0663521, 0.634259
0.0912219, 0.638842
0.115293, 0.643247
0.138305, 0.647697
0.160547, 0.65222
0.18294, 0.656499
0.206216, 0.66017
0.230432, 0.663111
0.255299, 0.66537
0.280508, 0.667037
0.305807, 0.668212
0.331002, 0.668998
0.35595, 0.669508
0.380571, 0.669854
0.40485, 0.670137
0.428839, 0.670415
0.452633, 0.670688
0.476332, 0.670901
0.5, 0.670983
0.523668, 0.670901
0.547367, 0.670688
0.571161, 0.670415
0.59515, 0.670137
0.619429, 0.669854
0.64405, 0.669508
0.668998, 0.668998
0.694193, 0.668212
0.719492, 0.667037
0.744701, 0.66537
0.769568, 0.663111
0.793784, 0.66017
0.81706, 0.656499
0.839453, 0.65222
0.861695, 0.647697
0.884707, 0.643247
0.908778, 0.638842
0.933648, 0.634259
0.958921, 0.629269
0.984446, 0.623744
0.0204168, 0.641421
0.0456018, 0.647763
0.0705679, 0.653488
0.0952074, 0.658723
0.119193, 0.663694
0.142279, 0.668633
0.164581, 0.673639
0.186769, 0.678488
0.209565, 0.682801
0.233193, 0.686376
0.257476, 0.689213
0.282147, 0.691397
0.306976, 0.693024
0.331788, 0.694193
0.356455, 0.695003
0.380899, 0.695549
0.405089, 0.695918
0.429041, 0.696174
0.4528, 0.696353
0.476431, 0.696465
0.5, 0.696504
0.523569, 0.696465
0.5472, 0.696353
0.570959, 0.696174
0.594911, 0.695918
0.619101, 0.695549
0.643545, 0.695003
0.668212, 0.694193
0.693024, 0.693024
0.717853, 0.691397
0.742524, 0.689213
0.766807, 0.686376
0.790435, 0.682801
0.813231, 0.678488
0.835419, 0.673639
0.857721, 0.668633
0.880807, 0.663694
0.904793, 0.658723
0.929432, 0.653488
0.954398, 0.647763
0.979583, 0.641421
0.0259879, 0.659099
0.0507898, 0.666266
0.0754041, 0.672736
0.0997647, 0.678629
0.123609, 0.684159
0.146723, 0.689556
0.169107, 0.694969
0.191175, 0.700298
0.213548, 0.705216
0.236577, 0.709448
0.260228, 0.712924
0.284305, 0.715695
0.308603, 0.717853
0.332963, 0.719492
0.357266, 0.720704
0.381437, 0.721575
0.405437, 0.722184
0.429261, 0.722596
0.452934, 0.72286
0.476496, 0.723008
0.5, 0.723055
0.523504, 0.723008
0.547066, 0.72286
0.570739, 0.722596
0.594563, 0.722184
0.618563, 0.721575
0.642734, 0.720704
0.667037, 0.719492
0.691397, 0.717853
0.715695, 0.715695
0.739772, 0.712924
0.763423, 0.709448
0.786452, 0.705216
0.808825, 0.700298
0.830893, 0.694969
0.853277, 0.689556
0.876391, 0.684159
0.900235, 0.678629
0.924596, 0.672736
0.94921, 0.666266
0.974012, 0.659099
0.0322928, 0.676777
0.0566687, 0.68478
0.0808862, 0.692005
0.104916, 0.698563
0.128553, 0.704656
0.151627, 0.710493
0.174078, 0.716252
0.196111, 0.721946
0.218169, 0.727362
0.240641, 0.732219
0.263641, 0.736359
0.287076, 0.739772
0.310787, 0.742524
0.33463, 0.744701
0.358498, 0.746389
0.382315, 0.747667
0.406039, 0.748607
0.429654, 0.749272
0.453168, 0.749711
0.476605, 0.749961
0.5, 0.750042
0.523395, 0.749961
0.546832, 0.749711
0.570346, 0.749272
0.593961, 0.748607
0.617685, 0.747667
0.641502, 0.746389
0.66537, 0.744701
0.689213, 0.742524
0.712924, 0.739772
0.736359, 0.736359
0.759359, 0.732219
0.781831, 0.727362
0.803889, 0.721946
0.825922, 0.716252
0.848373, 0.710493
0.871447, 0.704656
0.895084, 0.698563
0.919114, 0.692005
0.943331, 0.68478
0.967707, 0.676777
0.0393619, 0.694454
0.0632691, 0.703305
0.0870441, 0.711296
0.110688, 0.718532
0.134047, 0.725196
0.156993, 0.731474
0.179452, 0.737543
0.201493, 0.743493
0.223367, 0.74925
0.245395, 0.754605
0.267781, 0.759359
0.290552, 0.763423
0.313624, 0.766807
0.336889, 0.769568
0.360249, 0.771781
0.383633, 0.773516
0.406995, 0.774839
0.430312, 0.775807
0.453577, 0.776464
0.4768, 0.776845
0.5, 0.77697
0.5232, 0.776845
0.546423, 0.776464
0.569688, 0.775807
0.593005, 0.774839
0.616367, 0.773516
0.639751, 0.771781
0.663111, 0.769568
0.686376, 0.766807
0.709448, 0.763423
0.732219, 0.759359
0.754605, 0.754605
0.776633, 0.74925
0.798507, 0.743493
0.820548, 0.737543
0.843007, 0.731474
0.865953, 0.725196
0.889312, 0.718532
0.912956, 0.711296
0.936731, 0.703305
0.960638, 0.694454
0.0472307, 0.712132
0.0706271, 0.72184
0.0939139, 0.73061
0.117117, 0.738537
0.140123, 0.745788
0.162841, 0.752526
0.185208, 0.758907
0.207229, 0.765051
0.229011, 0.770989
0.25075, 0.776633
0.272638, 0.781831
0.294784, 0.786452
0.317199, 0.790435
0.33983, 0.793784
0.362609, 0.79654
0.385475, 0.798756
0.40838, 0.800486
0.431296, 0.801779
0.454207, 0.802672
0.477107, 0.803197
0.5, 0.803369
0.522893, 0.803197
0.545793, 0.802672
0.568704, 0.801779
0.59162, 0.800486
0.614525, 0.798756
0.637391, 0.79654
0.66017, 0.793784
0.682801, 0.790435
0.705216, 0.786452
0.727362, 0.781831
0.74925, 0.776633
0.770989, 0.770989
0.792771, 0.765051
0.814792, 0.758907
0.837159, 0.752526
0.859877, 0.745788
0.882883, 0.738537
0.906086, 0.73061
0.929373, 0.72184
0.952769, 0.712132
0.055942, 0.72981
0.0787853, 0.740386
0.101538, 0.749946
0.124244, 0.75858
0.146822, 0.766441
0.169209, 0.773668
0.19136, 0.780395
0.213263, 0.786737
0.234949, 0.792771
0.256507, 0.798507
0.278054, 0.803889
0.299702, 0.808825
0.321512, 0.813231
0.343501, 0.81706
0.365645, 0.820301
0.38791, 0.822969
0.410258, 0.825094
0.432661, 0.826706
0.455094, 0.827835
0.477544, 0.828503
0.5, 0.828725
0.522456, 0.828503
0.544906, 0.827835
0.567339, 0.826706
0.589742, 0.825094
0.61209, 0.822969
0.634355, 0.820301
0.656499, 0.81706
0.678488, 0.813231
0.700298, 0.808825
0.721946, 0.803889
0.743493, 0.798507
0.765051, 0.792771
0.786737, 0.786737
0.80864, 0.780395
0.830791, 0.773668
0.853178, 0.766441
0.875756, 0.75858
0.898462, 0.749946
0.921215, 0.740386
0.944058, 0.72981
0.0655463, 0.747487
0.0877942, 0.758941
0.109968, 0.769303
0.132121, 0.778661
0.154197, 0.787156
0.176153, 0.794912
0.19796, 0.80204
0.219605, 0.80864
0.241093, 0.814792
0.262457, 0.820548
0.283748, 0.825922
0.305031, 0.830893
0.326361, 0.835419
0.34778, 0.839453
0.369303, 0.842958
0.390927, 0.845916
0.412641, 0.848321
0.434423, 0.850177
0.456256, 0.851494
0.47812, 0.852279
0.5, 0.85254
0.52188, 0.852279
0.543744, 0.851494
0.565577, 0.850177
0.587359, 0.848321
0.609073, 0.845916
0.630697, 0.842958
0.65222, 0.839453
0.673639, 0.835419
0.694969, 0.830893
0.716252, 0.825922
0.737543, 0.820548
0.758907, 0.814792
0.780395, 0.80864
0.80204, 0.80204
0.823847, 0.794912
0.845803, 0.787156
0.867879, 0.778661
0.890032, 0.769303
0.912206, 0.758941
0.934454, 0.747487
0.0761044, 0.765165
0.0977141, 0.777504
0.119262, 0.788679
0.140808, 0.798776
0.162312, 0.80793
0.183745, 0.816255
0.205088, 0.823847
0.226332, 0.830791
0.247474, 0.837159
0.268526, 0.843007
0.289507, 0.848373
0.310444, 0.853277
0.331367, 0.857721
0.352303, 0.861695
0.373273, 0.86518
0.394291, 0.868157
0.415358, 0.870609
0.436473, 0.872526
0.457626, 0.873898
0.478806, 0.874723
0.5, 0.874998
0.521194, 0.874723
0.542374, 0.873898
0.563527, 0.872526
0.584642, 0.870609
0.605709, 0.868157
0.626727, 0.86518
0.647697, 0.861695
0.668633, 0.857721
0.689556, 0.853277
0.710493, 0.848373
0.731474, 0.843007
0.752526, 0.837159
0.773668, 0.830791
0.794912, 0.823847
0.816255, 0.816255
0.837688, 0.80793
0.859192, 0.798776
0.880738, 0.788679
0.902286, 0.777504
0.923896, 0.765165
0.0876894, 0.782843
0.108617, 0.796074
0.129494, 0.808069
0.150378, 0.818919
0.171243, 0.828757
0.19207, 0.837688
0.212844, 0.845803
0.233559, 0.853178
0.254212, 0.859877
0.274804, 0.865953
0.295344, 0.871447
0.315841, 0.876391
0.336306, 0.880807
0.356753, 0.884707
0.377193, 0.888096
0.397636, 0.890975
0.418087, 0.89334
0.438551, 0.895186
0.459026, 0.896509
0.47951, 0.897304
0.5, 0.89757
0.52049, 0.897304
0.540974, 0.896509
0.561449, 0.895186
0.581913, 0.89334
0.602364, 0.890975
0.622807, 0.888096
0.643247, 0.884707
0.663694, 0.880807
0.684159, 0.876391
0.704656, 0.871447
0.725196, 0.865953
0.745788, 0.859877
0.766441, 0.853178
0.787156, 0.845803
0.80793, 0.837688
0.828757, 0.828757
0.849622, 0.818919
0.870506, 0.808069
0.891383, 0.796074
0.912311, 0.782843
0.100391, 0.80052
0.120591, 0.814647
0.140749, 0.827467
0.160918, 0.839082
0.181081, 0.849622
0.201224, 0.859192
0.221339, 0.867879
0.24142, 0.875756
0.261463, 0.882883
0.281468, 0.889312
0.301437, 0.895084
0.321371, 0.900235
0.341277, 0.904793
0.361158, 0.908778
0.381019, 0.912209
0.400866, 0.915096
0.420702, 0.91745
0.440531, 0.919276
0.460356, 0.920578
0.480179, 0.921359
0.5, 0.921619
0.519821, 0.921359
0.539644, 0.920578
0.559469, 0.919276
0.579298, 0.91745
0.599134, 0.915096
0.618981, 0.912209
0.638842, 0.908778
0.658723, 0.904793
0.678629, 0.900235
0.698563, 0.895084
0.718532, 0.889312
0.738537, 0.882883
0.75858, 0.875756
0.778661, 0.867879
0.798776, 0.859192
0.818919, 0.849622
0.839082, 0.839082
0.859251, 0.827467
0.879409, 0.814647
0.899609, 0.80052
0.114319, 0.818198
0.133743, 0.833222
0.153134, 0.846866
0.172533, 0.859251
0.191931, 0.870506
0.211321, 0.880738
0.230697, 0.890032
0.250054, 0.898462
0.26939, 0.906086
0.288704, 0.912956
0.307995, 0.919114
0.327264, 0.924596
0.346512, 0.929432
0.365741, 0.933648
0.384953, 0.937264
0.40415, 0.940298
0.423335, 0.942762
0.44251, 0.944669
0.461677, 0.946025
0.48084, 0.946836
0.5, 0.947107
0.51916, 0.946836
0.538323, 0.946025
0.55749, 0.944669
0.576665, 0.942762
0.59585, 0.940298
0.615047, 0.937264
0.634259, 0.933648
0.653488, 0.929432
0.672736, 0.924596
0.692005, 0.919114
0.711296, 0.912956
0.73061, 0.906086
0.749946, 0.898462
0.769303, 0.890032
0.788679, 0.880738
0.808069, 0.870506
0.827467, 0.859251
0.846866, 0.846866
0.866257, 0.833222
0.885681, 0.818198
0.129612, 0.835876
0.148208, 0.851792
0.166778, 0.866257
0.185353, 0.879409
0.203926, 0.891383
0.222496, 0.902286
0.241059, 0.912206
0.259614, 0.921215
0.27816, 0.929373
0.296695, 0.936731
0.31522, 0.943331
0.333734, 0.94921
0.352237, 0.954398
0.370731, 0.958921
0.389216, 0.962801
0.407693, 0.966055
0.426163, 0.968698
0.444627, 0.970742
0.463087, 0.972196
0.481544, 0.973066
0.5, 0.973356
0.518456, 0.973066
0.536913, 0.972196
0.555373, 0.970742
0.573837, 0.968698
0.592307, 0.966055
0.610784, 0.962801
0.629269, 0.958921
0.647763, 0.954398
0.666266, 0.94921
0.68478, 0.943331
0.703305, 0.936731
0.72184, 0.929373
0.740386, 0.921215
0.758941, 0.912206
0.777504, 0.902286
0.796074, 0.891383
0.814647, 0.879409
0.833222, 0.866257
0.851792, 0.851792
0.870388, 0.835876
0.146447, 0.853553
0.164124, 0.870388
0.181802, 0.885681
0.19948, 0.899609
0.217157, 0.912311
0.234835, 0.923896
0.252513, 0.934454
0.27019, 0.944058
0.287868, 0.952769
0.305546, 0.960638
0.323223, 0.967707
0.340901, 0.974012
0.358579, 0.979583
0.376256, 0.984446
0.393934, 0.988621
0.411612, 0.992125
0.429289, 0.994975
0.446967, 0.99718
0.464645, 0.998748
0.482322, 0.999687
0.5, 1
0.517678, 0.999687
0.535355, 0.998748
0.553033, 0.99718
0.570711, 0.994975
0.588388, 0.992125
0.606066, 0.988621
0.623744, 0.984446
0.641421, 0.979583
0.659099, 0.974012
0.676777, 0.967707
0.694454, 0.960638
0.712132, 0.952769
0.72981, 0.944058
0.747487, 0.934454
0.765165, 0.923896
0.782843, 0.912311
0.80052, 0.899609
0.818198, 0.885681
0.835876, 0.870388
0.853553, 0.853553
0.146914, 0.146914
0.165048, 0.131309
0.183185, 0.117125
0.201321, 0.104207
0.219456, 0.0924338
0.237586, 0.081707
0.255713, 0.0719462
0.273834, 0.0630851
0.291951, 0.0550685
0.310062, 0.04785
0.328169, 0.0413906
0.34627, 0.0356573
0.364367, 0.0306225
0.38246, 0.026263
0.40055, 0.0225595
0.418636, 0.0194961
0.43672, 0.0170601
0.454801, 0.0152415
0.472881, 0.014033
0.490961, 0.01343
0.509039, 0.01343
0.527119, 0.014033
0.545199, 0.0152415
0.56328, 0.0170601
0.581364, 0.0194961
0.59945, 0.0225595
0.61754, 0.026263
0.635633, 0.0306225
0.65373, 0.0356573
0.671831, 0.0413906
0.689938, 0.04785
0.708049, 0.0550685
0.726166, 0.0630851
0.744287, 0.0719462
0.762414, 0.081707
0.780544, 0.0924338
0.798679, 0.104207
0.816815, 0.117125
0.834952, 0.131309
0.853086, 0.146914
0.131309, 0.165048
0.150292, 0.150292
0.169282, 0.136896
0.188275, 0.124716
0.207266, 0.113635
0.226248, 0.103555
0.24522, 0.0943981
0.264177, 0.0860984
0.283119, 0.0786007
0.302045, 0.0718585
0.320955, 0.0658325
0.339849, 0.0604897
0.358728, 0.055802
0.377593, 0.0517462
0.396446, 0.0483028
0.415289, 0.0454559
0.434122, 0.0431929
0.452949, 0.041504
0.471772, 0.0403819
0.490591, 0.039822
0.509409, 0.039822
0.528228, 0.0403819
0.547051, 0.041504
0.565878, 0.0431929
0.584711, 0.0454559
0.603554, 0.0483028
0.622407, 0.0517462
0.641272, 0.055802
0.660151, 0.0604897
0.679045, 0.0658325
0.697955, 0.0718585
0.716881, 0.0786007
0.735823, 0.0860984
0.75478, 0.0943981
0.773752, 0.103555
0.792734, 0.113635
0.811725, 0.124716
0.830718, 0.136896
0.849708, 0.150292
0.868691, 0.165048
0.117125, 0.183185
0.136896, 0.169282
0.15668, 0.15668
0.176469, 0.145243
0.196249, 0.134853
0.216013, 0.125415
0.235754, 0.11685
0.255468, 0.109092
0.275152, 0.102086
0.294806, 0.095785
0.314432, 0.0901503
0.334032, 0.0851499
0.353608, 0.0807574
0.373163, 0.0769516
0.392702, 0.0737154
0.412227, 0.0710357
0.431742, 0.0689025
0.451249, 0.0673085
0.470751, 0.0662484
0.490251, 0.0657192
0.509749, 0.0657192
0.529249, 0.0662484
0.548751, 0.0673085
0.568258, 0.0689025
0.587773, 0.0710357
0.607298, 0.0737154
0.626837, 0.0769516
0.646392, 0.0807574
0.665968, 0.0851499
0.685568, 0.0901503
0.705194, 0.095785
0.724848, 0.102086
0.744532, 0.109092
0.764246, 0.11685
0.783987, 0.125415
0.803751, 0.134853
0.823531, 0.145243
0.84332, 0.15668
0.863104, 0.169282
0.882875, 0.183185
0.104207, 0.201321
0.124716, 0.188275
0.145243, 0.176469
0.165769, 0.165769
0.186275, 0.156058
0.206747, 0.14724
0.227178, 0.139234
0.24756, 0.131973
0.267894, 0.125398
0.288181, 0.119465
0.308427, 0.114134
0.328639, 0.109377
0.348824, 0.105174
0.368991, 0.101508
0.389148, 0.0983722
0.4093, 0.0957602
0.429451, 0.0936705
0.449605, 0.0921024
0.469761, 0.0910565
0.48992, 0.0905334
0.51008, 0.0905334
0.530239, 0.0910565
0.550395, 0.0921024
0.570549, 0.0936705
0.5907, 0.0957602
0.610852, 0.0983722
0.631009, 0.101508
0.651176, 0.105174
0.671361, 0.109377
0.691573, 0.114134
0.711819, 0.119465
0.732106, 0.125398
0.75244, 0.131973
0.772822, 0.139234
0.793253, 0.14724
0.813725, 0.156058
0.834231, 0.165769
0.854757, 0.176469
0.875284, 0.188275
0.895793, 0.201321
0.0924338, 0.219456
0.113635, 0.207266
0.134853, 0.196249
0.156058, 0.186275
0.177222, 0.177222
0.198324, 0.168989
0.219353, 0.161492
0.240302, 0.154655
0.261174, 0.148419
0.281978, 0.142735
0.302729, 0.137571
0.323446, 0.132906
0.344148, 0.128735
0.364854, 0.125057
0.385578, 0.121882
0.406328, 0.119218
0.427106, 0.117075
0.447911, 0.115461
0.468737, 0.114382
0.489578, 0.113841
0.510422, 0.113841
0.531263, 0.114382
0.552089, 0.115461
0.572894, 0.117075
0.593672, 0.119218
0.614422, 0.121882
0.635146, 0.125057
0.655852, 0.128735
0.676554, 0.132906
0.697271, 0.137571
0.718022, 0.142735
0.738826, 0.148419
0.759698, 0.154655
0.780647, 0.161492
0.801676, 0.168989
0.822778, 0.177222
0.843942, 0.186275
0.865147, 0.196249
0.886365, 0.207266
0.907566, 0.219456
0.081707, 0.237586
0.103555, 0.226248
0.125415, 0.216013
0.14724, 0.206747
0.168989, 0.198324
0.190634, 0.190634
0.212155, 0.183578
0.233547, 0.177074
0.254822, 0.171056
0.276006, 0.165481
0.297138, 0.160336
0.318263, 0.155628
0.339419, 0.151382
0.360634, 0.147626
0.381921, 0.144385
0.403279, 0.141676
0.424703, 0.139507
0.446179, 0.137883
0.467692, 0.136802
0.489228, 0.136263
0.510772, 0.136263
0.532308, 0.136802
0.553821, 0.137883
0.575297, 0.139507
0.596721, 0.141676
0.618079, 0.144385
0.639366, 0.147626
0.660581, 0.151382
0.681737, 0.155628
0.702862, 0.160336
0.723994, 0.165481
0.745178, 0.171056
0.766453, 0.177074
0.787845, 0.183578
0.809366, 0.190634
0.831011, 0.198324
0.85276, 0.206747
0.874585, 0.216013
0.896445, 0.226248
0.918293, 0.237586
0.0719462, 0.255713
0.0943981, 0.24522
0.11685, 0.235754
0.139234, 0.227178
0.161492, 0.219353
0.183578, 0.212155
0.205468, 0.205468
0.227161, 0.199198
0.248695, 0.193287
0.270141, 0.187727
0.291585, 0.182556
0.313103, 0.177835
0.334741, 0.173623
0.356511, 0.169957
0.378404, 0.166853
0.400397, 0.164305
0.422466, 0.1623
0.444587, 0.160818
0.46674, 0.159842
0.488911, 0.159357
0.511089, 0.159357
0.53326, 0.159842
0.555413, 0.160818
0.577534, 0.1623
0.599603, 0.164305
0.621596, 0.166853
0.643489, 0.169957
0.665259, 0.173623
0.686897, 0.177835
0.708415, 0.182556
0.729859, 0.187727
0.751305, 0.193287
0.772839, 0.199198
0.794532, 0.205468
0.816422, 0.212155
0.838508, 0.219353
0.860766, 0.227178
0.88315, 0.235754
0.905602, 0.24522
0.928054, 0.255713
0.0630851, 0.273834
0.0860984, 0.264177
0.109092, 0.255468
0.131973, 0.24756
0.154655, 0.240302
0.177074, 0.233547
0.199198, 0.227161
0.221054, 0.221054
0.242747, 0.215215
0.264427, 0.209716
0.286233, 0.20467
0.308239, 0.200173
0.330454, 0.196275
0.352846, 0.192979
0.375367, 0.19026
0.397971, 0.188077
0.420622, 0.18639
0.443295, 0.18516
0.465976, 0.184358
0.488659, 0.183962
0.511341, 0.183962
0.534024, 0.184358
0.556705, 0.18516
0.579378, 0.18639
0.602029, 0.188077
0.624633, 0.19026
0.647154, 0.192979
0.669546, 0.196275
0.691761, 0.200173
0.713767, 0.20467
0.735573, 0.209716
0.757253, 0.215215
0.778946, 0.221054
0.800802, 0.227161
0.822926, 0.233547
0.845345, 0.240302
0.868027, 0.24756
0.890908, 0.255468
0.913902, 0.264177
0.936915, 0.273834
0.0550685, 0.291951
0.0786007, 0.283119
0.102086, 0.275152
0.125398, 0.267894
0.148419, 0.261174
0.171056, 0.254822
0.193287, 0.248695
0.215215, 0.242747
0.237064, 0.237064
0.25907, 0.231815
0.281371, 0.227151
0.30398, 0.22314
0.326835, 0.219776
0.349853, 0.217012
0.372958, 0.214788
0.396094, 0.213042
0.419226, 0.211717
0.442334, 0.210767
0.465414, 0.210154
0.488474, 0.209854
0.511526, 0.209854
0.534586, 0.210154
0.557666, 0.210767
0.580774, 0.211717
0.603906, 0.213042
0.627042, 0.214788
0.650147, 0.217012
0.673165, 0.219776
0.69602, 0.22314
0.718629, 0.227151
0.74093, 0.231815
0.762936, 0.237064
0.784785, 0.242747
0.806713, 0.248695
0.828944, 0.254822
0.851581, 0.261174
0.874602, 0.267894
0.897914, 0.275152
0.921399, 0.283119
0.944931, 0.291951
0.04785, 0.310062
0.0718585, 0.302045
0.095785, 0.294806
0.119465, 0.288181
0.142735, 0.281978
0.165481, 0.276006
0.187727, 0.270141
0.209716, 0.264427
0.231815, 0.25907
0.254291, 0.254291
0.277201, 0.250203
0.30046, 0.246809
0.323944, 0.244049
0.347535, 0.241846
0.371148, 0.240123
0.394725, 0.238807
0.418234, 0.237835
0.441667, 0.237154
0.465031, 0.236724
0.488349, 0.236515
0.511651, 0.236515
0.534969, 0.236724
0.558333, 0.237154
0.581766, 0.237835
0.605275, 0.238807
0.628852, 0.240123
0.652465, 0.241846
0.676056, 0.244049
0.69954, 0.246809
0.722799, 0.250203
0.745709, 0.254291
0.768185, 0.25907
0.790284, 0.264427
0.812273, 0.270141
0.834519, 0.276006
0.857265, 0.281978
0.880535, 0.288181
0.904215, 0.294806
0.928142, 0.302045
0.95215, 0.310062
0.0413906, 0.328169
0.0658325, 0.320955
0.0901503, 0.314432
0.114134, 0.308427
0.137571, 0.302729
0.160336, 0.297138
0.182556, 0.291585
0.20467, 0.286233
0.227151, 0.281371
0.250203, 0.277201
0.273761, 0.273761
0.297654, 0.270997
0.321716, 0.268823
0.345815, 0.267148
0.369859, 0.26589
0.39379, 0.264967
0.417585, 0.264313
0.441246, 0.263869
0.464795, 0.263596
0.488273, 0.263465
0.511727, 0.263465
0.535205, 0.263596
0.558754, 0.263869
0.582415, 0.264313
0.60621, 0.264967
0.630141, 0.26589
0.654185, 0.267148
0.678284, 0.268823
0.702346, 0.270997
0.726239, 0.273761
0.749797, 0.277201
0.772849, 0.281371
0.79533, 0.286233
0.817444, 0.291585
0.839664, 0.297138
0.862429, 0.302729
0.885866, 0.308427
0.90985, 0.314432
0.934167, 0.320955
0.958609, 0.328169
0.0356573, 0.34627
0.0604897, 0.339849
0.0851499, 0.334032
0.109377, 0.328639
0.132906, 0.323446
0.155628, 0.318263
0.177835, 0.313103
0.200173, 0.308239
0.22314, 0.30398
0.246809, 0.30046
0.270997, 0.297654
0.295477, 0.295477
0.320058, 0.293833
0.344597, 0.292629
0.368997, 0.291772
0.393203, 0.291177
0.417198, 0.290769
0.441003, 0.290496
0.464662, 0.290324
0.488231, 0.29024
0.511769, 0.29024
0.535338, 0.290324
0.558997, 0.290496
0.582802, 0.290769
0.606797, 0.291177
0.631003, 0.291772
0.655403, 0.292629
0.679942, 0.293833
0.704523, 0.295477
0.729003, 0.297654
0.753191, 0.30046
0.77686, 0.30398
0.799827, 0.308239
0.822165, 0.313103
0.844372, 0.318263
0.867094, 0.323446
0.890623, 0.328639
0.91485, 0.334032
0.93951, 0.339849
0.964343, 0.34627
0.0306225, 0.364367
0.055802, 0.358728
0.0807574, 0.353608
0.105174, 0.348824
0.128735, 0.344148
0.151382, 0.339419
0.173623, 0.334741
0.196275, 0.330454
0.219776, 0.326835
0.244049, 0.323944
0.268823, 0.321716
0.293833, 0.320058
0.318872, 0.318872
0.343782, 0.318057
0.368457, 0.317509
0.392846, 0.31713
0.416953, 0.316843
0.44083, 0.316607
0.464551, 0.316422
0.488192, 0.316316
0.511808, 0.316316
0.535449, 0.316422
0.55917, 0.316607
0.583047, 0.316843
0.607154, 0.31713
0.631543, 0.317509
0.656218, 0.318057
0.681128, 0.318872
0.706167, 0.320058
0.731177, 0.321716
0.755951, 0.323944
0.780224, 0.326835
0.803725, 0.330454
0.826377, 0.334741
0.848618, 0.339419
0.871265, 0.344148
0.894826, 0.348824
0.919243, 0.353608
0.944198, 0.358728
0.969377, 0.364367
0.026263, 0.38246
0.0517462, 0.377593
0.0769516, 0.373163
0.101508, 0.368991
0.125057, 0.364854
0.147626, 0.360634
0.169957, 0.356511
0.192979, 0.352846
0.217012, 0.349853
0.241846, 0.347535
0.267148, 0.345815
0.292629, 0.344597
0.318057, 0.343782
0.343253, 0.343253
0.3681, 0.342886
0.392554, 0.342558
0.416657, 0.342181
0.440531, 0.341746
0.464315, 0.341335
0.488101, 0.341081
0.511899, 0.341081
0.535685, 0.341335
0.559469, 0.341746
0.583343, 0.342181
0.607446, 0.342558
0.6319, 0.342886
0.656747, 0.343253
0.681943, 0.343782
0.707371, 0.344597
0.732852, 0.345815
0.758154, 0.347535
0.782988, 0.349853
0.807021, 0.352846
0.830043, 0.356511
0.852374, 0.360634
0.874943, 0.364854
0.898492, 0.368991
0.923048, 0.373163
0.948254, 0.377593
0.973737, 0.38246
0.0225595, 0.40055
0.0483028, 0.396446
0.0737154, 0.392702
0.0983722, 0.389148
0.121882, 0.385578
0.144385, 0.381921
0.166853, 0.378404
0.19026, 0.375367
0.214788, 0.372958
0.240123, 0.371148
0.26589, 0.369859
0.291772, 0.368997
0.317509, 0.368457
0.342886, 0.3681
0.367761, 0.367761
0.392099, 0.367266
0.41603, 0.366513
0.439825, 0.365573
0.463748, 0.364691
0.487883, 0.364158
0.512117, 0.364158
0.536252, 0.364691
0.560175, 0.365573
0.58397, 0.366513
0.607901, 0.367266
0.632239, 0.367761
0.657114, 0.3681
0.682491, 0.368457
0.708228, 0.368997
0.73411, 0.369859
0.759877, 0.371148
0.785212, 0.372958
0.80974, 0.375367
0.833147, 0.378404
0.855615, 0.381921
0.878118, 0.385578
0.901628, 0.389148
0.926285, 0.392702
0.951697, 0.396446
0.97744, 0.40055
0.0194961, 0.418636
0.0454559, 0.415289
0.0710357, 0.412227
0.0957602, 0.4093
0.119218, 0.406328
0.141676, 0.403279
0.164305, 0.400397
0.188077, 0.397971
0.213042, 0.396094
0.238807, 0.394725
0.264967, 0.39379
0.291177, 0.393203
0.31713, 0.392846
0.342558, 0.392554
0.367266, 0.392099
0.391245, 0.391245
0.414817, 0.389922
0.438531, 0.388372
0.462771, 0.387034
0.487523, 0.386275
0.512477, 0.386275
0.537229, 0.387034
0.561469, 0.388372
0.585183, 0.389922
0.608755, 0.391245
0.632734, 0.392099
0.657442, 0.392554
0.68287, 0.392846
0.708823, 0.393203
0.735033, 0.39379
0.761193, 0.394725
0.786958, 0.396094
0.811923, 0.397971
0.835695, 0.400397
0.858324, 0.403279
0.880782, 0.406328
0.90424, 0.4093
0.928964, 0.412227
0.954544, 0.415289
0.980504, 0.418636
0.0170601, 0.43672
0.0431929, 0.434122
0.0689025, 0.431742
0.0936705, 0.429451
0.117075, 0.427106
0.139507, 0.424703
0.1623, 0.422466
0.18639, 0.420622
0.211717, 0.419226
0.237835, 0.418234
0.264313, 0.417585
0.290769, 0.417198
0.316843, 0.416953
0.342181, 0.416657
0.366513, 0.41603
0.389922, 0.414817
0.413086, 0.413086
0.436871, 0.411283
0.461625, 0.409889
0.48712, 0.409156
0.51288, 0.409156
0.538375, 0.409889
0.563129, 0.411283
0.586914, 0.413086
0.610078, 0.414817
0.633487, 0.41603
0.657819, 0.416657
0.683157, 0.416953
0.709231, 0.417198
0.735687, 0.417585
0.762165, 0.418234
0.788283, 0.419226
0.81361, 0.420622
0.8377, 0.422466
0.860493, 0.424703
0.882925, 0.427106
0.90633, 0.429451
0.931097, 0.431742
0.956807, 0.434122
0.98294, 0.43672
0.0152415, 0.454801
0.041504, 0.452949
0.0673085, 0.451249
0.0921024, 0.449605
0.115461, 0.447911
0.137883, 0.446179
0.160818, 0.444587
0.18516, 0.443295
0.210767, 0.442334
0.237154, 0.441667
0.263869, 0.441246
0.290496, 0.441003
0.316607, 0.44083
0.341746, 0.440531
0.365573, 0.439825
0.388372, 0.438531
0.411283, 0.436871
0.435335, 0.435335
0.460654, 0.434257
0.486794, 0.433721
0.513206, 0.433721
0.539346, 0.434257
0.564665, 0.435335
0.588717, 0.436871
0.611628, 0.438531
0.634427, 0.439825
0.658254, 0.440531
0.683393, 0.44083
0.709504, 0.441003
0.736131, 0.441246
0.762846, 0.441667
0.789233, 0.442334
0.81484, 0.443295
0.839182, 0.444587
0.862117, 0.446179
0.884539, 0.447911
0.907898, 0.449605
0.932692, 0.451249
0.958496, 0.452949
0.984759, 0.454801
0.014033, 0.472881
0.0403819, 0.471772
0.0662484, 0.470751
0.0910565, 0.469761
0.114382, 0.468737
0.136802, 0.467692
0.159842, 0.46674
0.184358, 0.465976
0.210154, 0.465414
0.236724, 0.465031
0.263596, 0.464795
0.290324, 0.464662
0.316422, 0.464551
0.341335, 0.464315
0.364691, 0.463748
0.387034, 0.462771
0.409889, 0.461625
0.434257, 0.460654
0.46001, 0.46001
0.486583, 0.459698
0.513417, 0.459698
0.53999, 0.46001
0.565743, 0.460654
0.590111, 0.461625
0.612966, 0.462771
0.635309, 0.463748
0.658665, 0.464315
0.683578, 0.464551
0.709676, 0.464662
0.736404, 0.464795
0.763276, 0.465031
0.789846, 0.465414
0.815642, 0.465976
0.840158, 0.46674
0.863198, 0.467692
0.885618, 0.468737
0.908943, 0.469761
0.933752, 0.470751
0.959618, 0.471772
0.985967, 0.472881
0.01343, 0.490961
0.039822, 0.490591
0.0657192, 0.490251
0.0905334, 0.48992
0.113841, 0.489578
0.136263, 0.489228
0.159357, 0.488911
0.183962, 0.488659
0.209854, 0.488474
0.236515, 0.488349
0.263465, 0.488273
0.29024, 0.488231
0.316316, 0.488192
0.341081, 0.488101
0.364158, 0.487883
0.386275, 0.487523
0.409156, 0.48712
0.433721, 0.486794
0.459698, 0.486583
0.486481, 0.486481
0.513519, 0.486481
0.540302, 0.486583
0.566279, 0.486794
0.590844, 0.48712
0.613725, 0.487523
0.635842, 0.487883
0.658919, 0.488101
0.683684, 0.488192
0.70976, 0.488231
0.736535, 0.488273
0.763485, 0.488349
0.790146, 0.488474
0.816038, 0.488659
0.840643, 0.488911
0.863737, 0.489228
0.886159, 0.489578
0.909467, 0.48992
0.934281, 0.490251
0.960178, 0.490591
0.98657, 0.490961
0.01343, 0.509039
0.039822, 0.509409
0.0657192, 0.509749
0.0905334, 0.51008
0.113841, 0.510422
0.136263, 0.510772
0.159357, 0.511089
0.183962, 0.511341
0.209854, 0.511526
0.236515, 0.511651
0.263465, 0.511727
0.29024, 0.511769
0.316316, 0.511808
0.341081, 0.511899
0.364158, 0.512117
0.386275, 0.512477
0.409156, 0.51288
0.433721, 0.513206
0.459698, 0.513417
0.486481, 0.513519
0.513519, 0.513519
0.540302, 0.513417
0.566279, 0.513206
0.590844, 0.51288
0.613725, 0.512477
0.635842, 0.512117
0.658919, 0.511899
0.683684, 0.511808
0.70976, 0.511769
0.736535, 0.511727
0.763485, 0.511651
0.790146, 0.511526
0.816038, 0.511341
0.840643, 0.511089
0.863737, 0.510772
0.886159, 0.510422
0.909467, 0.51008
0.934281, 0.509749
0.960178, 0.509409
0.98657, 0.509039
0.014033, 0.527119
0.0403819, 0.528228
0.0662484, 0.529249
0.0910565, 0.530239
0.114382, 0.531263
0.136802, 0.532308
0.159842, 0.53326
0.184358, 0.534024
0.210154, 0.534586
0.236724, 0.534969
0.263596, 0.535205
0.290324, 0.535338
0.316422, 0.535449
0.341335, 0.535685
0.364691, 0.536252
0.387034, 0.537229
0.409889, 0.538375
0.434257, 0.539346
0.46001, 0.53999
0.486583, 0.540302
0.513417, 0.540302
0.53999, 0.53999
0.565743, 0.539346
0.590111, 0.538375
0.612966, 0.537229
0.635309, 0.536252
0.658665, 0.535685
0.683578, 0.535449
0.709676, 0.535338
0.736404, 0.535205
0.763276, 0.534969
0.789846, 0.534586
0.815642, 0.534024
0.840158, 0.53326
0.863198, 0.532308
0.885618, 0.531263
0.908943, 0.530239
0.933752, 0.529249
0.959618, 0.528228
0.985967, 0.527119
0.0152415, 0.545199
0.041504, 0.547051
0.0673085, 0.548751
0.0921024, 0.550395
0.115461, 0.552089
0.137883, 0.553821
0.160818, 0.555413
0.18516, 0.556705
0.210767, 0.557666
0.237154, 0.558333
0.263869, 0.558754
0.290496, 0.558997
0.316607, 0.55917
0.341746, 0.559469
0.365573, 0.560175
0.388372, 0.561469
0.411283, 0.563129
0.435335, 0.564665
0.460654, 0.565743
0.486794, 0.566279
0.513206, 0.566279
0.539346, 0.565743
0.564665, 0.564665
0.588717, 0.563129
0.611628, 0.561469
0.634427, 0.560175
0.658254, 0.559469
0.683393, 0.55917
0.709504, 0.558997
0.736131, 0.558754
0.762846, 0.558333
0.789233, 0.557666
0.81484, 0.556705
0.839182, 0.555413
0.862117, 0.553821
0.884539, 0.552089
0.907898, 0.550395
0.932692, 0.548751
0.958496, 0.547051
0.984759, 0.545199
0.0170601, 0.56328
0.0431929, 0.565878
0.0689025, 0.568258
0.0936705, 0.570549
0.117075, 0.572894
0.139507, 0.575297
0.1623, 0.577534
0.18639, 0.579378
0.211717, 0.580774
0.237835, 0.581766
0.264313, 0.582415
0.290769, 0.582802
0.316843, 0.583047
0.342181, 0.583343
0.366513, 0.58397
0.389922, 0.585183
0.413086, 0.586914
0.436871, 0.588717
0.461625, 0.590111
0.48712, 0.590844
0.51288, 0.590844
0.538375, 0.590111
0.563129, 0.588717
0.586914, 0.586914
0.610078, 0.585183
0.633487, 0.58397
0.657819, 0.583343
0.683157, 0.583047
0.709231, 0.582802
0.735687, 0.582415
0.762165, 0.581766
0.788283, 0.580774
0.81361, 0.579378
0.8377, 0.577534
0.860493, 0.575297
0.882925, 0.572894
0.90633, 0.570549
0.931097, 0.568258
0.956807, 0.565878
0.98294, 0.56328
0.0194961, 0.581364
0.0454559, 0.584711
0.0710357, 0.587773
0.0957602, 0.5907
0.119218, 0.593672
0.141676, 0.596721
0.164305, 0.599603
0.188077, 0.602029
0.213042, 0.603906
0.238807, 0.605275
0.264967, 0.60621
0.291177, 0.606797
0.31713, 0.607154
0.342558, 0.607446
0.367266, 0.607901
0.391245, 0.608755
0.414817, 0.610078
0.438531, 0.611628
0.462771, 0.612966
0.487523, 0.613725
0.512477, 0.613725
0.537229, 0.612966
0.561469, 0.611628
0.585183, 0.610078
0.608755, 0.608755
0.632734, 0.607901
0.657442, 0.607446
0.68287, 0.607154
0.708823, 0.606797
0.735033, 0.60621
0.761193, 0.605275
0.786958, 0.603906
0.811923, 0.602029
0.835695, 0.599603
0.858324, 0.596721
0.880782, 0.593672
0.90424, 0.5907
0.928964, 0.587773
0.954544, 0.584711
0.980504, 0.581364
0.0225595, 0.59945
0.0483028, 0.603554
0.0737154, 0.607298
0.0983722, 0.610852
0.121882, 0.614422
0.144385, 0.618079
0.166853, 0.621596
0.19026, 0.624633
0.214788, 0.627042
0.240123, 0.628852
0.26589, 0.630141
0.291772, 0.631003
0.317509, 0.631543
0.342886, 0.6319
0.367761, 0.632239
0.392099, 0.632734
0.41603, 0.633487
0.439825, 0.634427
0.463748, 0.635309
0.487883, 0.635842
0.512117, 0.635842
0.536252, 0.635309
0.560175, 0.634427
0.58397, 0.633487
0.607901, 0.632734
0.632239, 0.632239
0.657114, 0.6319
0.682491, 0.631543
0.708228, 0.631003
0.73411, 0.630141
0.759877, 0.628852
0.785212, 0.627042
0.80974, 0.624633
0.833147, 0.621596
0.855615, 0.618079
0.878118, 0.614422
0.901628, 0.610852
0.926285, 0.607298
0.951697, 0.603554
0.97744, 0.59945
0.026263, 0.61754
0.0517462, 0.622407
0.0769516, 0.626837
0.101508, 0.631009
0.125057, 0.635146
0.147626, 0.639366
0.169957, 0.643489
0.192979, 0.647154
0.217012, 0.650147
0.241846, 0.652465
0.267148, 0.654185
0.292629, 0.655403
0.318057, 0.656218
0.343253, 0.656747
0.3681, 0.657114
0.392554, 0.657442
0.416657, 0.657819
0.440531, 0.658254
0.464315, 0.658665
0.488101, 0.658919
0.511899, 0.658919
0.535685, 0.658665
0.559469, 0.658254
0.583343, 0.657819
0.607446, 0.657442
0.6319, 0.657114
0.656747, 0.656747
0.681943, 0.656218
0.707371, 0.655403
0.732852, 0.654185
0.758154, 0.652465
0.782988, 0.650147
0.807021, 0.647154
0.830043, 0.643489
0.852374, 0.639366
0.874943, 0.635146
0.898492, 0.631009
0.923048, 0.626837
0.948254, 0.622407
0.973737, 0.61754
0.0306225, 0.635633
0.055802, 0.641272
0.0807574, 0.646392
0.105174, 0.651176
0.128735, 0.655852
0.151382, 0.660581
0.173623, 0.665259
0.196275, 0.669546
0.219776, 0.673165
0.244049, 0.676056
0.268823, 0.678284
0.293833, 0.679942
0.318872, 0.681128
0.343782, 0.681943
0.368457, 0.682491
0.392846, 0.68287
0.416953, 0.683157
0.44083, 0.683393
0.464551, 0.683578
0.488192, 0.683684
0.511808, 0.683684
0.535449, 0.683578
0.55917, 0.683393
0.583047, 0.683157
0.607154, 0.68287
0.631543, 0.682491
0.656218, 0.681943
0.681128, 0.681128
0.706167, 0.679942
0.731177, 0.678284
0.755951, 0.676056
0.780224, 0.673165
0.803725, 0.669546
0.826377, 0.665259
0.848618, 0.660581
0.871265, 0.655852
0.894826, 0.651176
0.919243, 0.646392
0.944198, 0.641272
0.969377, 0.635633
0.0356573, 0.65373
0.0604897, 0.660151
0.0851499, 0.665968
0.109377, 0.671361
0.132906, 0.676554
0.155628, 0.681737
0.177835, 0.686897
0.200173, 0.691761
0.22314, 0.69602
0.246809, 0.69954
0.270997, 0.702346
0.295477, 0.704523
0.320058, 0.706167
0.344597, 0.707371
0.368997, 0.708228
0.393203, 0.708823
0.417198, 0.709231
0.441003, 0.709504
0.464662, 0.709676
0.488231, 0.70976
0.511769, 0.70976
0.535338, 0.709676
0.558997, 0.709504
0.582802, 0.709231
0.606797, 0.708823
0.631003, 0.708228
0.655403, 0.707371
0.679942, 0.706167
0.704523, 0.704523
0.729003, 0.702346
0.753191, 0.69954
0.77686, 0.69602
0.799827, 0.691761
0.822165, 0.686897
0.844372, 0.681737
0.867094, 0.676554
0.890623, 0.671361
0.91485, 0.665968
0.93951, 0.660151
0.964343, 0.65373
0.0413906, 0.671831
0.0658325, 0.679045
0.0901503, 0.685568
0.114134, 0.691573
0.137571, 0.697271
0.160336, 0.702862
0.182556, 0.708415
0.20467, 0.713767
0.227151, 0.718629
0.250203, 0.722799
0.273761, 0.726239
0.297654, 0.729003
0.321716, 0.731177
0.345815, 0.732852
0.369859, 0.73411
0.39379, 0.735033
0.417585, 0.735687
0.441246, 0.736131
0.464795, 0.736404
0.488273, 0.736535
0.511727, 0.736535
0.535205, 0.736404
0.558754, 0.736131
0.582415, 0.735687
0.60621, 0.735033
0.630141, 0.73411
0.654185, 0.732852
0.678284, 0.731177
0.702346, 0.729003
0.726239, 0.726239
0.749797, 0.722799
0.772849, 0.718629
0.79533, 0.713767
0.817444, 0.708415
0.839664, 0.702862
0.862429, 0.697271
0.885866, 0.691573
0.90985, 0.685568
0.934167, 0.679045
0.958609, 0.671831
0.04785, 0.689938
0.0718585, 0.697955
0.095785, 0.705194
0.119465, 0.711819
0.142735, 0.718022
0.165481, 0.723994
0.187727, 0.729859
0.209716, 0.735573
0.231815, 0.74093
0.254291, 0.745709
0.277201, 0.749797
0.30046, 0.753191
0.323944, 0.755951
0.347535, 0.758154
0.371148, 0.759877
0.394725, 0.761193
0.418234, 0.762165
0.441667, 0.762846
0.465031, 0.763276
0.488349, 0.763485
0.511651, 0.763485
0.534969, 0.763276
0.558333, 0.762846
0.581766, 0.762165
0.605275, 0.761193
0.628852, 0.759877
0.652465, 0.758154
0.676056, 0.755951
0.69954, 0.753191
0.722799, 0.749797
0.745709, 0.745709
0.768185, 0.74093
0.790284, 0.735573
0.812273, 0.729859
0.834519, 0.723994
0.857265, 0.718022
0.880535, 0.711819
0.904215, 0.705194
0.928142, 0.697955
0.95215, 0.689938
0.0550685, 0.708049
0.0786007, 0.716881
0.102086, 0.724848
0.125398, 0.732106
0.148419, 0.738826
0.171056, 0.745178
0.193287, 0.751305
0.215215, 0.757253
0.237064, 0.762936
0.25907, 0.768185
0.281371, 0.772849
0.30398, 0.77686
0.326835, 0.780224
0.349853, 0.782988
0.372958, 0.785212
0.396094, 0.786958
0.419226, 0.788283
0.442334, 0.789233
0.465414, 0.789846
0.488474, 0.790146
0.511526, 0.790146
0.534586, 0.789846
0.557666, 0.789233
0.580774, 0.788283
0.603906, 0.786958
0.627042, 0.785212
0.650147, 0.782988
0.673165, 0.780224
0.69602, 0.77686
0.718629, 0.772849
0.74093, 0.768185
0.762936, 0.762936
0.784785, 0.757253
0.806713, 0.751305
0.828944, 0.745178
0.851581, 0.738826
0.874602, 0.732106
0.897914, 0.724848
0.921399, 0.716881
0.944931, 0.708049
0.0630851, 0.726166
0.0860984, 0.735823
0.109092, 0.744532
0.131973, 0.75244
0.154655, 0.759698
0.177074, 0.766453
0.199198, 0.772839
0.221054, 0.778946
0.242747, 0.784785
0.264427, 0.790284
0.286233, 0.79533
0.308239, 0.799827
0.330454, 0.803725
0.352846, 0.807021
0.375367, 0.80974
0.397971, 0.811923
0.420622, 0.81361
0.443295, 0.81484
0.465976, 0.815642
0.488659, 0.816038
0.511341, 0.816038
0.534024, 0.815642
0.556705, 0.81484
0.579378, 0.81361
0.602029, 0.811923
0.624633, 0.80974
0.647154, 0.807021
0.669546, 0.803725
0.691761, 0.799827
0.713767, 0.79533
0.735573, 0.790284
0.757253, 0.784785
0.778946, 0.778946
0.800802, 0.772839
0.822926, 0.766453
0.845345, 0.759698
0.868027, 0.75244
0.890908, 0.744532
0.913902, 0.735823
0.936915, 0.726166
0.0719462, 0.744287
0.0943981, 0.75478
0.11685, 0.764246
0.139234, 0.772822
0.161492, 0.780647
0.183578, 0.787845
0.205468, 0.794532
0.227161, 0.800802
0.248695, 0.806713
0.270141, 0.812273
0.291585, 0.817444
0.313103, 0.822165
0.334741, 0.826377
0.356511, 0.830043
0.378404, 0.833147
0.400397, 0.835695
0.422466, 0.8377
0.444587, 0.839182
0.46674, 0.840158
0.488911, 0.840643
0.511089, 0.840643
0.53326, 0.840158
0.555413, 0.839182
0.577534, 0.8377
0.599603, 0.835695
0.621596, 0.833147
0.643489, 0.830043
0.665259, 0.826377
0.686897, 0.822165
0.708415, 0.817444
0.729859, 0.812273
0.751305, 0.806713
0.772839, 0.800802
0.794532, 0.794532
0.816422, 0.787845
0.838508, 0.780647
0.860766, 0.772822
0.88315, 0.764246
0.905602, 0.75478
0.928054, 0.744287
0.081707, 0.762414
0.103555, 0.773752
0.125415, 0.783987
0.14724, 0.793253
0.168989, 0.801676
0.190634, 0.809366
0.212155, 0.816422
0.233547, 0.822926
0.254822, 0.828944
0.276006, 0.834519
0.297138, 0.839664
0.318263, 0.844372
0.339419, 0.848618
0.360634, 0.852374
0.381921, 0.855615
0.403279, 0.858324
0.424703, 0.860493
0.446179, 0.862117
0.467692, 0.863198
0.489228, 0.863737
0.510772, 0.863737
0.532308, 0.863198
0.553821, 0.862117
0.575297, 0.860493
0.596721, 0.858324
0.618079, 0.855615
0.639366, 0.852374
0.660581, 0.848618
0.681737, 0.844372
0.702862, 0.839664
0.723994, 0.834519
0.745178, 0.828944
0.766453, 0.822926
0.787845, 0.816422
0.809366, 0.809366
0.831011, 0.801676
0.85276, 0.793253
0.874585, 0.783987
0.896445, 0.773752
0.918293, 0.762414
0.0924338, 0.780544
0.113635, 0.792734
0.134853, 0.803751
0.156058, 0.813725
0.177222, 0.822778
0.198324, 0.831011
0.219353, 0.838508
0.240302, 0.845345
0.261174, 0.851581
0.281978, 0.857265
0.302729, 0.862429
0.323446, 0.867094
0.344148, 0.871265
0.364854, 0.874943
0.385578, 0.878118
0.406328, 0.880782
0.427106, 0.882925
0.447911, 0.884539
0.468737, 0.885618
0.489578, 0.886159
0.510422, 0.886159
0.531263, 0.885618
0.552089, 0.884539
0.572894, 0.882925
0.593672, 0.880782
0.614422, 0.878118
0.635146, 0.874943
0.655852, 0.871265
0.676554, 0.867094
0.697271, 0.862429
0.718022, 0.857265
0.738826, 0.851581
0.759698, 0.845345
0.780647, 0.838508
0.801676, 0.831011
0.822778, 0.822778
0.843942, 0.813725
0.865147, 0.803751
0.886365, 0.792734
0.907566, 0.780544
0.104207, 0.798679
0.124716, 0.811725
0.145243, 0.823531
0.165769, 0.834231
0.186275, 0.843942
0.206747, 0.85276
0.227178, 0.860766
0.24756, 0.868027
0.267894, 0.874602
0.288181, 0.880535
0.308427, 0.885866
0.328639, 0.890623
0.348824, 0.894826
0.368991, 0.898492
0.389148, 0.901628
0.4093, 0.90424
0.429451, 0.90633
0.449605, 0.907898
0.469761, 0.908943
0.48992, 0.909467
0.51008, 0.909467
0.530239, 0.908943
0.550395, 0.907898
0.570549, 0.90633
0.5907, 0.90424
0.610852, 0.901628
0.631009, 0.898492
0.651176, 0.894826
0.671361, 0.890623
0.691573, 0.885866
0.711819, 0.880535
0.732106, 0.874602
0.75244, 0.868027
0.772822, 0.860766
0.793253, 0.85276
0.813725, 0.843942
0.834231, 0.834231
0.854757, 0.823531
0.875284, 0.811725
0.895793, 0.798679
0.117125, 0.816815
0.136896, 0.830718
0.15668, 0.84332
0.176469, 0.854757
0.196249, 0.865147
0.216013, 0.874585
0.235754, 0.88315
0.255468, 0.890908
0.275152, 0.897914
0.294806, 0.904215
0.314432, 0.90985
0.334032, 0.91485
0.353608, 0.919243
0.373163, 0.923048
0.392702, 0.926285
0.412227, 0.928964
0.431742, 0.931097
0.451249, 0.932692
0.470751, 0.933752
0.490251, 0.934281
0.509749, 0.934281
0.529249, 0.933752
0.548751, 0.932692
0.568258, 0.931097
0.587773, 0.928964
0.607298, 0.926285
0.626837, 0.923048
0.646392, 0.919243
0.665968, 0.91485
0.685568, 0.90985
0.705194, 0.904215
0.724848, 0.897914
0.744532, 0.890908
0.764246, 0.88315
0.783987, 0.874585
0.803751, 0.865147
0.823531, 0.854757
0.84332, 0.84332
0.863104, 0.830718
0.882875, 0.816815
0.131309, 0.834952
0.150292, 0.849708
0.169282, 0.863104
0.188275, 0.875284
0.207266, 0.886365
0.226248, 0.896445
0.24522, 0.905602
0.264177, 0.913902
0.283119, 0.921399
0.302045, 0.928142
0.320955, 0.934167
0.339849, 0.93951
0.358728, 0.944198
0.377593, 0.948254
0.396446, 0.951697
0.415289, 0.954544
0.434122, 0.956807
0.452949, 0.958496
0.471772, 0.959618
0.490591, 0.960178
0.509409, 0.960178
0.528228, 0.959618
0.547051, 0.958496
0.565878, 0.956807
0.584711, 0.954544
0.603554, 0.951697
0.622407, 0.948254
0.641272, 0.944198
0.660151, 0.93951
0.679045, 0.934167
0.697955, 0.928142
0.716881, 0.921399
0.735823, 0.913902
0.75478, 0.905602
0.773752, 0.896445
0.792734, 0.886365
0.811725, 0.875284
0.830718, 0.863104
0.849708, 0.849708
0.868691, 0.834952
0.146914, 0.853086
0.165048, 0.868691
0.183185, 0.882875
0.201321, 0.895793
0.219456, 0.907566
0.237586, 0.918293
0.255713, 0.928054
0.273834, 0.936915
0.291951, 0.944931
0.310062, 0.95215
0.328169, 0.958609
0.34627, 0.964343
0.364367, 0.969377
0.38246, 0.973737
0.40055, 0.97744
0.418636, 0.980504
0.43672, 0.98294
0.454801, 0.984759
0.472881, 0.985967
0.490961, 0.98657
0.509039, 0.98657
0.527119, 0.985967
0.545199, 0.984759
0.56328, 0.98294
0.581364, 0.980504
0.59945, 0.97744
0.61754, 0.973737
0.635633, 0.969377
0.65373, 0.964343
0.671831, 0.958609
0.689938, 0.95215
0.708049, 0.944931
0.726166, 0.936915
0.744287, 0.928054
0.762414, 0.918293
0.780544, 0.907566
0.798679, 0.895793
0.816815, 0.882875
0.834952, 0.868691
0.853086, 0.853086
