0.146447, 0.146447
0.164124, 0.129612
0.181802, 0.114319
0.19948, 0.100391
0.217157, 0.0876894
0.234835, 0.0761044
0.252513, 0.0655463
0.27019, 0.055942
0.287868, 0.0472307
0.305546, 0.0393619
0.323223, 0.0322928
0.340901, 0.0259879
0.358579, 0.0204168
0.376256, 0.0155544
0.393934, 0.0113795
0.411612, 0.00787451
0.429289, 0.00502525
0.446967, 0.00282045
0.464645, 0.00125157
0.482322, 0.000312598
0.5, 0
0.517678, 0.000312598
0.535355, 0.00125157
0.553033, 0.00282045
0.570711, 0.00502525
0.588388, 0.00787451
0.606066, 0.0113795
0.623744, 0.0155544
0.641421, 0.0204168
0.659099, 0.0259879
0.676777, 0.0322928
0.694454, 0.0393619
0.712132, 0.0472307
0.72981, 0.055942
0.747487, 0.0655463
0.765165, 0.0761044
0.782843, 0.0876894
0.80052, 0.100391
0.818198, 0.114319
0.835876, 0.129612
0.853553, 0.146447
0.129612, 0.164124
0.148217, 0.148217
0.166793, 0.133758
0.185371, 0.120614
0.203949, 0.108648
0.222523, 0.0977533
0.241089, 0.0878423
0.259647, 0.0788426
0.278194, 0.0706936
0.29673, 0.0633447
0.315255, 0.0567531
0.333768, 0.0508825
0.35227, 0.0457022
0.370761, 0.0411863
0.389243, 0.0373131
0.407716, 0.0340645
0.426182, 0.0314257
0.444642, 0.0293851
0.463097, 0.0279338
0.481549, 0.0270654
0.5, 0.0267764
0.518451, 0.0270654
0.536903, 0.0279338
0.555358, 0.0293851
0.573818, 0.0314257
0.592284, 0.0340645
0.610757, 0.0373131
0.629239, 0.0411863
0.64773, 0.0457022
0.666232, 0.0508825
0.684745, 0.0567531
0.70327, 0.0633447
0.721806, 0.0706936
0.740353, 0.0788426
0.758911, 0.0878423
0.777477, 0.0977533
0.796051, 0.108648
0.814629, 0.120614
0.833207, 0.133758
0.851783, 0.148217
0.870388, 0.164124
0.114319, 0.181802
0.133758, 0.166793
0.153158, 0.153158
0.172567, 0.140786
0.191974, 0.129546
0.211372, 0.119329
0.230754, 0.110051
0.250116, 0.101638
0.269456, 0.0940307
0.288772, 0.0871769
0.308063, 0.0810343
0.32733, 0.0755666
0.346575, 0.0707433
0.365799, 0.0665392
0.385005, 0.0629332
0.404195, 0.0599083
0.423371, 0.0574507
0.442538, 0.0555497
0.461696, 0.0541974
0.480849, 0.0533882
0.5, 0.0531188
0.519151, 0.0533882
0.538304, 0.0541974
0.557462, 0.0555497
0.576629, 0.0574507
0.595805, 0.0599083
0.614995, 0.0629332
0.634201, 0.0665392
0.653425, 0.0707433
0.67267, 0.0755666
0.691937, 0.0810343
0.711228, 0.0871769
0.730544, 0.0940307
0.749884, 0.101638
0.769246, 0.110051
0.788628, 0.119329
0.808026, 0.129546
0.827433, 0.140786
0.846842, 0.153158
0.866242, 0.166793
0.885681, 0.181802
0.100391, 0.19948
0.120614, 0.185371
0.140786, 0.172567
0.16097, 0.16097
0.181146, 0.15045
0.201302, 0.140902
0.221427, 0.132238
0.241515, 0.124383
0.261562, 0.117276
0.281568, 0.110866
0.301535, 0.10511
0.321465, 0.0999739
0.341363, 0.0954284
0.361236, 0.0914524
0.381088, 0.0880293
0.400924, 0.0851469
0.420749, 0.0827967
0.440567, 0.0809732
0.46038, 0.0796727
0.480191, 0.0788931
0.5, 0.0786334
0.519809, 0.0788931
0.53962, 0.0796727
0.559433, 0.0809732
0.579251, 0.0827967
0.599076, 0.0851469
0.618912, 0.0880293
0.638764, 0.0914524
0.658637, 0.0954284
0.678535, 0.0999739
0.698465, 0.10511
0.718432, 0.110866
0.738438, 0.117276
0.758485, 0.124383
0.778573, 0.132238
0.798698, 0.140902
0.818854, 0.15045
0.83903, 0.16097
0.859214, 0.172567
0.879386, 0.185371
0.899609, 0.19948
0.0876894, 0.217157
0.108648, 0.203949
0.129546, 0.191974
0.15045, 0.181146
0.171334, 0.171334
0.192177, 0.162429
0.212962, 0.154339
0.233683, 0.146987
0.254337, 0.140307
0.274926, 0.134246
0.295458, 0.128761
0.315944, 0.123821
0.336397, 0.119406
0.356831, 0.115502
0.377258, 0.112107
0.397687, 0.109221
0.418127, 0.106849
0.438579, 0.104995
0.459044, 0.103667
0.479519, 0.102868
0.5, 0.102601
0.520481, 0.102868
0.540956, 0.103667
0.561421, 0.104995
0.581873, 0.106849
0.602313, 0.109221
0.622742, 0.112107
0.643169, 0.115502
0.663603, 0.119406
0.684056, 0.123821
0.704542, 0.128761
0.725074, 0.134246
0.745663, 0.140307
0.766317, 0.146987
0.787038, 0.154339
0.807823, 0.162429
0.828666, 0.171334
0.84955, 0.181146
0.870454, 0.191974
0.891352, 0.203949
0.912311, 0.217157
0.0761044, 0.234835
0.0977533, 0.222523
0.119329, 0.211372
0.140902, 0.201302
0.162429, 0.192177
0.183879, 0.183879
0.205232, 0.176311
0.226476, 0.169384
0.247612, 0.163025
0.26865, 0.157178
0.289613, 0.151803
0.31053, 0.146883
0.331432, 0.142417
0.352349, 0.138419
0.373304, 0.134909
0.394308, 0.131907
0.415367, 0.129433
0.436476, 0.127499
0.457627, 0.126113
0.478806, 0.12528
0.5, 0.125002
0.521194, 0.12528
0.542373, 0.126113
0.563524, 0.127499
0.584633, 0.129433
0.605692, 0.131907
0.626696, 0.134909
0.647651, 0.138419
0.668568, 0.142417
0.68947, 0.146883
0.710387, 0.151803
0.73135, 0.157178
0.752388, 0.163025
0.773524, 0.169384
0.794768, 0.176311
0.816121, 0.183879
0.837571, 0.192177
0.859098, 0.201302
0.880671, 0.211372
0.902247, 0.222523
0.923896, 0.234835
0.0655463, 0.252513
0.0878423, 0.241089
0.110051, 0.230754
0.132238, 0.221427
0.154339, 0.212962
0.176311, 0.205232
0.198121, 0.198121
0.219756, 0.191527
0.241223, 0.185366
0.262557, 0.179588
0.283816, 0.174181
0.305067, 0.169169
0.326371, 0.1646
0.347769, 0.160524
0.369278, 0.156978
0.390896, 0.153986
0.412608, 0.151552
0.434395, 0.149674
0.456235, 0.148342
0.478109, 0.147547
0.5, 0.147283
0.521891, 0.147547
0.543765, 0.148342
0.565605, 0.149674
0.587392, 0.151552
0.609104, 0.153986
0.630722, 0.156978
0.652231, 0.160524
0.673629, 0.1646
0.694933, 0.169169
0.716184, 0.174181
0.737443, 0.179588
0.758777, 0.185366
0.780244, 0.191527
0.801879, 0.198121
0.823689, 0.205232
0.845661, 0.212962
0.867762, 0.221427
0.889949, 0.230754
0.912158, 0.241089
0.934454, 0.252513
0.055942, 0.27019
0.0788426, 0.259647
0.101638, 0.250116
0.124383, 0.241515
0.146987, 0.233683
0.169384, 0.226476
0.191527, 0.219756
0.213402, 0.213402
0.235047, 0.207337
0.256557, 0.201555
0.278059, 0.196118
0.299669, 0.191125
0.321452, 0.186664
0.343425, 0.182787
0.365564, 0.179507
0.387833, 0.176808
0.410191, 0.174662
0.432607, 0.173035
0.455057, 0.171896
0.477525, 0.171223
0.5, 0.171
0.522475, 0.171223
0.544943, 0.171896
0.567393, 0.173035
0.589809, 0.174662
0.612167, 0.176808
0.634436, 0.179507
0.656575, 0.182787
0.678548, 0.186664
0.700331, 0.191125
0.721941, 0.196118
0.743443, 0.201555
0.764953, 0.207337
0.786598, 0.213402
0.808473, 0.219756
0.830616, 0.226476
0.853013, 0.233683
0.875617, 0.241515
0.898362, 0.250116
0.921157, 0.259647
0.944058, 0.27019
0.0472307, 0.287868
0.0706936, 0.278194
0.0940307, 0.269456
0.117276, 0.261562
0.140307, 0.254337
0.163025, 0.247612
0.185366, 0.241223
0.207337, 0.235047
0.229057, 0.229057
0.250733, 0.223349
0.27257, 0.218085
0.294681, 0.213404
0.317077, 0.209372
0.339705, 0.205987
0.362492, 0.203209
0.385374, 0.200981
0.408299, 0.199247
0.431236, 0.197955
0.454167, 0.197064
0.477087, 0.196542
0.5, 0.19637
0.522913, 0.196542
0.545833, 0.197064
0.568764, 0.197955
0.591701, 0.199247
0.614626, 0.200981
0.637508, 0.203209
0.660295, 0.205987
0.682923, 0.209372
0.705319, 0.213404
0.72743, 0.218085
0.749267, 0.223349
0.770943, 0.229057
0.792663, 0.235047
0.814634, 0.241223
0.836975, 0.247612
0.859693, 0.254337
0.882724, 0.261562
0.905969, 0.269456
0.929306, 0.278194
0.952769, 0.287868
0.0393619, 0.305546
0.0633447, 0.29673
0.0871769, 0.288772
0.110866, 0.281568
0.134246, 0.274926
0.157178, 0.26865
0.179588, 0.262557
0.201555, 0.256557
0.223349, 0.250733
0.245307, 0.245307
0.267645, 0.240489
0.290393, 0.236377
0.313465, 0.232966
0.336745, 0.230194
0.360128, 0.227985
0.383539, 0.226262
0.406926, 0.224957
0.430265, 0.224007
0.453548, 0.223365
0.476787, 0.222995
0.5, 0.222874
0.523213, 0.222995
0.546452, 0.223365
0.569735, 0.224007
0.593074, 0.224957
0.616461, 0.226262
0.639872, 0.227985
0.663255, 0.230194
0.686535, 0.232966
0.709607, 0.236377
0.732355, 0.240489
0.754693, 0.245307
0.776651, 0.250733
0.798445, 0.256557
0.820412, 0.262557
0.842822, 0.26865
0.865754, 0.274926
0.889134, 0.281568
0.912823, 0.288772
0.936655, 0.29673
0.960638, 0.305546
0.0322928, 0.323223
0.0567531, 0.315255
0.0810343, 0.308063
0.10511, 0.301535
0.128761, 0.295458
0.151803, 0.289613
0.174181, 0.283816
0.196118, 0.278059
0.218085, 0.27257
0.240489, 0.267645
0.263457, 0.263457
0.28689, 0.260019
0.310623, 0.257265
0.3345, 0.255105
0.358404, 0.253447
0.382254, 0.252206
0.406005, 0.251303
0.429639, 0.250672
0.453163, 0.250259
0.476604, 0.250027
0.5, 0.249952
0.523396, 0.250027
0.546837, 0.250259
0.570361, 0.250672
0.593995, 0.251303
0.617746, 0.252206
0.641596, 0.253447
0.6655, 0.255105
0.689377, 0.257265
0.71311, 0.260019
0.736543, 0.263457
0.759511, 0.267645
0.781915, 0.27257
0.803882, 0.278059
0.825819, 0.283816
0.848197, 0.289613
0.871239, 0.295458
0.89489, 0.301535
0.918966, 0.308063
0.943247, 0.315255
0.967707, 0.323223
0.0259879, 0.340901
0.0508825, 0.333768
0.0755666, 0.32733
0.0999739, 0.321465
0.123821, 0.315944
0.146883, 0.31053
0.169169, 0.305067
0.191125, 0.299669
0.213404, 0.294681
0.236377, 0.290393
0.260019, 0.28689
0.28412, 0.28412
0.308463, 0.281986
0.332873, 0.280389
0.357223, 0.279229
0.381431, 0.278413
0.405454, 0.277857
0.429289, 0.277491
0.452959, 0.277261
0.476511, 0.277134
0.5, 0.277094
0.523489, 0.277134
0.547041, 0.277261
0.570711, 0.277491
0.594546, 0.277857
0.618569, 0.278413
0.642777, 0.279229
0.667127, 0.280389
0.691537, 0.281986
0.71588, 0.28412
0.739981, 0.28689
0.763623, 0.290393
0.786596, 0.294681
0.808875, 0.299669
0.830831, 0.305067
0.853117, 0.31053
0.876179, 0.315944
0.900026, 0.321465
0.924433, 0.32733
0.949118, 0.333768
0.974012, 0.340901
0.0204168, 0.358579
0.0457022, 0.35227
0.0707433, 0.346575
0.0954284, 0.341363
0.119406, 0.336397
0.142417, 0.331432
0.1646, 0.326371
0.186664, 0.321452
0.209372, 0.317077
0.232966, 0.313465
0.257265, 0.310623
0.281986, 0.308463
0.306881, 0.306881
0.331758, 0.305773
0.356479, 0.30503
0.38096, 0.30455
0.405167, 0.304241
0.429116, 0.304032
0.452858, 0.303886
0.476462, 0.303794
0.5, 0.303761
0.523538, 0.303794
0.547142, 0.303886
0.570884, 0.304032
0.594833, 0.304241
0.61904, 0.30455
0.643521, 0.30503
0.668242, 0.305773
0.693119, 0.306881
0.718014, 0.308463
0.742735, 0.310623
0.767034, 0.313465
0.790628, 0.317077
0.813336, 0.321452
0.8354, 0.326371
0.857583, 0.331432
0.880594, 0.336397
0.904572, 0.341363
0.929257, 0.346575
0.954298, 0.35227
0.979583, 0.358579
0.0155544, 0.376256
0.0411863, 0.370761
0.0665392, 0.365799
0.0914524, 0.361236
0.115502, 0.356831
0.138419, 0.352349
0.160524, 0.347769
0.182787, 0.343425
0.205987, 0.339705
0.230194, 0.336745
0.255105, 0.3345
0.280389, 0.332873
0.305773, 0.331758
0.331044, 0.331044
0.356048, 0.330608
0.380699, 0.330328
0.404982, 0.330098
0.428952, 0.329854
0.452713, 0.329598
0.476373, 0.329392
0.5, 0.329311
0.523627, 0.329392
0.547287, 0.329598
0.571048, 0.329854
0.595018, 0.330098
0.619301, 0.330328
0.643952, 0.330608
0.668956, 0.331044
0.694227, 0.331758
0.719611, 0.332873
0.744895, 0.3345
0.769806, 0.336745
0.794013, 0.339705
0.817213, 0.343425
0.839476, 0.347769
0.861581, 0.352349
0.884498, 0.356831
0.908548, 0.361236
0.933461, 0.365799
0.958814, 0.370761
0.984446, 0.376256
0.0113795, 0.393934
0.0373131, 0.389243
0.0629332, 0.385005
0.0880293, 0.381088
0.112107, 0.377258
0.134909, 0.373304
0.156978, 0.369278
0.179507, 0.365564
0.203209, 0.362492
0.227985, 0.360128
0.253447, 0.358404
0.279229, 0.357223
0.30503, 0.356479
0.330608, 0.356048
0.355783, 0.355783
0.380459, 0.355521
0.404657, 0.355121
0.428522, 0.354532
0.452275, 0.353849
0.476091, 0.353291
0.5, 0.353075
0.523909, 0.353291
0.547725, 0.353849
0.571478, 0.354532
0.595343, 0.355121
0.619541, 0.355521
0.644217, 0.355783
0.669392, 0.356048
0.69497, 0.356479
0.720771, 0.357223
0.746553, 0.358404
0.772015, 0.360128
0.796791, 0.362492
0.820493, 0.365564
0.843022, 0.369278
0.865091, 0.373304
0.887893, 0.377258
0.911971, 0.381088
0.937067, 0.385005
0.962687, 0.389243
0.988621, 0.393934
0.00787451, 0.411612
0.0340645, 0.407716
0.0599083, 0.404195
0.0851469, 0.400924
0.109221, 0.397687
0.131907, 0.394308
0.153986, 0.390896
0.176808, 0.387833
0.200981, 0.385374
0.226262, 0.383539
0.252206, 0.382254
0.278413, 0.381431
0.30455, 0.38096
0.330328, 0.380699
0.355521, 0.380459
0.38001, 0.38001
0.403885, 0.379158
0.427492, 0.37791
0.451277, 0.376557
0.47548, 0.375528
0.5, 0.375148
0.52452, 0.375528
0.548723, 0.376557
0.572508, 0.37791
0.596115, 0.379158
0.61999, 0.38001
0.644479, 0.380459
0.669672, 0.380699
0.69545, 0.38096
0.721587, 0.381431
0.747794, 0.382254
0.773738, 0.383539
0.799019, 0.385374
0.823192, 0.387833
0.846014, 0.390896
0.868093, 0.394308
0.890779, 0.397687
0.914853, 0.400924
0.940092, 0.404195
0.965936, 0.407716
0.992125, 0.411612
0.00502525, 0.429289
0.0314257, 0.426182
0.0574507, 0.423371
0.0827967, 0.420749
0.106849, 0.418127
0.129433, 0.415367
0.151552, 0.412608
0.174662, 0.410191
0.199247, 0.408299
0.224957, 0.406926
0.251303, 0.406005
0.277857, 0.405454
0.304241, 0.405167
0.330098, 0.404982
0.355121, 0.404657
0.379158, 0.403885
0.402469, 0.402469
0.425776, 0.400598
0.449777, 0.398803
0.474628, 0.39757
0.5, 0.397139
0.525372, 0.39757
0.550223, 0.398803
0.574224, 0.400598
0.597531, 0.402469
0.620842, 0.403885
0.644879, 0.404657
0.669902, 0.404982
0.695759, 0.405167
0.722143, 0.405454
0.748697, 0.406005
0.775043, 0.406926
0.800753, 0.408299
0.825338, 0.410191
0.848448, 0.412608
0.870567, 0.415367
0.893151, 0.418127
0.917203, 0.420749
0.942549, 0.423371
0.968574, 0.426182
0.994975, 0.429289
0.00282045, 0.446967
0.0293851, 0.444642
0.0555497, 0.442538
0.0809732, 0.440567
0.104995, 0.438579
0.127499, 0.436476
0.149674, 0.434395
0.173035, 0.432607
0.197955, 0.431236
0.224007, 0.430265
0.250672, 0.429639
0.277491, 0.429289
0.304032, 0.429116
0.329854, 0.428952
0.354532, 0.428522
0.37791, 0.427492
0.400598, 0.425776
0.423793, 0.423793
0.44824, 0.422122
0.47382, 0.421076
0.5, 0.420726
0.52618, 0.421076
0.55176, 0.422122
0.576207, 0.423793
0.599402, 0.425776
0.62209, 0.427492
0.645468, 0.428522
0.670146, 0.428952
0.695968, 0.429116
0.722509, 0.429289
0.749328, 0.429639
0.775993, 0.430265
0.802045, 0.431236
0.826965, 0.432607
0.850326, 0.434395
0.872501, 0.436476
0.895005, 0.438579
0.919027, 0.440567
0.94445, 0.442538
0.970615, 0.444642
0.99718, 0.446967
0.00125157, 0.464645
0.0279338, 0.463097
0.0541974, 0.461696
0.0796727, 0.46038
0.103667, 0.459044
0.126113, 0.457627
0.148342, 0.456235
0.171896, 0.455057
0.197064, 0.454167
0.223365, 0.453548
0.250259, 0.453163
0.277261, 0.452959
0.303886, 0.452858
0.329598, 0.452713
0.353849, 0.452275
0.376557, 0.451277
0.398803, 0.449777
0.422122, 0.44824
0.447066, 0.447066
0.473234, 0.44637
0.5, 0.446142
0.526766, 0.44637
0.552934, 0.447066
0.577878, 0.44824
0.601197, 0.449777
0.623443, 0.451277
0.646151, 0.452275
0.670402, 0.452713
0.696114, 0.452858
0.722739, 0.452959
0.749741, 0.453163
0.776635, 0.453548
0.802936, 0.454167
0.828104, 0.455057
0.851658, 0.456235
0.873887, 0.457627
0.896333, 0.459044
0.920327, 0.46038
0.945803, 0.461696
0.972066, 0.463097
0.998748, 0.464645
0.000312598, 0.482322
0.0270654, 0.481549
0.0533882, 0.480849
0.0788931, 0.480191
0.102868, 0.479519
0.12528, 0.478806
0.147547, 0.478109
0.171223, 0.477525
0.196542, 0.477087
0.222995, 0.476787
0.250027, 0.476604
0.277134, 0.476511
0.303794, 0.476462
0.329392, 0.476373
0.353291, 0.476091
0.375528, 0.47548
0.39757, 0.474628
0.421076, 0.47382
0.44637, 0.473234
0.472895, 0.472895
0.5, 0.472784
0.527105, 0.472895
0.55363, 0.473234
0.578924, 0.47382
0.60243, 0.474628
0.624472, 0.47548
0.646709, 0.476091
0.670608, 0.476373
0.696206, 0.476462
0.722866, 0.476511
0.749973, 0.476604
0.777005, 0.476787
0.803458, 0.477087
0.828777, 0.477525
0.852453, 0.478109
0.87472, 0.478806
0.897132, 0.479519
0.921107, 0.480191
0.946612, 0.480849
0.972935, 0.481549
0.999687, 0.482322
0, 0.5
0.0267764, 0.5
0.0531188, 0.5
0.0786334, 0.5
0.102601, 0.5
0.125002, 0.5
0.147283, 0.5
0.171, 0.5
0.19637, 0.5
0.222874, 0.5
0.249952, 0.5
0.277094, 0.5
0.303761, 0.5
0.329311, 0.5
0.353075, 0.5
0.375148, 0.5
0.397139, 0.5
0.420726, 0.5
0.446142, 0.5
0.472784, 0.5
0.5, 0.5
0.527216, 0.5
0.553858, 0.5
0.579274, 0.5
0.602861, 0.5
0.624852, 0.5
0.646925, 0.5
0.670689, 0.5
0.696239, 0.5
0.722906, 0.5
0.750048, 0.5
0.777126, 0.5
0.80363, 0.5
0.829, 0.5
0.852717, 0.5
0.874998, 0.5
0.897399, 0.5
0.921367, 0.5
0.946881, 0.5
0.973224, 0.5
1, 0.5
0.000312598, 0.517678
0.0270654, 0.518451
0.0533882, 0.519151
0.0788931, 0.519809
0.102868, 0.520481
0.12528, 0.521194
0.147547, 0.521891
0.171223, 0.522475
0.196542, 0.522913
0.222995, 0.523213
0.250027, 0.523396
0.277134, 0.523489
0.303794, 0.523538
0.329392, 0.523627
0.353291, 0.523909
0.375528, 0.52452
0.39757, 0.525372
0.421076, 0.52618
0.44637, 0.526766
0.472895, 0.527105
0.5, 0.527216
0.527105, 0.527105
0.55363, 0.526766
0.578924, 0.52618
0.60243, 0.525372
0.624472, 0.52452
0.646709, 0.523909
0.670608, 0.523627
0.696206, 0.523538
0.722866, 0.523489
0.749973, 0.523396
0.777005, 0.523213
0.803458, 0.522913
0.828777, 0.522475
0.852453, 0.521891
0.87472, 0.521194
0.897132, 0.520481
0.921107, 0.519809
0.946612, 0.519151
0.972935, 0.518451
0.999687, 0.517678
0.00125157, 0.535355
0.0279338, 0.536903
0.0541974, 0.538304
0.0796727, 0.53962
0.103667, 0.540956
0.126113, 0.542373
0.148342, 0.543765
0.171896, 0.544943
0.197064, 0.545833
0.223365, 0.546452
0.250259, 0.546837
0.277261, 0.547041
0.303886, 0.547142
0.329598, 0.547287
0.353849, 0.547725
0.376557, 0.548723
0.398803, 0.550223
0.422122, 0.55176
0.447066, 0.552934
0.473234, 0.55363
0.5, 0.553858
0.526766, 0.55363
0.552934, 0.552934
0.577878, 0.55176
0.601197, 0.550223
0.623443, 0.548723
0.646151, 0.547725
0.670402, 0.547287
0.696114, 0.547142
0.722739, 0.547041
0.749741, 0.546837
0.776635, 0.546452
0.802936, 0.545833
0.828104, 0.544943
0.851658, 0.543765
0.873887, 0.542373
0.896333, 0.540956
0.920327, 0.53962
0.945803, 0.538304
0.972066, 0.536903
0.998748, 0.535355
0.00282045, 0.553033
0.0293851, 0.555358
0.0555497, 0.557462
0.0809732, 0.559433
0.104995, 0.561421
0.127499, 0.563524
0.149674, 0.565605
0.173035, 0.567393
0.197955, 0.568764
0.224007, 0.569735
0.250672, 0.570361
0.277491, 0.570711
0.304032, 0.570884
0.329854, 0.571048
0.354532, 0.571478
0.37791, 0.572508
0.400598, 0.574224
0.423793, 0.576207
0.44824, 0.577878
0.47382, 0.578924
0.5, 0.579274
0.52618, 0.578924
0.55176, 0.577878
0.576207, 0.576207
0.599402, 0.574224
0.62209, 0.572508
0.645468, 0.571478
0.670146, 0.571048
0.695968, 0.570884
0.722509, 0.570711
0.749328, 0.570361
0.775993, 0.569735
0.802045, 0.568764
0.826965, 0.567393
0.850326, 0.565605
0.872501, 0.563524
0.895005, 0.561421
0.919027, 0.559433
0.94445, 0.557462
0.970615, 0.555358
0.99718, 0.553033
0.00502525, 0.570711
0.0314257, 0.573818
0.0574507, 0.576629
0.0827967, 0.579251
0.106849, 0.581873
0.129433, 0.584633
0.151552, 0.587392
0.174662, 0.589809
0.199247, 0.591701
0.224957, 0.593074
0.251303, 0.593995
0.277857, 0.594546
0.304241, 0.594833
0.330098, 0.595018
0.355121, 0.595343
0.379158, 0.596115
0.402469, 0.597531
0.425776, 0.599402
0.449777, 0.601197
0.474628, 0.60243
0.5, 0.602861
0.525372, 0.60243
0.550223, 0.601197
0.574224, 0.599402
0.597531, 0.597531
0.620842, 0.596115
0.644879, 0.595343
0.669902, 0.595018
0.695759, 0.594833
0.722143, 0.594546
0.748697, 0.593995
0.775043, 0.593074
0.800753, 0.591701
0.825338, 0.589809
0.848448, 0.587392
0.870567, 0.584633
0.893151, 0.581873
0.917203, 0.579251
0.942549, 0.576629
0.968574, 0.573818
0.994975, 0.570711
0.00787451, 0.588388
0.0340645, 0.592284
0.0599083, 0.595805
0.0851469, 0.599076
0.109221, 0.602313
0.131907, 0.605692
0.153986, 0.609104
0.176808, 0.612167
0.200981, 0.614626
0.226262, 0.616461
0.252206, 0.617746
0.278413, 0.618569
0.30455, 0.61904
0.330328, 0.619301
0.355521, 0.619541
0.38001, 0.61999
0.403885, 0.620842
0.427492, 0.62209
0.451277, 0.623443
0.47548, 0.624472
0.5, 0.624852
0.52452, 0.624472
0.548723, 0.623443
0.572508, 0.62209
0.596115, 0.620842
0.61999, 0.61999
0.644479, 0.619541
0.669672, 0.619301
0.69545, 0.61904
0.721587, 0.618569
0.747794, 0.617746
0.773738, 0.616461
0.799019, 0.614626
0.823192, 0.612167
0.846014, 0.609104
0.868093, 0.605692
0.890779, 0.602313
0.914853, 0.599076
0.940092, 0.595805
0.965936, 0.592284
0.992125, 0.588388
0.0113795, 0.606066
0.0373131, 0.610757
0.0629332, 0.614995
0.0880293, 0.618912
0.112107, 0.622742
0.134909, 0.626696
0.156978, 0.630722
0.179507, 0.634436
0.203209, 0.637508
0.227985, 0.639872
0.253447, 0.641596
0.279229, 0.642777
0.30503, 0.643521
0.330608, 0.643952
0.355783, 0.644217
0.380459, 0.644479
0.404657, 0.644879
0.428522, 0.645468
0.452275, 0.646151
0.476091, 0.646709
0.5, 0.646925
0.523909, 0.646709
0.547725, 0.646151
0.571478, 0.645468
0.595343, 0.644879
0.619541, 0.644479
0.644217, 0.644217
0.669392, 0.643952
0.69497, 0.643521
0.720771, 0.642777
0.746553, 0.641596
0.772015, 0.639872
0.796791, 0.637508
0.820493, 0.634436
0.843022, 0.630722
0.865091, 0.626696
0.887893, 0.622742
0.911971, 0.618912
0.937067, 0.614995
0.962687, 0.610757
0.988621, 0.606066
0.0155544, 0.623744
0.0411863, 0.629239
0.0665392, 0.634201
0.0914524, 0.638764
0.115502, 0.643169
0.138419, 0.647651
0.160524, 0.652231
0.182787, 0.656575
0.205987, 0.660295
0.230194, 0.663255
0.255105, 0.6655
0.280389, 0.667127
0.305773, 0.668242
0.331044, 0.668956
0.356048, 0.669392
0.380699, 0.669672
0.404982, 0.669902
0.428952, 0.670146
0.452713, 0.670402
0.476373, 0.670608
0.5, 0.670689
0.523627, 0.670608
0.547287, 0.670402
0.571048, 0.670146
0.595018, 0.669902
0.619301, 0.669672
0.643952, 0.669392
0.668956, 0.668956
0.694227, 0.668242
0.719611, 0.667127
0.744895, 0.6655
0.769806, 0.663255
0.794013, 0.660295
0.817213, 0.656575
0.839476, 0.652231
0.861581, 0.647651
0.884498, 0.643169
0.908548, 0.638764
0.933461, 0.634201
0.958814, 0.629239
0.984446, 0.623744
0.0204168, 0.641421
0.0457022, 0.64773
0.0707433, 0.653425
0.0954284, 0.658637
0.119406, 0.663603
0.142417, 0.668568
0.1646, 0.673629
0.186664, 0.678548
0.209372, 0.682923
0.232966, 0.686535
0.257265, 0.689377
0.281986, 0.691537
0.306881, 0.693119
0.331758, 0.694227
0.356479, 0.69497
0.38096, 0.69545
0.405167, 0.695759
0.429116, 0.695968
0.452858, 0.696114
0.476462, 0.696206
0.5, 0.696239
0.523538, 0.696206
0.547142, 0.696114
0.570884, 0.695968
0.594833, 0.695759
0.61904, 0.69545
0.643521, 0.69497
0.668242, 0.694227
0.693119, 0.693119
0.718014, 0.691537
0.742735, 0.689377
0.767034, 0.686535
0.790628, 0.682923
0.813336, 0.678548
0.8354, 0.673629
0.857583, 0.668568
0.880594, 0.663603
0.904572, 0.658637
0.929257, 0.653425
0.954298, 0.64773
0.979583, 0.641421
0.0259879, 0.659099
0.0508825, 0.666232
0.0755666, 0.67267
0.0999739, 0.678535
0.123821, 0.684056
0.146883, 0.68947
0.169169, 0.694933
0.191125, 0.700331
0.213404, 0.705319
0.236377, 0.709607
0.260019, 0.71311
0.28412, 0.71588
0.308463, 0.718014
0.332873, 0.719611
0.357223, 0.720771
0.381431, 0.721587
0.405454, 0.722143
0.429289, 0.722509
0.452959, 0.722739
0.476511, 0.722866
0.5, 0.722906
0.523489, 0.722866
0.547041, 0.722739
0.570711, 0.722509
0.594546, 0.722143
0.618569, 0.721587
0.642777, 0.720771
0.667127, 0.719611
0.691537, 0.718014
0.71588, 0.71588
0.739981, 0.71311
0.763623, 0.709607
0.786596, 0.705319
0.808875, 0.700331
0.830831, 0.694933
0.853117, 0.68947
0.876179, 0.684056
0.900026, 0.678535
0.924433, 0.67267
0.949118, 0.666232
0.974012, 0.659099
0.0322928, 0.676777
0.0567531, 0.684745
0.0810343, 0.691937
0.10511, 0.698465
0.128761, 0.704542
0.151803, 0.710387
0.174181, 0.716184
0.196118, 0.721941
0.218085, 0.72743
0.240489, 0.732355
0.263457, 0.736543
0.28689, 0.739981
0.310623, 0.742735
0.3345, 0.744895
0.358404, 0.746553
0.382254, 0.747794
0.406005, 0.748697
0.429639, 0.749328
0.453163, 0.749741
0.476604, 0.749973
0.5, 0.750048
0.523396, 0.749973
0.546837, 0.749741
0.570361, 0.749328
0.593995, 0.748697
0.617746, 0.747794
0.641596, 0.746553
0.6655, 0.744895
0.689377, 0.742735
0.71311, 0.739981
0.736543, 0.736543
0.759511, 0.732355
0.781915, 0.72743
0.803882, 0.721941
0.825819, 0.716184
0.848197, 0.710387
0.871239, 0.704542
0.89489, 0.698465
0.918966, 0.691937
0.943247, 0.684745
0.967707, 0.676777
0.0393619, 0.694454
0.0633447, 0.70327
0.0871769, 0.711228
0.110866, 0.718432
0.134246, 0.725074
0.157178, 0.73135
0.179588, 0.737443
0.201555, 0.743443
0.223349, 0.749267
0.245307, 0.754693
0.267645, 0.759511
0.290393, 0.763623
0.313465, 0.767034
0.336745, 0.769806
0.360128, 0.772015
0.383539, 0.773738
0.406926, 0.775043
0.430265, 0.775993
0.453548, 0.776635
0.476787, 0.777005
0.5, 0.777126
0.523213, 0.777005
0.546452, 0.776635
0.569735, 0.775993
0.593074, 0.775043
0.616461, 0.773738
0.639872, 0.772015
0.663255, 0.769806
0.686535, 0.767034
0.709607, 0.763623
0.732355, 0.759511
0.754693, 0.754693
0.776651, 0.749267
0.798445, 0.743443
0.820412, 0.737443
0.842822, 0.73135
0.865754, 0.725074
0.889134, 0.718432
0.912823, 0.711228
0.936655, 0.70327
0.960638, 0.694454
0.0472307, 0.712132
0.0706936, 0.721806
0.0940307, 0.730544
0.117276, 0.738438
0.140307, 0.745663
0.163025, 0.752388
0.185366, 0.758777
0.207337, 0.764953
0.229057, 0.770943
0.250733, 0.776651
0.27257, 0.781915
0.294681, 0.786596
0.317077, 0.790628
0.339705, 0.794013
0.362492, 0.796791
0.385374, 0.799019
0.408299, 0.800753
0.431236, 0.802045
0.454167, 0.802936
0.477087, 0.803458
0.5, 0.80363
0.522913, 0.803458
0.545833, 0.802936
0.568764, 0.802045
0.591701, 0.800753
0.614626, 0.799019
0.637508, 0.796791
0.660295, 0.794013
0.682923, 0.790628
0.705319, 0.786596
0.72743, 0.781915
0.749267, 0.776651
0.770943, 0.770943
0.792663, 0.764953
0.814634, 0.758777
0.836975, 0.752388
0.859693, 0.745663
0.882724, 0.738438
0.905969, 0.730544
0.929306, 0.721806
0.952769, 0.712132
0.055942, 0.72981
0.0788426, 0.740353
0.101638, 0.749884
0.124383, 0.758485
0.146987, 0.766317
0.169384, 0.773524
0.191527, 0.780244
0.213402, 0.786598
0.235047, 0.792663
0.256557, 0.798445
0.278059, 0.803882
0.299669, 0.808875
0.321452, 0.813336
0.343425, 0.817213
0.365564, 0.820493
0.387833, 0.823192
0.410191, 0.825338
0.432607, 0.826965
0.455057, 0.828104
0.477525, 0.828777
0.5, 0.829
0.522475, 0.828777
0.544943, 0.828104
0.567393, 0.826965
0.589809, 0.825338
0.612167, 0.823192
0.634436, 0.820493
0.656575, 0.817213
0.678548, 0.813336
0.700331, 0.808875
0.721941, 0.803882
0.743443, 0.798445
0.764953, 0.792663
0.786598, 0.786598
0.808473, 0.780244
0.830616, 0.773524
0.853013, 0.766317
0.875617, 0.758485
0.898362, 0.749884
0.921157, 0.740353
0.944058, 0.72981
0.0655463, 0.747487
0.0878423, 0.758911
0.110051, 0.769246
0.132238, 0.778573
0.154339, 0.787038
0.176311, 0.794768
0.198121, 0.801879
0.219756, 0.808473
0.241223, 0.814634
0.262557, 0.820412
0.283816, 0.825819
0.305067, 0.830831
0.326371, 0.8354
0.347769, 0.839476
0.369278, 0.843022
0.390896, 0.846014
0.412608, 0.848448
0.434395, 0.850326
0.456235, 0.851658
0.478109, 0.852453
0.5, 0.852717
0.521891, 0.852453
0.543765, 0.851658
0.565605, 0.850326
0.587392, 0.848448
0.609104, 0.846014
0.630722, 0.843022
0.652231, 0.839476
0.673629, 0.8354
0.694933, 0.830831
0.716184, 0.825819
0.737443, 0.820412
0.758777, 0.814634
0.780244, 0.808473
0.801879, 0.801879
0.823689, 0.794768
0.845661, 0.787038
0.867762, 0.778573
0.889949, 0.769246
0.912158, 0.758911
0.934454, 0.747487
0.0761044, 0.765165
0.0977533, 0.777477
0.119329, 0.788628
0.140902, 0.798698
0.162429, 0.807823
0.183879, 0.816121
0.205232, 0.823689
0.226476, 0.830616
0.247612, 0.836975
0.26865, 0.842822
0.289613, 0.848197
0.31053, 0.853117
0.331432, 0.857583
0.352349, 0.861581
0.373304, 0.865091
0.394308, 0.868093
0.415367, 0.870567
0.436476, 0.872501
0.457627, 0.873887
0.478806, 0.87472
0.5, 0.874998
0.521194, 0.87472
0.542373, 0.873887
0.563524, 0.872501
0.584633, 0.870567
0.605692, 0.868093
0.626696, 0.865091
0.647651, 0.861581
0.668568, 0.857583
0.68947, 0.853117
0.710387, 0.848197
0.73135, 0.842822
0.752388, 0.836975
0.773524, 0.830616
0.794768, 0.823689
0.816121, 0.816121
0.837571, 0.807823
0.859098, 0.798698
0.880671, 0.788628
0.902247, 0.777477
0.923896, 0.765165
0.0876894, 0.782843
0.108648, 0.796051
0.129546, 0.808026
0.15045, 0.818854
0.171334, 0.828666
0.192177, 0.837571
0.212962, 0.845661
0.233683, 0.853013
0.254337, 0.859693
0.274926, 0.865754
0.295458, 0.871239
0.315944, 0.876179
0.336397, 0.880594
0.356831, 0.884498
0.377258, 0.887893
0.397687, 0.890779
0.418127, 0.893151
0.438579, 0.895005
0.459044, 0.896333
0.479519, 0.897132
0.5, 0.897399
0.520481, 0.897132
0.540956, 0.896333
0.561421, 0.895005
0.581873, 0.893151
0.602313, 0.890779
0.622742, 0.887893
0.643169, 0.884498
0.663603, 0.880594
0.684056, 0.876179
0.704542, 0.871239
0.725074, 0.865754
0.745663, 0.859693
0.766317, 0.853013
0.787038, 0.845661
0.807823, 0.837571
0.828666, 0.828666
0.84955, 0.818854
0.870454, 0.808026
0.891352, 0.796051
0.912311, 0.782843
0.100391, 0.80052
0.120614, 0.814629
0.140786, 0.827433
0.16097, 0.83903
0.181146, 0.84955
0.201302, 0.859098
0.221427, 0.867762
0.241515, 0.875617
0.261562, 0.882724
0.281568, 0.889134
0.301535, 0.89489
0.321465, 0.900026
0.341363, 0.904572
0.361236, 0.908548
0.381088, 0.911971
0.400924, 0.914853
0.420749, 0.917203
0.440567, 0.919027
0.46038, 0.920327
0.480191, 0.921107
0.5, 0.921367
0.519809, 0.921107
0.53962, 0.920327
0.559433, 0.919027
0.579251, 0.917203
0.599076, 0.914853
0.618912, 0.911971
0.638764, 0.908548
0.658637, 0.904572
0.678535, 0.900026
0.698465, 0.89489
0.718432, 0.889134
0.738438, 0.882724
0.758485, 0.875617
0.778573, 0.867762
0.798698, 0.859098
0.818854, 0.84955
0.83903, 0.83903
0.859214, 0.827433
0.879386, 0.814629
0.899609, 0.80052
0.114319, 0.818198
0.133758, 0.833207
0.153158, 0.846842
0.172567, 0.859214
0.191974, 0.870454
0.211372, 0.880671
0.230754, 0.889949
0.250116, 0.898362
0.269456, 0.905969
0.288772, 0.912823
0.308063, 0.918966
0.32733, 0.924433
0.346575, 0.929257
0.365799, 0.933461
0.385005, 0.937067
0.404195, 0.940092
0.423371, 0.942549
0.442538, 0.94445
0.461696, 0.945803
0.480849, 0.946612
0.5, 0.946881
0.519151, 0.946612
0.538304, 0.945803
0.557462, 0.94445
0.576629, 0.942549
0.595805, 0.940092
0.614995, 0.937067
0.634201, 0.933461
0.653425, 0.929257
0.67267, 0.924433
0.691937, 0.918966
0.711228, 0.912823
0.730544, 0.905969
0.749884, 0.898362
0.769246, 0.889949
0.788628, 0.880671
0.808026, 0.870454
0.827433, 0.859214
0.846842, 0.846842
0.866242, 0.833207
0.885681, 0.818198
0.129612, 0.835876
0.148217, 0.851783
0.166793, 0.866242
0.185371, 0.879386
0.203949, 0.891352
0.222523, 0.902247
0.241089, 0.912158
0.259647, 0.921157
0.278194, 0.929306
0.29673, 0.936655
0.315255, 0.943247
0.333768, 0.949118
0.35227, 0.954298
0.370761, 0.958814
0.389243, 0.962687
0.407716, 0.965936
0.426182, 0.968574
0.444642, 0.970615
0.463097, 0.972066
0.481549, 0.972935
0.5, 0.973224
0.518451, 0.972935
0.536903, 0.972066
0.555358, 0.970615
0.573818, 0.968574
0.592284, 0.965936
0.610757, 0.962687
0.629239, 0.958814
0.64773, 0.954298
0.666232, 0.949118
0.684745, 0.943247
0.70327, 0.936655
0.721806, 0.929306
0.740353, 0.921157
0.758911, 0.912158
0.777477, 0.902247
0.796051, 0.891352
0.814629, 0.879386
0.833207, 0.866242
0.851783, 0.851783
0.870388, 0.835876
0.146447, 0.853553
0.164124, 0.870388
0.181802, 0.885681
0.19948, 0.899609
0.217157, 0.912311
0.234835, 0.923896
0.252513, 0.934454
0.27019, 0.944058
0.287868, 0.952769
0.305546, 0.960638
0.323223, 0.967707
0.340901, 0.974012
0.358579, 0.979583
0.376256, 0.984446
0.393934, 0.988621
0.411612, 0.992125
0.429289, 0.994975
0.446967, 0.99718
0.464645, 0.998748
0.482322, 0.999687
0.5, 1
0.517678, 0.999687
0.535355, 0.998748
0.553033, 0.99718
0.570711, 0.994975
0.588388, 0.992125
0.606066, 0.988621
0.623744, 0.984446
0.641421, 0.979583
0.659099, 0.974012
0.676777, 0.967707
0.694454, 0.960638
0.712132, 0.952769
0.72981, 0.944058
0.747487, 0.934454
0.765165, 0.923896
0.782843, 0.912311
0.80052, 0.899609
0.818198, 0.885681
0.835876, 0.870388
0.853553, 0.853553
0.146919, 0.146919
0.165056, 0.131318
0.183195, 0.117137
0.201333, 0.104224
0.219469, 0.0924549
0.237601, 0.0817328
0.255729, 0.0719769
0.273852, 0.0631208
0.291968, 0.055109
0.31008, 0.0478952
0.328186, 0.0414402
0.346287, 0.0357112
0.364383, 0.0306803
0.382474, 0.0263243
0.400562, 0.0226239
0.418646, 0.0195631
0.436728, 0.0171292
0.454807, 0.0153122
0.472885, 0.0141049
0.490962, 0.0135024
0.509038, 0.0135024
0.527115, 0.0141049
0.545193, 0.0153122
0.563272, 0.0171292
0.581354, 0.0195631
0.599438, 0.0226239
0.617526, 0.0263243
0.635617, 0.0306803
0.653713, 0.0357112
0.671814, 0.0414402
0.68992, 0.0478952
0.708032, 0.055109
0.726148, 0.0631208
0.744271, 0.0719769
0.762399, 0.0817328
0.780531, 0.0924549
0.798667, 0.104224
0.816805, 0.117137
0.834944, 0.131318
0.853081, 0.146919
0.131318, 0.165056
0.150308, 0.150308
0.169304, 0.13692
0.188304, 0.124751
0.2073, 0.113681
0.226288, 0.103613
0.245264, 0.0944688
0.264225, 0.0861822
0.283169, 0.0786976
0.302096, 0.0719683
0.321006, 0.0659548
0.339898, 0.0606237
0.358774, 0.0559469
0.377635, 0.0519009
0.396484, 0.0484661
0.41532, 0.0456266
0.434148, 0.0433696
0.452968, 0.0416852
0.471783, 0.0405662
0.490595, 0.0400078
0.509405, 0.0400078
0.528217, 0.0405662
0.547032, 0.0416852
0.565852, 0.0433696
0.58468, 0.0456266
0.603516, 0.0484661
0.622365, 0.0519009
0.641226, 0.0559469
0.660102, 0.0606237
0.678994, 0.0659548
0.697904, 0.0719683
0.716831, 0.0786976
0.735775, 0.0861822
0.754736, 0.0944688
0.773712, 0.103613
0.7927, 0.113681
0.811696, 0.124751
0.830696, 0.13692
0.849692, 0.150308
0.868682, 0.165056
0.117137, 0.183195
0.13692, 0.169304
0.156716, 0.156716
0.176516, 0.145295
0.196307, 0.134923
0.21608, 0.125504
0.235829, 0.116958
0.255548, 0.10922
0.275235, 0.102233
0.29489, 0.0959508
0.314515, 0.0903331
0.334111, 0.0853482
0.353682, 0.0809693
0.37323, 0.0771752
0.392761, 0.0739489
0.412276, 0.0712772
0.431781, 0.0691502
0.451278, 0.0675607
0.470769, 0.0665036
0.490257, 0.0659759
0.509743, 0.0659759
0.529231, 0.0665036
0.548722, 0.0675607
0.568219, 0.0691502
0.587724, 0.0712772
0.607239, 0.0739489
0.62677, 0.0771752
0.646318, 0.0809693
0.665889, 0.0853482
0.685485, 0.0903331
0.70511, 0.0959508
0.724765, 0.102233
0.744452, 0.10922
0.764171, 0.116958
0.78392, 0.125504
0.803693, 0.134923
0.823484, 0.145295
0.843284, 0.156716
0.86308, 0.169304
0.882863, 0.183195
0.104224, 0.201333
0.124751, 0.188304
0.145295, 0.176516
0.165837, 0.165837
0.186359, 0.15615
0.206844, 0.147357
0.227284, 0.139375
0.247672, 0.132136
0.268008, 0.125583
0.288294, 0.119667
0.308535, 0.11435
0.328738, 0.109605
0.348914, 0.105409
0.36907, 0.101748
0.389214, 0.0986139
0.409354, 0.0960024
0.429493, 0.093912
0.449634, 0.0923429
0.469779, 0.091296
0.489926, 0.0907722
0.510074, 0.0907722
0.530221, 0.091296
0.550366, 0.0923429
0.570507, 0.093912
0.590646, 0.0960024
0.610786, 0.0986139
0.63093, 0.101748
0.651086, 0.105409
0.671262, 0.109605
0.691465, 0.11435
0.711706, 0.119667
0.731992, 0.125583
0.752328, 0.132136
0.772716, 0.139375
0.793156, 0.147357
0.813641, 0.15615
0.834163, 0.165837
0.854705, 0.176516
0.875249, 0.188304
0.895776, 0.201333
0.0924549, 0.219469
0.113681, 0.2073
0.134923, 0.196307
0.15615, 0.186359
0.177333, 0.177333
0.19845, 0.169128
0.219488, 0.161655
0.24044, 0.154838
0.261308, 0.148616
0.282103, 0.142939
0.30284, 0.137776
0.323541, 0.133106
0.344227, 0.128923
0.364917, 0.125231
0.385626, 0.122039
0.406362, 0.119359
0.42713, 0.117201
0.447926, 0.115575
0.468746, 0.114487
0.48958, 0.113943
0.51042, 0.113943
0.531254, 0.114487
0.552074, 0.115575
0.57287, 0.117201
0.593638, 0.119359
0.614374, 0.122039
0.635083, 0.125231
0.655773, 0.128923
0.676459, 0.133106
0.69716, 0.137776
0.717897, 0.142939
0.738692, 0.148616
0.75956, 0.154838
0.780512, 0.161655
0.80155, 0.169128
0.822667, 0.177333
0.84385, 0.186359
0.865077, 0.196307
0.886319, 0.2073
0.907545, 0.219469
0.0817328, 0.237601
0.103613, 0.226288
0.125504, 0.21608
0.147357, 0.206844
0.169128, 0.19845
0.190786, 0.190786
0.21231, 0.18375
0.233696, 0.177255
0.254955, 0.171234
0.276116, 0.165646
0.297222, 0.160476
0.31832, 0.155736
0.339452, 0.151453
0.360647, 0.147659
0.381919, 0.144382
0.40327, 0.141641
0.42469, 0.139446
0.446166, 0.137802
0.467683, 0.136707
0.489225, 0.136161
0.510775, 0.136161
0.532317, 0.136707
0.553834, 0.137802
0.57531, 0.139446
0.59673, 0.141641
0.618081, 0.144382
0.639353, 0.147659
0.660548, 0.151453
0.68168, 0.155736
0.702778, 0.160476
0.723884, 0.165646
0.745045, 0.171234
0.766304, 0.177255
0.78769, 0.18375
0.809214, 0.190786
0.830872, 0.19845
0.852643, 0.206844
0.874496, 0.21608
0.896387, 0.226288
0.918267, 0.237601
0.0719769, 0.255729
0.0944688, 0.245264
0.116958, 0.235829
0.139375, 0.227284
0.161655, 0.219488
0.18375, 0.21231
0.205631, 0.205631
0.227301, 0.199353
0.2488, 0.193415
0.270204, 0.187814
0.291607, 0.182591
0.31309, 0.177814
0.334702, 0.173547
0.356456, 0.169833
0.378343, 0.166687
0.400338, 0.164107
0.422414, 0.162078
0.444547, 0.160579
0.466715, 0.159591
0.488903, 0.159101
0.511097, 0.159101
0.533285, 0.159591
0.555453, 0.160579
0.577586, 0.162078
0.599662, 0.164107
0.621657, 0.166687
0.643544, 0.169833
0.665298, 0.173547
0.68691, 0.177814
0.708393, 0.182591
0.729796, 0.187814
0.7512, 0.193415
0.772699, 0.199353
0.794369, 0.205631
0.81625, 0.21231
0.838345, 0.219488
0.860625, 0.227284
0.883042, 0.235829
0.905531, 0.245264
0.928023, 0.255729
0.0631208, 0.273852
0.0861822, 0.264225
0.10922, 0.255548
0.132136, 0.247672
0.154838, 0.24044
0.177255, 0.233696
0.199353, 0.227301
0.221162, 0.221162
0.242797, 0.215271
0.264419, 0.209706
0.286176, 0.204592
0.308148, 0.200032
0.330346, 0.196083
0.352735, 0.192748
0.375263, 0.190002
0.397881, 0.187803
0.42055, 0.186106
0.443243, 0.184872
0.465945, 0.184068
0.488648, 0.183672
0.511352, 0.183672
0.534055, 0.184068
0.556757, 0.184872
0.57945, 0.186106
0.602119, 0.187803
0.624737, 0.190002
0.647265, 0.192748
0.669654, 0.196083
0.691852, 0.200032
0.713824, 0.204592
0.735581, 0.209706
0.757203, 0.215271
0.778838, 0.221162
0.800647, 0.227301
0.822745, 0.233696
0.845162, 0.24044
0.867864, 0.247672
0.89078, 0.255548
0.913818, 0.264225
0.936879, 0.273852
0.055109, 0.291968
0.0786976, 0.283169
0.102233, 0.275235
0.125583, 0.268008
0.148616, 0.261308
0.171234, 0.254955
0.193415, 0.2488
0.215271, 0.242797
0.237042, 0.237042
0.258983, 0.231718
0.28124, 0.226988
0.30383, 0.222927
0.326685, 0.219533
0.349716, 0.216755
0.372842, 0.214528
0.396003, 0.212788
0.419158, 0.211473
0.442287, 0.210533
0.465388, 0.209929
0.488465, 0.209634
0.511535, 0.209634
0.534612, 0.209929
0.557713, 0.210533
0.580842, 0.211473
0.603997, 0.212788
0.627158, 0.214528
0.650284, 0.216755
0.673315, 0.219533
0.69617, 0.222927
0.71876, 0.226988
0.741017, 0.231718
0.762958, 0.237042
0.784729, 0.242797
0.806585, 0.2488
0.828766, 0.254955
0.851384, 0.261308
0.874417, 0.268008
0.897767, 0.275235
0.921302, 0.283169
0.944891, 0.291968
0.0478952, 0.31008
0.0719683, 0.302096
0.0959508, 0.29489
0.119667, 0.288294
0.142939, 0.282103
0.165646, 0.276116
0.187814, 0.270204
0.209706, 0.264419
0.231718, 0.258983
0.254134, 0.254134
0.277018, 0.249999
0.30028, 0.246581
0.323785, 0.243818
0.347407, 0.241628
0.371052, 0.239927
0.394658, 0.23864
0.418192, 0.237696
0.441642, 0.237041
0.465018, 0.236628
0.488345, 0.23643
0.511655, 0.23643
0.534982, 0.236628
0.558358, 0.237041
0.581808, 0.237696
0.605342, 0.23864
0.628948, 0.239927
0.652593, 0.241628
0.676215, 0.243818
0.69972, 0.246581
0.722982, 0.249999
0.745866, 0.254134
0.768282, 0.258983
0.790294, 0.264419
0.812186, 0.270204
0.834354, 0.276116
0.857061, 0.282103
0.880333, 0.288294
0.904049, 0.29489
0.928032, 0.302096
0.952105, 0.31008
0.0414402, 0.328186
0.0659548, 0.321006
0.0903331, 0.314515
0.11435, 0.308535
0.137776, 0.30284
0.160476, 0.297222
0.182591, 0.291607
0.204592, 0.286176
0.226988, 0.28124
0.249999, 0.277018
0.273556, 0.273556
0.297476, 0.270795
0.321579, 0.268644
0.345722, 0.267008
0.369806, 0.265795
0.39377, 0.26492
0.417585, 0.264309
0.441254, 0.263903
0.464805, 0.263655
0.488277, 0.263538
0.511723, 0.263538
0.535195, 0.263655
0.558746, 0.263903
0.582415, 0.264309
0.60623, 0.26492
0.630194, 0.265795
0.654278, 0.267008
0.678421, 0.268644
0.702524, 0.270795
0.726444, 0.273556
0.750001, 0.277018
0.773012, 0.28124
0.795408, 0.286176
0.817409, 0.291607
0.839524, 0.297222
0.862224, 0.30284
0.88565, 0.308535
0.909667, 0.314515
0.934045, 0.321006
0.95856, 0.328186
0.0357112, 0.346287
0.0606237, 0.339898
0.0853482, 0.334111
0.109605, 0.328738
0.133106, 0.323541
0.155736, 0.31832
0.177814, 0.31309
0.200032, 0.308148
0.222927, 0.30383
0.246581, 0.30028
0.270795, 0.297476
0.295326, 0.295326
0.319966, 0.293728
0.344562, 0.292582
0.369008, 0.291788
0.393242, 0.291253
0.41725, 0.2909
0.441053, 0.290669
0.464697, 0.290527
0.488243, 0.290457
0.511757, 0.290457
0.535303, 0.290527
0.558947, 0.290669
0.58275, 0.2909
0.606758, 0.291253
0.630992, 0.291788
0.655438, 0.292582
0.680034, 0.293728
0.704674, 0.295326
0.729205, 0.297476
0.753419, 0.30028
0.777073, 0.30383
0.799968, 0.308148
0.822186, 0.31309
0.844264, 0.31832
0.866894, 0.323541
0.890395, 0.328738
0.914652, 0.334111
0.939376, 0.339898
0.964289, 0.346287
0.0306803, 0.364383
0.0559469, 0.358774
0.0809693, 0.353682
0.105409, 0.348914
0.128923, 0.344227
0.151453, 0.339452
0.173547, 0.334702
0.196083, 0.330346
0.219533, 0.326685
0.243818, 0.323785
0.268644, 0.321579
0.293728, 0.319966
0.318843, 0.318843
0.343818, 0.318099
0.368539, 0.317623
0.392951, 0.31731
0.417059, 0.317076
0.440917, 0.316878
0.464608, 0.316715
0.488211, 0.31662
0.511789, 0.31662
0.535392, 0.316715
0.559083, 0.316878
0.582941, 0.317076
0.607049, 0.31731
0.631461, 0.317623
0.656182, 0.318099
0.681157, 0.318843
0.706272, 0.319966
0.731356, 0.321579
0.756182, 0.323785
0.780467, 0.326685
0.803917, 0.330346
0.826453, 0.334702
0.848547, 0.339452
0.871077, 0.344227
0.894591, 0.348914
0.919031, 0.353682
0.944053, 0.358774
0.96932, 0.364383
0.0263243, 0.382474
0.0519009, 0.377635
0.0771752, 0.37323
0.101748, 0.36907
0.125231, 0.364917
0.147659, 0.360647
0.169833, 0.356456
0.192748, 0.352735
0.216755, 0.349716
0.241628, 0.347407
0.267008, 0.345722
0.292582, 0.344562
0.318099, 0.343818
0.343366, 0.343366
0.368254, 0.34307
0.392717, 0.342798
0.416803, 0.342456
0.44064, 0.342034
0.46438, 0.341622
0.488122, 0.341364
0.511878, 0.341364
0.53562, 0.341622
0.55936, 0.342034
0.583197, 0.342456
0.607283, 0.342798
0.631746, 0.34307
0.656634, 0.343366
0.681901, 0.343818
0.707418, 0.344562
0.732992, 0.345722
0.758372, 0.347407
0.783245, 0.349716
0.807252, 0.352735
0.830167, 0.356456
0.852341, 0.360647
0.874769, 0.364917
0.898252, 0.36907
0.922825, 0.37323
0.948099, 0.377635
0.973676, 0.382474
0.0226239, 0.400562
0.0484661, 0.396484
0.0739489, 0.392761
0.0986139, 0.389214
0.122039, 0.385626
0.144382, 0.381919
0.166687, 0.378343
0.190002, 0.375263
0.214528, 0.372842
0.239927, 0.371052
0.265795, 0.369806
0.291788, 0.369008
0.317623, 0.368539
0.34307, 0.368254
0.367972, 0.367972
0.392295, 0.367506
0.416178, 0.366748
0.439916, 0.365774
0.463791, 0.36485
0.487895, 0.36429
0.512105, 0.36429
0.536209, 0.36485
0.560084, 0.365774
0.583822, 0.366748
0.607705, 0.367506
0.632028, 0.367972
0.65693, 0.368254
0.682377, 0.368539
0.708212, 0.369008
0.734205, 0.369806
0.760073, 0.371052
0.785472, 0.372842
0.809998, 0.375263
0.833313, 0.378343
0.855618, 0.381919
0.877961, 0.385626
0.901386, 0.389214
0.926051, 0.392761
0.951534, 0.396484
0.977376, 0.400562
0.0195631, 0.418646
0.0456266, 0.41532
0.0712772, 0.412276
0.0960024, 0.409354
0.119359, 0.406362
0.141641, 0.40327
0.164107, 0.400338
0.187803, 0.397881
0.212788, 0.396003
0.23864, 0.394658
0.26492, 0.39377
0.291253, 0.393242
0.31731, 0.392951
0.342798, 0.392717
0.367506, 0.392295
0.39143, 0.39143
0.414915, 0.390047
0.438553, 0.388412
0.462758, 0.386993
0.487513, 0.386187
0.512487, 0.386187
0.537242, 0.386993
0.561447, 0.388412
0.585085, 0.390047
0.60857, 0.39143
0.632494, 0.392295
0.657202, 0.392717
0.68269, 0.392951
0.708747, 0.393242
0.73508, 0.39377
0.76136, 0.394658
0.787212, 0.396003
0.812197, 0.397881
0.835893, 0.400338
0.858359, 0.40327
0.880641, 0.406362
0.903998, 0.409354
0.928723, 0.412276
0.954373, 0.41532
0.980437, 0.418646
0.0171292, 0.436728
0.0433696, 0.434148
0.0691502, 0.431781
0.093912, 0.429493
0.117201, 0.42713
0.139446, 0.42469
0.162078, 0.422414
0.186106, 0.42055
0.211473, 0.419158
0.237696, 0.418192
0.264309, 0.417585
0.2909, 0.41725
0.317076, 0.417059
0.342456, 0.416803
0.366748, 0.416178
0.390047, 0.414915
0.413085, 0.413085
0.436789, 0.411168
0.461536, 0.409681
0.487084, 0.408898
0.512916, 0.408898
0.538464, 0.409681
0.563211, 0.411168
0.586915, 0.413085
0.609953, 0.414915
0.633252, 0.416178
0.657544, 0.416803
0.682924, 0.417059
0.7091, 0.41725
0.735691, 0.417585
0.762304, 0.418192
0.788527, 0.419158
0.813894, 0.42055
0.837922, 0.422414
0.860554, 0.42469
0.882799, 0.42713
0.906088, 0.429493
0.93085, 0.431781
0.95663, 0.434148
0.982871, 0.436728
0.0153122, 0.454807
0.0416852, 0.452968
0.0675607, 0.451278
0.0923429, 0.449634
0.115575, 0.447926
0.137802, 0.446166
0.160579, 0.444547
0.184872, 0.443243
0.210533, 0.442287
0.237041, 0.441642
0.263903, 0.441254
0.290669, 0.441053
0.316878, 0.440917
0.342034, 0.44064
0.365774, 0.439916
0.388412, 0.438553
0.411168, 0.436789
0.43515, 0.43515
0.460497, 0.433996
0.486734, 0.433421
0.513266, 0.433421
0.539503, 0.433996
0.56485, 0.43515
0.588832, 0.436789
0.611588, 0.438553
0.634226, 0.439916
0.657966, 0.44064
0.683122, 0.440917
0.709331, 0.441053
0.736097, 0.441254
0.762959, 0.441642
0.789467, 0.442287
0.815128, 0.443243
0.839421, 0.444547
0.862198, 0.446166
0.884425, 0.447926
0.907657, 0.449634
0.932439, 0.451278
0.958315, 0.452968
0.984688, 0.454807
0.0141049, 0.472885
0.0405662, 0.471783
0.0665036, 0.470769
0.091296, 0.469779
0.114487, 0.468746
0.136707, 0.467683
0.159591, 0.466715
0.184068, 0.465945
0.209929, 0.465388
0.236628, 0.465018
0.263655, 0.464805
0.290527, 0.464697
0.316715, 0.464608
0.341622, 0.46438
0.36485, 0.463791
0.386993, 0.462758
0.409681, 0.461536
0.433996, 0.460497
0.459808, 0.459808
0.486508, 0.459473
0.513492, 0.459473
0.540192, 0.459808
0.566004, 0.460497
0.590319, 0.461536
0.613007, 0.462758
0.63515, 0.463791
0.658378, 0.46438
0.683285, 0.464608
0.709473, 0.464697
0.736345, 0.464805
0.763372, 0.465018
0.790071, 0.465388
0.815932, 0.465945
0.840409, 0.466715
0.863293, 0.467683
0.885513, 0.468746
0.908704, 0.469779
0.933496, 0.470769
0.959434, 0.471783
0.985895, 0.472885
0.0135024, 0.490962
0.0400078, 0.490595
0.0659759, 0.490257
0.0907722, 0.489926
0.113943, 0.48958
0.136161, 0.489225
0.159101, 0.488903
0.183672, 0.488648
0.209634, 0.488465
0.23643, 0.488345
0.263538, 0.488277
0.290457, 0.488243
0.31662, 0.488211
0.341364, 0.488122
0.36429, 0.487895
0.386187, 0.487513
0.408898, 0.487084
0.433421, 0.486734
0.459473, 0.486508
0.486399, 0.486399
0.513601, 0.486399
0.540527, 0.486508
0.566579, 0.486734
0.591102, 0.487084
0.613813, 0.487513
0.63571, 0.487895
0.658636, 0.488122
0.68338, 0.488211
0.709543, 0.488243
0.736462, 0.488277
0.76357, 0.488345
0.790366, 0.488465
0.816328, 0.488648
0.840899, 0.488903
0.863839, 0.489225
0.886057, 0.48958
0.909228, 0.489926
0.934024, 0.490257
0.959992, 0.490595
0.986498, 0.490962
0.0135024, 0.509038
0.0400078, 0.509405
0.0659759, 0.509743
0.0907722, 0.510074
0.113943, 0.51042
0.136161, 0.510775
0.159101, 0.511097
0.183672, 0.511352
0.209634, 0.511535
0.23643, 0.511655
0.263538, 0.511723
0.290457, 0.511757
0.31662, 0.511789
0.341364, 0.511878
0.36429, 0.512105
0.386187, 0.512487
0.408898, 0.512916
0.433421, 0.513266
0.459473, 0.513492
0.486399, 0.513601
0.513601, 0.513601
0.540527, 0.513492
0.566579, 0.513266
0.591102, 0.512916
0.613813, 0.512487
0.63571, 0.512105
0.658636, 0.511878
0.68338, 0.511789
0.709543, 0.511757
0.736462, 0.511723
0.76357, 0.511655
0.790366, 0.511535
0.816328, 0.511352
0.840899, 0.511097
0.863839, 0.510775
0.886057, 0.51042
0.909228, 0.510074
0.934024, 0.509743
0.959992, 0.509405
0.986498, 0.509038
0.0141049, 0.527115
0.0405662, 0.528217
0.0665036, 0.529231
0.091296, 0.530221
0.114487, 0.531254
0.136707, 0.532317
0.159591, 0.533285
0.184068, 0.534055
0.209929, 0.534612
0.236628, 0.534982
0.263655, 0.535195
0.290527, 0.535303
0.316715, 0.535392
0.341622, 0.53562
0.36485, 0.536209
0.386993, 0.537242
0.409681, 0.538464
0.433996, 0.539503
0.459808, 0.540192
0.486508, 0.540527
0.513492, 0.540527
0.540192, 0.540192
0.566004, 0.539503
0.590319, 0.538464
0.613007, 0.537242
0.63515, 0.536209
0.658378, 0.53562
0.683285, 0.535392
0.709473, 0.535303
0.736345, 0.535195
0.763372, 0.534982
0.790071, 0.534612
0.815932, 0.534055
0.840409, 0.533285
0.863293, 0.532317
0.885513, 0.531254
0.908704, 0.530221
0.933496, 0.529231
0.959434, 0.528217
0.985895, 0.527115
0.0153122, 0.545193
0.0416852, 0.547032
0.0675607, 0.548722
0.0923429, 0.550366
0.115575, 0.552074
0.137802, 0.553834
0.160579, 0.555453
0.184872, 0.556757
0.210533, 0.557713
0.237041, 0.558358
0.263903, 0.558746
0.290669, 0.558947
0.316878, 0.559083
0.342034, 0.55936
0.365774, 0.560084
0.388412, 0.561447
0.411168, 0.563211
0.43515, 0.56485
0.460497, 0.566004
0.486734, 0.566579
0.513266, 0.566579
0.539503, 0.566004
0.56485, 0.56485
0.588832, 0.563211
0.611588, 0.561447
0.634226, 0.560084
0.657966, 0.55936
0.683122, 0.559083
0.709331, 0.558947
0.736097, 0.558746
0.762959, 0.558358
0.789467, 0.557713
0.815128, 0.556757
0.839421, 0.555453
0.862198, 0.553834
0.884425, 0.552074
0.907657, 0.550366
0.932439, 0.548722
0.958315, 0.547032
0.984688, 0.545193
0.0171292, 0.563272
0.0433696, 0.565852
0.0691502, 0.568219
0.093912, 0.570507
0.117201, 0.57287
0.139446, 0.57531
0.162078, 0.577586
0.186106, 0.57945
0.211473, 0.580842
0.237696, 0.581808
0.264309, 0.582415
0.2909, 0.58275
0.317076, 0.582941
0.342456, 0.583197
0.366748, 0.583822
0.390047, 0.585085
0.413085, 0.586915
0.436789, 0.588832
0.461536, 0.590319
0.487084, 0.591102
0.512916, 0.591102
0.538464, 0.590319
0.563211, 0.588832
0.586915, 0.586915
0.609953, 0.585085
0.633252, 0.583822
0.657544, 0.583197
0.682924, 0.582941
0.7091, 0.58275
0.735691, 0.582415
0.762304, 0.581808
0.788527, 0.580842
0.813894, 0.57945
0.837922, 0.577586
0.860554, 0.57531
0.882799, 0.57287
0.906088, 0.570507
0.93085, 0.568219
0.95663, 0.565852
0.982871, 0.563272
0.0195631, 0.581354
0.0456266, 0.58468
0.0712772, 0.587724
0.0960024, 0.590646
0.119359, 0.593638
0.141641, 0.59673
0.164107, 0.599662
0.187803, 0.602119
0.212788, 0.603997
0.23864, 0.605342
0.26492, 0.60623
0.291253, 0.606758
0.31731, 0.607049
0.342798, 0.607283
0.367506, 0.607705
0.39143, 0.60857
0.414915, 0.609953
0.438553, 0.611588
0.462758, 0.613007
0.487513, 0.613813
0.512487, 0.613813
0.537242, 0.613007
0.561447, 0.611588
0.585085, 0.609953
0.60857, 0.60857
0.632494, 0.607705
0.657202, 0.607283
0.68269, 0.607049
0.708747, 0.606758
0.73508, 0.60623
0.76136, 0.605342
0.787212, 0.603997
0.812197, 0.602119
0.835893, 0.599662
0.858359, 0.59673
0.880641, 0.593638
0.903998, 0.590646
0.928723, 0.587724
0.954373, 0.58468
0.980437, 0.581354
0.0226239, 0.599438
0.0484661, 0.603516
0.0739489, 0.607239
0.0986139, 0.610786
0.122039, 0.614374
0.144382, 0.618081
0.166687, 0.621657
0.190002, 0.624737
0.214528, 0.627158
0.239927, 0.628948
0.265795, 0.630194
0.291788, 0.630992
0.317623, 0.631461
0.34307, 0.631746
0.367972, 0.632028
0.392295, 0.632494
0.416178, 0.633252
0.439916, 0.634226
0.463791, 0.63515
0.487895, 0.63571
0.512105, 0.63571
0.536209, 0.63515
0.560084, 0.634226
0.583822, 0.633252
0.607705, 0.632494
0.632028, 0.632028
0.65693, 0.631746
0.682377, 0.631461
0.708212, 0.630992
0.734205, 0.630194
0.760073, 0.628948
0.785472, 0.627158
0.809998, 0.624737
0.833313, 0.621657
0.855618, 0.618081
0.877961, 0.614374
0.901386, 0.610786
0.926051, 0.607239
0.951534, 0.603516
0.977376, 0.599438
0.0263243, 0.617526
0.0519009, 0.622365
0.0771752, 0.62677
0.101748, 0.63093
0.125231, 0.635083
0.147659, 0.639353
0.169833, 0.643544
0.192748, 0.647265
0.216755, 0.650284
0.241628, 0.652593
0.267008, 0.654278
0.292582, 0.655438
0.318099, 0.656182
0.343366, 0.656634
0.368254, 0.65693
0.392717, 0.657202
0.416803, 0.657544
0.44064, 0.657966
0.46438, 0.658378
0.488122, 0.658636
0.511878, 0.658636
0.53562, 0.658378
0.55936, 0.657966
0.583197, 0.657544
0.607283, 0.657202
0.631746, 0.65693
0.656634, 0.656634
0.681901, 0.656182
0.707418, 0.655438
0.732992, 0.654278
0.758372, 0.652593
0.783245, 0.650284
0.807252, 0.647265
0.830167, 0.643544
0.852341, 0.639353
0.874769, 0.635083
0.898252, 0.63093
0.922825, 0.62677
0.948099, 0.622365
0.973676, 0.617526
0.0306803, 0.635617
0.0559469, 0.641226
0.0809693, 0.646318
0.105409, 0.651086
0.128923, 0.655773
0.151453, 0.660548
0.173547, 0.665298
0.196083, 0.669654
0.219533, 0.673315
0.243818, 0.676215
0.268644, 0.678421
0.293728, 0.680034
0.318843, 0.681157
0.343818, 0.681901
0.368539, 0.682377
0.392951, 0.68269
0.417059, 0.682924
0.440917, 0.683122
0.464608, 0.683285
0.488211, 0.68338
0.511789, 0.68338
0.535392, 0.683285
0.559083, 0.683122
0.582941, 0.682924
0.607049, 0.68269
0.631461, 0.682377
0.656182, 0.681901
0.681157, 0.681157
0.706272, 0.680034
0.731356, 0.678421
0.756182, 0.676215
0.780467, 0.673315
0.803917, 0.669654
0.826453, 0.665298
0.848547, 0.660548
0.871077, 0.655773
0.894591, 0.651086
0.919031, 0.646318
0.944053, 0.641226
0.96932, 0.635617
0.0357112, 0.653713
0.0606237, 0.660102
0.0853482, 0.665889
0.109605, 0.671262
0.133106, 0.676459
0.155736, 0.68168
0.177814, 0.68691
0.200032, 0.691852
0.222927, 0.69617
0.246581, 0.69972
0.270795, 0.702524
0.295326, 0.704674
0.319966, 0.706272
0.344562, 0.707418
0.369008, 0.708212
0.393242, 0.708747
0.41725, 0.7091
0.441053, 0.709331
0.464697, 0.709473
0.488243, 0.709543
0.511757, 0.709543
0.535303, 0.709473
0.558947, 0.709331
0.58275, 0.7091
0.606758, 0.708747
0.630992, 0.708212
0.655438, 0.707418
0.680034, 0.706272
0.704674, 0.704674
0.729205, 0.702524
0.753419, 0.69972
0.777073, 0.69617
0.799968, 0.691852
0.822186, 0.68691
0.844264, 0.68168
0.866894, 0.676459
0.890395, 0.671262
0.914652, 0.665889
0.939376, 0.660102
0.964289, 0.653713
0.0414402, 0.671814
0.0659548, 0.678994
0.0903331, 0.685485
0.11435, 0.691465
0.137776, 0.69716
0.160476, 0.702778
0.182591, 0.708393
0.204592, 0.713824
0.226988, 0.71876
0.249999, 0.722982
0.273556, 0.726444
0.297476, 0.729205
0.321579, 0.731356
0.345722, 0.732992
0.369806, 0.734205
0.39377, 0.73508
0.417585, 0.735691
0.441254, 0.736097
0.464805, 0.736345
0.488277, 0.736462
0.511723, 0.736462
0.535195, 0.736345
0.558746, 0.736097
0.582415, 0.735691
0.60623, 0.73508
0.630194, 0.734205
0.654278, 0.732992
0.678421, 0.731356
0.702524, 0.729205
0.726444, 0.726444
0.750001, 0.722982
0.773012, 0.71876
0.795408, 0.713824
0.817409, 0.708393
0.839524, 0.702778
0.862224, 0.69716
0.88565, 0.691465
0.909667, 0.685485
0.934045, 0.678994
0.95856, 0.671814
0.0478952, 0.68992
0.0719683, 0.697904
0.0959508, 0.70511
0.119667, 0.711706
0.142939, 0.717897
0.165646, 0.723884
0.187814, 0.729796
0.209706, 0.735581
0.231718, 0.741017
0.254134, 0.745866
0.277018, 0.750001
0.30028, 0.753419
0.323785, 0.756182
0.347407, 0.758372
0.371052, 0.760073
0.394658, 0.76136
0.418192, 0.762304
0.441642, 0.762959
0.465018, 0.763372
0.488345, 0.76357
0.511655, 0.76357
0.534982, 0.763372
0.558358, 0.762959
0.581808, 0.762304
0.605342, 0.76136
0.628948, 0.760073
0.652593, 0.758372
0.676215, 0.756182
0.69972, 0.753419
0.722982, 0.750001
0.745866, 0.745866
0.768282, 0.741017
0.790294, 0.735581
0.812186, 0.729796
0.834354, 0.723884
0.857061, 0.717897
0.880333, 0.711706
0.904049, 0.70511
0.928032, 0.697904
0.952105, 0.68992
0.055109, 0.708032
0.0786976, 0.716831
0.102233, 0.724765
0.125583, 0.731992
0.148616, 0.738692
0.171234, 0.745045
0.193415, 0.7512
0.215271, 0.757203
0.237042, 0.762958
0.258983, 0.768282
0.28124, 0.773012
0.30383, 0.777073
0.326685, 0.780467
0.349716, 0.783245
0.372842, 0.785472
0.396003, 0.787212
0.419158, 0.788527
0.442287, 0.789467
0.465388, 0.790071
0.488465, 0.790366
0.511535, 0.790366
0.534612, 0.790071
0.557713, 0.789467
0.580842, 0.788527
0.603997, 0.787212
0.627158, 0.785472
0.650284, 0.783245
0.673315, 0.780467
0.69617, 0.777073
0.71876, 0.773012
0.741017, 0.768282
0.762958, 0.762958
0.784729, 0.757203
0.806585, 0.7512
0.828766, 0.745045
0.851384, 0.738692
0.874417, 0.731992
0.897767, 0.724765
0.921302, 0.716831
0.944891, 0.708032
0.0631208, 0.726148
0.0861822, 0.735775
0.10922, 0.744452
0.132136, 0.752328
0.154838, 0.75956
0.177255, 0.766304
0.199353, 0.772699
0.221162, 0.778838
0.242797, 0.784729
0.264419, 0.790294
0.286176, 0.795408
0.308148, 0.799968
0.330346, 0.803917
0.352735, 0.807252
0.375263, 0.809998
0.397881, 0.812197
0.42055, 0.813894
0.443243, 0.815128
0.465945, 0.815932
0.488648, 0.816328
0.511352, 0.816328
0.534055, 0.815932
0.556757, 0.815128
0.57945, 0.813894
0.602119, 0.812197
0.624737, 0.809998
0.647265, 0.807252
0.669654, 0.803917
0.691852, 0.799968
0.713824, 0.795408
0.735581, 0.790294
0.757203, 0.784729
0.778838, 0.778838
0.800647, 0.772699
0.822745, 0.766304
0.845162, 0.75956
0.867864, 0.752328
0.89078, 0.744452
0.913818, 0.735775
0.936879, 0.726148
0.0719769, 0.744271
0.0944688, 0.754736
0.116958, 0.764171
0.139375, 0.772716
0.161655, 0.780512
0.18375, 0.78769
0.205631, 0.794369
0.227301, 0.800647
0.2488, 0.806585
0.270204, 0.812186
0.291607, 0.817409
0.31309, 0.822186
0.334702, 0.826453
0.356456, 0.830167
0.378343, 0.833313
0.400338, 0.835893
0.422414, 0.837922
0.444547, 0.839421
0.466715, 0.840409
0.488903, 0.840899
0.511097, 0.840899
0.533285, 0.840409
0.555453, 0.839421
0.577586, 0.837922
0.599662, 0.835893
0.621657, 0.833313
0.643544, 0.830167
0.665298, 0.826453
0.68691, 0.822186
0.708393, 0.817409
0.729796, 0.812186
0.7512, 0.806585
0.772699, 0.800647
0.794369, 0.794369
0.81625, 0.78769
0.838345, 0.780512
0.860625, 0.772716
0.883042, 0.764171
0.905531, 0.754736
0.928023, 0.744271
0.0817328, 0.762399
0.103613, 0.773712
0.125504, 0.78392
0.147357, 0.793156
0.169128, 0.80155
0.190786, 0.809214
0.21231, 0.81625
0.233696, 0.822745
0.254955, 0.828766
0.276116, 0.834354
0.297222, 0.839524
0.31832, 0.844264
0.339452, 0.848547
0.360647, 0.852341
0.381919, 0.855618
0.40327, 0.858359
0.42469, 0.860554
0.446166, 0.862198
0.467683, 0.863293
0.489225, 0.863839
0.510775, 0.863839
0.532317, 0.863293
0.553834, 0.862198
0.57531, 0.860554
0.59673, 0.858359
0.618081, 0.855618
0.639353, 0.852341
0.660548, 0.848547
0.68168, 0.844264
0.702778, 0.839524
0.723884, 0.834354
0.745045, 0.828766
0.766304, 0.822745
0.78769, 0.81625
0.809214, 0.809214
0.830872, 0.80155
0.852643, 0.793156
0.874496, 0.78392
0.896387, 0.773712
0.918267, 0.762399
0.0924549, 0.780531
0.113681, 0.7927
0.134923, 0.803693
0.15615, 0.813641
0.177333, 0.822667
0.19845, 0.830872
0.219488, 0.838345
0.24044, 0.845162
0.261308, 0.851384
0.282103, 0.857061
0.30284, 0.862224
0.323541, 0.866894
0.344227, 0.871077
0.364917, 0.874769
0.385626, 0.877961
0.406362, 0.880641
0.42713, 0.882799
0.447926, 0.884425
0.468746, 0.885513
0.48958, 0.886057
0.51042, 0.886057
0.531254, 0.885513
0.552074, 0.884425
0.57287, 0.882799
0.593638, 0.880641
0.614374, 0.877961
0.635083, 0.874769
0.655773, 0.871077
0.676459, 0.866894
0.69716, 0.862224
0.717897, 0.857061
0.738692, 0.851384
0.75956, 0.845162
0.780512, 0.838345
0.80155, 0.830872
0.822667, 0.822667
0.84385, 0.813641
0.865077, 0.803693
0.886319, 0.7927
0.907545, 0.780531
0.104224, 0.798667
0.124751, 0.811696
0.145295, 0.823484
0.165837, 0.834163
0.186359, 0.84385
0.206844, 0.852643
0.227284, 0.860625
0.247672, 0.867864
0.268008, 0.874417
0.288294, 0.880333
0.308535, 0.88565
0.328738, 0.890395
0.348914, 0.894591
0.36907, 0.898252
0.389214, 0.901386
0.409354, 0.903998
0.429493, 0.906088
0.449634, 0.907657
0.469779, 0.908704
0.489926, 0.909228
0.510074, 0.909228
0.530221, 0.908704
0.550366, 0.907657
0.570507, 0.906088
0.590646, 0.903998
0.610786, 0.901386
0.63093, 0.898252
0.651086, 0.894591
0.671262, 0.890395
0.691465, 0.88565
0.711706, 0.880333
0.731992, 0.874417
0.752328, 0.867864
0.772716, 0.860625
0.793156, 0.852643
0.813641, 0.84385
0.834163, 0.834163
0.854705, 0.823484
0.875249, 0.811696
0.895776, 0.798667
0.117137, 0.816805
0.13692, 0.830696
0.156716, 0.843284
0.176516, 0.854705
0.196307, 0.865077
0.21608, 0.874496
0.235829, 0.883042
0.255548, 0.89078
0.275235, 0.897767
0.29489, 0.904049
0.314515, 0.909667
0.334111, 0.914652
0.353682, 0.919031
0.37323, 0.922825
0.392761, 0.926051
0.412276, 0.928723
0.431781, 0.93085
0.451278, 0.932439
0.470769, 0.933496
0.490257, 0.934024
0.509743, 0.934024
0.529231, 0.933496
0.548722, 0.932439
0.568219, 0.93085
0.587724, 0.928723
0.607239, 0.926051
0.62677, 0.922825
0.646318, 0.919031
0.665889, 0.914652
0.685485, 0.909667
0.70511, 0.904049
0.724765, 0.897767
0.744452, 0.89078
0.764171, 0.883042
0.78392, 0.874496
0.803693, 0.865077
0.823484, 0.854705
0.843284, 0.843284
0.86308, 0.830696
0.882863, 0.816805
0.131318, 0.834944
0.150308, 0.849692
0.169304, 0.86308
0.188304, 0.875249
0.2073, 0.886319
0.226288, 0.896387
0.245264, 0.905531
0.264225, 0.913818
0.283169, 0.921302
0.302096, 0.928032
0.321006, 0.934045
0.339898, 0.939376
0.358774, 0.944053
0.377635, 0.948099
0.396484, 0.951534
0.41532, 0.954373
0.434148, 0.95663
0.452968, 0.958315
0.471783, 0.959434
0.490595, 0.959992
0.509405, 0.959992
0.528217, 0.959434
0.547032, 0.958315
0.565852, 0.95663
0.58468, 0.954373
0.603516, 0.951534
0.622365, 0.948099
0.641226, 0.944053
0.660102, 0.939376
0.678994, 0.934045
0.697904, 0.928032
0.716831, 0.921302
0.735775, 0.913818
0.754736, 0.905531
0.773712, 0.896387
0.7927, 0.886319
0.811696, 0.875249
0.830696, 0.86308
0.849692, 0.849692
0.868682, 0.834944
0.146919, 0.853081
0.165056, 0.868682
0.183195, 0.882863
0.201333, 0.895776
0.219469, 0.907545
0.237601, 0.918267
0.255729, 0.928023
0.273852, 0.936879
0.291968, 0.944891
0.31008, 0.952105
0.328186, 0.95856
0.346287, 0.964289
0.364383, 0.96932
0.382474, 0.973676
0.400562, 0.977376
0.418646, 0.980437
0.436728, 0.982871
0.454807, 0.984688
0.472885, 0.985895
0.490962, 0.986498
0.509038, 0.986498
0.527115, 0.985895
0.545193, 0.984688
0.563272, 0.982871
0.581354, 0.980437
0.599438, 0.977376
0.617526, 0.973676
0.635617, 0.96932
0.653713, 0.964289
0.671814, 0.95856
0.68992, 0.952105
0.708032, 0.944891
0.726148, 0.936879
0.744271, 0.928023
0.762399, 0.918267
0.780531, 0.907545
0.798667, 0.895776
0.816805, 0.882863
0.834944, 0.868682
0.853081, 0.853081
