0.146447, 0.146447
0.164124, 0.129612
0.181802, 0.114319
0.19948, 0.100391
0.217157, 0.0876894
0.234835, 0.0761044
0.252513, 0.0655463
0.27019, 0.055942
0.287868, 0.0472307
0.305546, 0.0393619
0.323223, 0.0322928
0.340901, 0.0259879
0.358579, 0.0204168
0.376256, 0.0155544
0.393934, 0.0113795
0.411612, 0.00787451
0.429289, 0.00502525
0.446967, 0.00282045
0.464645, 0.00125157
0.482322, 0.000312598
0.5, 0
0.517678, 0.000312598
0.535355, 0.00125157
0.553033, 0.00282045
0.570711, 0.00502525
0.588388, 0.00787451
0.606066, 0.0113795
0.623744, 0.0155544
0.641421, 0.0204168
0.659099, 0.0259879
0.676777, 0.0322928
0.694454, 0.0393619
0.712132, 0.0472307
0.72981, 0.055942
0.747487, 0.0655463
0.765165, 0.0761044
0.782843, 0.0876894
0.80052, 0.100391
0.818198, 0.114319
0.835876, 0.129612
0.853553, 0.146447
0.129612, 0.164124
0.148228, 0.148228
0.166808, 0.133775
0.185391, 0.120638
0.203973, 0.10868
0.222551, 0.0977945
0.241121, 0.0878929
0.259681, 0.0789027
0.27823, 0.0707634
0.296767, 0.0634239
0.315291, 0.0568414
0.333804, 0.0509794
0.352304, 0.0458072
0.370793, 0.0412988
0.389272, 0.0374321
0.407741, 0.0341892
0.426203, 0.0315552
0.444658, 0.0295184
0.463108, 0.0280698
0.481555, 0.0272031
0.5, 0.0269146
0.518445, 0.0272031
0.536892, 0.0280698
0.555342, 0.0295184
0.573797, 0.0315552
0.592259, 0.0341892
0.610728, 0.0374321
0.629207, 0.0412988
0.647696, 0.0458072
0.666196, 0.0509794
0.684709, 0.0568414
0.703233, 0.0634239
0.72177, 0.0707634
0.740319, 0.0789027
0.758879, 0.0878929
0.777449, 0.0977945
0.796027, 0.10868
0.814609, 0.120638
0.833192, 0.133775
0.851772, 0.148228
0.870388, 0.164124
0.114319, 0.181802
0.133775, 0.166808
0.153184, 0.153184
0.172602, 0.140826
0.192019, 0.1296
0.211425, 0.1194
0.230814, 0.110138
0.250182, 0.101743
0.269525, 0.0941526
0.288842, 0.0873156
0.308133, 0.0811888
0.327399, 0.0757359
0.34664, 0.0709262
0.365859, 0.0667341
0.385058, 0.0631387
0.404241, 0.0601227
0.42341, 0.0576724
0.442567, 0.055777
0.461716, 0.0544287
0.480859, 0.0536219
0.5, 0.0533533
0.519141, 0.0536219
0.538284, 0.0544287
0.557433, 0.055777
0.57659, 0.0576724
0.595759, 0.0601227
0.614942, 0.0631387
0.634141, 0.0667341
0.65336, 0.0709262
0.672601, 0.0757359
0.691867, 0.0811888
0.711158, 0.0873156
0.730475, 0.0941526
0.749818, 0.101743
0.769186, 0.110138
0.788575, 0.1194
0.807981, 0.1296
0.827398, 0.140826
0.846816, 0.153184
0.866225, 0.166808
0.885681, 0.181802
0.100391, 0.19948
0.120638, 0.185391
0.140826, 0.172602
0.161024, 0.161024
0.181215, 0.150526
0.201384, 0.141001
0.221519, 0.132359
0.241614, 0.124527
0.261665, 0.117442
0.281672, 0.111052
0.301636, 0.105313
0.321562, 0.100191
0.341453, 0.0956582
0.361317, 0.0916919
0.381159, 0.0882762
0.400984, 0.0853993
0.420798, 0.0830529
0.440604, 0.0812319
0.460404, 0.079933
0.480203, 0.0791542
0.5, 0.0788947
0.519797, 0.0791542
0.539596, 0.079933
0.559396, 0.0812319
0.579202, 0.0830529
0.599016, 0.0853993
0.618841, 0.0882762
0.638683, 0.0916919
0.658547, 0.0956582
0.678438, 0.100191
0.698364, 0.105313
0.718328, 0.111052
0.738335, 0.117442
0.758386, 0.124527
0.778481, 0.132359
0.798616, 0.141001
0.818785, 0.150526
0.838976, 0.161024
0.859174, 0.172602
0.879362, 0.185391
0.899609, 0.19948
0.0876894, 0.217157
0.10868, 0.203973
0.1296, 0.192019
0.150526, 0.181215
0.17143, 0.17143
0.192288, 0.162552
0.213085, 0.154487
0.233813, 0.147158
0.254468, 0.140498
0.275053, 0.134452
0.295577, 0.128976
0.316052, 0.124041
0.336492, 0.119626
0.356911, 0.115719
0.377324, 0.112317
0.39774, 0.109423
0.418167, 0.107043
0.438608, 0.105182
0.459063, 0.103848
0.479528, 0.103045
0.5, 0.102777
0.520472, 0.103045
0.540937, 0.103848
0.561392, 0.105182
0.581833, 0.107043
0.60226, 0.109423
0.622676, 0.112317
0.643089, 0.115719
0.663508, 0.119626
0.683948, 0.124041
0.704423, 0.128976
0.724947, 0.134452
0.745532, 0.140498
0.766187, 0.147158
0.786915, 0.154487
0.807712, 0.162552
0.82857, 0.17143
0.849474, 0.181215
0.8704, 0.192019
0.89132, 0.203973
0.912311, 0.217157
0.0761044, 0.234835
0.0977945, 0.222551
0.1194, 0.211425
0.141001, 0.201384
0.162552, 0.192288
0.184019, 0.184019
0.205382, 0.176475
0.226627, 0.169566
0.247755, 0.163216
0.268779, 0.157369
0.289723, 0.151985
0.310618, 0.147048
0.331499, 0.14256
0.352396, 0.138536
0.373335, 0.134999
0.394327, 0.131973
0.415377, 0.129476
0.43648, 0.127524
0.457628, 0.126124
0.478806, 0.125283
0.5, 0.125003
0.521194, 0.125283
0.542372, 0.126124
0.56352, 0.127524
0.584623, 0.129476
0.605673, 0.131973
0.626665, 0.134999
0.647604, 0.138536
0.668501, 0.14256
0.689382, 0.147048
0.710277, 0.151985
0.731221, 0.157369
0.752245, 0.163216
0.773373, 0.169566
0.794618, 0.176475
0.815981, 0.184019
0.837448, 0.192288
0.858999, 0.201384
0.8806, 0.211425
0.902206, 0.222551
0.923896, 0.234835
0.0655463, 0.252513
0.0878929, 0.241121
0.110138, 0.230814
0.132359, 0.221519
0.154487, 0.213085
0.176475, 0.205382
0.198289, 0.198289
0.219913, 0.191699
0.241357, 0.185529
0.262661, 0.179728
0.283886, 0.174286
0.305104, 0.169233
0.32638, 0.16462
0.347757, 0.160499
0.369252, 0.156913
0.390864, 0.153885
0.412575, 0.151422
0.434366, 0.149521
0.456214, 0.148172
0.478098, 0.147368
0.5, 0.147101
0.521902, 0.147368
0.543786, 0.148172
0.565634, 0.149521
0.587425, 0.151422
0.609136, 0.153885
0.630748, 0.156913
0.652243, 0.160499
0.67362, 0.16462
0.694896, 0.169233
0.716114, 0.174286
0.737339, 0.179728
0.758643, 0.185529
0.780087, 0.191699
0.801711, 0.198289
0.823525, 0.205382
0.845513, 0.213085
0.867641, 0.221519
0.889862, 0.230814
0.912107, 0.241121
0.934454, 0.252513
0.055942, 0.27019
0.0789027, 0.259681
0.101743, 0.250182
0.124527, 0.241614
0.147158, 0.233813
0.169566, 0.226627
0.191699, 0.219913
0.213545, 0.213545
0.235147, 0.207448
0.256609, 0.201619
0.278064, 0.196126
0.299635, 0.191074
0.321391, 0.186557
0.343347, 0.18263
0.365481, 0.179309
0.387753, 0.176579
0.410121, 0.17441
0.432552, 0.172767
0.455019, 0.171618
0.477505, 0.170939
0.5, 0.170715
0.522495, 0.170939
0.544981, 0.171618
0.567448, 0.172767
0.589879, 0.17441
0.612247, 0.176579
0.634519, 0.179309
0.656653, 0.18263
0.678609, 0.186557
0.700365, 0.191074
0.721936, 0.196126
0.743391, 0.201619
0.764853, 0.207448
0.786455, 0.213545
0.808301, 0.219913
0.830434, 0.226627
0.852842, 0.233813
0.875473, 0.241614
0.898257, 0.250182
0.921097, 0.259681
0.944058, 0.27019
0.0472307, 0.287868
0.0707634, 0.27823
0.0941526, 0.269525
0.117442, 0.261665
0.140498, 0.254468
0.163216, 0.247755
0.185529, 0.241357
0.207448, 0.235147
0.229104, 0.229104
0.250716, 0.22333
0.2725, 0.217999
0.294574, 0.213255
0.316951, 0.209172
0.339575, 0.20575
0.362372, 0.202948
0.38527, 0.200708
0.408215, 0.19897
0.431173, 0.197679
0.454126, 0.19679
0.477067, 0.196271
0.5, 0.1961
0.522933, 0.196271
0.545874, 0.19679
0.568827, 0.197679
0.591785, 0.19897
0.61473, 0.200708
0.637628, 0.202948
0.660425, 0.20575
0.683049, 0.209172
0.705426, 0.213255
0.7275, 0.217999
0.749284, 0.22333
0.770896, 0.229104
0.792552, 0.235147
0.814471, 0.241357
0.836784, 0.247755
0.859502, 0.254468
0.882558, 0.261665
0.905847, 0.269525
0.929237, 0.27823
0.952769, 0.287868
0.0393619, 0.305546
0.0634239, 0.296767
0.0873156, 0.288842
0.111052, 0.281672
0.134452, 0.275053
0.157369, 0.268779
0.179728, 0.262661
0.201619, 0.256609
0.22333, 0.250716
0.245217, 0.245217
0.267505, 0.240333
0.290229, 0.236171
0.3133, 0.23273
0.336595, 0.229946
0.360003, 0.227741
0.383441, 0.226032
0.406855, 0.224744
0.430216, 0.223814
0.453519, 0.223188
0.476773, 0.222828
0.5, 0.222711
0.523227, 0.222828
0.546481, 0.223188
0.569784, 0.223814
0.593145, 0.224744
0.616559, 0.226032
0.639997, 0.227741
0.663405, 0.229946
0.6867, 0.23273
0.709771, 0.236171
0.732495, 0.240333
0.754783, 0.245217
0.77667, 0.250716
0.798381, 0.256609
0.820272, 0.262661
0.842631, 0.268779
0.865548, 0.275053
0.888948, 0.281672
0.912684, 0.288842
0.936576, 0.296767
0.960638, 0.305546
0.0322928, 0.323223
0.0568414, 0.315291
0.0811888, 0.308133
0.105313, 0.301636
0.128976, 0.295577
0.151985, 0.289723
0.174286, 0.283886
0.196126, 0.278064
0.217999, 0.2725
0.240333, 0.267505
0.263266, 0.263266
0.286697, 0.259802
0.310452, 0.257046
0.334364, 0.254904
0.358306, 0.253276
0.382191, 0.252072
0.40597, 0.251208
0.429622, 0.250613
0.453157, 0.250228
0.476603, 0.250014
0.5, 0.249945
0.523397, 0.250014
0.546843, 0.250228
0.570378, 0.250613
0.59403, 0.251208
0.617809, 0.252072
0.641694, 0.253276
0.665636, 0.254904
0.689548, 0.257046
0.713303, 0.259802
0.736734, 0.263266
0.759667, 0.267505
0.782001, 0.2725
0.803874, 0.278064
0.825714, 0.283886
0.848015, 0.289723
0.871024, 0.295577
0.894687, 0.301636
0.918811, 0.308133
0.943159, 0.315291
0.967707, 0.323223
0.0259879, 0.340901
0.0509794, 0.333804
0.0757359, 0.327399
0.100191, 0.321562
0.124041, 0.316052
0.147048, 0.310618
0.169233, 0.305104
0.191074, 0.299635
0.213255, 0.294574
0.236171, 0.290229
0.259802, 0.286697
0.283928, 0.283928
0.308316, 0.28182
0.332779, 0.280265
0.357178, 0.279159
0.381424, 0.278401
0.405473, 0.2779
0.429318, 0.27758
0.452986, 0.277386
0.476526, 0.277281
0.5, 0.277249
0.523474, 0.277281
0.547014, 0.277386
0.570682, 0.27758
0.594527, 0.2779
0.618576, 0.278401
0.642822, 0.279159
0.667221, 0.280265
0.691684, 0.28182
0.716072, 0.283928
0.740198, 0.286697
0.763829, 0.290229
0.786745, 0.294574
0.808926, 0.299635
0.830767, 0.305104
0.852952, 0.310618
0.875959, 0.316052
0.899809, 0.321562
0.924264, 0.327399
0.949021, 0.333804
0.974012, 0.340901
0.0204168, 0.358579
0.0458072, 0.352304
0.0709262, 0.34664
0.0956582, 0.341453
0.119626, 0.336492
0.14256, 0.331499
0.16462, 0.32638
0.186557, 0.321391
0.209172, 0.316951
0.23273, 0.3133
0.257046, 0.310452
0.28182, 0.308316
0.306782, 0.306782
0.331727, 0.305736
0.356504, 0.305064
0.381023, 0.304653
0.405247, 0.304405
0.429193, 0.304246
0.452918, 0.304135
0.476495, 0.304062
0.5, 0.304036
0.523505, 0.304062
0.547082, 0.304135
0.570807, 0.304246
0.594753, 0.304405
0.618977, 0.304653
0.643496, 0.305064
0.668273, 0.305736
0.693218, 0.306782
0.71818, 0.308316
0.742954, 0.310452
0.76727, 0.3133
0.790828, 0.316951
0.813443, 0.321391
0.83538, 0.32638
0.85744, 0.331499
0.880374, 0.336492
0.904342, 0.341453
0.929074, 0.34664
0.954193, 0.352304
0.979583, 0.358579
0.0155544, 0.376256
0.0412988, 0.370793
0.0667341, 0.365859
0.0916919, 0.361317
0.115719, 0.356911
0.138536, 0.352396
0.160499, 0.347757
0.18263, 0.343347
0.20575, 0.339575
0.229946, 0.336595
0.254904, 0.334364
0.280265, 0.332779
0.305736, 0.331727
0.331087, 0.331087
0.356151, 0.330728
0.380833, 0.330518
0.405118, 0.330342
0.429069, 0.330133
0.452796, 0.329895
0.476415, 0.329695
0.5, 0.329615
0.523585, 0.329695
0.547204, 0.329895
0.570931, 0.330133
0.594882, 0.330342
0.619167, 0.330518
0.643849, 0.330728
0.668913, 0.331087
0.694264, 0.331727
0.719735, 0.332779
0.745096, 0.334364
0.770054, 0.336595
0.79425, 0.339575
0.81737, 0.343347
0.839501, 0.347757
0.861464, 0.352396
0.884281, 0.356911
0.908308, 0.361317
0.933266, 0.365859
0.958701, 0.370793
0.984446, 0.376256
0.0113795, 0.393934
0.0374321, 0.389272
0.0631387, 0.385058
0.0882762, 0.381159
0.112317, 0.377324
0.134999, 0.373335
0.156913, 0.369252
0.179309, 0.365481
0.202948, 0.362372
0.227741, 0.360003
0.253276, 0.358306
0.279159, 0.357178
0.305064, 0.356504
0.330728, 0.356151
0.355957, 0.355957
0.380649, 0.355749
0.404826, 0.355377
0.428648, 0.354787
0.452353, 0.354086
0.476126, 0.353507
0.5, 0.353282
0.523874, 0.353507
0.547647, 0.354086
0.571352, 0.354787
0.595174, 0.355377
0.619351, 0.355749
0.644043, 0.355957
0.669272, 0.356151
0.694936, 0.356504
0.720841, 0.357178
0.746724, 0.358306
0.772259, 0.360003
0.797052, 0.362372
0.820691, 0.365481
0.843087, 0.369252
0.865001, 0.373335
0.887683, 0.377324
0.911724, 0.381159
0.936861, 0.385058
0.962568, 0.389272
0.988621, 0.393934
0.00787451, 0.411612
0.0341892, 0.407741
0.0601227, 0.404241
0.0853993, 0.400984
0.109423, 0.39774
0.131973, 0.394327
0.153885, 0.390864
0.176579, 0.387753
0.200708, 0.38527
0.226032, 0.383441
0.252072, 0.382191
0.278401, 0.381424
0.304653, 0.381023
0.330518, 0.380833
0.355749, 0.380649
0.380224, 0.380224
0.404043, 0.379356
0.427579, 0.378059
0.45131, 0.376644
0.475486, 0.375566
0.5, 0.375167
0.524514, 0.375566
0.54869, 0.376644
0.572421, 0.378059
0.595957, 0.379356
0.619776, 0.380224
0.644251, 0.380649
0.669482, 0.380833
0.695347, 0.381023
0.721599, 0.381424
0.747928, 0.382191
0.773968, 0.383441
0.799292, 0.38527
0.823421, 0.387753
0.846115, 0.390864
0.868027, 0.394327
0.890577, 0.39774
0.914601, 0.400984
0.939877, 0.404241
0.965811, 0.407741
0.992125, 0.411612
0.00502525, 0.429289
0.0315552, 0.426203
0.0576724, 0.42341
0.0830529, 0.420798
0.107043, 0.418167
0.129476, 0.415377
0.151422, 0.412575
0.17441, 0.410121
0.19897, 0.408215
0.224744, 0.406855
0.251208, 0.40597
0.2779, 0.405473
0.304405, 0.405247
0.330342, 0.405118
0.355377, 0.404826
0.379356, 0.404043
0.402567, 0.402567
0.425783, 0.400608
0.449735, 0.398721
0.47459, 0.397418
0.5, 0.396962
0.52541, 0.397418
0.550265, 0.398721
0.574217, 0.400608
0.597433, 0.402567
0.620644, 0.404043
0.644623, 0.404826
0.669658, 0.405118
0.695595, 0.405247
0.7221, 0.405473
0.748792, 0.40597
0.775256, 0.406855
0.80103, 0.408215
0.82559, 0.410121
0.848578, 0.412575
0.870524, 0.415377
0.892957, 0.418167
0.916947, 0.420798
0.942328, 0.42341
0.968445, 0.426203
0.994975, 0.429289
0.00282045, 0.446967
0.0295184, 0.444658
0.055777, 0.442567
0.0812319, 0.440604
0.105182, 0.438608
0.127524, 0.43648
0.149521, 0.434366
0.172767, 0.432552
0.197679, 0.431173
0.223814, 0.430216
0.250613, 0.429622
0.27758, 0.429318
0.304246, 0.429193
0.330133, 0.429069
0.354787, 0.428648
0.378059, 0.427579
0.400608, 0.425783
0.423695, 0.423695
0.448108, 0.421923
0.473731, 0.420808
0.5, 0.420433
0.526269, 0.420808
0.551892, 0.421923
0.576305, 0.423695
0.599392, 0.425783
0.621941, 0.427579
0.645213, 0.428648
0.669867, 0.429069
0.695754, 0.429193
0.72242, 0.429318
0.749387, 0.429622
0.776186, 0.430216
0.802321, 0.431173
0.827233, 0.432552
0.850479, 0.434366
0.872476, 0.43648
0.894818, 0.438608
0.918768, 0.440604
0.944223, 0.442567
0.970482, 0.444658
0.99718, 0.446967
0.00125157, 0.464645
0.0280698, 0.463108
0.0544287, 0.461716
0.079933, 0.460404
0.103848, 0.459063
0.126124, 0.457628
0.148172, 0.456214
0.171618, 0.455019
0.19679, 0.454126
0.223188, 0.453519
0.250228, 0.453157
0.277386, 0.452986
0.304135, 0.452918
0.329895, 0.452796
0.354086, 0.452353
0.376644, 0.45131
0.398721, 0.449735
0.421923, 0.448108
0.446854, 0.446854
0.473103, 0.446108
0.5, 0.445863
0.526897, 0.446108
0.553146, 0.446854
0.578077, 0.448108
0.601279, 0.449735
0.623356, 0.45131
0.645914, 0.452353
0.670105, 0.452796
0.695865, 0.452918
0.722614, 0.452986
0.749772, 0.453157
0.776812, 0.453519
0.80321, 0.454126
0.828382, 0.455019
0.851828, 0.456214
0.873876, 0.457628
0.896152, 0.459063
0.920067, 0.460404
0.945571, 0.461716
0.97193, 0.463108
0.998748, 0.464645
0.000312598, 0.482322
0.0272031, 0.481555
0.0536219, 0.480859
0.0791542, 0.480203
0.103045, 0.479528
0.125283, 0.478806
0.147368, 0.478098
0.170939, 0.477505
0.196271, 0.477067
0.222828, 0.476773
0.250014, 0.476603
0.277281, 0.476526
0.304062, 0.476495
0.329695, 0.476415
0.353507, 0.476126
0.375566, 0.475486
0.397418, 0.47459
0.420808, 0.473731
0.446108, 0.473103
0.472738, 0.472738
0.5, 0.472619
0.527262, 0.472738
0.553892, 0.473103
0.579192, 0.473731
0.602582, 0.47459
0.624434, 0.475486
0.646493, 0.476126
0.670305, 0.476415
0.695938, 0.476495
0.722719, 0.476526
0.749986, 0.476603
0.777172, 0.476773
0.803729, 0.477067
0.829061, 0.477505
0.852632, 0.478098
0.874717, 0.478806
0.896955, 0.479528
0.920846, 0.480203
0.946378, 0.480859
0.972797, 0.481555
0.999687, 0.482322
0, 0.5
0.0269146, 0.5
0.0533533, 0.5
0.0788947, 0.5
0.102777, 0.5
0.125003, 0.5
0.147101, 0.5
0.170715, 0.5
0.1961, 0.5
0.222711, 0.5
0.249945, 0.5
0.277249, 0.5
0.304036, 0.5
0.329615, 0.5
0.353282, 0.5
0.375167, 0.5
0.396962, 0.5
0.420433, 0.5
0.445863, 0.5
0.472619, 0.5
0.5, 0.5
0.527381, 0.5
0.554137, 0.5
0.579567, 0.5
0.603038, 0.5
0.624833, 0.5
0.646718, 0.5
0.670385, 0.5
0.695964, 0.5
0.722751, 0.5
0.750055, 0.5
0.777289, 0.5
0.8039, 0.5
0.829285, 0.5
0.852899, 0.5
0.874997, 0.5
0.897223, 0.5
0.921105, 0.5
0.946647, 0.5
0.973085, 0.5
1, 0.5
0.000312598, 0.517678
0.0272031, 0.518445
0.0536219, 0.519141
0.0791542, 0.519797
0.103045, 0.520472
0.125283, 0.521194
0.147368, 0.521902
0.170939, 0.522495
0.196271, 0.522933
0.222828, 0.523227
0.250014, 0.523397
0.277281, 0.523474
0.304062, 0.523505
0.329695, 0.523585
0.353507, 0.523874
0.375566, 0.524514
0.397418, 0.52541
0.420808, 0.526269
0.446108, 0.526897
0.472738, 0.527262
0.5, 0.527381
0.527262, 0.527262
0.553892, 0.526897
0.579192, 0.526269
0.602582, 0.52541
0.624434, 0.524514
0.646493, 0.523874
0.670305, 0.523585
0.695938, 0.523505
0.722719, 0.523474
0.749986, 0.523397
0.777172, 0.523227
0.803729, 0.522933
0.829061, 0.522495
0.852632, 0.521902
0.874717, 0.521194
0.896955, 0.520472
0.920846, 0.519797
0.946378, 0.519141
0.972797, 0.518445
0.999687, 0.517678
0.00125157, 0.535355
0.0280698, 0.536892
0.0544287, 0.538284
0.079933, 0.539596
0.103848, 0.540937
0.126124, 0.542372
0.148172, 0.543786
0.171618, 0.544981
0.19679, 0.545874
0.223188, 0.546481
0.250228, 0.546843
0.277386, 0.547014
0.304135, 0.547082
0.329895, 0.547204
0.354086, 0.547647
0.376644, 0.54869
0.398721, 0.550265
0.421923, 0.551892
0.446854, 0.553146
0.473103, 0.553892
0.5, 0.554137
0.526897, 0.553892
0.553146, 0.553146
0.578077, 0.551892
0.601279, 0.550265
0.623356, 0.54869
0.645914, 0.547647
0.670105, 0.547204
0.695865, 0.547082
0.722614, 0.547014
0.749772, 0.546843
0.776812, 0.546481
0.80321, 0.545874
0.828382, 0.544981
0.851828, 0.543786
0.873876, 0.542372
0.896152, 0.540937
0.920067, 0.539596
0.945571, 0.538284
0.97193, 0.536892
0.998748, 0.535355
0.00282045, 0.553033
0.0295184, 0.555342
0.055777, 0.557433
0.0812319, 0.559396
0.105182, 0.561392
0.127524, 0.56352
0.149521, 0.565634
0.172767, 0.567448
0.197679, 0.568827
0.223814, 0.569784
0.250613, 0.570378
0.27758, 0.570682
0.304246, 0.570807
0.330133, 0.570931
0.354787, 0.571352
0.378059, 0.572421
0.400608, 0.574217
0.423695, 0.576305
0.448108, 0.578077
0.473731, 0.579192
0.5, 0.579567
0.526269, 0.579192
0.551892, 0.578077
0.576305, 0.576305
0.599392, 0.574217
0.621941, 0.572421
0.645213, 0.571352
0.669867, 0.570931
0.695754, 0.570807
0.72242, 0.570682
0.749387, 0.570378
0.776186, 0.569784
0.802321, 0.568827
0.827233, 0.567448
0.850479, 0.565634
0.872476, 0.56352
0.894818, 0.561392
0.918768, 0.559396
0.944223, 0.557433
0.970482, 0.555342
0.99718, 0.553033
0.00502525, 0.570711
0.0315552, 0.573797
0.0576724, 0.57659
0.0830529, 0.579202
0.107043, 0.581833
0.129476, 0.584623
0.151422, 0.587425
0.17441, 0.589879
0.19897, 0.591785
0.224744, 0.593145
0.251208, 0.59403
0.2779, 0.594527
0.304405, 0.594753
0.330342, 0.594882
0.355377, 0.595174
0.379356, 0.595957
0.402567, 0.597433
0.425783, 0.599392
0.449735, 0.601279
0.47459, 0.602582
0.5, 0.603038
0.52541, 0.602582
0.550265, 0.601279
0.574217, 0.599392
0.597433, 0.597433
0.620644, 0.595957
0.644623, 0.595174
0.669658, 0.594882
0.695595, 0.594753
0.7221, 0.594527
0.748792, 0.59403
0.775256, 0.593145
0.80103, 0.591785
0.82559, 0.589879
0.848578, 0.587425
0.870524, 0.584623
0.892957, 0.581833
0.916947, 0.579202
0.942328, 0.57659
0.968445, 0.573797
0.994975, 0.570711
0.00787451, 0.588388
0.0341892, 0.592259
0.0601227, 0.595759
0.0853993, 0.599016
0.109423, 0.60226
0.131973, 0.605673
0.153885, 0.609136
0.176579, 0.612247
0.200708, 0.61473
0.226032, 0.616559
0.252072, 0.617809
0.278401, 0.618576
0.304653, 0.618977
0.330518, 0.619167
0.355749, 0.619351
0.380224, 0.619776
0.404043, 0.620644
0.427579, 0.621941
0.45131, 0.623356
0.475486, 0.624434
0.5, 0.624833
0.524514, 0.624434
0.54869, 0.623356
0.572421, 0.621941
0.595957, 0.620644
0.619776, 0.619776
0.644251, 0.619351
0.669482, 0.619167
0.695347, 0.618977
0.721599, 0.618576
0.747928, 0.617809
0.773968, 0.616559
0.799292, 0.61473
0.823421, 0.612247
0.846115, 0.609136
0.868027, 0.605673
0.890577, 0.60226
0.914601, 0.599016
0.939877, 0.595759
0.965811, 0.592259
0.992125, 0.588388
0.0113795, 0.606066
0.0374321, 0.610728
0.0631387, 0.614942
0.0882762, 0.618841
0.112317, 0.622676
0.134999, 0.626665
0.156913, 0.630748
0.179309, 0.634519
0.202948, 0.637628
0.227741, 0.639997
0.253276, 0.641694
0.279159, 0.642822
0.305064, 0.643496
0.330728, 0.643849
0.355957, 0.644043
0.380649, 0.644251
0.404826, 0.644623
0.428648, 0.645213
0.452353, 0.645914
0.476126, 0.646493
0.5, 0.646718
0.523874, 0.646493
0.547647, 0.645914
0.571352, 0.645213
0.595174, 0.644623
0.619351, 0.644251
0.644043, 0.644043
0.669272, 0.643849
0.694936, 0.643496
0.720841, 0.642822
0.746724, 0.641694
0.772259, 0.639997
0.797052, 0.637628
0.820691, 0.634519
0.843087, 0.630748
0.865001, 0.626665
0.887683, 0.622676
0.911724, 0.618841
0.936861, 0.614942
0.962568, 0.610728
0.988621, 0.606066
0.0155544, 0.623744
0.0412988, 0.629207
0.0667341, 0.634141
0.0916919, 0.638683
0.115719, 0.643089
0.138536, 0.647604
0.160499, 0.652243
0.18263, 0.656653
0.20575, 0.660425
0.229946, 0.663405
0.254904, 0.665636
0.280265, 0.667221
0.305736, 0.668273
0.331087, 0.668913
0.356151, 0.669272
0.380833, 0.669482
0.405118, 0.669658
0.429069, 0.669867
0.452796, 0.670105
0.476415, 0.670305
0.5, 0.670385
0.523585, 0.670305
0.547204, 0.670105
0.570931, 0.669867
0.594882, 0.669658
0.619167, 0.669482
0.643849, 0.669272
0.668913, 0.668913
0.694264, 0.668273
0.719735, 0.667221
0.745096, 0.665636
0.770054, 0.663405
0.79425, 0.660425
0.81737, 0.656653
0.839501, 0.652243
0.861464, 0.647604
0.884281, 0.643089
0.908308, 0.638683
0.933266, 0.634141
0.958701, 0.629207
0.984446, 0.623744
0.0204168, 0.641421
0.0458072, 0.647696
0.0709262, 0.65336
0.0956582, 0.658547
0.119626, 0.663508
0.14256, 0.668501
0.16462, 0.67362
0.186557, 0.678609
0.209172, 0.683049
0.23273, 0.6867
0.257046, 0.689548
0.28182, 0.691684
0.306782, 0.693218
0.331727, 0.694264
0.356504, 0.694936
0.381023, 0.695347
0.405247, 0.695595
0.429193, 0.695754
0.452918, 0.695865
0.476495, 0.695938
0.5, 0.695964
0.523505, 0.695938
0.547082, 0.695865
0.570807, 0.695754
0.594753, 0.695595
0.618977, 0.695347
0.643496, 0.694936
0.668273, 0.694264
0.693218, 0.693218
0.71818, 0.691684
0.742954, 0.689548
0.76727, 0.6867
0.790828, 0.683049
0.813443, 0.678609
0.83538, 0.67362
0.85744, 0.668501
0.880374, 0.663508
0.904342, 0.658547
0.929074, 0.65336
0.954193, 0.647696
0.979583, 0.641421
0.0259879, 0.659099
0.0509794, 0.666196
0.0757359, 0.672601
0.100191, 0.678438
0.124041, 0.683948
0.147048, 0.689382
0.169233, 0.694896
0.191074, 0.700365
0.213255, 0.705426
0.236171, 0.709771
0.259802, 0.713303
0.283928, 0.716072
0.308316, 0.71818
0.332779, 0.719735
0.357178, 0.720841
0.381424, 0.721599
0.405473, 0.7221
0.429318, 0.72242
0.452986, 0.722614
0.476526, 0.722719
0.5, 0.722751
0.523474, 0.722719
0.547014, 0.722614
0.570682, 0.72242
0.594527, 0.7221
0.618576, 0.721599
0.642822, 0.720841
0.667221, 0.719735
0.691684, 0.71818
0.716072, 0.716072
0.740198, 0.713303
0.763829, 0.709771
0.786745, 0.705426
0.808926, 0.700365
0.830767, 0.694896
0.852952, 0.689382
0.875959, 0.683948
0.899809, 0.678438
0.924264, 0.672601
0.949021, 0.666196
0.974012, 0.659099
0.0322928, 0.676777
0.0568414, 0.684709
0.0811888, 0.691867
0.105313, 0.698364
0.128976, 0.704423
0.151985, 0.710277
0.174286, 0.716114
0.196126, 0.721936
0.217999, 0.7275
0.240333, 0.732495
0.263266, 0.736734
0.286697, 0.740198
0.310452, 0.742954
0.334364, 0.745096
0.358306, 0.746724
0.382191, 0.747928
0.40597, 0.748792
0.429622, 0.749387
0.453157, 0.749772
0.476603, 0.749986
0.5, 0.750055
0.523397, 0.749986
0.546843, 0.749772
0.570378, 0.749387
0.59403, 0.748792
0.617809, 0.747928
0.641694, 0.746724
0.665636, 0.745096
0.689548, 0.742954
0.713303, 0.740198
0.736734, 0.736734
0.759667, 0.732495
0.782001, 0.7275
0.803874, 0.721936
0.825714, 0.716114
0.848015, 0.710277
0.871024, 0.704423
0.894687, 0.698364
0.918811, 0.691867
0.943159, 0.684709
0.967707, 0.676777
0.0393619, 0.694454
0.0634239, 0.703233
0.0873156, 0.711158
0.111052, 0.718328
0.134452, 0.724947
0.157369, 0.731221
0.179728, 0.737339
0.201619, 0.743391
0.22333, 0.749284
0.245217, 0.754783
0.267505, 0.759667
0.290229, 0.763829
0.3133, 0.76727
0.336595, 0.770054
0.360003, 0.772259
0.383441, 0.773968
0.406855, 0.775256
0.430216, 0.776186
0.453519, 0.776812
0.476773, 0.777172
0.5, 0.777289
0.523227, 0.777172
0.546481, 0.776812
0.569784, 0.776186
0.593145, 0.775256
0.616559, 0.773968
0.639997, 0.772259
0.663405, 0.770054
0.6867, 0.76727
0.709771, 0.763829
0.732495, 0.759667
0.754783, 0.754783
0.77667, 0.749284
0.798381, 0.743391
0.820272, 0.737339
0.842631, 0.731221
0.865548, 0.724947
0.888948, 0.718328
0.912684, 0.711158
0.936576, 0.703233
0.960638, 0.694454
0.0472307, 0.712132
0.0707634, 0.72177
0.0941526, 0.730475
0.117442, 0.738335
0.140498, 0.745532
0.163216, 0.752245
0.185529, 0.758643
0.207448, 0.764853
0.229104, 0.770896
0.250716, 0.77667
0.2725, 0.782001
0.294574, 0.786745
0.316951, 0.790828
0.339575, 0.79425
0.362372, 0.797052
0.38527, 0.799292
0.408215, 0.80103
0.431173, 0.802321
0.454126, 0.80321
0.477067, 0.803729
0.5, 0.8039
0.522933, 0.803729
0.545874, 0.80321
0.568827, 0.802321
0.591785, 0.80103
0.61473, 0.799292
0.637628, 0.797052
0.660425, 0.79425
0.683049, 0.790828
0.705426, 0.786745
0.7275, 0.782001
0.749284, 0.77667
0.770896, 0.770896
0.792552, 0.764853
0.814471, 0.758643
0.836784, 0.752245
0.859502, 0.745532
0.882558, 0.738335
0.905847, 0.730475
0.929237, 0.72177
0.952769, 0.712132
0.055942, 0.72981
0.0789027, 0.740319
0.101743, 0.749818
0.124527, 0.758386
0.147158, 0.766187
0.169566, 0.773373
0.191699, 0.780087
0.213545, 0.786455
0.235147, 0.792552
0.256609, 0.798381
0.278064, 0.803874
0.299635, 0.808926
0.321391, 0.813443
0.343347, 0.81737
0.365481, 0.820691
0.387753, 0.823421
0.410121, 0.82559
0.432552, 0.827233
0.455019, 0.828382
0.477505, 0.829061
0.5, 0.829285
0.522495, 0.829061
0.544981, 0.828382
0.567448, 0.827233
0.589879, 0.82559
0.612247, 0.823421
0.634519, 0.820691
0.656653, 0.81737
0.678609, 0.813443
0.700365, 0.808926
0.721936, 0.803874
0.743391, 0.798381
0.764853, 0.792552
0.786455, 0.786455
0.808301, 0.780087
0.830434, 0.773373
0.852842, 0.766187
0.875473, 0.758386
0.898257, 0.749818
0.921097, 0.740319
0.944058, 0.72981
0.0655463, 0.747487
0.0878929, 0.758879
0.110138, 0.769186
0.132359, 0.778481
0.154487, 0.786915
0.176475, 0.794618
0.198289, 0.801711
0.219913, 0.808301
0.241357, 0.814471
0.262661, 0.820272
0.283886, 0.825714
0.305104, 0.830767
0.32638, 0.83538
0.347757, 0.839501
0.369252, 0.843087
0.390864, 0.846115
0.412575, 0.848578
0.434366, 0.850479
0.456214, 0.851828
0.478098, 0.852632
0.5, 0.852899
0.521902, 0.852632
0.543786, 0.851828
0.565634, 0.850479
0.587425, 0.848578
0.609136, 0.846115
0.630748, 0.843087
0.652243, 0.839501
0.67362, 0.83538
0.694896, 0.830767
0.716114, 0.825714
0.737339, 0.820272
0.758643, 0.814471
0.780087, 0.808301
0.801711, 0.801711
0.823525, 0.794618
0.845513, 0.786915
0.867641, 0.778481
0.889862, 0.769186
0.912107, 0.758879
0.934454, 0.747487
0.0761044, 0.765165
0.0977945, 0.777449
0.1194, 0.788575
0.141001, 0.798616
0.162552, 0.807712
0.184019, 0.815981
0.205382, 0.823525
0.226627, 0.830434
0.247755, 0.836784
0.268779, 0.842631
0.289723, 0.848015
0.310618, 0.852952
0.331499, 0.85744
0.352396, 0.861464
0.373335, 0.865001
0.394327, 0.868027
0.415377, 0.870524
0.43648, 0.872476
0.457628, 0.873876
0.478806, 0.874717
0.5, 0.874997
0.521194, 0.874717
0.542372, 0.873876
0.56352, 0.872476
0.584623, 0.870524
0.605673, 0.868027
0.626665, 0.865001
0.647604, 0.861464
0.668501, 0.85744
0.689382, 0.852952
0.710277, 0.848015
0.731221, 0.842631
0.752245, 0.836784
0.773373, 0.830434
0.794618, 0.823525
0.815981, 0.815981
0.837448, 0.807712
0.858999, 0.798616
0.8806, 0.788575
0.902206, 0.777449
0.923896, 0.765165
0.0876894, 0.782843
0.10868, 0.796027
0.1296, 0.807981
0.150526, 0.818785
0.17143, 0.82857
0.192288, 0.837448
0.213085, 0.845513
0.233813, 0.852842
0.254468, 0.859502
0.275053, 0.865548
0.295577, 0.871024
0.316052, 0.875959
0.336492, 0.880374
0.356911, 0.884281
0.377324, 0.887683
0.39774, 0.890577
0.418167, 0.892957
0.438608, 0.894818
0.459063, 0.896152
0.479528, 0.896955
0.5, 0.897223
0.520472, 0.896955
0.540937, 0.896152
0.561392, 0.894818
0.581833, 0.892957
0.60226, 0.890577
0.622676, 0.887683
0.643089, 0.884281
0.663508, 0.880374
0.683948, 0.875959
0.704423, 0.871024
0.724947, 0.865548
0.745532, 0.859502
0.766187, 0.852842
0.786915, 0.845513
0.807712, 0.837448
0.82857, 0.82857
0.849474, 0.818785
0.8704, 0.807981
0.89132, 0.796027
0.912311, 0.782843
0.100391, 0.80052
0.120638, 0.814609
0.140826, 0.827398
0.161024, 0.838976
0.181215, 0.849474
0.201384, 0.858999
0.221519, 0.867641
0.241614, 0.875473
0.261665, 0.882558
0.281672, 0.888948
0.301636, 0.894687
0.321562, 0.899809
0.341453, 0.904342
0.361317, 0.908308
0.381159, 0.911724
0.400984, 0.914601
0.420798, 0.916947
0.440604, 0.918768
0.460404, 0.920067
0.480203, 0.920846
0.5, 0.921105
0.519797, 0.920846
0.539596, 0.920067
0.559396, 0.918768
0.579202, 0.916947
0.599016, 0.914601
0.618841, 0.911724
0.638683, 0.908308
0.658547, 0.904342
0.678438, 0.899809
0.698364, 0.894687
0.718328, 0.888948
0.738335, 0.882558
0.758386, 0.875473
0.778481, 0.867641
0.798616, 0.858999
0.818785, 0.849474
0.838976, 0.838976
0.859174, 0.827398
0.879362, 0.814609
0.899609, 0.80052
0.114319, 0.818198
0.133775, 0.833192
0.153184, 0.846816
0.172602, 0.859174
0.192019, 0.8704
0.211425, 0.8806
0.230814, 0.889862
0.250182, 0.898257
0.269525, 0.905847
0.288842, 0.912684
0.308133, 0.918811
0.327399, 0.924264
0.34664, 0.929074
0.365859, 0.933266
0.385058, 0.936861
0.404241, 0.939877
0.42341, 0.942328
0.442567, 0.944223
0.461716, 0.945571
0.480859, 0.946378
0.5, 0.946647
0.519141, 0.946378
0.538284, 0.945571
0.557433, 0.944223
0.57659, 0.942328
0.595759, 0.939877
0.614942, 0.936861
0.634141, 0.933266
0.65336, 0.929074
0.672601, 0.924264
0.691867, 0.918811
0.711158, 0.912684
0.730475, 0.905847
0.749818, 0.898257
0.769186, 0.889862
0.788575, 0.8806
0.807981, 0.8704
0.827398, 0.859174
0.846816, 0.846816
0.866225, 0.833192
0.885681, 0.818198
0.129612, 0.835876
0.148228, 0.851772
0.166808, 0.866225
0.185391, 0.879362
0.203973, 0.89132
0.222551, 0.902206
0.241121, 0.912107
0.259681, 0.921097
0.27823, 0.929237
0.296767, 0.936576
0.315291, 0.943159
0.333804, 0.949021
0.352304, 0.954193
0.370793, 0.958701
0.389272, 0.962568
0.407741, 0.965811
0.426203, 0.968445
0.444658, 0.970482
0.463108, 0.97193
0.481555, 0.972797
0.5, 0.973085
0.518445, 0.972797
0.536892, 0.97193
0.555342, 0.970482
0.573797, 0.968445
0.592259, 0.965811
0.610728, 0.962568
0.629207, 0.958701
0.647696, 0.954193
0.666196, 0.949021
0.684709, 0.943159
0.703233, 0.936576
0.72177, 0.929237
0.740319, 0.921097
0.758879, 0.912107
0.777449, 0.902206
0.796027, 0.89132
0.814609, 0.879362
0.833192, 0.866225
0.851772, 0.851772
0.870388, 0.835876
0.146447, 0.853553
0.164124, 0.870388
0.181802, 0.885681
0.19948, 0.899609
0.217157, 0.912311
0.234835, 0.923896
0.252513, 0.934454
0.27019, 0.944058
0.287868, 0.952769
0.305546, 0.960638
0.323223, 0.967707
0.340901, 0.974012
0.358579, 0.979583
0.376256, 0.984446
0.393934, 0.988621
0.411612, 0.992125
0.429289, 0.994975
0.446967, 0.99718
0.464645, 0.998748
0.482322, 0.999687
0.5, 1
0.517678, 0.999687
0.535355, 0.998748
0.553033, 0.99718
0.570711, 0.994975
0.588388, 0.992125
0.606066, 0.988621
0.623744, 0.984446
0.641421, 0.979583
0.659099, 0.974012
0.676777, 0.967707
0.694454, 0.960638
0.712132, 0.952769
0.72981, 0.944058
0.747487, 0.934454
0.765165, 0.923896
0.782843, 0.912311
0.80052, 0.899609
0.818198, 0.885681
0.835876, 0.870388
0.853553, 0.853553
0.146924, 0.146924
0.165064, 0.131327
0.183205, 0.11715
0.201346, 0.104241
0.219484, 0.0924772
0.237617, 0.08176
0.255746, 0.0720091
0.273869, 0.063158
0.291987, 0.0551512
0.310098, 0.0479422
0.328204, 0.0414919
0.346304, 0.0357671
0.364399, 0.0307402
0.382489, 0.0263878
0.400575, 0.0226905
0.418657, 0.0196324
0.436736, 0.0172007
0.454813, 0.0153854
0.472889, 0.0141791
0.490963, 0.0135772
0.509037, 0.0135772
0.527111, 0.0141791
0.545187, 0.0153854
0.563264, 0.0172007
0.581343, 0.0196324
0.599425, 0.0226905
0.617511, 0.0263878
0.635601, 0.0307402
0.653696, 0.0357671
0.671796, 0.0414919
0.689902, 0.0479422
0.708013, 0.0551512
0.726131, 0.063158
0.744254, 0.0720091
0.762383, 0.08176
0.780516, 0.0924772
0.798654, 0.104241
0.816795, 0.11715
0.834936, 0.131327
0.853076, 0.146924
0.131327, 0.165064
0.150324, 0.150324
0.169328, 0.136946
0.188334, 0.124787
0.207336, 0.113729
0.22633, 0.103674
0.24531, 0.0945426
0.264274, 0.0862694
0.283221, 0.0787982
0.302149, 0.072082
0.321058, 0.0660812
0.339948, 0.0607621
0.358822, 0.0560963
0.377679, 0.0520603
0.396522, 0.0486343
0.415353, 0.0458023
0.434174, 0.0435513
0.452987, 0.0418715
0.471795, 0.0407556
0.490599, 0.0401988
0.509401, 0.0401988
0.528205, 0.0407556
0.547013, 0.0418715
0.565826, 0.0435513
0.584647, 0.0458023
0.603478, 0.0486343
0.622321, 0.0520603
0.641178, 0.0560963
0.660052, 0.0607621
0.678942, 0.0660812
0.697851, 0.072082
0.716779, 0.0787982
0.735726, 0.0862694
0.75469, 0.0945426
0.77367, 0.103674
0.792664, 0.113729
0.811666, 0.124787
0.830672, 0.136946
0.849676, 0.150324
0.868673, 0.165064
0.11715, 0.183205
0.136946, 0.169328
0.156754, 0.156754
0.176565, 0.145349
0.196367, 0.134995
0.21615, 0.125596
0.235906, 0.117071
0.25563, 0.109353
0.275321, 0.102386
0.294977, 0.0961215
0.3146, 0.0905212
0.334192, 0.0855519
0.353757, 0.0811868
0.373299, 0.0774046
0.392821, 0.0741882
0.412327, 0.0715246
0.431821, 0.0694039
0.451307, 0.067819
0.470786, 0.066765
0.490262, 0.0662387
0.509738, 0.0662387
0.529214, 0.066765
0.548693, 0.067819
0.568179, 0.0694039
0.587673, 0.0715246
0.607179, 0.0741882
0.626701, 0.0774046
0.646243, 0.0811868
0.665808, 0.0855519
0.6854, 0.0905212
0.705023, 0.0961215
0.724679, 0.102386
0.74437, 0.109353
0.764094, 0.117071
0.78385, 0.125596
0.803633, 0.134995
0.823435, 0.145349
0.843246, 0.156754
0.863054, 0.169328
0.88285, 0.183205
0.104241, 0.201346
0.124787, 0.188334
0.145349, 0.176565
0.165909, 0.165909
0.186446, 0.156246
0.206944, 0.147477
0.227394, 0.13952
0.247788, 0.132305
0.268125, 0.125772
0.288409, 0.119874
0.308644, 0.114572
0.32884, 0.109837
0.349006, 0.105649
0.36915, 0.101992
0.389282, 0.0988606
0.409409, 0.0962495
0.429536, 0.0941583
0.449665, 0.092588
0.469797, 0.09154
0.489932, 0.0910156
0.510068, 0.0910156
0.530203, 0.09154
0.550335, 0.092588
0.570464, 0.0941583
0.590591, 0.0962495
0.610718, 0.0988606
0.63085, 0.101992
0.650994, 0.105649
0.67116, 0.109837
0.691356, 0.114572
0.711591, 0.119874
0.731875, 0.125772
0.752212, 0.132305
0.772606, 0.13952
0.793056, 0.147477
0.813554, 0.156246
0.834091, 0.165909
0.854651, 0.176565
0.875213, 0.188334
0.895759, 0.201346
0.0924772, 0.219484
0.113729, 0.207336
0.134995, 0.196367
0.156246, 0.186446
0.177449, 0.177449
0.19858, 0.169271
0.219627, 0.161822
0.24058, 0.155025
0.261445, 0.148817
0.28223, 0.143148
0.302954, 0.137985
0.323639, 0.133308
0.344307, 0.129114
0.36498, 0.125407
0.385674, 0.122199
0.406398, 0.119502
0.427154, 0.117329
0.447942, 0.115691
0.468754, 0.114595
0.489583, 0.114045
0.510417, 0.114045
0.531246, 0.114595
0.552058, 0.115691
0.572846, 0.117329
0.593602, 0.119502
0.614326, 0.122199
0.63502, 0.125407
0.655693, 0.129114
0.676361, 0.133308
0.697046, 0.137985
0.71777, 0.143148
0.738555, 0.148817
0.75942, 0.155025
0.780373, 0.161822
0.80142, 0.169271
0.822551, 0.177449
0.843754, 0.186446
0.865005, 0.196367
0.886271, 0.207336
0.907523, 0.219484
0.08176, 0.237617
0.103674, 0.22633
0.125596, 0.21615
0.147477, 0.206944
0.169271, 0.19858
0.190942, 0.190942
0.21247, 0.183925
0.233848, 0.177439
0.25509, 0.171417
0.276228, 0.165813
0.297306, 0.160618
0.318377, 0.155845
0.339485, 0.151525
0.36066, 0.147692
0.381918, 0.144379
0.40326, 0.141606
0.424676, 0.139384
0.446154, 0.13772
0.467675, 0.136611
0.489222, 0.136058
0.510778, 0.136058
0.532325, 0.136611
0.553846, 0.13772
0.575324, 0.139384
0.59674, 0.141606
0.618082, 0.144379
0.63934, 0.147692
0.660515, 0.151525
0.681623, 0.155845
0.702694, 0.160618
0.723772, 0.165813
0.74491, 0.171417
0.766152, 0.177439
0.78753, 0.183925
0.809058, 0.190942
0.830729, 0.19858
0.852523, 0.206944
0.874404, 0.21615
0.896326, 0.22633
0.91824, 0.237617
0.0720091, 0.255746
0.0945426, 0.24531
0.117071, 0.235906
0.13952, 0.227394
0.161822, 0.219627
0.183925, 0.21247
0.205798, 0.205798
0.227444, 0.19951
0.248907, 0.193546
0.270269, 0.187901
0.29163, 0.182626
0.313077, 0.177792
0.334662, 0.17347
0.3564, 0.169706
0.378281, 0.166519
0.400278, 0.163906
0.422362, 0.161852
0.444507, 0.160335
0.46669, 0.159336
0.488895, 0.158841
0.511105, 0.158841
0.53331, 0.159336
0.555493, 0.160335
0.577638, 0.161852
0.599722, 0.163906
0.621719, 0.166519
0.6436, 0.169706
0.665338, 0.17347
0.686923, 0.177792
0.70837, 0.182626
0.729731, 0.187901
0.751093, 0.193546
0.772556, 0.19951
0.794202, 0.205798
0.816075, 0.21247
0.838178, 0.219627
0.86048, 0.227394
0.882929, 0.235906
0.905457, 0.24531
0.927991, 0.255746
0.063158, 0.273869
0.0862694, 0.264274
0.109353, 0.25563
0.132305, 0.247788
0.155025, 0.24058
0.177439, 0.233848
0.19951, 0.227444
0.221273, 0.221273
0.242848, 0.215327
0.264411, 0.209696
0.286119, 0.204513
0.308057, 0.19989
0.330237, 0.195888
0.352622, 0.192514
0.375157, 0.18974
0.39779, 0.187523
0.420477, 0.185817
0.44319, 0.184577
0.465913, 0.183771
0.488638, 0.183374
0.511362, 0.183374
0.534087, 0.183771
0.55681, 0.184577
0.579523, 0.185817
0.60221, 0.187523
0.624843, 0.18974
0.647378, 0.192514
0.669763, 0.195888
0.691943, 0.19989
0.713881, 0.204513
0.735589, 0.209696
0.757152, 0.215327
0.778727, 0.221273
0.80049, 0.227444
0.822561, 0.233848
0.844975, 0.24058
0.867695, 0.247788
0.890647, 0.25563
0.913731, 0.264274
0.936842, 0.273869
0.0551512, 0.291987
0.0787982, 0.283221
0.102386, 0.275321
0.125772, 0.268125
0.148817, 0.261445
0.171417, 0.25509
0.193546, 0.248907
0.215327, 0.242848
0.237019, 0.237019
0.258894, 0.231619
0.281107, 0.226822
0.303676, 0.222711
0.326532, 0.219285
0.349577, 0.216491
0.372724, 0.214262
0.395909, 0.212527
0.419088, 0.211222
0.44224, 0.210293
0.46536, 0.209698
0.488456, 0.209408
0.511544, 0.209408
0.53464, 0.209698
0.55776, 0.210293
0.580912, 0.211222
0.604091, 0.212527
0.627276, 0.214262
0.650423, 0.216491
0.673468, 0.219285
0.696324, 0.222711
0.718893, 0.226822
0.741106, 0.231619
0.762981, 0.237019
0.784673, 0.242848
0.806454, 0.248907
0.828583, 0.25509
0.851183, 0.261445
0.874228, 0.268125
0.897614, 0.275321
0.921202, 0.283221
0.944849, 0.291987
0.0479422, 0.310098
0.072082, 0.302149
0.0961215, 0.294977
0.119874, 0.288409
0.143148, 0.28223
0.165813, 0.276228
0.187901, 0.270269
0.209696, 0.264411
0.231619, 0.258894
0.253975, 0.253975
0.276832, 0.24979
0.300096, 0.246347
0.323622, 0.243581
0.347275, 0.241403
0.370953, 0.239727
0.39459, 0.238468
0.418148, 0.237554
0.441616, 0.236923
0.465006, 0.23653
0.488342, 0.236341
0.511658, 0.236341
0.534994, 0.23653
0.558384, 0.236923
0.581852, 0.237554
0.60541, 0.238468
0.629047, 0.239727
0.652725, 0.241403
0.676378, 0.243581
0.699904, 0.246347
0.723168, 0.24979
0.746025, 0.253975
0.768381, 0.258894
0.790304, 0.264411
0.812099, 0.270269
0.834187, 0.276228
0.856852, 0.28223
0.880126, 0.288409
0.903878, 0.294977
0.927918, 0.302149
0.952058, 0.310098
0.0414919, 0.328204
0.0660812, 0.321058
0.0905212, 0.3146
0.114572, 0.308644
0.137985, 0.302954
0.160618, 0.297306
0.182626, 0.29163
0.204513, 0.286119
0.226822, 0.281107
0.24979, 0.276832
0.273346, 0.273346
0.297293, 0.270588
0.321438, 0.268461
0.345627, 0.266863
0.369753, 0.265697
0.393748, 0.264871
0.417584, 0.264306
0.441263, 0.263937
0.464814, 0.263716
0.488281, 0.263613
0.511719, 0.263613
0.535186, 0.263716
0.558737, 0.263937
0.582416, 0.264306
0.606252, 0.264871
0.630247, 0.265697
0.654373, 0.266863
0.678562, 0.268461
0.702707, 0.270588
0.726654, 0.273346
0.75021, 0.276832
0.773178, 0.281107
0.795487, 0.286119
0.817374, 0.29163
0.839382, 0.297306
0.862015, 0.302954
0.885428, 0.308644
0.909479, 0.3146
0.933919, 0.321058
0.958508, 0.328204
0.0357671, 0.346304
0.0607621, 0.339948
0.0855519, 0.334192
0.109837, 0.32884
0.133308, 0.323639
0.155845, 0.318377
0.177792, 0.313077
0.19989, 0.308057
0.222711, 0.303676
0.246347, 0.300096
0.270588, 0.297293
0.29517, 0.29517
0.319872, 0.29362
0.344526, 0.292533
0.369018, 0.291803
0.393283, 0.291331
0.417304, 0.291033
0.441103, 0.290846
0.464732, 0.290734
0.488256, 0.290679
0.511744, 0.290679
0.535268, 0.290734
0.558897, 0.290846
0.582696, 0.291033
0.606717, 0.291331
0.630982, 0.291803
0.655474, 0.292533
0.680128, 0.29362
0.70483, 0.29517
0.729412, 0.297293
0.753653, 0.300096
0.777289, 0.303676
0.80011, 0.308057
0.822208, 0.313077
0.844155, 0.318377
0.866692, 0.323639
0.890163, 0.32884
0.914448, 0.334192
0.939238, 0.339948
0.964233, 0.346304
0.0307402, 0.364399
0.0560963, 0.358822
0.0811868, 0.353757
0.105649, 0.349006
0.129114, 0.344307
0.151525, 0.339485
0.17347, 0.334662
0.195888, 0.330237
0.219285, 0.326532
0.243581, 0.323622
0.268461, 0.321438
0.29362, 0.319872
0.318813, 0.318813
0.343855, 0.318141
0.368624, 0.317739
0.39306, 0.317493
0.417167, 0.317314
0.441007, 0.317154
0.464666, 0.317015
0.488231, 0.31693
0.511769, 0.31693
0.535334, 0.317015
0.558993, 0.317154
0.582833, 0.317314
0.60694, 0.317493
0.631376, 0.317739
0.656145, 0.318141
0.681187, 0.318813
0.70638, 0.319872
0.731539, 0.321438
0.756419, 0.323622
0.780715, 0.326532
0.804112, 0.330237
0.82653, 0.334662
0.848475, 0.339485
0.870886, 0.344307
0.894351, 0.349006
0.918813, 0.353757
0.943904, 0.358822
0.96926, 0.364399
0.0263878, 0.382489
0.0520603, 0.377679
0.0774046, 0.373299
0.101992, 0.36915
0.125407, 0.36498
0.147692, 0.36066
0.169706, 0.3564
0.192514, 0.352622
0.216491, 0.349577
0.241403, 0.347275
0.266863, 0.345627
0.292533, 0.344526
0.318141, 0.343855
0.34348, 0.34348
0.368412, 0.343257
0.392885, 0.343042
0.416951, 0.342736
0.44075, 0.342327
0.464447, 0.341915
0.488144, 0.341652
0.511856, 0.341652
0.535553, 0.341915
0.55925, 0.342327
0.583049, 0.342736
0.607115, 0.343042
0.631588, 0.343257
0.65652, 0.34348
0.681859, 0.343855
0.707467, 0.344526
0.733137, 0.345627
0.758597, 0.347275
0.783509, 0.349577
0.807486, 0.352622
0.830294, 0.3564
0.852308, 0.36066
0.874593, 0.36498
0.898008, 0.36915
0.922595, 0.373299
0.94794, 0.377679
0.973612, 0.382489
0.0226905, 0.400575
0.0486343, 0.396522
0.0741882, 0.392821
0.0988606, 0.389282
0.122199, 0.385674
0.144379, 0.381918
0.166519, 0.378281
0.18974, 0.375157
0.214262, 0.372724
0.239727, 0.370953
0.265697, 0.369753
0.291803, 0.369018
0.317739, 0.368624
0.343257, 0.368412
0.368188, 0.368188
0.392494, 0.367752
0.416329, 0.366988
0.440009, 0.365979
0.463836, 0.365013
0.487908, 0.364424
0.512092, 0.364424
0.536164, 0.365013
0.559991, 0.365979
0.583671, 0.366988
0.607506, 0.367752
0.631812, 0.368188
0.656743, 0.368412
0.682261, 0.368624
0.708197, 0.369018
0.734303, 0.369753
0.760273, 0.370953
0.785738, 0.372724
0.81026, 0.375157
0.833481, 0.378281
0.855621, 0.381918
0.877801, 0.385674
0.901139, 0.389282
0.925812, 0.392821
0.951366, 0.396522
0.977309, 0.400575
0.0196324, 0.418657
0.0458023, 0.415353
0.0715246, 0.412327
0.0962495, 0.409409
0.119502, 0.406398
0.141606, 0.40326
0.163906, 0.400278
0.187523, 0.39779
0.212527, 0.395909
0.238468, 0.39459
0.264871, 0.393748
0.291331, 0.393283
0.317493, 0.39306
0.343042, 0.392885
0.367752, 0.392494
0.391617, 0.391617
0.415014, 0.390175
0.438577, 0.388452
0.462745, 0.386953
0.487504, 0.3861
0.512496, 0.3861
0.537255, 0.386953
0.561423, 0.388452
0.584986, 0.390175
0.608383, 0.391617
0.632248, 0.392494
0.656958, 0.392885
0.682507, 0.39306
0.708669, 0.393283
0.735129, 0.393748
0.761532, 0.39459
0.787473, 0.395909
0.812477, 0.39779
0.836094, 0.400278
0.858394, 0.40326
0.880498, 0.406398
0.903751, 0.409409
0.928475, 0.412327
0.954198, 0.415353
0.980368, 0.418657
0.0172007, 0.436736
0.0435513, 0.434174
0.0694039, 0.431821
0.0941583, 0.429536
0.117329, 0.427154
0.139384, 0.424676
0.161852, 0.422362
0.185817, 0.420477
0.211222, 0.419088
0.237554, 0.418148
0.264306, 0.417584
0.291033, 0.417304
0.317314, 0.417167
0.342736, 0.416951
0.366988, 0.416329
0.390175, 0.415014
0.413085, 0.413085
0.436708, 0.411053
0.461447, 0.409472
0.487047, 0.408637
0.512953, 0.408637
0.538553, 0.409472
0.563292, 0.411053
0.586915, 0.413085
0.609825, 0.415014
0.633012, 0.416329
0.657264, 0.416951
0.682686, 0.417167
0.708967, 0.417304
0.735694, 0.417584
0.762446, 0.418148
0.788778, 0.419088
0.814183, 0.420477
0.838148, 0.422362
0.860616, 0.424676
0.882671, 0.427154
0.905842, 0.429536
0.930596, 0.431821
0.956449, 0.434174
0.982799, 0.436736
0.0153854, 0.454813
0.0418715, 0.452987
0.067819, 0.451307
0.092588, 0.449665
0.115691, 0.447942
0.13772, 0.446154
0.160335, 0.444507
0.184577, 0.44319
0.210293, 0.44224
0.236923, 0.441616
0.263937, 0.441263
0.290846, 0.441103
0.317154, 0.441007
0.342327, 0.44075
0.365979, 0.440009
0.388452, 0.438577
0.411053, 0.436708
0.434963, 0.434963
0.460339, 0.433731
0.486674, 0.433116
0.513326, 0.433116
0.539661, 0.433731
0.565037, 0.434963
0.588947, 0.436708
0.611548, 0.438577
0.634021, 0.440009
0.657673, 0.44075
0.682846, 0.441007
0.709154, 0.441103
0.736063, 0.441263
0.763077, 0.441616
0.789707, 0.44224
0.815423, 0.44319
0.839665, 0.444507
0.86228, 0.446154
0.884309, 0.447942
0.907412, 0.449665
0.932181, 0.451307
0.958128, 0.452987
0.984615, 0.454813
0.0141791, 0.472889
0.0407556, 0.471795
0.066765, 0.470786
0.09154, 0.469797
0.114595, 0.468754
0.136611, 0.467675
0.159336, 0.46669
0.183771, 0.465913
0.209698, 0.46536
0.23653, 0.465006
0.263716, 0.464814
0.290734, 0.464732
0.317015, 0.464666
0.341915, 0.464447
0.365013, 0.463836
0.386953, 0.462745
0.409472, 0.461447
0.433731, 0.460339
0.459601, 0.459601
0.486431, 0.459243
0.513569, 0.459243
0.540399, 0.459601
0.566269, 0.460339
0.590528, 0.461447
0.613047, 0.462745
0.634987, 0.463836
0.658085, 0.464447
0.682985, 0.464666
0.709266, 0.464732
0.736284, 0.464814
0.76347, 0.465006
0.790302, 0.46536
0.816229, 0.465913
0.840664, 0.46669
0.863389, 0.467675
0.885405, 0.468754
0.90846, 0.469797
0.933235, 0.470786
0.959244, 0.471795
0.985821, 0.472889
0.0135772, 0.490963
0.0401988, 0.490599
0.0662387, 0.490262
0.0910156, 0.489932
0.114045, 0.489583
0.136058, 0.489222
0.158841, 0.488895
0.183374, 0.488638
0.209408, 0.488456
0.236341, 0.488342
0.263613, 0.488281
0.290679, 0.488256
0.31693, 0.488231
0.341652, 0.488144
0.364424, 0.487908
0.3861, 0.487504
0.408637, 0.487047
0.433116, 0.486674
0.459243, 0.486431
0.486314, 0.486314
0.513686, 0.486314
0.540757, 0.486431
0.566884, 0.486674
0.591363, 0.487047
0.6139, 0.487504
0.635576, 0.487908
0.658348, 0.488144
0.68307, 0.488231
0.709321, 0.488256
0.736387, 0.488281
0.763659, 0.488342
0.790592, 0.488456
0.816626, 0.488638
0.841159, 0.488895
0.863942, 0.489222
0.885955, 0.489583
0.908984, 0.489932
0.933761, 0.490262
0.959801, 0.490599
0.986423, 0.490963
0.0135772, 0.509037
0.0401988, 0.509401
0.0662387, 0.509738
0.0910156, 0.510068
0.114045, 0.510417
0.136058, 0.510778
0.158841, 0.511105
0.183374, 0.511362
0.209408, 0.511544
0.236341, 0.511658
0.263613, 0.511719
0.290679, 0.511744
0.31693, 0.511769
0.341652, 0.511856
0.364424, 0.512092
0.3861, 0.512496
0.408637, 0.512953
0.433116, 0.513326
0.459243, 0.513569
0.486314, 0.513686
0.513686, 0.513686
0.540757, 0.513569
0.566884, 0.513326
0.591363, 0.512953
0.6139, 0.512496
0.635576, 0.512092
0.658348, 0.511856
0.68307, 0.511769
0.709321, 0.511744
0.736387, 0.511719
0.763659, 0.511658
0.790592, 0.511544
0.816626, 0.511362
0.841159, 0.511105
0.863942, 0.510778
0.885955, 0.510417
0.908984, 0.510068
0.933761, 0.509738
0.959801, 0.509401
0.986423, 0.509037
0.0141791, 0.527111
0.0407556, 0.528205
0.066765, 0.529214
0.09154, 0.530203
0.114595, 0.531246
0.136611, 0.532325
0.159336, 0.53331
0.183771, 0.534087
0.209698, 0.53464
0.23653, 0.534994
0.263716, 0.535186
0.290734, 0.535268
0.317015, 0.535334
0.341915, 0.535553
0.365013, 0.536164
0.386953, 0.537255
0.409472, 0.538553
0.433731, 0.539661
0.459601, 0.540399
0.486431, 0.540757
0.513569, 0.540757
0.540399, 0.540399
0.566269, 0.539661
0.590528, 0.538553
0.613047, 0.537255
0.634987, 0.536164
0.658085, 0.535553
0.682985, 0.535334
0.709266, 0.535268
0.736284, 0.535186
0.76347, 0.534994
0.790302, 0.53464
0.816229, 0.534087
0.840664, 0.53331
0.863389, 0.532325
0.885405, 0.531246
0.90846, 0.530203
0.933235, 0.529214
0.959244, 0.528205
0.985821, 0.527111
0.0153854, 0.545187
0.0418715, 0.547013
0.067819, 0.548693
0.092588, 0.550335
0.115691, 0.552058
0.13772, 0.553846
0.160335, 0.555493
0.184577, 0.55681
0.210293, 0.55776
0.236923, 0.558384
0.263937, 0.558737
0.290846, 0.558897
0.317154, 0.558993
0.342327, 0.55925
0.365979, 0.559991
0.388452, 0.561423
0.411053, 0.563292
0.434963, 0.565037
0.460339, 0.566269
0.486674, 0.566884
0.513326, 0.566884
0.539661, 0.566269
0.565037, 0.565037
0.588947, 0.563292
0.611548, 0.561423
0.634021, 0.559991
0.657673, 0.55925
0.682846, 0.558993
0.709154, 0.558897
0.736063, 0.558737
0.763077, 0.558384
0.789707, 0.55776
0.815423, 0.55681
0.839665, 0.555493
0.86228, 0.553846
0.884309, 0.552058
0.907412, 0.550335
0.932181, 0.548693
0.958128, 0.547013
0.984615, 0.545187
0.0172007, 0.563264
0.0435513, 0.565826
0.0694039, 0.568179
0.0941583, 0.570464
0.117329, 0.572846
0.139384, 0.575324
0.161852, 0.577638
0.185817, 0.579523
0.211222, 0.580912
0.237554, 0.581852
0.264306, 0.582416
0.291033, 0.582696
0.317314, 0.582833
0.342736, 0.583049
0.366988, 0.583671
0.390175, 0.584986
0.413085, 0.586915
0.436708, 0.588947
0.461447, 0.590528
0.487047, 0.591363
0.512953, 0.591363
0.538553, 0.590528
0.563292, 0.588947
0.586915, 0.586915
0.609825, 0.584986
0.633012, 0.583671
0.657264, 0.583049
0.682686, 0.582833
0.708967, 0.582696
0.735694, 0.582416
0.762446, 0.581852
0.788778, 0.580912
0.814183, 0.579523
0.838148, 0.577638
0.860616, 0.575324
0.882671, 0.572846
0.905842, 0.570464
0.930596, 0.568179
0.956449, 0.565826
0.982799, 0.563264
0.0196324, 0.581343
0.0458023, 0.584647
0.0715246, 0.587673
0.0962495, 0.590591
0.119502, 0.593602
0.141606, 0.59674
0.163906, 0.599722
0.187523, 0.60221
0.212527, 0.604091
0.238468, 0.60541
0.264871, 0.606252
0.291331, 0.606717
0.317493, 0.60694
0.343042, 0.607115
0.367752, 0.607506
0.391617, 0.608383
0.415014, 0.609825
0.438577, 0.611548
0.462745, 0.613047
0.487504, 0.6139
0.512496, 0.6139
0.537255, 0.613047
0.561423, 0.611548
0.584986, 0.609825
0.608383, 0.608383
0.632248, 0.607506
0.656958, 0.607115
0.682507, 0.60694
0.708669, 0.606717
0.735129, 0.606252
0.761532, 0.60541
0.787473, 0.604091
0.812477, 0.60221
0.836094, 0.599722
0.858394, 0.59674
0.880498, 0.593602
0.903751, 0.590591
0.928475, 0.587673
0.954198, 0.584647
0.980368, 0.581343
0.0226905, 0.599425
0.0486343, 0.603478
0.0741882, 0.607179
0.0988606, 0.610718
0.122199, 0.614326
0.144379, 0.618082
0.166519, 0.621719
0.18974, 0.624843
0.214262, 0.627276
0.239727, 0.629047
0.265697, 0.630247
0.291803, 0.630982
0.317739, 0.631376
0.343257, 0.631588
0.368188, 0.631812
0.392494, 0.632248
0.416329, 0.633012
0.440009, 0.634021
0.463836, 0.634987
0.487908, 0.635576
0.512092, 0.635576
0.536164, 0.634987
0.559991, 0.634021
0.583671, 0.633012
0.607506, 0.632248
0.631812, 0.631812
0.656743, 0.631588
0.682261, 0.631376
0.708197, 0.630982
0.734303, 0.630247
0.760273, 0.629047
0.785738, 0.627276
0.81026, 0.624843
0.833481, 0.621719
0.855621, 0.618082
0.877801, 0.614326
0.901139, 0.610718
0.925812, 0.607179
0.951366, 0.603478
0.977309, 0.599425
0.0263878, 0.617511
0.0520603, 0.622321
0.0774046, 0.626701
0.101992, 0.63085
0.125407, 0.63502
0.147692, 0.63934
0.169706, 0.6436
0.192514, 0.647378
0.216491, 0.650423
0.241403, 0.652725
0.266863, 0.654373
0.292533, 0.655474
0.318141, 0.656145
0.34348, 0.65652
0.368412, 0.656743
0.392885, 0.656958
0.416951, 0.657264
0.44075, 0.657673
0.464447, 0.658085
0.488144, 0.658348
0.511856, 0.658348
0.535553, 0.658085
0.55925, 0.657673
0.583049, 0.657264
0.607115, 0.656958
0.631588, 0.656743
0.65652, 0.65652
0.681859, 0.656145
0.707467, 0.655474
0.733137, 0.654373
0.758597, 0.652725
0.783509, 0.650423
0.807486, 0.647378
0.830294, 0.6436
0.852308, 0.63934
0.874593, 0.63502
0.898008, 0.63085
0.922595, 0.626701
0.94794, 0.622321
0.973612, 0.617511
0.0307402, 0.635601
0.0560963, 0.641178
0.0811868, 0.646243
0.105649, 0.650994
0.129114, 0.655693
0.151525, 0.660515
0.17347, 0.665338
0.195888, 0.669763
0.219285, 0.673468
0.243581, 0.676378
0.268461, 0.678562
0.29362, 0.680128
0.318813, 0.681187
0.343855, 0.681859
0.368624, 0.682261
0.39306, 0.682507
0.417167, 0.682686
0.441007, 0.682846
0.464666, 0.682985
0.488231, 0.68307
0.511769, 0.68307
0.535334, 0.682985
0.558993, 0.682846
0.582833, 0.682686
0.60694, 0.682507
0.631376, 0.682261
0.656145, 0.681859
0.681187, 0.681187
0.70638, 0.680128
0.731539, 0.678562
0.756419, 0.676378
0.780715, 0.673468
0.804112, 0.669763
0.82653, 0.665338
0.848475, 0.660515
0.870886, 0.655693
0.894351, 0.650994
0.918813, 0.646243
0.943904, 0.641178
0.96926, 0.635601
0.0357671, 0.653696
0.0607621, 0.660052
0.0855519, 0.665808
0.109837, 0.67116
0.133308, 0.676361
0.155845, 0.681623
0.177792, 0.686923
0.19989, 0.691943
0.222711, 0.696324
0.246347, 0.699904
0.270588, 0.702707
0.29517, 0.70483
0.319872, 0.70638
0.344526, 0.707467
0.369018, 0.708197
0.393283, 0.708669
0.417304, 0.708967
0.441103, 0.709154
0.464732, 0.709266
0.488256, 0.709321
0.511744, 0.709321
0.535268, 0.709266
0.558897, 0.709154
0.582696, 0.708967
0.606717, 0.708669
0.630982, 0.708197
0.655474, 0.707467
0.680128, 0.70638
0.70483, 0.70483
0.729412, 0.702707
0.753653, 0.699904
0.777289, 0.696324
0.80011, 0.691943
0.822208, 0.686923
0.844155, 0.681623
0.866692, 0.676361
0.890163, 0.67116
0.914448, 0.665808
0.939238, 0.660052
0.964233, 0.653696
0.0414919, 0.671796
0.0660812, 0.678942
0.0905212, 0.6854
0.114572, 0.691356
0.137985, 0.697046
0.160618, 0.702694
0.182626, 0.70837
0.204513, 0.713881
0.226822, 0.718893
0.24979, 0.723168
0.273346, 0.726654
0.297293, 0.729412
0.321438, 0.731539
0.345627, 0.733137
0.369753, 0.734303
0.393748, 0.735129
0.417584, 0.735694
0.441263, 0.736063
0.464814, 0.736284
0.488281, 0.736387
0.511719, 0.736387
0.535186, 0.736284
0.558737, 0.736063
0.582416, 0.735694
0.606252, 0.735129
0.630247, 0.734303
0.654373, 0.733137
0.678562, 0.731539
0.702707, 0.729412
0.726654, 0.726654
0.75021, 0.723168
0.773178, 0.718893
0.795487, 0.713881
0.817374, 0.70837
0.839382, 0.702694
0.862015, 0.697046
0.885428, 0.691356
0.909479, 0.6854
0.933919, 0.678942
0.958508, 0.671796
0.0479422, 0.689902
0.072082, 0.697851
0.0961215, 0.705023
0.119874, 0.711591
0.143148, 0.71777
0.165813, 0.723772
0.187901, 0.729731
0.209696, 0.735589
0.231619, 0.741106
0.253975, 0.746025
0.276832, 0.75021
0.300096, 0.753653
0.323622, 0.756419
0.347275, 0.758597
0.370953, 0.760273
0.39459, 0.761532
0.418148, 0.762446
0.441616, 0.763077
0.465006, 0.76347
0.488342, 0.763659
0.511658, 0.763659
0.534994, 0.76347
0.558384, 0.763077
0.581852, 0.762446
0.60541, 0.761532
0.629047, 0.760273
0.652725, 0.758597
0.676378, 0.756419
0.699904, 0.753653
0.723168, 0.75021
0.746025, 0.746025
0.768381, 0.741106
0.790304, 0.735589
0.812099, 0.729731
0.834187, 0.723772
0.856852, 0.71777
0.880126, 0.711591
0.903878, 0.705023
0.927918, 0.697851
0.952058, 0.689902
0.0551512, 0.708013
0.0787982, 0.716779
0.102386, 0.724679
0.125772, 0.731875
0.148817, 0.738555
0.171417, 0.74491
0.193546, 0.751093
0.215327, 0.757152
0.237019, 0.762981
0.258894, 0.768381
0.281107, 0.773178
0.303676, 0.777289
0.326532, 0.780715
0.349577, 0.783509
0.372724, 0.785738
0.395909, 0.787473
0.419088, 0.788778
0.44224, 0.789707
0.46536, 0.790302
0.488456, 0.790592
0.511544, 0.790592
0.53464, 0.790302
0.55776, 0.789707
0.580912, 0.788778
0.604091, 0.787473
0.627276, 0.785738
0.650423, 0.783509
0.673468, 0.780715
0.696324, 0.777289
0.718893, 0.773178
0.741106, 0.768381
0.762981, 0.762981
0.784673, 0.757152
0.806454, 0.751093
0.828583, 0.74491
0.851183, 0.738555
0.874228, 0.731875
0.897614, 0.724679
0.921202, 0.716779
0.944849, 0.708013
0.063158, 0.726131
0.0862694, 0.735726
0.109353, 0.74437
0.132305, 0.752212
0.155025, 0.75942
0.177439, 0.766152
0.19951, 0.772556
0.221273, 0.778727
0.242848, 0.784673
0.264411, 0.790304
0.286119, 0.795487
0.308057, 0.80011
0.330237, 0.804112
0.352622, 0.807486
0.375157, 0.81026
0.39779, 0.812477
0.420477, 0.814183
0.44319, 0.815423
0.465913, 0.816229
0.488638, 0.816626
0.511362, 0.816626
0.534087, 0.816229
0.55681, 0.815423
0.579523, 0.814183
0.60221, 0.812477
0.624843, 0.81026
0.647378, 0.807486
0.669763, 0.804112
0.691943, 0.80011
0.713881, 0.795487
0.735589, 0.790304
0.757152, 0.784673
0.778727, 0.778727
0.80049, 0.772556
0.822561, 0.766152
0.844975, 0.75942
0.867695, 0.752212
0.890647, 0.74437
0.913731, 0.735726
0.936842, 0.726131
0.0720091, 0.744254
0.0945426, 0.75469
0.117071, 0.764094
0.13952, 0.772606
0.161822, 0.780373
0.183925, 0.78753
0.205798, 0.794202
0.227444, 0.80049
0.248907, 0.806454
0.270269, 0.812099
0.29163, 0.817374
0.313077, 0.822208
0.334662, 0.82653
0.3564, 0.830294
0.378281, 0.833481
0.400278, 0.836094
0.422362, 0.838148
0.444507, 0.839665
0.46669, 0.840664
0.488895, 0.841159
0.511105, 0.841159
0.53331, 0.840664
0.555493, 0.839665
0.577638, 0.838148
0.599722, 0.836094
0.621719, 0.833481
0.6436, 0.830294
0.665338, 0.82653
0.686923, 0.822208
0.70837, 0.817374
0.729731, 0.812099
0.751093, 0.806454
0.772556, 0.80049
0.794202, 0.794202
0.816075, 0.78753
0.838178, 0.780373
0.86048, 0.772606
0.882929, 0.764094
0.905457, 0.75469
0.927991, 0.744254
0.08176, 0.762383
0.103674, 0.77367
0.125596, 0.78385
0.147477, 0.793056
0.169271, 0.80142
0.190942, 0.809058
0.21247, 0.816075
0.233848, 0.822561
0.25509, 0.828583
0.276228, 0.834187
0.297306, 0.839382
0.318377, 0.844155
0.339485, 0.848475
0.36066, 0.852308
0.381918, 0.855621
0.40326, 0.858394
0.424676, 0.860616
0.446154, 0.86228
0.467675, 0.863389
0.489222, 0.863942
0.510778, 0.863942
0.532325, 0.863389
0.553846, 0.86228
0.575324, 0.860616
0.59674, 0.858394
0.618082, 0.855621
0.63934, 0.852308
0.660515, 0.848475
0.681623, 0.844155
0.702694, 0.839382
0.723772, 0.834187
0.74491, 0.828583
0.766152, 0.822561
0.78753, 0.816075
0.809058, 0.809058
0.830729, 0.80142
0.852523, 0.793056
0.874404, 0.78385
0.896326, 0.77367
0.91824, 0.762383
0.0924772, 0.780516
0.113729, 0.792664
0.134995, 0.803633
0.156246, 0.813554
0.177449, 0.822551
0.19858, 0.830729
0.219627, 0.838178
0.24058, 0.844975
0.261445, 0.851183
0.28223, 0.856852
0.302954, 0.862015
0.323639, 0.866692
0.344307, 0.870886
0.36498, 0.874593
0.385674, 0.877801
0.406398, 0.880498
0.427154, 0.882671
0.447942, 0.884309
0.468754, 0.885405
0.489583, 0.885955
0.510417, 0.885955
0.531246, 0.885405
0.552058, 0.884309
0.572846, 0.882671
0.593602, 0.880498
0.614326, 0.877801
0.63502, 0.874593
0.655693, 0.870886
0.676361, 0.866692
0.697046, 0.862015
0.71777, 0.856852
0.738555, 0.851183
0.75942, 0.844975
0.780373, 0.838178
0.80142, 0.830729
0.822551, 0.822551
0.843754, 0.813554
0.865005, 0.803633
0.886271, 0.792664
0.907523, 0.780516
0.104241, 0.798654
0.124787, 0.811666
0.145349, 0.823435
0.165909, 0.834091
0.186446, 0.843754
0.206944, 0.852523
0.227394, 0.86048
0.247788, 0.867695
0.268125, 0.874228
0.288409, 0.880126
0.308644, 0.885428
0.32884, 0.890163
0.349006, 0.894351
0.36915, 0.898008
0.389282, 0.901139
0.409409, 0.903751
0.429536, 0.905842
0.449665, 0.907412
0.469797, 0.90846
0.489932, 0.908984
0.510068, 0.908984
0.530203, 0.90846
0.550335, 0.907412
0.570464, 0.905842
0.590591, 0.903751
0.610718, 0.901139
0.63085, 0.898008
0.650994, 0.894351
0.67116, 0.890163
0.691356, 0.885428
0.711591, 0.880126
0.731875, 0.874228
0.752212, 0.867695
0.772606, 0.86048
0.793056, 0.852523
0.813554, 0.843754
0.834091, 0.834091
0.854651, 0.823435
0.875213, 0.811666
0.895759, 0.798654
0.11715, 0.816795
0.136946, 0.830672
0.156754, 0.843246
0.176565, 0.854651
0.196367, 0.865005
0.21615, 0.874404
0.235906, 0.882929
0.25563, 0.890647
0.275321, 0.897614
0.294977, 0.903878
0.3146, 0.909479
0.334192, 0.914448
0.353757, 0.918813
0.373299, 0.922595
0.392821, 0.925812
0.412327, 0.928475
0.431821, 0.930596
0.451307, 0.932181
0.470786, 0.933235
0.490262, 0.933761
0.509738, 0.933761
0.529214, 0.933235
0.548693, 0.932181
0.568179, 0.930596
0.587673, 0.928475
0.607179, 0.925812
0.626701, 0.922595
0.646243, 0.918813
0.665808, 0.914448
0.6854, 0.909479
0.705023, 0.903878
0.724679, 0.897614
0.74437, 0.890647
0.764094, 0.882929
0.78385, 0.874404
0.803633, 0.865005
0.823435, 0.854651
0.843246, 0.843246
0.863054, 0.830672
0.88285, 0.816795
0.131327, 0.834936
0.150324, 0.849676
0.169328, 0.863054
0.188334, 0.875213
0.207336, 0.886271
0.22633, 0.896326
0.24531, 0.905457
0.264274, 0.913731
0.283221, 0.921202
0.302149, 0.927918
0.321058, 0.933919
0.339948, 0.939238
0.358822, 0.943904
0.377679, 0.94794
0.396522, 0.951366
0.415353, 0.954198
0.434174, 0.956449
0.452987, 0.958128
0.471795, 0.959244
0.490599, 0.959801
0.509401, 0.959801
0.528205, 0.959244
0.547013, 0.958128
0.565826, 0.956449
0.584647, 0.954198
0.603478, 0.951366
0.622321, 0.94794
0.641178, 0.943904
0.660052, 0.939238
0.678942, 0.933919
0.697851, 0.927918
0.716779, 0.921202
0.735726, 0.913731
0.75469, 0.905457
0.77367, 0.896326
0.792664, 0.886271
0.811666, 0.875213
0.830672, 0.863054
0.849676, 0.849676
0.868673, 0.834936
0.146924, 0.853076
0.165064, 0.868673
0.183205, 0.88285
0.201346, 0.895759
0.219484, 0.907523
0.237617, 0.91824
0.255746, 0.927991
0.273869, 0.936842
0.291987, 0.944849
0.310098, 0.952058
0.328204, 0.958508
0.346304, 0.964233
0.364399, 0.96926
0.382489, 0.973612
0.400575, 0.977309
0.418657, 0.980368
0.436736, 0.982799
0.454813, 0.984615
0.472889, 0.985821
0.490963, 0.986423
0.509037, 0.986423
0.527111, 0.985821
0.545187, 0.984615
0.563264, 0.982799
0.581343, 0.980368
0.599425, 0.977309
0.617511, 0.973612
0.635601, 0.96926
0.653696, 0.964233
0.671796, 0.958508
0.689902, 0.952058
0.708013, 0.944849
0.726131, 0.936842
0.744254, 0.927991
0.762383, 0.91824
0.780516, 0.907523
0.798654, 0.895759
0.816795, 0.88285
0.834936, 0.868673
0.853076, 0.853076
