0.146447, 0.146447
0.164124, 0.129612
0.181802, 0.114319
0.19948, 0.100391
0.217157, 0.0876894
0.234835, 0.0761044
0.252513, 0.0655463
0.27019, 0.055942
0.287868, 0.0472307
0.305546, 0.0393619
0.323223, 0.0322928
0.340901, 0.0259879
0.358579, 0.0204168
0.376256, 0.0155544
0.393934, 0.0113795
0.411612, 0.00787451
0.429289, 0.00502525
0.446967, 0.00282045
0.464645, 0.00125157
0.482322, 0.000312598
0.5, 0
0.517678, 0.000312598
0.535355, 0.00125157
0.553033, 0.00282045
0.570711, 0.00502525
0.588388, 0.00787451
0.606066, 0.0113795
0.623744, 0.0155544
0.641421, 0.0204168
0.659099, 0.0259879
0.676777, 0.0322928
0.694454, 0.0393619
0.712132, 0.0472307
0.72981, 0.055942
0.747487, 0.0655463
0.765165, 0.0761044
0.782843, 0.0876894
0.80052, 0.100391
0.818198, 0.114319
0.835876, 0.129612
0.853553, 0.146447
0.129612, 0.164124
0.148239, 0.148239
0.166824, 0.133793
0.185412, 0.120663
0.203999, 0.108714
0.22258, 0.0978378
0.241154, 0.087946
0.259716, 0.0789657
0.278267, 0.0708363
0.296805, 0.0635067
0.315329, 0.0569336
0.333841, 0.0510807
0.352339, 0.0459168
0.370826, 0.041416
0.389301, 0.0375562
0.407767, 0.0343192
0.426224, 0.0316902
0.444674, 0.0296572
0.463119, 0.0282114
0.48156, 0.0273464
0.5, 0.0270585
0.51844, 0.0273464
0.536881, 0.0282114
0.555326, 0.0296572
0.573776, 0.0316902
0.592233, 0.0343192
0.610699, 0.0375562
0.629174, 0.041416
0.647661, 0.0459168
0.666159, 0.0510807
0.684671, 0.0569336
0.703195, 0.0635067
0.721733, 0.0708363
0.740284, 0.0789657
0.758846, 0.087946
0.77742, 0.0978378
0.796001, 0.108714
0.814588, 0.120663
0.833176, 0.133793
0.851761, 0.148239
0.870388, 0.164124
0.114319, 0.181802
0.133793, 0.166824
0.153212, 0.153212
0.17264, 0.140867
0.192065, 0.129656
0.21148, 0.119473
0.230876, 0.11023
0.25025, 0.101852
0.269597, 0.0942795
0.288916, 0.0874598
0.308206, 0.0813496
0.32747, 0.075912
0.346707, 0.0711163
0.365921, 0.0669367
0.385114, 0.0633522
0.404289, 0.0603454
0.423449, 0.0579026
0.442597, 0.0560132
0.461736, 0.054669
0.48087, 0.0538647
0.5, 0.0535969
0.51913, 0.0538647
0.538264, 0.054669
0.557403, 0.0560132
0.576551, 0.0579026
0.595711, 0.0603454
0.614886, 0.0633522
0.634079, 0.0669367
0.653293, 0.0711163
0.67253, 0.075912
0.691794, 0.0813496
0.711084, 0.0874598
0.730403, 0.0942795
0.74975, 0.101852
0.769124, 0.11023
0.78852, 0.119473
0.807935, 0.129656
0.82736, 0.140867
0.846788, 0.153212
0.866207, 0.166824
0.885681, 0.181802
0.100391, 0.19948
0.120663, 0.185412
0.140867, 0.17264
0.161081, 0.161081
0.181287, 0.150605
0.201469, 0.141103
0.221614, 0.132485
0.241717, 0.124677
0.261772, 0.117614
0.28178, 0.111244
0.301742, 0.105524
0.321662, 0.100417
0.341547, 0.0958965
0.361402, 0.0919402
0.381233, 0.0885321
0.401047, 0.0856606
0.420848, 0.0833181
0.440642, 0.0814996
0.46043, 0.0802021
0.480216, 0.0794242
0.5, 0.0791649
0.519784, 0.0794242
0.53957, 0.0802021
0.559358, 0.0814996
0.579152, 0.0833181
0.598953, 0.0856606
0.618767, 0.0885321
0.638598, 0.0919402
0.658453, 0.0958965
0.678338, 0.100417
0.698258, 0.105524
0.71822, 0.111244
0.738228, 0.117614
0.758283, 0.124677
0.778386, 0.132485
0.798531, 0.141103
0.818713, 0.150605
0.838919, 0.161081
0.859133, 0.17264
0.879337, 0.185412
0.899609, 0.19948
0.0876894, 0.217157
0.108714, 0.203999
0.129656, 0.192065
0.150605, 0.181287
0.171529, 0.171529
0.192404, 0.162679
0.213213, 0.154642
0.233947, 0.147337
0.254603, 0.140696
0.275184, 0.134665
0.2957, 0.1292
0.316163, 0.124269
0.33659, 0.119853
0.356994, 0.115942
0.377392, 0.112533
0.397794, 0.109631
0.418208, 0.107242
0.438637, 0.105374
0.459082, 0.104034
0.479538, 0.103227
0.5, 0.102958
0.520462, 0.103227
0.540918, 0.104034
0.561363, 0.105374
0.581792, 0.107242
0.602206, 0.109631
0.622608, 0.112533
0.643006, 0.115942
0.66341, 0.119853
0.683837, 0.124269
0.7043, 0.1292
0.724816, 0.134665
0.745397, 0.140696
0.766053, 0.147337
0.786787, 0.154642
0.807596, 0.162679
0.828471, 0.171529
0.849395, 0.181287
0.870344, 0.192065
0.891286, 0.203999
0.912311, 0.217157
0.0761044, 0.234835
0.0978378, 0.22258
0.119473, 0.21148
0.141103, 0.201469
0.162679, 0.192404
0.184165, 0.184165
0.205537, 0.176646
0.226783, 0.169755
0.247904, 0.163415
0.268913, 0.157567
0.289837, 0.152173
0.310709, 0.147218
0.331568, 0.142706
0.352445, 0.138656
0.373366, 0.135092
0.394346, 0.13204
0.415386, 0.129521
0.436484, 0.12755
0.457629, 0.126136
0.478806, 0.125286
0.5, 0.125003
0.521194, 0.125286
0.542371, 0.126136
0.563516, 0.12755
0.584614, 0.129521
0.605654, 0.13204
0.626634, 0.135092
0.647555, 0.138656
0.668432, 0.142706
0.689291, 0.147218
0.710163, 0.152173
0.731087, 0.157567
0.752096, 0.163415
0.773217, 0.169755
0.794463, 0.176646
0.815835, 0.184165
0.837321, 0.192404
0.858897, 0.201469
0.880527, 0.21148
0.902162, 0.22258
0.923896, 0.234835
0.0655463, 0.252513
0.087946, 0.241154
0.11023, 0.230876
0.132485, 0.221614
0.154642, 0.213213
0.176646, 0.205537
0.198462, 0.198462
0.220075, 0.191878
0.241496, 0.185698
0.262768, 0.179872
0.283958, 0.174395
0.305142, 0.169299
0.32639, 0.16464
0.347745, 0.160474
0.369227, 0.156846
0.390831, 0.153782
0.412542, 0.151288
0.434337, 0.149364
0.456192, 0.147999
0.478087, 0.147185
0.5, 0.146914
0.521913, 0.147185
0.543808, 0.147999
0.565663, 0.149364
0.587458, 0.151288
0.609169, 0.153782
0.630773, 0.156846
0.652255, 0.160474
0.67361, 0.16464
0.694858, 0.169299
0.716042, 0.174395
0.737232, 0.179872
0.758504, 0.185698
0.779925, 0.191878
0.801538, 0.198462
0.823354, 0.205537
0.845358, 0.213213
0.867515, 0.221614
0.88977, 0.230876
0.912054, 0.241154
0.934454, 0.252513
0.055942, 0.27019
0.0789657, 0.259716
0.101852, 0.25025
0.124677, 0.241717
0.147337, 0.233947
0.169755, 0.226783
0.191878, 0.220075
0.213693, 0.213693
0.235251, 0.207563
0.256662, 0.201684
0.27807, 0.196133
0.2996, 0.191021
0.321328, 0.186447
0.343267, 0.182469
0.365395, 0.179106
0.387671, 0.176343
0.410049, 0.17415
0.432495, 0.17249
0.45498, 0.171331
0.477485, 0.170647
0.5, 0.170421
0.522515, 0.170647
0.54502, 0.171331
0.567505, 0.17249
0.589951, 0.17415
0.612329, 0.176343
0.634605, 0.179106
0.656733, 0.182469
0.678672, 0.186447
0.7004, 0.191021
0.72193, 0.196133
0.743338, 0.201684
0.764749, 0.207563
0.786307, 0.213693
0.808122, 0.220075
0.830245, 0.226783
0.852663, 0.233947
0.875323, 0.241717
0.898148, 0.25025
0.921034, 0.259716
0.944058, 0.27019
0.0472307, 0.287868
0.0708363, 0.278267
0.0942795, 0.269597
0.117614, 0.261772
0.140696, 0.254603
0.163415, 0.247904
0.185698, 0.241496
0.207563, 0.235251
0.229152, 0.229152
0.250699, 0.223311
0.272428, 0.21791
0.294464, 0.213102
0.316821, 0.208966
0.339442, 0.205505
0.362247, 0.202679
0.385161, 0.200426
0.408128, 0.198683
0.431108, 0.197392
0.454083, 0.196506
0.477046, 0.195989
0.5, 0.195819
0.522954, 0.195989
0.545917, 0.196506
0.568892, 0.197392
0.591872, 0.198683
0.614839, 0.200426
0.637753, 0.202679
0.660558, 0.205505
0.683179, 0.208966
0.705536, 0.213102
0.727572, 0.21791
0.749301, 0.223311
0.770848, 0.229152
0.792437, 0.235251
0.814302, 0.241496
0.836585, 0.247904
0.859304, 0.254603
0.882386, 0.261772
0.905721, 0.269597
0.929164, 0.278267
0.952769, 0.287868
0.0393619, 0.305546
0.0635067, 0.296805
0.0874598, 0.288916
0.111244, 0.28178
0.134665, 0.275184
0.157567, 0.268913
0.179872, 0.262768
0.201684, 0.256662
0.223311, 0.250699
0.245124, 0.245124
0.267361, 0.240172
0.29006, 0.235959
0.31313, 0.232485
0.33644, 0.22969
0.359873, 0.227488
0.383339, 0.225792
0.40678, 0.224523
0.430165, 0.223612
0.453488, 0.223003
0.476759, 0.222654
0.5, 0.222541
0.523241, 0.222654
0.546512, 0.223003
0.569835, 0.223612
0.59322, 0.224523
0.616661, 0.225792
0.640127, 0.227488
0.66356, 0.22969
0.68687, 0.232485
0.70994, 0.235959
0.732639, 0.240172
0.754876, 0.245124
0.776689, 0.250699
0.798316, 0.256662
0.820128, 0.262768
0.842433, 0.268913
0.865335, 0.275184
0.888756, 0.28178
0.91254, 0.288916
0.936493, 0.296805
0.960638, 0.305546
0.0322928, 0.323223
0.0569336, 0.315329
0.0813496, 0.308206
0.105524, 0.301742
0.1292, 0.2957
0.152173, 0.289837
0.174395, 0.283958
0.196133, 0.27807
0.21791, 0.272428
0.240172, 0.267361
0.263068, 0.263068
0.286498, 0.259577
0.310275, 0.256819
0.334223, 0.254695
0.358204, 0.253099
0.382126, 0.251934
0.405933, 0.25111
0.429605, 0.250551
0.453151, 0.250196
0.476601, 0.25
0.5, 0.249938
0.523399, 0.25
0.546849, 0.250196
0.570395, 0.250551
0.594067, 0.25111
0.617874, 0.251934
0.641796, 0.253099
0.665777, 0.254695
0.689725, 0.256819
0.713502, 0.259577
0.736932, 0.263068
0.759828, 0.267361
0.78209, 0.272428
0.803867, 0.27807
0.825605, 0.283958
0.847827, 0.289837
0.8708, 0.2957
0.894476, 0.301742
0.91865, 0.308206
0.943066, 0.315329
0.967707, 0.323223
0.0259879, 0.340901
0.0510807, 0.333841
0.075912, 0.32747
0.100417, 0.321662
0.124269, 0.316163
0.147218, 0.310709
0.169299, 0.305142
0.191021, 0.2996
0.213102, 0.294464
0.235959, 0.29006
0.259577, 0.286498
0.283728, 0.283728
0.308164, 0.281646
0.332681, 0.280137
0.357131, 0.279086
0.381417, 0.278388
0.405491, 0.277943
0.429347, 0.277672
0.453013, 0.277515
0.476542, 0.277434
0.5, 0.277409
0.523458, 0.277434
0.546987, 0.277515
0.570653, 0.277672
0.594509, 0.277943
0.618583, 0.278388
0.642869, 0.279086
0.667319, 0.280137
0.691836, 0.281646
0.716272, 0.283728
0.740423, 0.286498
0.764041, 0.29006
0.786898, 0.294464
0.808979, 0.2996
0.830701, 0.305142
0.852782, 0.310709
0.875731, 0.316163
0.899583, 0.321662
0.924088, 0.32747
0.948919, 0.333841
0.974012, 0.340901
0.0204168, 0.358579
0.0459168, 0.352339
0.0711163, 0.346707
0.0958965, 0.341547
0.119853, 0.33659
0.142706, 0.331568
0.16464, 0.32639
0.186447, 0.321328
0.208966, 0.316821
0.232485, 0.31313
0.256819, 0.310275
0.281646, 0.308164
0.306679, 0.306679
0.331694, 0.305699
0.35653, 0.305099
0.381088, 0.30476
0.40533, 0.304576
0.429274, 0.304468
0.45298, 0.304392
0.476528, 0.30434
0.5, 0.304321
0.523472, 0.30434
0.54702, 0.304392
0.570726, 0.304468
0.59467, 0.304576
0.618912, 0.30476
0.64347, 0.305099
0.668306, 0.305699
0.693321, 0.306679
0.718354, 0.308164
0.743181, 0.310275
0.767515, 0.31313
0.791034, 0.316821
0.813553, 0.321328
0.83536, 0.32639
0.857294, 0.331568
0.880147, 0.33659
0.904103, 0.341547
0.928884, 0.346707
0.954083, 0.352339
0.979583, 0.358579
0.0155544, 0.376256
0.041416, 0.370826
0.0669367, 0.365921
0.0919402, 0.361402
0.115942, 0.356994
0.138656, 0.352445
0.160474, 0.347745
0.182469, 0.343267
0.205505, 0.339442
0.22969, 0.33644
0.254695, 0.334223
0.280137, 0.332681
0.305699, 0.331694
0.331132, 0.331132
0.356256, 0.330852
0.380971, 0.330714
0.40526, 0.330594
0.42919, 0.330422
0.452882, 0.330202
0.476459, 0.330007
0.5, 0.329929
0.523541, 0.330007
0.547118, 0.330202
0.57081, 0.330422
0.59474, 0.330594
0.619029, 0.330714
0.643744, 0.330852
0.668868, 0.331132
0.694301, 0.331694
0.719863, 0.332681
0.745305, 0.334223
0.77031, 0.33644
0.794495, 0.339442
0.817531, 0.343267
0.839526, 0.347745
0.861344, 0.352445
0.884058, 0.356994
0.90806, 0.361402
0.933063, 0.365921
0.958584, 0.370826
0.984446, 0.376256
0.0113795, 0.393934
0.0375562, 0.389301
0.0633522, 0.385114
0.0885321, 0.381233
0.112533, 0.377392
0.135092, 0.373366
0.156846, 0.369227
0.179106, 0.365395
0.202679, 0.362247
0.227488, 0.359873
0.253099, 0.358204
0.279086, 0.357131
0.305099, 0.35653
0.330852, 0.356256
0.356138, 0.356138
0.380845, 0.355986
0.405, 0.355641
0.428778, 0.355051
0.452432, 0.35433
0.476162, 0.353729
0.5, 0.353496
0.523838, 0.353729
0.547568, 0.35433
0.571222, 0.355051
0.595, 0.355641
0.619155, 0.355986
0.643862, 0.356138
0.669148, 0.356256
0.694901, 0.35653
0.720914, 0.357131
0.746901, 0.358204
0.772512, 0.359873
0.797321, 0.362247
0.820894, 0.365395
0.843154, 0.369227
0.864908, 0.373366
0.887467, 0.377392
0.911468, 0.381233
0.936648, 0.385114
0.962444, 0.389301
0.988621, 0.393934
0.00787451, 0.411612
0.0343192, 0.407767
0.0603454, 0.404289
0.0856606, 0.401047
0.109631, 0.397794
0.13204, 0.394346
0.153782, 0.390831
0.176343, 0.387671
0.200426, 0.385161
0.225792, 0.383339
0.251934, 0.382126
0.278388, 0.381417
0.30476, 0.381088
0.330714, 0.380971
0.355986, 0.380845
0.380445, 0.380445
0.404205, 0.37956
0.42767, 0.378211
0.451344, 0.376734
0.475493, 0.375605
0.5, 0.375187
0.524507, 0.375605
0.548656, 0.376734
0.57233, 0.378211
0.595795, 0.37956
0.619555, 0.380445
0.644014, 0.380845
0.669286, 0.380971
0.69524, 0.381088
0.721612, 0.381417
0.748066, 0.382126
0.774208, 0.383339
0.799574, 0.385161
0.823657, 0.387671
0.846218, 0.390831
0.86796, 0.394346
0.890369, 0.397794
0.914339, 0.401047
0.939655, 0.404289
0.965681, 0.407767
0.992125, 0.411612
0.00502525, 0.429289
0.0316902, 0.426224
0.0579026, 0.423449
0.0833181, 0.420848
0.107242, 0.418208
0.129521, 0.415386
0.151288, 0.412542
0.17415, 0.410049
0.198683, 0.408128
0.224523, 0.40678
0.25111, 0.405933
0.277943, 0.405491
0.304576, 0.40533
0.330594, 0.40526
0.355641, 0.405
0.37956, 0.404205
0.402669, 0.402669
0.425791, 0.400619
0.449693, 0.398638
0.474551, 0.397265
0.5, 0.396782
0.525449, 0.397265
0.550307, 0.398638
0.574209, 0.400619
0.597331, 0.402669
0.62044, 0.404205
0.644359, 0.405
0.669406, 0.40526
0.695424, 0.40533
0.722057, 0.405491
0.74889, 0.405933
0.775477, 0.40678
0.801317, 0.408128
0.82585, 0.410049
0.848712, 0.412542
0.870479, 0.415386
0.892758, 0.418208
0.916682, 0.420848
0.942097, 0.423449
0.96831, 0.426224
0.994975, 0.429289
0.00282045, 0.446967
0.0296572, 0.444674
0.0560132, 0.442597
0.0814996, 0.440642
0.105374, 0.438637
0.12755, 0.436484
0.149364, 0.434337
0.17249, 0.432495
0.197392, 0.431108
0.223612, 0.430165
0.250551, 0.429605
0.277672, 0.429347
0.304468, 0.429274
0.330422, 0.42919
0.355051, 0.428778
0.378211, 0.42767
0.400619, 0.425791
0.423597, 0.423597
0.447973, 0.421721
0.47364, 0.420533
0.5, 0.420133
0.52636, 0.420533
0.552027, 0.421721
0.576403, 0.423597
0.599381, 0.425791
0.621789, 0.42767
0.644949, 0.428778
0.669578, 0.42919
0.695532, 0.429274
0.722328, 0.429347
0.749449, 0.429605
0.776388, 0.430165
0.802608, 0.431108
0.82751, 0.432495
0.850636, 0.434337
0.87245, 0.436484
0.894626, 0.438637
0.9185, 0.440642
0.943987, 0.442597
0.970343, 0.444674
0.99718, 0.446967
0.00125157, 0.464645
0.0282114, 0.463119
0.054669, 0.461736
0.0802021, 0.46043
0.104034, 0.459082
0.126136, 0.457629
0.147999, 0.456192
0.171331, 0.45498
0.196506, 0.454083
0.223003, 0.453488
0.250196, 0.453151
0.277515, 0.453013
0.304392, 0.45298
0.330202, 0.452882
0.35433, 0.452432
0.376734, 0.451344
0.398638, 0.449693
0.421721, 0.447973
0.446636, 0.446636
0.472968, 0.445837
0.5, 0.445574
0.527032, 0.445837
0.553364, 0.446636
0.578279, 0.447973
0.601362, 0.449693
0.623266, 0.451344
0.64567, 0.452432
0.669798, 0.452882
0.695608, 0.45298
0.722485, 0.453013
0.749804, 0.453151
0.776997, 0.453488
0.803494, 0.454083
0.828669, 0.45498
0.852001, 0.456192
0.873864, 0.457629
0.895966, 0.459082
0.919798, 0.46043
0.945331, 0.461736
0.971789, 0.463119
0.998748, 0.464645
0.000312598, 0.482322
0.0273464, 0.48156
0.0538647, 0.48087
0.0794242, 0.480216
0.103227, 0.479538
0.125286, 0.478806
0.147185, 0.478087
0.170647, 0.477485
0.195989, 0.477046
0.222654, 0.476759
0.25, 0.476601
0.277434, 0.476542
0.30434, 0.476528
0.330007, 0.476459
0.353729, 0.476162
0.375605, 0.475493
0.397265, 0.474551
0.420533, 0.47364
0.445837, 0.472968
0.472576, 0.472576
0.5, 0.472449
0.527424, 0.472576
0.554163, 0.472968
0.579467, 0.47364
0.602735, 0.474551
0.624395, 0.475493
0.646271, 0.476162
0.669993, 0.476459
0.69566, 0.476528
0.722566, 0.476542
0.75, 0.476601
0.777346, 0.476759
0.804011, 0.477046
0.829353, 0.477485
0.852815, 0.478087
0.874714, 0.478806
0.896773, 0.479538
0.920576, 0.480216
0.946135, 0.48087
0.972654, 0.48156
0.999687, 0.482322
0, 0.5
0.0270585, 0.5
0.0535969, 0.5
0.0791649, 0.5
0.102958, 0.5
0.125003, 0.5
0.146914, 0.5
0.170421, 0.5
0.195819, 0.5
0.222541, 0.5
0.249938, 0.5
0.277409, 0.5
0.304321, 0.5
0.329929, 0.5
0.353496, 0.5
0.375187, 0.5
0.396782, 0.5
0.420133, 0.5
0.445574, 0.5
0.472449, 0.5
0.5, 0.5
0.527551, 0.5
0.554426, 0.5
0.579867, 0.5
0.603218, 0.5
0.624813, 0.5
0.646504, 0.5
0.670071, 0.5
0.695679, 0.5
0.722591, 0.5
0.750062, 0.5
0.777459, 0.5
0.804181, 0.5
0.829579, 0.5
0.853086, 0.5
0.874997, 0.5
0.897042, 0.5
0.920835, 0.5
0.946403, 0.5
0.972942, 0.5
1, 0.5
0.000312598, 0.517678
0.0273464, 0.51844
0.0538647, 0.51913
0.0794242, 0.519784
0.103227, 0.520462
0.125286, 0.521194
0.147185, 0.521913
0.170647, 0.522515
0.195989, 0.522954
0.222654, 0.523241
0.25, 0.523399
0.277434, 0.523458
0.30434, 0.523472
0.330007, 0.523541
0.353729, 0.523838
0.375605, 0.524507
0.397265, 0.525449
0.420533, 0.52636
0.445837, 0.527032
0.472576, 0.527424
0.5, 0.527551
0.527424, 0.527424
0.554163, 0.527032
0.579467, 0.52636
0.602735, 0.525449
0.624395, 0.524507
0.646271, 0.523838
0.669993, 0.523541
0.69566, 0.523472
0.722566, 0.523458
0.75, 0.523399
0.777346, 0.523241
0.804011, 0.522954
0.829353, 0.522515
0.852815, 0.521913
0.874714, 0.521194
0.896773, 0.520462
0.920576, 0.519784
0.946135, 0.51913
0.972654, 0.51844
0.999687, 0.517678
0.00125157, 0.535355
0.0282114, 0.536881
0.054669, 0.538264
0.0802021, 0.53957
0.104034, 0.540918
0.126136, 0.542371
0.147999, 0.543808
0.171331, 0.54502
0.196506, 0.545917
0.223003, 0.546512
0.250196, 0.546849
0.277515, 0.546987
0.304392, 0.54702
0.330202, 0.547118
0.35433, 0.547568
0.376734, 0.548656
0.398638, 0.550307
0.421721, 0.552027
0.446636, 0.553364
0.472968, 0.554163
0.5, 0.554426
0.527032, 0.554163
0.553364, 0.553364
0.578279, 0.552027
0.601362, 0.550307
0.623266, 0.548656
0.64567, 0.547568
0.669798, 0.547118
0.695608, 0.54702
0.722485, 0.546987
0.749804, 0.546849
0.776997, 0.546512
0.803494, 0.545917
0.828669, 0.54502
0.852001, 0.543808
0.873864, 0.542371
0.895966, 0.540918
0.919798, 0.53957
0.945331, 0.538264
0.971789, 0.536881
0.998748, 0.535355
0.00282045, 0.553033
0.0296572, 0.555326
0.0560132, 0.557403
0.0814996, 0.559358
0.105374, 0.561363
0.12755, 0.563516
0.149364, 0.565663
0.17249, 0.567505
0.197392, 0.568892
0.223612, 0.569835
0.250551, 0.570395
0.277672, 0.570653
0.304468, 0.570726
0.330422, 0.57081
0.355051, 0.571222
0.378211, 0.57233
0.400619, 0.574209
0.423597, 0.576403
0.447973, 0.578279
0.47364, 0.579467
0.5, 0.579867
0.52636, 0.579467
0.552027, 0.578279
0.576403, 0.576403
0.599381, 0.574209
0.621789, 0.57233
0.644949, 0.571222
0.669578, 0.57081
0.695532, 0.570726
0.722328, 0.570653
0.749449, 0.570395
0.776388, 0.569835
0.802608, 0.568892
0.82751, 0.567505
0.850636, 0.565663
0.87245, 0.563516
0.894626, 0.561363
0.9185, 0.559358
0.943987, 0.557403
0.970343, 0.555326
0.99718, 0.553033
0.00502525, 0.570711
0.0316902, 0.573776
0.0579026, 0.576551
0.0833181, 0.579152
0.107242, 0.581792
0.129521, 0.584614
0.151288, 0.587458
0.17415, 0.589951
0.198683, 0.591872
0.224523, 0.59322
0.25111, 0.594067
0.277943, 0.594509
0.304576, 0.59467
0.330594, 0.59474
0.355641, 0.595
0.37956, 0.595795
0.402669, 0.597331
0.425791, 0.599381
0.449693, 0.601362
0.474551, 0.602735
0.5, 0.603218
0.525449, 0.602735
0.550307, 0.601362
0.574209, 0.599381
0.597331, 0.597331
0.62044, 0.595795
0.644359, 0.595
0.669406, 0.59474
0.695424, 0.59467
0.722057, 0.594509
0.74889, 0.594067
0.775477, 0.59322
0.801317, 0.591872
0.82585, 0.589951
0.848712, 0.587458
0.870479, 0.584614
0.892758, 0.581792
0.916682, 0.579152
0.942097, 0.576551
0.96831, 0.573776
0.994975, 0.570711
0.00787451, 0.588388
0.0343192, 0.592233
0.0603454, 0.595711
0.0856606, 0.598953
0.109631, 0.602206
0.13204, 0.605654
0.153782, 0.609169
0.176343, 0.612329
0.200426, 0.614839
0.225792, 0.616661
0.251934, 0.617874
0.278388, 0.618583
0.30476, 0.618912
0.330714, 0.619029
0.355986, 0.619155
0.380445, 0.619555
0.404205, 0.62044
0.42767, 0.621789
0.451344, 0.623266
0.475493, 0.624395
0.5, 0.624813
0.524507, 0.624395
0.548656, 0.623266
0.57233, 0.621789
0.595795, 0.62044
0.619555, 0.619555
0.644014, 0.619155
0.669286, 0.619029
0.69524, 0.618912
0.721612, 0.618583
0.748066, 0.617874
0.774208, 0.616661
0.799574, 0.614839
0.823657, 0.612329
0.846218, 0.609169
0.86796, 0.605654
0.890369, 0.602206
0.914339, 0.598953
0.939655, 0.595711
0.965681, 0.592233
0.992125, 0.588388
0.0113795, 0.606066
0.0375562, 0.610699
0.0633522, 0.614886
0.0885321, 0.618767
0.112533, 0.622608
0.135092, 0.626634
0.156846, 0.630773
0.179106, 0.634605
0.202679, 0.637753
0.227488, 0.640127
0.253099, 0.641796
0.279086, 0.642869
0.305099, 0.64347
0.330852, 0.643744
0.356138, 0.643862
0.380845, 0.644014
0.405, 0.644359
0.428778, 0.644949
0.452432, 0.64567
0.476162, 0.646271
0.5, 0.646504
0.523838, 0.646271
0.547568, 0.64567
0.571222, 0.644949
0.595, 0.644359
0.619155, 0.644014
0.643862, 0.643862
0.669148, 0.643744
0.694901, 0.64347
0.720914, 0.642869
0.746901, 0.641796
0.772512, 0.640127
0.797321, 0.637753
0.820894, 0.634605
0.843154, 0.630773
0.864908, 0.626634
0.887467, 0.622608
0.911468, 0.618767
0.936648, 0.614886
0.962444, 0.610699
0.988621, 0.606066
0.0155544, 0.623744
0.041416, 0.629174
0.0669367, 0.634079
0.0919402, 0.638598
0.115942, 0.643006
0.138656, 0.647555
0.160474, 0.652255
0.182469, 0.656733
0.205505, 0.660558
0.22969, 0.66356
0.254695, 0.665777
0.280137, 0.667319
0.305699, 0.668306
0.331132, 0.668868
0.356256, 0.669148
0.380971, 0.669286
0.40526, 0.669406
0.42919, 0.669578
0.452882, 0.669798
0.476459, 0.669993
0.5, 0.670071
0.523541, 0.669993
0.547118, 0.669798
0.57081, 0.669578
0.59474, 0.669406
0.619029, 0.669286
0.643744, 0.669148
0.668868, 0.668868
0.694301, 0.668306
0.719863, 0.667319
0.745305, 0.665777
0.77031, 0.66356
0.794495, 0.660558
0.817531, 0.656733
0.839526, 0.652255
0.861344, 0.647555
0.884058, 0.643006
0.90806, 0.638598
0.933063, 0.634079
0.958584, 0.629174
0.984446, 0.623744
0.0204168, 0.641421
0.0459168, 0.647661
0.0711163, 0.653293
0.0958965, 0.658453
0.119853, 0.66341
0.142706, 0.668432
0.16464, 0.67361
0.186447, 0.678672
0.208966, 0.683179
0.232485, 0.68687
0.256819, 0.689725
0.281646, 0.691836
0.306679, 0.693321
0.331694, 0.694301
0.35653, 0.694901
0.381088, 0.69524
0.40533, 0.695424
0.429274, 0.695532
0.45298, 0.695608
0.476528, 0.69566
0.5, 0.695679
0.523472, 0.69566
0.54702, 0.695608
0.570726, 0.695532
0.59467, 0.695424
0.618912, 0.69524
0.64347, 0.694901
0.668306, 0.694301
0.693321, 0.693321
0.718354, 0.691836
0.743181, 0.689725
0.767515, 0.68687
0.791034, 0.683179
0.813553, 0.678672
0.83536, 0.67361
0.857294, 0.668432
0.880147, 0.66341
0.904103, 0.658453
0.928884, 0.653293
0.954083, 0.647661
0.979583, 0.641421
0.0259879, 0.659099
0.0510807, 0.666159
0.075912, 0.67253
0.100417, 0.678338
0.124269, 0.683837
0.147218, 0.689291
0.169299, 0.694858
0.191021, 0.7004
0.213102, 0.705536
0.235959, 0.70994
0.259577, 0.713502
0.283728, 0.716272
0.308164, 0.718354
0.332681, 0.719863
0.357131, 0.720914
0.381417, 0.721612
0.405491, 0.722057
0.429347, 0.722328
0.453013, 0.722485
0.476542, 0.722566
0.5, 0.722591
0.523458, 0.722566
0.546987, 0.722485
0.570653, 0.722328
0.594509, 0.722057
0.618583, 0.721612
0.642869, 0.720914
0.667319, 0.719863
0.691836, 0.718354
0.716272, 0.716272
0.740423, 0.713502
0.764041, 0.70994
0.786898, 0.705536
0.808979, 0.7004
0.830701, 0.694858
0.852782, 0.689291
0.875731, 0.683837
0.899583, 0.678338
0.924088, 0.67253
0.948919, 0.666159
0.974012, 0.659099
0.0322928, 0.676777
0.0569336, 0.684671
0.0813496, 0.691794
0.105524, 0.698258
0.1292, 0.7043
0.152173, 0.710163
0.174395, 0.716042
0.196133, 0.72193
0.21791, 0.727572
0.240172, 0.732639
0.263068, 0.736932
0.286498, 0.740423
0.310275, 0.743181
0.334223, 0.745305
0.358204, 0.746901
0.382126, 0.748066
0.405933, 0.74889
0.429605, 0.749449
0.453151, 0.749804
0.476601, 0.75
0.5, 0.750062
0.523399, 0.75
0.546849, 0.749804
0.570395, 0.749449
0.594067, 0.74889
0.617874, 0.748066
0.641796, 0.746901
0.665777, 0.745305
0.689725, 0.743181
0.713502, 0.740423
0.736932, 0.736932
0.759828, 0.732639
0.78209, 0.727572
0.803867, 0.72193
0.825605, 0.716042
0.847827, 0.710163
0.8708, 0.7043
0.894476, 0.698258
0.91865, 0.691794
0.943066, 0.684671
0.967707, 0.676777
0.0393619, 0.694454
0.0635067, 0.703195
0.0874598, 0.711084
0.111244, 0.71822
0.134665, 0.724816
0.157567, 0.731087
0.179872, 0.737232
0.201684, 0.743338
0.223311, 0.749301
0.245124, 0.754876
0.267361, 0.759828
0.29006, 0.764041
0.31313, 0.767515
0.33644, 0.77031
0.359873, 0.772512
0.383339, 0.774208
0.40678, 0.775477
0.430165, 0.776388
0.453488, 0.776997
0.476759, 0.777346
0.5, 0.777459
0.523241, 0.777346
0.546512, 0.776997
0.569835, 0.776388
0.59322, 0.775477
0.616661, 0.774208
0.640127, 0.772512
0.66356, 0.77031
0.68687, 0.767515
0.70994, 0.764041
0.732639, 0.759828
0.754876, 0.754876
0.776689, 0.749301
0.798316, 0.743338
0.820128, 0.737232
0.842433, 0.731087
0.865335, 0.724816
0.888756, 0.71822
0.91254, 0.711084
0.936493, 0.703195
0.960638, 0.694454
0.0472307, 0.712132
0.0708363, 0.721733
0.0942795, 0.730403
0.117614, 0.738228
0.140696, 0.745397
0.163415, 0.752096
0.185698, 0.758504
0.207563, 0.764749
0.229152, 0.770848
0.250699, 0.776689
0.272428, 0.78209
0.294464, 0.786898
0.316821, 0.791034
0.339442, 0.794495
0.362247, 0.797321
0.385161, 0.799574
0.408128, 0.801317
0.431108, 0.802608
0.454083, 0.803494
0.477046, 0.804011
0.5, 0.804181
0.522954, 0.804011
0.545917, 0.803494
0.568892, 0.802608
0.591872, 0.801317
0.614839, 0.799574
0.637753, 0.797321
0.660558, 0.794495
0.683179, 0.791034
0.705536, 0.786898
0.727572, 0.78209
0.749301, 0.776689
0.770848, 0.770848
0.792437, 0.764749
0.814302, 0.758504
0.836585, 0.752096
0.859304, 0.745397
0.882386, 0.738228
0.905721, 0.730403
0.929164, 0.721733
0.952769, 0.712132
0.055942, 0.72981
0.0789657, 0.740284
0.101852, 0.74975
0.124677, 0.758283
0.147337, 0.766053
0.169755, 0.773217
0.191878, 0.779925
0.213693, 0.786307
0.235251, 0.792437
0.256662, 0.798316
0.27807, 0.803867
0.2996, 0.808979
0.321328, 0.813553
0.343267, 0.817531
0.365395, 0.820894
0.387671, 0.823657
0.410049, 0.82585
0.432495, 0.82751
0.45498, 0.828669
0.477485, 0.829353
0.5, 0.829579
0.522515, 0.829353
0.54502, 0.828669
0.567505, 0.82751
0.589951, 0.82585
0.612329, 0.823657
0.634605, 0.820894
0.656733, 0.817531
0.678672, 0.813553
0.7004, 0.808979
0.72193, 0.803867
0.743338, 0.798316
0.764749, 0.792437
0.786307, 0.786307
0.808122, 0.779925
0.830245, 0.773217
0.852663, 0.766053
0.875323, 0.758283
0.898148, 0.74975
0.921034, 0.740284
0.944058, 0.72981
0.0655463, 0.747487
0.087946, 0.758846
0.11023, 0.769124
0.132485, 0.778386
0.154642, 0.786787
0.176646, 0.794463
0.198462, 0.801538
0.220075, 0.808122
0.241496, 0.814302
0.262768, 0.820128
0.283958, 0.825605
0.305142, 0.830701
0.32639, 0.83536
0.347745, 0.839526
0.369227, 0.843154
0.390831, 0.846218
0.412542, 0.848712
0.434337, 0.850636
0.456192, 0.852001
0.478087, 0.852815
0.5, 0.853086
0.521913, 0.852815
0.543808, 0.852001
0.565663, 0.850636
0.587458, 0.848712
0.609169, 0.846218
0.630773, 0.843154
0.652255, 0.839526
0.67361, 0.83536
0.694858, 0.830701
0.716042, 0.825605
0.737232, 0.820128
0.758504, 0.814302
0.779925, 0.808122
0.801538, 0.801538
0.823354, 0.794463
0.845358, 0.786787
0.867515, 0.778386
0.88977, 0.769124
0.912054, 0.758846
0.934454, 0.747487
0.0761044, 0.765165
0.0978378, 0.77742
0.119473, 0.78852
0.141103, 0.798531
0.162679, 0.807596
0.184165, 0.815835
0.205537, 0.823354
0.226783, 0.830245
0.247904, 0.836585
0.268913, 0.842433
0.289837, 0.847827
0.310709, 0.852782
0.331568, 0.857294
0.352445, 0.861344
0.373366, 0.864908
0.394346, 0.86796
0.415386, 0.870479
0.436484, 0.87245
0.457629, 0.873864
0.478806, 0.874714
0.5, 0.874997
0.521194, 0.874714
0.542371, 0.873864
0.563516, 0.87245
0.584614, 0.870479
0.605654, 0.86796
0.626634, 0.864908
0.647555, 0.861344
0.668432, 0.857294
0.689291, 0.852782
0.710163, 0.847827
0.731087, 0.842433
0.752096, 0.836585
0.773217, 0.830245
0.794463, 0.823354
0.815835, 0.815835
0.837321, 0.807596
0.858897, 0.798531
0.880527, 0.78852
0.902162, 0.77742
0.923896, 0.765165
0.0876894, 0.782843
0.108714, 0.796001
0.129656, 0.807935
0.150605, 0.818713
0.171529, 0.828471
0.192404, 0.837321
0.213213, 0.845358
0.233947, 0.852663
0.254603, 0.859304
0.275184, 0.865335
0.2957, 0.8708
0.316163, 0.875731
0.33659, 0.880147
0.356994, 0.884058
0.377392, 0.887467
0.397794, 0.890369
0.418208, 0.892758
0.438637, 0.894626
0.459082, 0.895966
0.479538, 0.896773
0.5, 0.897042
0.520462, 0.896773
0.540918, 0.895966
0.561363, 0.894626
0.581792, 0.892758
0.602206, 0.890369
0.622608, 0.887467
0.643006, 0.884058
0.66341, 0.880147
0.683837, 0.875731
0.7043, 0.8708
0.724816, 0.865335
0.745397, 0.859304
0.766053, 0.852663
0.786787, 0.845358
0.807596, 0.837321
0.828471, 0.828471
0.849395, 0.818713
0.870344, 0.807935
0.891286, 0.796001
0.912311, 0.782843
0.100391, 0.80052
0.120663, 0.814588
0.140867, 0.82736
0.161081, 0.838919
0.181287, 0.849395
0.201469, 0.858897
0.221614, 0.867515
0.241717, 0.875323
0.261772, 0.882386
0.28178, 0.888756
0.301742, 0.894476
0.321662, 0.899583
0.341547, 0.904103
0.361402, 0.90806
0.381233, 0.911468
0.401047, 0.914339
0.420848, 0.916682
0.440642, 0.9185
0.46043, 0.919798
0.480216, 0.920576
0.5, 0.920835
0.519784, 0.920576
0.53957, 0.919798
0.559358, 0.9185
0.579152, 0.916682
0.598953, 0.914339
0.618767, 0.911468
0.638598, 0.90806
0.658453, 0.904103
0.678338, 0.899583
0.698258, 0.894476
0.71822, 0.888756
0.738228, 0.882386
0.758283, 0.875323
0.778386, 0.867515
0.798531, 0.858897
0.818713, 0.849395
0.838919, 0.838919
0.859133, 0.82736
0.879337, 0.814588
0.899609, 0.80052
0.114319, 0.818198
0.133793, 0.833176
0.153212, 0.846788
0.17264, 0.859133
0.192065, 0.870344
0.21148, 0.880527
0.230876, 0.88977
0.25025, 0.898148
0.269597, 0.905721
0.288916, 0.91254
0.308206, 0.91865
0.32747, 0.924088
0.346707, 0.928884
0.365921, 0.933063
0.385114, 0.936648
0.404289, 0.939655
0.423449, 0.942097
0.442597, 0.943987
0.461736, 0.945331
0.48087, 0.946135
0.5, 0.946403
0.51913, 0.946135
0.538264, 0.945331
0.557403, 0.943987
0.576551, 0.942097
0.595711, 0.939655
0.614886, 0.936648
0.634079, 0.933063
0.653293, 0.928884
0.67253, 0.924088
0.691794, 0.91865
0.711084, 0.91254
0.730403, 0.905721
0.74975, 0.898148
0.769124, 0.88977
0.78852, 0.880527
0.807935, 0.870344
0.82736, 0.859133
0.846788, 0.846788
0.866207, 0.833176
0.885681, 0.818198
0.129612, 0.835876
0.148239, 0.851761
0.166824, 0.866207
0.185412, 0.879337
0.203999, 0.891286
0.22258, 0.902162
0.241154, 0.912054
0.259716, 0.921034
0.278267, 0.929164
0.296805, 0.936493
0.315329, 0.943066
0.333841, 0.948919
0.352339, 0.954083
0.370826, 0.958584
0.389301, 0.962444
0.407767, 0.965681
0.426224, 0.96831
0.444674, 0.970343
0.463119, 0.971789
0.48156, 0.972654
0.5, 0.972942
0.51844, 0.972654
0.536881, 0.971789
0.555326, 0.970343
0.573776, 0.96831
0.592233, 0.965681
0.610699, 0.962444
0.629174, 0.958584
0.647661, 0.954083
0.666159, 0.948919
0.684671, 0.943066
0.703195, 0.936493
0.721733, 0.929164
0.740284, 0.921034
0.758846, 0.912054
0.77742, 0.902162
0.796001, 0.891286
0.814588, 0.879337
0.833176, 0.866207
0.851761, 0.851761
0.870388, 0.835876
0.146447, 0.853553
0.164124, 0.870388
0.181802, 0.885681
0.19948, 0.899609
0.217157, 0.912311
0.234835, 0.923896
0.252513, 0.934454
0.27019, 0.944058
0.287868, 0.952769
0.305546, 0.960638
0.323223, 0.967707
0.340901, 0.974012
0.358579, 0.979583
0.376256, 0.984446
0.393934, 0.988621
0.411612, 0.992125
0.429289, 0.994975
0.446967, 0.99718
0.464645, 0.998748
0.482322, 0.999687
0.5, 1
0.517678, 0.999687
0.535355, 0.998748
0.553033, 0.99718
0.570711, 0.994975
0.588388, 0.992125
0.606066, 0.988621
0.623744, 0.984446
0.641421, 0.979583
0.659099, 0.974012
0.676777, 0.967707
0.694454, 0.960638
0.712132, 0.952769
0.72981, 0.944058
0.747487, 0.934454
0.765165, 0.923896
0.782843, 0.912311
0.80052, 0.899609
0.818198, 0.885681
0.835876, 0.870388
0.853553, 0.853553
0.14693, 0.14693
0.165072, 0.131337
0.183216, 0.117164
0.201359, 0.10426
0.219499, 0.0925007
0.237634, 0.0817886
0.255764, 0.0720429
0.273888, 0.0631969
0.292006, 0.0551952
0.310117, 0.0479911
0.328222, 0.0415454
0.346321, 0.0358251
0.364415, 0.0308022
0.382504, 0.0264534
0.400588, 0.0227594
0.418668, 0.019704
0.436745, 0.0172745
0.45482, 0.0154608
0.472893, 0.0142557
0.490964, 0.0136544
0.509036, 0.0136544
0.527107, 0.0142557
0.54518, 0.0154608
0.563255, 0.0172745
0.581332, 0.019704
0.599412, 0.0227594
0.617496, 0.0264534
0.635585, 0.0308022
0.653679, 0.0358251
0.671778, 0.0415454
0.689883, 0.0479911
0.707994, 0.0551952
0.726112, 0.0631969
0.744236, 0.0720429
0.762366, 0.0817886
0.780501, 0.0925007
0.798641, 0.10426
0.816784, 0.117164
0.834928, 0.131337
0.85307, 0.14693
0.131337, 0.165072
0.150343, 0.150343
0.169353, 0.136974
0.188366, 0.124826
0.207375, 0.113779
0.226374, 0.103737
0.245358, 0.0946196
0.264326, 0.08636
0.283275, 0.0789025
0.302203, 0.0721997
0.321112, 0.0662118
0.34, 0.0609048
0.358871, 0.0562503
0.377724, 0.0522244
0.396562, 0.0488073
0.415387, 0.0459829
0.434201, 0.0437381
0.453007, 0.0420629
0.471807, 0.0409501
0.490603, 0.0403949
0.509397, 0.0403949
0.528193, 0.0409501
0.546993, 0.0420629
0.565799, 0.0437381
0.584613, 0.0459829
0.603438, 0.0488073
0.622276, 0.0522244
0.641129, 0.0562503
0.66, 0.0609048
0.678888, 0.0662118
0.697797, 0.0721997
0.716725, 0.0789025
0.735674, 0.08636
0.754642, 0.0946196
0.773626, 0.103737
0.792625, 0.113779
0.811634, 0.124826
0.830647, 0.136974
0.849657, 0.150343
0.868663, 0.165072
0.117164, 0.183216
0.136974, 0.169353
0.156794, 0.156794
0.176617, 0.145406
0.19643, 0.135071
0.216222, 0.125691
0.235986, 0.117187
0.255716, 0.10949
0.275409, 0.102542
0.295066, 0.0962972
0.314687, 0.0907144
0.334276, 0.0857609
0.353835, 0.0814098
0.373369, 0.0776396
0.392882, 0.0744333
0.412379, 0.0717778
0.431862, 0.0696635
0.451336, 0.0680832
0.470804, 0.0670321
0.490268, 0.0665073
0.509732, 0.0665073
0.529196, 0.0670321
0.548664, 0.0680832
0.568138, 0.0696635
0.587621, 0.0717778
0.607118, 0.0744333
0.626631, 0.0776396
0.646165, 0.0814098
0.665724, 0.0857609
0.685313, 0.0907144
0.704934, 0.0962972
0.724591, 0.102542
0.744284, 0.10949
0.764014, 0.117187
0.783778, 0.125691
0.80357, 0.135071
0.823383, 0.145406
0.843206, 0.156794
0.863026, 0.169353
0.882836, 0.183216
0.10426, 0.201359
0.124826, 0.188366
0.145406, 0.176617
0.165983, 0.165983
0.186536, 0.156345
0.207048, 0.147602
0.227507, 0.13967
0.247906, 0.132478
0.268245, 0.125966
0.288527, 0.120086
0.308757, 0.114799
0.328944, 0.110075
0.349099, 0.105894
0.369232, 0.102242
0.389352, 0.0991119
0.409465, 0.0965009
0.429579, 0.0944089
0.449695, 0.0928373
0.469815, 0.0917881
0.489938, 0.091263
0.510062, 0.091263
0.530185, 0.0917881
0.550305, 0.0928373
0.570421, 0.0944089
0.590535, 0.0965009
0.610648, 0.0991119
0.630768, 0.102242
0.650901, 0.105894
0.671056, 0.110075
0.691243, 0.114799
0.711473, 0.120086
0.731755, 0.125966
0.752094, 0.132478
0.772493, 0.13967
0.792952, 0.147602
0.813464, 0.156345
0.834017, 0.165983
0.854594, 0.176617
0.875174, 0.188366
0.89574, 0.201359
0.0925007, 0.219499
0.113779, 0.207375
0.135071, 0.19643
0.156345, 0.186536
0.177568, 0.177568
0.198714, 0.169418
0.219769, 0.161994
0.240725, 0.155217
0.261584, 0.149023
0.28236, 0.143361
0.303069, 0.138197
0.323738, 0.133514
0.344389, 0.129308
0.365045, 0.125586
0.385723, 0.122361
0.406433, 0.119647
0.427179, 0.117459
0.447958, 0.115808
0.468763, 0.114703
0.489586, 0.114149
0.510414, 0.114149
0.531237, 0.114703
0.552042, 0.115808
0.572821, 0.117459
0.593567, 0.119647
0.614277, 0.122361
0.634955, 0.125586
0.655611, 0.129308
0.676262, 0.133514
0.696931, 0.138197
0.71764, 0.143361
0.738416, 0.149023
0.759275, 0.155217
0.780231, 0.161994
0.801286, 0.169418
0.822432, 0.177568
0.843655, 0.186536
0.864929, 0.19643
0.886221, 0.207375
0.907499, 0.219499
0.0817886, 0.237634
0.103737, 0.226374
0.125691, 0.216222
0.147602, 0.207048
0.169418, 0.198714
0.191102, 0.191102
0.212633, 0.184104
0.234003, 0.177628
0.255228, 0.171602
0.276341, 0.165983
0.297392, 0.160762
0.318435, 0.155955
0.339518, 0.151597
0.360673, 0.147726
0.381916, 0.144376
0.403249, 0.14157
0.424663, 0.139322
0.446141, 0.137637
0.467666, 0.136514
0.489219, 0.135954
0.510781, 0.135954
0.532334, 0.136514
0.553859, 0.137637
0.575337, 0.139322
0.596751, 0.14157
0.618084, 0.144376
0.639327, 0.147726
0.660482, 0.151597
0.681565, 0.155955
0.702608, 0.160762
0.723659, 0.165983
0.744772, 0.171602
0.765997, 0.177628
0.787367, 0.184104
0.808898, 0.191102
0.830582, 0.198714
0.852398, 0.207048
0.874309, 0.216222
0.896263, 0.226374
0.918211, 0.237634
0.0720429, 0.255764
0.0946196, 0.245358
0.117187, 0.235986
0.13967, 0.227507
0.161994, 0.219769
0.184104, 0.212633
0.205969, 0.205969
0.227589, 0.19967
0.249015, 0.193677
0.270334, 0.18799
0.291653, 0.182661
0.313064, 0.17777
0.334622, 0.173393
0.356344, 0.169579
0.378218, 0.166349
0.400216, 0.163703
0.422309, 0.161623
0.444466, 0.160088
0.466665, 0.159078
0.488886, 0.158577
0.511114, 0.158577
0.533335, 0.159078
0.555534, 0.160088
0.577691, 0.161623
0.599784, 0.163703
0.621782, 0.166349
0.643656, 0.169579
0.665378, 0.173393
0.686936, 0.17777
0.708347, 0.182661
0.729666, 0.18799
0.750985, 0.193677
0.772411, 0.19967
0.794031, 0.205969
0.815896, 0.212633
0.838006, 0.219769
0.86033, 0.227507
0.882813, 0.235986
0.90538, 0.245358
0.927957, 0.255764
0.0631969, 0.273888
0.08636, 0.264326
0.10949, 0.255716
0.132478, 0.247906
0.155217, 0.240725
0.177628, 0.234003
0.19967, 0.227589
0.221384, 0.221384
0.242899, 0.215384
0.264403, 0.209686
0.28606, 0.204433
0.307964, 0.199746
0.330126, 0.19569
0.352507, 0.192275
0.375049, 0.189473
0.397696, 0.187238
0.420402, 0.185521
0.443136, 0.184277
0.465881, 0.183468
0.488627, 0.18307
0.511373, 0.18307
0.534119, 0.183468
0.556864, 0.184277
0.579598, 0.185521
0.602304, 0.187238
0.624951, 0.189473
0.647493, 0.192275
0.669874, 0.19569
0.692036, 0.199746
0.71394, 0.204433
0.735597, 0.209686
0.757101, 0.215384
0.778616, 0.221384
0.80033, 0.227589
0.822372, 0.234003
0.844783, 0.240725
0.867522, 0.247906
0.89051, 0.255716
0.91364, 0.264326
0.936803, 0.273888
0.0551952, 0.292006
0.0789025, 0.283275
0.102542, 0.275409
0.125966, 0.268245
0.149023, 0.261584
0.171602, 0.255228
0.193677, 0.249015
0.215384, 0.242899
0.236997, 0.236997
0.258804, 0.23152
0.280972, 0.226654
0.303521, 0.222492
0.326375, 0.219032
0.349434, 0.216223
0.372603, 0.213991
0.395813, 0.212261
0.419016, 0.210966
0.442191, 0.210048
0.465332, 0.209461
0.488447, 0.209176
0.511553, 0.209176
0.534668, 0.209461
0.557809, 0.210048
0.580984, 0.210966
0.604187, 0.212261
0.627397, 0.213991
0.650566, 0.216223
0.673625, 0.219032
0.696479, 0.222492
0.719028, 0.226654
0.741196, 0.23152
0.763003, 0.236997
0.784616, 0.242899
0.806323, 0.249015
0.828398, 0.255228
0.850977, 0.261584
0.874034, 0.268245
0.897458, 0.275409
0.921098, 0.283275
0.944805, 0.292006
0.0479911, 0.310117
0.0721997, 0.302203
0.0962972, 0.295066
0.120086, 0.288527
0.143361, 0.28236
0.165983, 0.276341
0.18799, 0.270334
0.209686, 0.264403
0.23152, 0.258804
0.253813, 0.253813
0.276643, 0.249578
0.299909, 0.246109
0.323455, 0.243338
0.347139, 0.241174
0.370851, 0.239521
0.394519, 0.238291
0.418103, 0.237407
0.44159, 0.236803
0.464993, 0.236429
0.488338, 0.23625
0.511662, 0.23625
0.535007, 0.236429
0.55841, 0.236803
0.581897, 0.237407
0.605481, 0.238291
0.629149, 0.239521
0.652861, 0.241174
0.676545, 0.243338
0.700091, 0.246109
0.723357, 0.249578
0.746187, 0.253813
0.76848, 0.258804
0.790314, 0.264403
0.81201, 0.270334
0.834017, 0.276341
0.856639, 0.28236
0.879914, 0.288527
0.903703, 0.295066
0.9278, 0.302203
0.952009, 0.310117
0.0415454, 0.328222
0.0662118, 0.321112
0.0907144, 0.314687
0.114799, 0.308757
0.138197, 0.303069
0.160762, 0.297392
0.182661, 0.291653
0.204433, 0.28606
0.226654, 0.280972
0.249578, 0.276643
0.273132, 0.273132
0.297106, 0.270376
0.321293, 0.268274
0.345529, 0.266715
0.369697, 0.265596
0.393726, 0.26482
0.417583, 0.264301
0.441272, 0.263971
0.464823, 0.263777
0.488285, 0.263688
0.511715, 0.263688
0.535177, 0.263777
0.558728, 0.263971
0.582417, 0.264301
0.606274, 0.26482
0.630303, 0.265596
0.654471, 0.266715
0.678707, 0.268274
0.702894, 0.270376
0.726868, 0.273132
0.750422, 0.276643
0.773346, 0.280972
0.795567, 0.28606
0.817339, 0.291653
0.839238, 0.297392
0.861803, 0.303069
0.885201, 0.308757
0.909286, 0.314687
0.933788, 0.321112
0.958455, 0.328222
0.0358251, 0.346321
0.0609048, 0.34
0.0857609, 0.334276
0.110075, 0.328944
0.133514, 0.323738
0.155955, 0.318435
0.17777, 0.313064
0.199746, 0.307964
0.222492, 0.303521
0.246109, 0.299909
0.270376, 0.297106
0.295011, 0.295011
0.319775, 0.293509
0.344489, 0.292483
0.369028, 0.291819
0.393324, 0.291411
0.417358, 0.29117
0.441155, 0.291028
0.464768, 0.290945
0.488268, 0.290906
0.511732, 0.290906
0.535232, 0.290945
0.558845, 0.291028
0.582642, 0.29117
0.606676, 0.291411
0.630972, 0.291819
0.655511, 0.292483
0.680225, 0.293509
0.704989, 0.295011
0.729624, 0.297106
0.753891, 0.299909
0.777508, 0.303521
0.800254, 0.307964
0.82223, 0.313064
0.844045, 0.318435
0.866486, 0.323738
0.889925, 0.328944
0.914239, 0.334276
0.939095, 0.34
0.964175, 0.346321
0.0308022, 0.364415
0.0562503, 0.358871
0.0814098, 0.353835
0.105894, 0.349099
0.129308, 0.344389
0.151597, 0.339518
0.173393, 0.334622
0.19569, 0.330126
0.219032, 0.326375
0.243338, 0.323455
0.268274, 0.321293
0.293509, 0.319775
0.318781, 0.318781
0.343892, 0.318185
0.36871, 0.317859
0.39317, 0.317681
0.417278, 0.317557
0.441098, 0.317436
0.464725, 0.31732
0.488252, 0.317245
0.511748, 0.317245
0.535275, 0.31732
0.558902, 0.317436
0.582722, 0.317557
0.60683, 0.317681
0.63129, 0.317859
0.656108, 0.318185
0.681219, 0.318781
0.706491, 0.319775
0.731726, 0.321293
0.756662, 0.323455
0.780968, 0.326375
0.80431, 0.330126
0.826607, 0.334622
0.848403, 0.339518
0.870692, 0.344389
0.894106, 0.349099
0.91859, 0.353835
0.94375, 0.358871
0.969198, 0.364415
0.0264534, 0.382504
0.0522244, 0.377724
0.0776396, 0.373369
0.102242, 0.369232
0.125586, 0.365045
0.147726, 0.360673
0.169579, 0.356344
0.192275, 0.352507
0.216223, 0.349434
0.241174, 0.347139
0.266715, 0.345529
0.292483, 0.344489
0.318185, 0.343892
0.343598, 0.343598
0.368573, 0.343449
0.393055, 0.343292
0.417102, 0.343021
0.440863, 0.342626
0.464514, 0.342212
0.488166, 0.341945
0.511834, 0.341945
0.535486, 0.342212
0.559137, 0.342626
0.582898, 0.343021
0.606945, 0.343292
0.631427, 0.343449
0.656402, 0.343598
0.681815, 0.343892
0.707517, 0.344489
0.733285, 0.345529
0.758826, 0.347139
0.783777, 0.349434
0.807725, 0.352507
0.830421, 0.356344
0.852274, 0.360673
0.874414, 0.365045
0.897758, 0.369232
0.92236, 0.373369
0.947776, 0.377724
0.973547, 0.382504
0.0227594, 0.400588
0.0488073, 0.396562
0.0744333, 0.392882
0.0991119, 0.389352
0.122361, 0.385723
0.144376, 0.381916
0.166349, 0.378218
0.189473, 0.375049
0.213991, 0.372603
0.239521, 0.370851
0.265596, 0.369697
0.291819, 0.369028
0.317859, 0.36871
0.343449, 0.368573
0.368408, 0.368408
0.392697, 0.368001
0.416482, 0.36723
0.440103, 0.366187
0.463881, 0.365178
0.48792, 0.364561
0.51208, 0.364561
0.536119, 0.365178
0.559897, 0.366187
0.583518, 0.36723
0.607303, 0.368001
0.631592, 0.368408
0.656551, 0.368573
0.682141, 0.36871
0.708181, 0.369028
0.734404, 0.369697
0.760479, 0.370851
0.786009, 0.372603
0.810527, 0.375049
0.833651, 0.378218
0.855624, 0.381916
0.877639, 0.385723
0.900888, 0.389352
0.925567, 0.392882
0.951193, 0.396562
0.977241, 0.400588
0.019704, 0.418668
0.0459829, 0.415387
0.0717778, 0.412379
0.0965009, 0.409465
0.119647, 0.406433
0.14157, 0.403249
0.163703, 0.400216
0.187238, 0.397696
0.212261, 0.395813
0.238291, 0.394519
0.26482, 0.393726
0.291411, 0.393324
0.317681, 0.39317
0.343292, 0.393055
0.368001, 0.392697
0.391807, 0.391807
0.415115, 0.390304
0.438601, 0.388495
0.462733, 0.386915
0.487494, 0.386013
0.512506, 0.386013
0.537267, 0.386915
0.561399, 0.388495
0.584885, 0.390304
0.608193, 0.391807
0.631999, 0.392697
0.656708, 0.393055
0.682319, 0.39317
0.708589, 0.393324
0.73518, 0.393726
0.761709, 0.394519
0.787739, 0.395813
0.812762, 0.397696
0.836297, 0.400216
0.85843, 0.403249
0.880353, 0.406433
0.903499, 0.409465
0.928222, 0.412379
0.954017, 0.415387
0.980296, 0.418668
0.0172745, 0.436745
0.0437381, 0.434201
0.0696635, 0.431862
0.0944089, 0.429579
0.117459, 0.427179
0.139322, 0.424663
0.161623, 0.422309
0.185521, 0.420402
0.210966, 0.419016
0.237407, 0.418103
0.264301, 0.417583
0.29117, 0.417358
0.317557, 0.417278
0.343021, 0.417102
0.36723, 0.416482
0.390304, 0.415115
0.413086, 0.413086
0.436627, 0.410939
0.461358, 0.409263
0.48701, 0.408376
0.51299, 0.408376
0.538642, 0.409263
0.563373, 0.410939
0.586914, 0.413086
0.609696, 0.415115
0.63277, 0.416482
0.656979, 0.417102
0.682443, 0.417278
0.70883, 0.417358
0.735699, 0.417583
0.762593, 0.418103
0.789034, 0.419016
0.814479, 0.420402
0.838377, 0.422309
0.860678, 0.424663
0.882541, 0.427179
0.905591, 0.429579
0.930337, 0.431862
0.956262, 0.434201
0.982726, 0.436745
0.0154608, 0.45482
0.0420629, 0.453007
0.0680832, 0.451336
0.0928373, 0.449695
0.115808, 0.447958
0.137637, 0.446141
0.160088, 0.444466
0.184277, 0.443136
0.210048, 0.442191
0.236803, 0.44159
0.263971, 0.441272
0.291028, 0.441155
0.317436, 0.441098
0.342626, 0.440863
0.366187, 0.440103
0.388495, 0.438601
0.410939, 0.436627
0.434775, 0.434775
0.460178, 0.433462
0.486612, 0.432807
0.513388, 0.432807
0.539822, 0.433462
0.565225, 0.434775
0.589061, 0.436627
0.611505, 0.438601
0.633813, 0.440103
0.657374, 0.440863
0.682564, 0.441098
0.708972, 0.441155
0.736029, 0.441272
0.763197, 0.44159
0.789952, 0.442191
0.815723, 0.443136
0.839912, 0.444466
0.862363, 0.446141
0.884192, 0.447958
0.907163, 0.449695
0.931917, 0.451336
0.957937, 0.453007
0.984539, 0.45482
0.0142557, 0.472893
0.0409501, 0.471807
0.0670321, 0.470804
0.0917881, 0.469815
0.114703, 0.468763
0.136514, 0.467666
0.159078, 0.466665
0.183468, 0.465881
0.209461, 0.465332
0.236429, 0.464993
0.263777, 0.464823
0.290945, 0.464768
0.31732, 0.464725
0.342212, 0.464514
0.365178, 0.463881
0.386915, 0.462733
0.409263, 0.461358
0.433462, 0.460178
0.459391, 0.459391
0.486353, 0.459008
0.513647, 0.459008
0.540609, 0.459391
0.566538, 0.460178
0.590737, 0.461358
0.613085, 0.462733
0.634822, 0.463881
0.657788, 0.464514
0.68268, 0.464725
0.709055, 0.464768
0.736223, 0.464823
0.763571, 0.464993
0.790539, 0.465332
0.816532, 0.465881
0.840922, 0.466665
0.863486, 0.467666
0.885297, 0.468763
0.908212, 0.469815
0.932968, 0.470804
0.95905, 0.471807
0.985744, 0.472893
0.0136544, 0.490964
0.0403949, 0.490603
0.0665073, 0.490268
0.091263, 0.489938
0.114149, 0.489586
0.135954, 0.489219
0.158577, 0.488886
0.18307, 0.488627
0.209176, 0.488447
0.23625, 0.488338
0.263688, 0.488285
0.290906, 0.488268
0.317245, 0.488252
0.341945, 0.488166
0.364561, 0.48792
0.386013, 0.487494
0.408376, 0.48701
0.432807, 0.486612
0.459008, 0.486353
0.486228, 0.486228
0.513772, 0.486228
0.540992, 0.486353
0.567193, 0.486612
0.591624, 0.48701
0.613987, 0.487494
0.635439, 0.48792
0.658055, 0.488166
0.682755, 0.488252
0.709094, 0.488268
0.736312, 0.488285
0.76375, 0.488338
0.790824, 0.488447
0.81693, 0.488627
0.841423, 0.488886
0.864046, 0.489219
0.885851, 0.489586
0.908737, 0.489938
0.933493, 0.490268
0.959605, 0.490603
0.986346, 0.490964
0.0136544, 0.509036
0.0403949, 0.509397
0.0665073, 0.509732
0.091263, 0.510062
0.114149, 0.510414
0.135954, 0.510781
0.158577, 0.511114
0.18307, 0.511373
0.209176, 0.511553
0.23625, 0.511662
0.263688, 0.511715
0.290906, 0.511732
0.317245, 0.511748
0.341945, 0.511834
0.364561, 0.51208
0.386013, 0.512506
0.408376, 0.51299
0.432807, 0.513388
0.459008, 0.513647
0.486228, 0.513772
0.513772, 0.513772
0.540992, 0.513647
0.567193, 0.513388
0.591624, 0.51299
0.613987, 0.512506
0.635439, 0.51208
0.658055, 0.511834
0.682755, 0.511748
0.709094, 0.511732
0.736312, 0.511715
0.76375, 0.511662
0.790824, 0.511553
0.81693, 0.511373
0.841423, 0.511114
0.864046, 0.510781
0.885851, 0.510414
0.908737, 0.510062
0.933493, 0.509732
0.959605, 0.509397
0.986346, 0.509036
0.0142557, 0.527107
0.0409501, 0.528193
0.0670321, 0.529196
0.0917881, 0.530185
0.114703, 0.531237
0.136514, 0.532334
0.159078, 0.533335
0.183468, 0.534119
0.209461, 0.534668
0.236429, 0.535007
0.263777, 0.535177
0.290945, 0.535232
0.31732, 0.535275
0.342212, 0.535486
0.365178, 0.536119
0.386915, 0.537267
0.409263, 0.538642
0.433462, 0.539822
0.459391, 0.540609
0.486353, 0.540992
0.513647, 0.540992
0.540609, 0.540609
0.566538, 0.539822
0.590737, 0.538642
0.613085, 0.537267
0.634822, 0.536119
0.657788, 0.535486
0.68268, 0.535275
0.709055, 0.535232
0.736223, 0.535177
0.763571, 0.535007
0.790539, 0.534668
0.816532, 0.534119
0.840922, 0.533335
0.863486, 0.532334
0.885297, 0.531237
0.908212, 0.530185
0.932968, 0.529196
0.95905, 0.528193
0.985744, 0.527107
0.0154608, 0.54518
0.0420629, 0.546993
0.0680832, 0.548664
0.0928373, 0.550305
0.115808, 0.552042
0.137637, 0.553859
0.160088, 0.555534
0.184277, 0.556864
0.210048, 0.557809
0.236803, 0.55841
0.263971, 0.558728
0.291028, 0.558845
0.317436, 0.558902
0.342626, 0.559137
0.366187, 0.559897
0.388495, 0.561399
0.410939, 0.563373
0.434775, 0.565225
0.460178, 0.566538
0.486612, 0.567193
0.513388, 0.567193
0.539822, 0.566538
0.565225, 0.565225
0.589061, 0.563373
0.611505, 0.561399
0.633813, 0.559897
0.657374, 0.559137
0.682564, 0.558902
0.708972, 0.558845
0.736029, 0.558728
0.763197, 0.55841
0.789952, 0.557809
0.815723, 0.556864
0.839912, 0.555534
0.862363, 0.553859
0.884192, 0.552042
0.907163, 0.550305
0.931917, 0.548664
0.957937, 0.546993
0.984539, 0.54518
0.0172745, 0.563255
0.0437381, 0.565799
0.0696635, 0.568138
0.0944089, 0.570421
0.117459, 0.572821
0.139322, 0.575337
0.161623, 0.577691
0.185521, 0.579598
0.210966, 0.580984
0.237407, 0.581897
0.264301, 0.582417
0.29117, 0.582642
0.317557, 0.582722
0.343021, 0.582898
0.36723, 0.583518
0.390304, 0.584885
0.413086, 0.586914
0.436627, 0.589061
0.461358, 0.590737
0.48701, 0.591624
0.51299, 0.591624
0.538642, 0.590737
0.563373, 0.589061
0.586914, 0.586914
0.609696, 0.584885
0.63277, 0.583518
0.656979, 0.582898
0.682443, 0.582722
0.70883, 0.582642
0.735699, 0.582417
0.762593, 0.581897
0.789034, 0.580984
0.814479, 0.579598
0.838377, 0.577691
0.860678, 0.575337
0.882541, 0.572821
0.905591, 0.570421
0.930337, 0.568138
0.956262, 0.565799
0.982726, 0.563255
0.019704, 0.581332
0.0459829, 0.584613
0.0717778, 0.587621
0.0965009, 0.590535
0.119647, 0.593567
0.14157, 0.596751
0.163703, 0.599784
0.187238, 0.602304
0.212261, 0.604187
0.238291, 0.605481
0.26482, 0.606274
0.291411, 0.606676
0.317681, 0.60683
0.343292, 0.606945
0.368001, 0.607303
0.391807, 0.608193
0.415115, 0.609696
0.438601, 0.611505
0.462733, 0.613085
0.487494, 0.613987
0.512506, 0.613987
0.537267, 0.613085
0.561399, 0.611505
0.584885, 0.609696
0.608193, 0.608193
0.631999, 0.607303
0.656708, 0.606945
0.682319, 0.60683
0.708589, 0.606676
0.73518, 0.606274
0.761709, 0.605481
0.787739, 0.604187
0.812762, 0.602304
0.836297, 0.599784
0.85843, 0.596751
0.880353, 0.593567
0.903499, 0.590535
0.928222, 0.587621
0.954017, 0.584613
0.980296, 0.581332
0.0227594, 0.599412
0.0488073, 0.603438
0.0744333, 0.607118
0.0991119, 0.610648
0.122361, 0.614277
0.144376, 0.618084
0.166349, 0.621782
0.189473, 0.624951
0.213991, 0.627397
0.239521, 0.629149
0.265596, 0.630303
0.291819, 0.630972
0.317859, 0.63129
0.343449, 0.631427
0.368408, 0.631592
0.392697, 0.631999
0.416482, 0.63277
0.440103, 0.633813
0.463881, 0.634822
0.48792, 0.635439
0.51208, 0.635439
0.536119, 0.634822
0.559897, 0.633813
0.583518, 0.63277
0.607303, 0.631999
0.631592, 0.631592
0.656551, 0.631427
0.682141, 0.63129
0.708181, 0.630972
0.734404, 0.630303
0.760479, 0.629149
0.786009, 0.627397
0.810527, 0.624951
0.833651, 0.621782
0.855624, 0.618084
0.877639, 0.614277
0.900888, 0.610648
0.925567, 0.607118
0.951193, 0.603438
0.977241, 0.599412
0.0264534, 0.617496
0.0522244, 0.622276
0.0776396, 0.626631
0.102242, 0.630768
0.125586, 0.634955
0.147726, 0.639327
0.169579, 0.643656
0.192275, 0.647493
0.216223, 0.650566
0.241174, 0.652861
0.266715, 0.654471
0.292483, 0.655511
0.318185, 0.656108
0.343598, 0.656402
0.368573, 0.656551
0.393055, 0.656708
0.417102, 0.656979
0.440863, 0.657374
0.464514, 0.657788
0.488166, 0.658055
0.511834, 0.658055
0.535486, 0.657788
0.559137, 0.657374
0.582898, 0.656979
0.606945, 0.656708
0.631427, 0.656551
0.656402, 0.656402
0.681815, 0.656108
0.707517, 0.655511
0.733285, 0.654471
0.758826, 0.652861
0.783777, 0.650566
0.807725, 0.647493
0.830421, 0.643656
0.852274, 0.639327
0.874414, 0.634955
0.897758, 0.630768
0.92236, 0.626631
0.947776, 0.622276
0.973547, 0.617496
0.0308022, 0.635585
0.0562503, 0.641129
0.0814098, 0.646165
0.105894, 0.650901
0.129308, 0.655611
0.151597, 0.660482
0.173393, 0.665378
0.19569, 0.669874
0.219032, 0.673625
0.243338, 0.676545
0.268274, 0.678707
0.293509, 0.680225
0.318781, 0.681219
0.343892, 0.681815
0.36871, 0.682141
0.39317, 0.682319
0.417278, 0.682443
0.441098, 0.682564
0.464725, 0.68268
0.488252, 0.682755
0.511748, 0.682755
0.535275, 0.68268
0.558902, 0.682564
0.582722, 0.682443
0.60683, 0.682319
0.63129, 0.682141
0.656108, 0.681815
0.681219, 0.681219
0.706491, 0.680225
0.731726, 0.678707
0.756662, 0.676545
0.780968, 0.673625
0.80431, 0.669874
0.826607, 0.665378
0.848403, 0.660482
0.870692, 0.655611
0.894106, 0.650901
0.91859, 0.646165
0.94375, 0.641129
0.969198, 0.635585
0.0358251, 0.653679
0.0609048, 0.66
0.0857609, 0.665724
0.110075, 0.671056
0.133514, 0.676262
0.155955, 0.681565
0.17777, 0.686936
0.199746, 0.692036
0.222492, 0.696479
0.246109, 0.700091
0.270376, 0.702894
0.295011, 0.704989
0.319775, 0.706491
0.344489, 0.707517
0.369028, 0.708181
0.393324, 0.708589
0.417358, 0.70883
0.441155, 0.708972
0.464768, 0.709055
0.488268, 0.709094
0.511732, 0.709094
0.535232, 0.709055
0.558845, 0.708972
0.582642, 0.70883
0.606676, 0.708589
0.630972, 0.708181
0.655511, 0.707517
0.680225, 0.706491
0.704989, 0.704989
0.729624, 0.702894
0.753891, 0.700091
0.777508, 0.696479
0.800254, 0.692036
0.82223, 0.686936
0.844045, 0.681565
0.866486, 0.676262
0.889925, 0.671056
0.914239, 0.665724
0.939095, 0.66
0.964175, 0.653679
0.0415454, 0.671778
0.0662118, 0.678888
0.0907144, 0.685313
0.114799, 0.691243
0.138197, 0.696931
0.160762, 0.702608
0.182661, 0.708347
0.204433, 0.71394
0.226654, 0.719028
0.249578, 0.723357
0.273132, 0.726868
0.297106, 0.729624
0.321293, 0.731726
0.345529, 0.733285
0.369697, 0.734404
0.393726, 0.73518
0.417583, 0.735699
0.441272, 0.736029
0.464823, 0.736223
0.488285, 0.736312
0.511715, 0.736312
0.535177, 0.736223
0.558728, 0.736029
0.582417, 0.735699
0.606274, 0.73518
0.630303, 0.734404
0.654471, 0.733285
0.678707, 0.731726
0.702894, 0.729624
0.726868, 0.726868
0.750422, 0.723357
0.773346, 0.719028
0.795567, 0.71394
0.817339, 0.708347
0.839238, 0.702608
0.861803, 0.696931
0.885201, 0.691243
0.909286, 0.685313
0.933788, 0.678888
0.958455, 0.671778
0.0479911, 0.689883
0.0721997, 0.697797
0.0962972, 0.704934
0.120086, 0.711473
0.143361, 0.71764
0.165983, 0.723659
0.18799, 0.729666
0.209686, 0.735597
0.23152, 0.741196
0.253813, 0.746187
0.276643, 0.750422
0.299909, 0.753891
0.323455, 0.756662
0.347139, 0.758826
0.370851, 0.760479
0.394519, 0.761709
0.418103, 0.762593
0.44159, 0.763197
0.464993, 0.763571
0.488338, 0.76375
0.511662, 0.76375
0.535007, 0.763571
0.55841, 0.763197
0.581897, 0.762593
0.605481, 0.761709
0.629149, 0.760479
0.652861, 0.758826
0.676545, 0.756662
0.700091, 0.753891
0.723357, 0.750422
0.746187, 0.746187
0.76848, 0.741196
0.790314, 0.735597
0.81201, 0.729666
0.834017, 0.723659
0.856639, 0.71764
0.879914, 0.711473
0.903703, 0.704934
0.9278, 0.697797
0.952009, 0.689883
0.0551952, 0.707994
0.0789025, 0.716725
0.102542, 0.724591
0.125966, 0.731755
0.149023, 0.738416
0.171602, 0.744772
0.193677, 0.750985
0.215384, 0.757101
0.236997, 0.763003
0.258804, 0.76848
0.280972, 0.773346
0.303521, 0.777508
0.326375, 0.780968
0.349434, 0.783777
0.372603, 0.786009
0.395813, 0.787739
0.419016, 0.789034
0.442191, 0.789952
0.465332, 0.790539
0.488447, 0.790824
0.511553, 0.790824
0.534668, 0.790539
0.557809, 0.789952
0.580984, 0.789034
0.604187, 0.787739
0.627397, 0.786009
0.650566, 0.783777
0.673625, 0.780968
0.696479, 0.777508
0.719028, 0.773346
0.741196, 0.76848
0.763003, 0.763003
0.784616, 0.757101
0.806323, 0.750985
0.828398, 0.744772
0.850977, 0.738416
0.874034, 0.731755
0.897458, 0.724591
0.921098, 0.716725
0.944805, 0.707994
0.0631969, 0.726112
0.08636, 0.735674
0.10949, 0.744284
0.132478, 0.752094
0.155217, 0.759275
0.177628, 0.765997
0.19967, 0.772411
0.221384, 0.778616
0.242899, 0.784616
0.264403, 0.790314
0.28606, 0.795567
0.307964, 0.800254
0.330126, 0.80431
0.352507, 0.807725
0.375049, 0.810527
0.397696, 0.812762
0.420402, 0.814479
0.443136, 0.815723
0.465881, 0.816532
0.488627, 0.81693
0.511373, 0.81693
0.534119, 0.816532
0.556864, 0.815723
0.579598, 0.814479
0.602304, 0.812762
0.624951, 0.810527
0.647493, 0.807725
0.669874, 0.80431
0.692036, 0.800254
0.71394, 0.795567
0.735597, 0.790314
0.757101, 0.784616
0.778616, 0.778616
0.80033, 0.772411
0.822372, 0.765997
0.844783, 0.759275
0.867522, 0.752094
0.89051, 0.744284
0.91364, 0.735674
0.936803, 0.726112
0.0720429, 0.744236
0.0946196, 0.754642
0.117187, 0.764014
0.13967, 0.772493
0.161994, 0.780231
0.184104, 0.787367
0.205969, 0.794031
0.227589, 0.80033
0.249015, 0.806323
0.270334, 0.81201
0.291653, 0.817339
0.313064, 0.82223
0.334622, 0.826607
0.356344, 0.830421
0.378218, 0.833651
0.400216, 0.836297
0.422309, 0.838377
0.444466, 0.839912
0.466665, 0.840922
0.488886, 0.841423
0.511114, 0.841423
0.533335, 0.840922
0.555534, 0.839912
0.577691, 0.838377
0.599784, 0.836297
0.621782, 0.833651
0.643656, 0.830421
0.665378, 0.826607
0.686936, 0.82223
0.708347, 0.817339
0.729666, 0.81201
0.750985, 0.806323
0.772411, 0.80033
0.794031, 0.794031
0.815896, 0.787367
0.838006, 0.780231
0.86033, 0.772493
0.882813, 0.764014
0.90538, 0.754642
0.927957, 0.744236
0.0817886, 0.762366
0.103737, 0.773626
0.125691, 0.783778
0.147602, 0.792952
0.169418, 0.801286
0.191102, 0.808898
0.212633, 0.815896
0.234003, 0.822372
0.255228, 0.828398
0.276341, 0.834017
0.297392, 0.839238
0.318435, 0.844045
0.339518, 0.848403
0.360673, 0.852274
0.381916, 0.855624
0.403249, 0.85843
0.424663, 0.860678
0.446141, 0.862363
0.467666, 0.863486
0.489219, 0.864046
0.510781, 0.864046
0.532334, 0.863486
0.553859, 0.862363
0.575337, 0.860678
0.596751, 0.85843
0.618084, 0.855624
0.639327, 0.852274
0.660482, 0.848403
0.681565, 0.844045
0.702608, 0.839238
0.723659, 0.834017
0.744772, 0.828398
0.765997, 0.822372
0.787367, 0.815896
0.808898, 0.808898
0.830582, 0.801286
0.852398, 0.792952
0.874309, 0.783778
0.896263, 0.773626
0.918211, 0.762366
0.0925007, 0.780501
0.113779, 0.792625
0.135071, 0.80357
0.156345, 0.813464
0.177568, 0.822432
0.198714, 0.830582
0.219769, 0.838006
0.240725, 0.844783
0.261584, 0.850977
0.28236, 0.856639
0.303069, 0.861803
0.323738, 0.866486
0.344389, 0.870692
0.365045, 0.874414
0.385723, 0.877639
0.406433, 0.880353
0.427179, 0.882541
0.447958, 0.884192
0.468763, 0.885297
0.489586, 0.885851
0.510414, 0.885851
0.531237, 0.885297
0.552042, 0.884192
0.572821, 0.882541
0.593567, 0.880353
0.614277, 0.877639
0.634955, 0.874414
0.655611, 0.870692
0.676262, 0.866486
0.696931, 0.861803
0.71764, 0.856639
0.738416, 0.850977
0.759275, 0.844783
0.780231, 0.838006
0.801286, 0.830582
0.822432, 0.822432
0.843655, 0.813464
0.864929, 0.80357
0.886221, 0.792625
0.907499, 0.780501
0.10426, 0.798641
0.124826, 0.811634
0.145406, 0.823383
0.165983, 0.834017
0.186536, 0.843655
0.207048, 0.852398
0.227507, 0.86033
0.247906, 0.867522
0.268245, 0.874034
0.288527, 0.879914
0.308757, 0.885201
0.328944, 0.889925
0.349099, 0.894106
0.369232, 0.897758
0.389352, 0.900888
0.409465, 0.903499
0.429579, 0.905591
0.449695, 0.907163
0.469815, 0.908212
0.489938, 0.908737
0.510062, 0.908737
0.530185, 0.908212
0.550305, 0.907163
0.570421, 0.905591
0.590535, 0.903499
0.610648, 0.900888
0.630768, 0.897758
0.650901, 0.894106
0.671056, 0.889925
0.691243, 0.885201
0.711473, 0.879914
0.731755, 0.874034
0.752094, 0.867522
0.772493, 0.86033
0.792952, 0.852398
0.813464, 0.843655
0.834017, 0.834017
0.854594, 0.823383
0.875174, 0.811634
0.89574, 0.798641
0.117164, 0.816784
0.136974, 0.830647
0.156794, 0.843206
0.176617, 0.854594
0.19643, 0.864929
0.216222, 0.874309
0.235986, 0.882813
0.255716, 0.89051
0.275409, 0.897458
0.295066, 0.903703
0.314687, 0.909286
0.334276, 0.914239
0.353835, 0.91859
0.373369, 0.92236
0.392882, 0.925567
0.412379, 0.928222
0.431862, 0.930337
0.451336, 0.931917
0.470804, 0.932968
0.490268, 0.933493
0.509732, 0.933493
0.529196, 0.932968
0.548664, 0.931917
0.568138, 0.930337
0.587621, 0.928222
0.607118, 0.925567
0.626631, 0.92236
0.646165, 0.91859
0.665724, 0.914239
0.685313, 0.909286
0.704934, 0.903703
0.724591, 0.897458
0.744284, 0.89051
0.764014, 0.882813
0.783778, 0.874309
0.80357, 0.864929
0.823383, 0.854594
0.843206, 0.843206
0.863026, 0.830647
0.882836, 0.816784
0.131337, 0.834928
0.150343, 0.849657
0.169353, 0.863026
0.188366, 0.875174
0.207375, 0.886221
0.226374, 0.896263
0.245358, 0.90538
0.264326, 0.91364
0.283275, 0.921098
0.302203, 0.9278
0.321112, 0.933788
0.34, 0.939095
0.358871, 0.94375
0.377724, 0.947776
0.396562, 0.951193
0.415387, 0.954017
0.434201, 0.956262
0.453007, 0.957937
0.471807, 0.95905
0.490603, 0.959605
0.509397, 0.959605
0.528193, 0.95905
0.546993, 0.957937
0.565799, 0.956262
0.584613, 0.954017
0.603438, 0.951193
0.622276, 0.947776
0.641129, 0.94375
0.66, 0.939095
0.678888, 0.933788
0.697797, 0.9278
0.716725, 0.921098
0.735674, 0.91364
0.754642, 0.90538
0.773626, 0.896263
0.792625, 0.886221
0.811634, 0.875174
0.830647, 0.863026
0.849657, 0.849657
0.868663, 0.834928
0.14693, 0.85307
0.165072, 0.868663
0.183216, 0.882836
0.201359, 0.89574
0.219499, 0.907499
0.237634, 0.918211
0.255764, 0.927957
0.273888, 0.936803
0.292006, 0.944805
0.310117, 0.952009
0.328222, 0.958455
0.346321, 0.964175
0.364415, 0.969198
0.382504, 0.973547
0.400588, 0.977241
0.418668, 0.980296
0.436745, 0.982726
0.45482, 0.984539
0.472893, 0.985744
0.490964, 0.986346
0.509036, 0.986346
0.527107, 0.985744
0.54518, 0.984539
0.563255, 0.982726
0.581332, 0.980296
0.599412, 0.977241
0.617496, 0.973547
0.635585, 0.969198
0.653679, 0.964175
0.671778, 0.958455
0.689883, 0.952009
0.707994, 0.944805
0.726112, 0.936803
0.744236, 0.927957
0.762366, 0.918211
0.780501, 0.907499
0.798641, 0.89574
0.816784, 0.882836
0.834928, 0.868663
0.85307, 0.85307
