0.146447, 0.146447
0.164124, 0.129612
0.181802, 0.114319
0.19948, 0.100391
0.217157, 0.0876894
0.234835, 0.0761044
0.252513, 0.0655463
0.27019, 0.055942
0.287868, 0.0472307
0.305546, 0.0393619
0.323223, 0.0322928
0.340901, 0.0259879
0.358579, 0.0204168
0.376256, 0.0155544
0.393934, 0.0113795
0.411612, 0.00787451
0.429289, 0.00502525
0.446967, 0.00282045
0.464645, 0.00125157
0.482322, 0.000312598
0.5, 0
0.517678, 0.000312598
0.535355, 0.00125157
0.553033, 0.00282045
0.570711, 0.00502525
0.588388, 0.00787451
0.606066, 0.0113795
0.623744, 0.0155544
0.641421, 0.0204168
0.659099, 0.0259879
0.676777, 0.0322928
0.694454, 0.0393619
0.712132, 0.0472307
0.72981, 0.055942
0.747487, 0.0655463
0.765165, 0.0761044
0.782843, 0.0876894
0.80052, 0.100391
0.818198, 0.114319
0.835876, 0.129612
0.853553, 0.146447
0.129612, 0.164124
0.148264, 0.148264
0.166859, 0.133832
0.185457, 0.120718
0.204054, 0.108788
0.222644, 0.0979308
0.241224, 0.0880594
0.259792, 0.0791001
0.278346, 0.0709916
0.296886, 0.0636826
0.31541, 0.0571295
0.333919, 0.0512954
0.352414, 0.0461493
0.370895, 0.0416645
0.389363, 0.0378191
0.40782, 0.0345946
0.426268, 0.0319759
0.444708, 0.0299512
0.463142, 0.0285113
0.481572, 0.0276498
0.5, 0.0273631
0.518428, 0.0276498
0.536858, 0.0285113
0.555292, 0.0299512
0.573732, 0.0319759
0.59218, 0.0345946
0.610637, 0.0378191
0.629105, 0.0416645
0.647586, 0.0461493
0.666081, 0.0512954
0.68459, 0.0571295
0.703114, 0.0636826
0.721654, 0.0709916
0.740208, 0.0791001
0.758776, 0.0880594
0.777356, 0.0979308
0.795946, 0.108788
0.814543, 0.120718
0.833141, 0.133832
0.851736, 0.148264
0.870388, 0.164124
0.114319, 0.181802
0.133832, 0.166859
0.153273, 0.153273
0.17272, 0.140956
0.192166, 0.129778
0.211598, 0.11963
0.231009, 0.110423
0.250393, 0.102083
0.269748, 0.0945479
0.28907, 0.0877646
0.308361, 0.081689
0.32762, 0.0762837
0.34685, 0.0715174
0.366053, 0.0673641
0.385232, 0.0638024
0.404391, 0.060815
0.423533, 0.0583881
0.442661, 0.0565108
0.46178, 0.0551754
0.480892, 0.0543763
0.5, 0.0541102
0.519108, 0.0543763
0.53822, 0.0551754
0.557339, 0.0565108
0.576467, 0.0583881
0.595609, 0.060815
0.614768, 0.0638024
0.633947, 0.0673641
0.65315, 0.0715174
0.67238, 0.0762837
0.691639, 0.081689
0.71093, 0.0877646
0.730252, 0.0945479
0.749607, 0.102083
0.768991, 0.110423
0.788402, 0.11963
0.807834, 0.129778
0.82728, 0.140956
0.846727, 0.153273
0.866168, 0.166859
0.885681, 0.181802
0.100391, 0.19948
0.120718, 0.185457
0.140956, 0.17272
0.161203, 0.161203
0.181439, 0.150773
0.201648, 0.14132
0.221815, 0.132752
0.241933, 0.124993
0.261997, 0.117976
0.282006, 0.111649
0.301963, 0.105966
0.321874, 0.100892
0.341743, 0.0963975
0.361578, 0.0924618
0.381388, 0.0890692
0.401178, 0.086209
0.420954, 0.0838741
0.440721, 0.0820606
0.460483, 0.0807661
0.480242, 0.0799897
0.5, 0.0797309
0.519758, 0.0799897
0.539517, 0.0807661
0.559279, 0.0820606
0.579046, 0.0838741
0.598822, 0.086209
0.618612, 0.0890692
0.638422, 0.0924618
0.658257, 0.0963975
0.678126, 0.100892
0.698037, 0.105966
0.717994, 0.111649
0.738003, 0.117976
0.758067, 0.124993
0.778185, 0.132752
0.798352, 0.14132
0.818561, 0.150773
0.838797, 0.161203
0.859044, 0.17272
0.879282, 0.185457
0.899609, 0.19948
0.0876894, 0.217157
0.108788, 0.204054
0.129778, 0.192166
0.150773, 0.181439
0.171739, 0.171739
0.192648, 0.162947
0.213482, 0.154966
0.234229, 0.147712
0.254887, 0.141113
0.27546, 0.135113
0.295958, 0.129668
0.316397, 0.124746
0.336794, 0.120328
0.357168, 0.116407
0.377535, 0.112984
0.397908, 0.110064
0.418295, 0.107657
0.438699, 0.105772
0.459121, 0.104419
0.479557, 0.103604
0.5, 0.103332
0.520443, 0.103604
0.540879, 0.104419
0.561301, 0.105772
0.581705, 0.107657
0.602092, 0.110064
0.622465, 0.112984
0.642832, 0.116407
0.663206, 0.120328
0.683603, 0.124746
0.704042, 0.129668
0.72454, 0.135113
0.745113, 0.141113
0.765771, 0.147712
0.786518, 0.154966
0.807352, 0.162947
0.828261, 0.171739
0.849227, 0.181439
0.870222, 0.192166
0.891212, 0.204054
0.912311, 0.217157
0.0761044, 0.234835
0.0979308, 0.222644
0.11963, 0.211598
0.14132, 0.201648
0.162947, 0.192648
0.184471, 0.184471
0.205863, 0.177004
0.227111, 0.170151
0.248214, 0.16383
0.269192, 0.15798
0.290073, 0.152565
0.310899, 0.147572
0.331711, 0.14301
0.352546, 0.138904
0.373432, 0.135284
0.394385, 0.132178
0.415407, 0.129612
0.436493, 0.127602
0.457631, 0.12616
0.478806, 0.125293
0.5, 0.125004
0.521194, 0.125293
0.542369, 0.12616
0.563507, 0.127602
0.584593, 0.129612
0.605615, 0.132178
0.626568, 0.135284
0.647454, 0.138904
0.668289, 0.14301
0.689101, 0.147572
0.709927, 0.152565
0.730808, 0.15798
0.751786, 0.16383
0.772889, 0.170151
0.794137, 0.177004
0.815529, 0.184471
0.837053, 0.192648
0.85868, 0.201648
0.88037, 0.211598
0.902069, 0.222644
0.923896, 0.234835
0.0655463, 0.252513
0.0880594, 0.241224
0.110423, 0.231009
0.132752, 0.221815
0.154966, 0.213482
0.177004, 0.205863
0.198825, 0.198825
0.220414, 0.192251
0.241785, 0.186049
0.26299, 0.180172
0.284106, 0.174619
0.305221, 0.169434
0.32641, 0.16468
0.347721, 0.160422
0.369173, 0.156709
0.390763, 0.153569
0.412472, 0.151013
0.434275, 0.149039
0.456147, 0.14764
0.478063, 0.146805
0.5, 0.146528
0.521937, 0.146805
0.543853, 0.14764
0.565725, 0.149039
0.587528, 0.151013
0.609237, 0.153569
0.630827, 0.156709
0.652279, 0.160422
0.67359, 0.16468
0.694779, 0.169434
0.715894, 0.174619
0.73701, 0.180172
0.758215, 0.186049
0.779586, 0.192251
0.801175, 0.198825
0.822996, 0.205863
0.845034, 0.213482
0.867248, 0.221815
0.889577, 0.231009
0.911941, 0.241224
0.934454, 0.252513
0.055942, 0.27019
0.0791001, 0.259792
0.102083, 0.250393
0.124993, 0.241933
0.147712, 0.234229
0.170151, 0.227111
0.192251, 0.220414
0.214002, 0.214002
0.235466, 0.2078
0.256771, 0.201819
0.27808, 0.196148
0.299529, 0.190912
0.321196, 0.186218
0.343101, 0.182135
0.365217, 0.178683
0.387499, 0.175852
0.409899, 0.173607
0.432375, 0.171913
0.454897, 0.170732
0.477444, 0.170035
0.5, 0.169805
0.522556, 0.170035
0.545103, 0.170732
0.567625, 0.171913
0.590101, 0.173607
0.612501, 0.175852
0.634783, 0.178683
0.656899, 0.182135
0.678804, 0.186218
0.700471, 0.190912
0.72192, 0.196148
0.743229, 0.201819
0.764534, 0.2078
0.785998, 0.214002
0.807749, 0.220414
0.829849, 0.227111
0.852288, 0.234229
0.875007, 0.241933
0.897917, 0.250393
0.9209, 0.259792
0.944058, 0.27019
0.0472307, 0.287868
0.0709916, 0.278346
0.0945479, 0.269748
0.117976, 0.261997
0.141113, 0.254887
0.16383, 0.248214
0.186049, 0.241785
0.2078, 0.235466
0.22925, 0.22925
0.250662, 0.223271
0.272278, 0.217725
0.294235, 0.212784
0.31655, 0.208536
0.339163, 0.204994
0.361986, 0.202116
0.384935, 0.199835
0.407944, 0.198081
0.430971, 0.19679
0.453993, 0.195909
0.477001, 0.195397
0.5, 0.195229
0.522999, 0.195397
0.546007, 0.195909
0.569029, 0.19679
0.592056, 0.198081
0.615065, 0.199835
0.638014, 0.202116
0.660837, 0.204994
0.68345, 0.208536
0.705765, 0.212784
0.727722, 0.217725
0.749338, 0.223271
0.77075, 0.22925
0.7922, 0.235466
0.813951, 0.241785
0.83617, 0.248214
0.858887, 0.254887
0.882024, 0.261997
0.905452, 0.269748
0.929008, 0.278346
0.952769, 0.287868
0.0393619, 0.305546
0.0636826, 0.296886
0.0877646, 0.28907
0.111649, 0.282006
0.135113, 0.27546
0.15798, 0.269192
0.180172, 0.26299
0.201819, 0.256771
0.223271, 0.250662
0.244932, 0.244932
0.267061, 0.239837
0.289706, 0.235514
0.312772, 0.231974
0.336115, 0.229153
0.3596, 0.226956
0.383125, 0.225288
0.406623, 0.224058
0.430059, 0.223188
0.453423, 0.222613
0.476728, 0.222288
0.5, 0.222182
0.523272, 0.222288
0.546577, 0.222613
0.569941, 0.223188
0.593377, 0.224058
0.616875, 0.225288
0.6404, 0.226956
0.663885, 0.229153
0.687228, 0.231974
0.710294, 0.235514
0.732939, 0.239837
0.755068, 0.244932
0.776729, 0.250662
0.798181, 0.256771
0.819828, 0.26299
0.84202, 0.269192
0.864887, 0.27546
0.888351, 0.282006
0.912235, 0.28907
0.936317, 0.296886
0.960638, 0.305546
0.0322928, 0.323223
0.0571295, 0.31541
0.081689, 0.308361
0.105966, 0.301963
0.129668, 0.295958
0.152565, 0.290073
0.174619, 0.284106
0.196148, 0.27808
0.217725, 0.272278
0.239837, 0.267061
0.262655, 0.262655
0.286079, 0.259105
0.309903, 0.256342
0.333925, 0.254254
0.35799, 0.252724
0.381987, 0.251641
0.405855, 0.250902
0.429569, 0.25042
0.453138, 0.250126
0.476599, 0.24997
0.5, 0.249921
0.523401, 0.24997
0.546862, 0.250126
0.570431, 0.25042
0.594145, 0.250902
0.618013, 0.251641
0.64201, 0.252724
0.666075, 0.254254
0.690097, 0.256342
0.713921, 0.259105
0.737345, 0.262655
0.760163, 0.267061
0.782275, 0.272278
0.803852, 0.27808
0.825381, 0.284106
0.847435, 0.290073
0.870332, 0.295958
0.894034, 0.301963
0.918311, 0.308361
0.942871, 0.31541
0.967707, 0.323223
0.0259879, 0.340901
0.0512954, 0.333919
0.0762837, 0.32762
0.100892, 0.321874
0.124746, 0.316397
0.147572, 0.310899
0.169434, 0.305221
0.190912, 0.299529
0.212784, 0.294235
0.235514, 0.289706
0.259105, 0.286079
0.283309, 0.283309
0.307843, 0.281281
0.332475, 0.279865
0.357031, 0.278932
0.381402, 0.278359
0.40553, 0.278034
0.429409, 0.277865
0.453071, 0.277786
0.476576, 0.277753
0.5, 0.277744
0.523424, 0.277753
0.546929, 0.277786
0.570591, 0.277865
0.59447, 0.278034
0.618598, 0.278359
0.642969, 0.278932
0.667525, 0.279865
0.692157, 0.281281
0.716691, 0.283309
0.740895, 0.286079
0.764486, 0.289706
0.787216, 0.294235
0.809088, 0.299529
0.830566, 0.305221
0.852428, 0.310899
0.875254, 0.316397
0.899108, 0.321874
0.923716, 0.32762
0.948705, 0.333919
0.974012, 0.340901
0.0204168, 0.358579
0.0461493, 0.352414
0.0715174, 0.34685
0.0963975, 0.341743
0.120328, 0.336794
0.14301, 0.331711
0.16468, 0.32641
0.186218, 0.321196
0.208536, 0.31655
0.231974, 0.312772
0.256342, 0.309903
0.281281, 0.307843
0.306462, 0.306462
0.331624, 0.305618
0.356584, 0.305171
0.381224, 0.304984
0.405503, 0.304934
0.429442, 0.304933
0.45311, 0.304932
0.476599, 0.304923
0.5, 0.304918
0.523401, 0.304923
0.54689, 0.304932
0.570558, 0.304933
0.594497, 0.304934
0.618776, 0.304984
0.643416, 0.305171
0.668376, 0.305618
0.693538, 0.306462
0.718719, 0.307843
0.743658, 0.309903
0.768026, 0.312772
0.791464, 0.31655
0.813782, 0.321196
0.83532, 0.32641
0.85699, 0.331711
0.879672, 0.336794
0.903603, 0.341743
0.928483, 0.34685
0.953851, 0.352414
0.979583, 0.358579
0.0155544, 0.376256
0.0416645, 0.370895
0.0673641, 0.366053
0.0924618, 0.361578
0.116407, 0.357168
0.138904, 0.352546
0.160422, 0.347721
0.182135, 0.343101
0.204994, 0.339163
0.229153, 0.336115
0.254254, 0.333925
0.279865, 0.332475
0.305618, 0.331624
0.331225, 0.331225
0.356478, 0.331113
0.381261, 0.331126
0.405556, 0.331123
0.429443, 0.331025
0.453061, 0.330842
0.47655, 0.330661
0.5, 0.330585
0.52345, 0.330661
0.546939, 0.330842
0.570557, 0.331025
0.594444, 0.331123
0.618739, 0.331126
0.643522, 0.331113
0.668775, 0.331225
0.694382, 0.331624
0.720135, 0.332475
0.745746, 0.333925
0.770847, 0.336115
0.795006, 0.339163
0.817865, 0.343101
0.839578, 0.347721
0.861096, 0.352546
0.883593, 0.357168
0.907538, 0.361578
0.932636, 0.366053
0.958335, 0.370895
0.984446, 0.376256
0.0113795, 0.393934
0.0378191, 0.389363
0.0638024, 0.385232
0.0890692, 0.381388
0.112984, 0.377535
0.135284, 0.373432
0.156709, 0.369173
0.178683, 0.365217
0.202116, 0.361986
0.226956, 0.3596
0.252724, 0.35799
0.278932, 0.357031
0.305171, 0.356584
0.331113, 0.356478
0.356516, 0.356516
0.381255, 0.356481
0.405365, 0.356194
0.429048, 0.355599
0.452598, 0.354836
0.476237, 0.35419
0.5, 0.353938
0.523763, 0.35419
0.547402, 0.354836
0.570952, 0.355599
0.594635, 0.356194
0.618745, 0.356481
0.643484, 0.356516
0.668887, 0.356478
0.694829, 0.356584
0.721068, 0.357031
0.747276, 0.35799
0.773044, 0.3596
0.797884, 0.361986
0.821317, 0.365217
0.843291, 0.369173
0.864716, 0.373432
0.887016, 0.377535
0.910931, 0.381388
0.936198, 0.385232
0.962181, 0.389363
0.988621, 0.393934
0.00787451, 0.411612
0.0345946, 0.40782
0.060815, 0.404391
0.086209, 0.401178
0.110064, 0.397908
0.132178, 0.394385
0.153569, 0.390763
0.175852, 0.387499
0.199835, 0.384935
0.225288, 0.383125
0.251641, 0.381987
0.278359, 0.381402
0.304984, 0.381224
0.331126, 0.381261
0.356481, 0.381255
0.380906, 0.380906
0.404542, 0.379984
0.427857, 0.378528
0.451417, 0.376922
0.475509, 0.37569
0.5, 0.375233
0.524491, 0.37569
0.548583, 0.376922
0.572143, 0.378528
0.595458, 0.379984
0.619094, 0.380906
0.643519, 0.381255
0.668874, 0.381261
0.695016, 0.381224
0.721641, 0.381402
0.748359, 0.381987
0.774712, 0.383125
0.800165, 0.384935
0.824148, 0.387499
0.846431, 0.390763
0.867822, 0.394385
0.889936, 0.397908
0.913791, 0.401178
0.939185, 0.404391
0.965405, 0.40782
0.992125, 0.411612
0.00502525, 0.429289
0.0319759, 0.426268
0.0583881, 0.423533
0.0838741, 0.420954
0.107657, 0.418295
0.129612, 0.415407
0.151013, 0.412472
0.173607, 0.409899
0.198081, 0.407944
0.224058, 0.406623
0.250902, 0.405855
0.278034, 0.40553
0.304934, 0.405503
0.331123, 0.405556
0.356194, 0.405365
0.379984, 0.404542
0.402881, 0.402881
0.42581, 0.400647
0.449609, 0.398472
0.474473, 0.396952
0.5, 0.396416
0.525527, 0.396952
0.550391, 0.398472
0.57419, 0.400647
0.597119, 0.402881
0.620016, 0.404542
0.643806, 0.405365
0.668877, 0.405556
0.695066, 0.405503
0.721966, 0.40553
0.749098, 0.405855
0.775942, 0.406623
0.801919, 0.407944
0.826393, 0.409899
0.848987, 0.412472
0.870388, 0.415407
0.892343, 0.418295
0.916126, 0.420954
0.941612, 0.423533
0.968024, 0.426268
0.994975, 0.429289
0.00282045, 0.446967
0.0299512, 0.444708
0.0565108, 0.442661
0.0820606, 0.440721
0.105772, 0.438699
0.127602, 0.436493
0.149039, 0.434275
0.171913, 0.432375
0.19679, 0.430971
0.223188, 0.430059
0.25042, 0.429569
0.277865, 0.429409
0.304933, 0.429442
0.331025, 0.429443
0.355599, 0.429048
0.378528, 0.427857
0.400647, 0.42581
0.423397, 0.423397
0.447695, 0.421304
0.47345, 0.419964
0.5, 0.419512
0.52655, 0.419964
0.552305, 0.421304
0.576603, 0.423397
0.599353, 0.42581
0.621472, 0.427857
0.644401, 0.429048
0.668975, 0.429443
0.695067, 0.429442
0.722135, 0.429409
0.74958, 0.429569
0.776812, 0.430059
0.80321, 0.430971
0.828087, 0.432375
0.850961, 0.434275
0.872398, 0.436493
0.894228, 0.438699
0.917939, 0.440721
0.943489, 0.442661
0.970049, 0.444708
0.99718, 0.446967
0.00125157, 0.464645
0.0285113, 0.463142
0.0551754, 0.46178
0.0807661, 0.460483
0.104419, 0.459121
0.12616, 0.457631
0.14764, 0.456147
0.170732, 0.454897
0.195909, 0.453993
0.222613, 0.453423
0.250126, 0.453138
0.277786, 0.453071
0.304932, 0.45311
0.330842, 0.453061
0.354836, 0.452598
0.376922, 0.451417
0.398472, 0.449609
0.421304, 0.447695
0.446183, 0.446183
0.472685, 0.445271
0.5, 0.444971
0.527315, 0.445271
0.553817, 0.446183
0.578696, 0.447695
0.601528, 0.449609
0.623078, 0.451417
0.645164, 0.452598
0.669158, 0.453061
0.695068, 0.45311
0.722214, 0.453071
0.749874, 0.453138
0.777387, 0.453423
0.804091, 0.453993
0.829268, 0.454897
0.85236, 0.456147
0.87384, 0.457631
0.895581, 0.459121
0.919234, 0.460483
0.944825, 0.46178
0.971489, 0.463142
0.998748, 0.464645
0.000312598, 0.482322
0.0276498, 0.481572
0.0543763, 0.480892
0.0799897, 0.480242
0.103604, 0.479557
0.125293, 0.478806
0.146805, 0.478063
0.170035, 0.477444
0.195397, 0.477001
0.222288, 0.476728
0.24997, 0.476599
0.277753, 0.476576
0.304923, 0.476599
0.330661, 0.47655
0.35419, 0.476237
0.37569, 0.475509
0.396952, 0.474473
0.419964, 0.47345
0.445271, 0.472685
0.472237, 0.472237
0.5, 0.472091
0.527763, 0.472237
0.554729, 0.472685
0.580036, 0.47345
0.603048, 0.474473
0.62431, 0.475509
0.64581, 0.476237
0.669339, 0.47655
0.695077, 0.476599
0.722247, 0.476576
0.75003, 0.476599
0.777712, 0.476728
0.804603, 0.477001
0.829965, 0.477444
0.853195, 0.478063
0.874707, 0.478806
0.896396, 0.479557
0.92001, 0.480242
0.945624, 0.480892
0.97235, 0.481572
0.999687, 0.482322
0, 0.5
0.0273631, 0.5
0.0541102, 0.5
0.0797309, 0.5
0.103332, 0.5
0.125004, 0.5
0.146528, 0.5
0.169805, 0.5
0.195229, 0.5
0.222182, 0.5
0.249921, 0.5
0.277744, 0.5
0.304918, 0.5
0.330585, 0.5
0.353938, 0.5
0.375233, 0.5
0.396416, 0.5
0.419512, 0.5
0.444971, 0.5
0.472091, 0.5
0.5, 0.5
0.527909, 0.5
0.555029, 0.5
0.580488, 0.5
0.603584, 0.5
0.624767, 0.5
0.646062, 0.5
0.669415, 0.5
0.695082, 0.5
0.722256, 0.5
0.750079, 0.5
0.777818, 0.5
0.804771, 0.5
0.830195, 0.5
0.853472, 0.5
0.874996, 0.5
0.896668, 0.5
0.920269, 0.5
0.94589, 0.5
0.972637, 0.5
1, 0.5
0.000312598, 0.517678
0.0276498, 0.518428
0.0543763, 0.519108
0.0799897, 0.519758
0.103604, 0.520443
0.125293, 0.521194
0.146805, 0.521937
0.170035, 0.522556
0.195397, 0.522999
0.222288, 0.523272
0.24997, 0.523401
0.277753, 0.523424
0.304923, 0.523401
0.330661, 0.52345
0.35419, 0.523763
0.37569, 0.524491
0.396952, 0.525527
0.419964, 0.52655
0.445271, 0.527315
0.472237, 0.527763
0.5, 0.527909
0.527763, 0.527763
0.554729, 0.527315
0.580036, 0.52655
0.603048, 0.525527
0.62431, 0.524491
0.64581, 0.523763
0.669339, 0.52345
0.695077, 0.523401
0.722247, 0.523424
0.75003, 0.523401
0.777712, 0.523272
0.804603, 0.522999
0.829965, 0.522556
0.853195, 0.521937
0.874707, 0.521194
0.896396, 0.520443
0.92001, 0.519758
0.945624, 0.519108
0.97235, 0.518428
0.999687, 0.517678
0.00125157, 0.535355
0.0285113, 0.536858
0.0551754, 0.53822
0.0807661, 0.539517
0.104419, 0.540879
0.12616, 0.542369
0.14764, 0.543853
0.170732, 0.545103
0.195909, 0.546007
0.222613, 0.546577
0.250126, 0.546862
0.277786, 0.546929
0.304932, 0.54689
0.330842, 0.546939
0.354836, 0.547402
0.376922, 0.548583
0.398472, 0.550391
0.421304, 0.552305
0.446183, 0.553817
0.472685, 0.554729
0.5, 0.555029
0.527315, 0.554729
0.553817, 0.553817
0.578696, 0.552305
0.601528, 0.550391
0.623078, 0.548583
0.645164, 0.547402
0.669158, 0.546939
0.695068, 0.54689
0.722214, 0.546929
0.749874, 0.546862
0.777387, 0.546577
0.804091, 0.546007
0.829268, 0.545103
0.85236, 0.543853
0.87384, 0.542369
0.895581, 0.540879
0.919234, 0.539517
0.944825, 0.53822
0.971489, 0.536858
0.998748, 0.535355
0.00282045, 0.553033
0.0299512, 0.555292
0.0565108, 0.557339
0.0820606, 0.559279
0.105772, 0.561301
0.127602, 0.563507
0.149039, 0.565725
0.171913, 0.567625
0.19679, 0.569029
0.223188, 0.569941
0.25042, 0.570431
0.277865, 0.570591
0.304933, 0.570558
0.331025, 0.570557
0.355599, 0.570952
0.378528, 0.572143
0.400647, 0.57419
0.423397, 0.576603
0.447695, 0.578696
0.47345, 0.580036
0.5, 0.580488
0.52655, 0.580036
0.552305, 0.578696
0.576603, 0.576603
0.599353, 0.57419
0.621472, 0.572143
0.644401, 0.570952
0.668975, 0.570557
0.695067, 0.570558
0.722135, 0.570591
0.74958, 0.570431
0.776812, 0.569941
0.80321, 0.569029
0.828087, 0.567625
0.850961, 0.565725
0.872398, 0.563507
0.894228, 0.561301
0.917939, 0.559279
0.943489, 0.557339
0.970049, 0.555292
0.99718, 0.553033
0.00502525, 0.570711
0.0319759, 0.573732
0.0583881, 0.576467
0.0838741, 0.579046
0.107657, 0.581705
0.129612, 0.584593
0.151013, 0.587528
0.173607, 0.590101
0.198081, 0.592056
0.224058, 0.593377
0.250902, 0.594145
0.278034, 0.59447
0.304934, 0.594497
0.331123, 0.594444
0.356194, 0.594635
0.379984, 0.595458
0.402881, 0.597119
0.42581, 0.599353
0.449609, 0.601528
0.474473, 0.603048
0.5, 0.603584
0.525527, 0.603048
0.550391, 0.601528
0.57419, 0.599353
0.597119, 0.597119
0.620016, 0.595458
0.643806, 0.594635
0.668877, 0.594444
0.695066, 0.594497
0.721966, 0.59447
0.749098, 0.594145
0.775942, 0.593377
0.801919, 0.592056
0.826393, 0.590101
0.848987, 0.587528
0.870388, 0.584593
0.892343, 0.581705
0.916126, 0.579046
0.941612, 0.576467
0.968024, 0.573732
0.994975, 0.570711
0.00787451, 0.588388
0.0345946, 0.59218
0.060815, 0.595609
0.086209, 0.598822
0.110064, 0.602092
0.132178, 0.605615
0.153569, 0.609237
0.175852, 0.612501
0.199835, 0.615065
0.225288, 0.616875
0.251641, 0.618013
0.278359, 0.618598
0.304984, 0.618776
0.331126, 0.618739
0.356481, 0.618745
0.380906, 0.619094
0.404542, 0.620016
0.427857, 0.621472
0.451417, 0.623078
0.475509, 0.62431
0.5, 0.624767
0.524491, 0.62431
0.548583, 0.623078
0.572143, 0.621472
0.595458, 0.620016
0.619094, 0.619094
0.643519, 0.618745
0.668874, 0.618739
0.695016, 0.618776
0.721641, 0.618598
0.748359, 0.618013
0.774712, 0.616875
0.800165, 0.615065
0.824148, 0.612501
0.846431, 0.609237
0.867822, 0.605615
0.889936, 0.602092
0.913791, 0.598822
0.939185, 0.595609
0.965405, 0.59218
0.992125, 0.588388
0.0113795, 0.606066
0.0378191, 0.610637
0.0638024, 0.614768
0.0890692, 0.618612
0.112984, 0.622465
0.135284, 0.626568
0.156709, 0.630827
0.178683, 0.634783
0.202116, 0.638014
0.226956, 0.6404
0.252724, 0.64201
0.278932, 0.642969
0.305171, 0.643416
0.331113, 0.643522
0.356516, 0.643484
0.381255, 0.643519
0.405365, 0.643806
0.429048, 0.644401
0.452598, 0.645164
0.476237, 0.64581
0.5, 0.646062
0.523763, 0.64581
0.547402, 0.645164
0.570952, 0.644401
0.594635, 0.643806
0.618745, 0.643519
0.643484, 0.643484
0.668887, 0.643522
0.694829, 0.643416
0.721068, 0.642969
0.747276, 0.64201
0.773044, 0.6404
0.797884, 0.638014
0.821317, 0.634783
0.843291, 0.630827
0.864716, 0.626568
0.887016, 0.622465
0.910931, 0.618612
0.936198, 0.614768
0.962181, 0.610637
0.988621, 0.606066
0.0155544, 0.623744
0.0416645, 0.629105
0.0673641, 0.633947
0.0924618, 0.638422
0.116407, 0.642832
0.138904, 0.647454
0.160422, 0.652279
0.182135, 0.656899
0.204994, 0.660837
0.229153, 0.663885
0.254254, 0.666075
0.279865, 0.667525
0.305618, 0.668376
0.331225, 0.668775
0.356478, 0.668887
0.381261, 0.668874
0.405556, 0.668877
0.429443, 0.668975
0.453061, 0.669158
0.47655, 0.669339
0.5, 0.669415
0.52345, 0.669339
0.546939, 0.669158
0.570557, 0.668975
0.594444, 0.668877
0.618739, 0.668874
0.643522, 0.668887
0.668775, 0.668775
0.694382, 0.668376
0.720135, 0.667525
0.745746, 0.666075
0.770847, 0.663885
0.795006, 0.660837
0.817865, 0.656899
0.839578, 0.652279
0.861096, 0.647454
0.883593, 0.642832
0.907538, 0.638422
0.932636, 0.633947
0.958335, 0.629105
0.984446, 0.623744
0.0204168, 0.641421
0.0461493, 0.647586
0.0715174, 0.65315
0.0963975, 0.658257
0.120328, 0.663206
0.14301, 0.668289
0.16468, 0.67359
0.186218, 0.678804
0.208536, 0.68345
0.231974, 0.687228
0.256342, 0.690097
0.281281, 0.692157
0.306462, 0.693538
0.331624, 0.694382
0.356584, 0.694829
0.381224, 0.695016
0.405503, 0.695066
0.429442, 0.695067
0.45311, 0.695068
0.476599, 0.695077
0.5, 0.695082
0.523401, 0.695077
0.54689, 0.695068
0.570558, 0.695067
0.594497, 0.695066
0.618776, 0.695016
0.643416, 0.694829
0.668376, 0.694382
0.693538, 0.693538
0.718719, 0.692157
0.743658, 0.690097
0.768026, 0.687228
0.791464, 0.68345
0.813782, 0.678804
0.83532, 0.67359
0.85699, 0.668289
0.879672, 0.663206
0.903603, 0.658257
0.928483, 0.65315
0.953851, 0.647586
0.979583, 0.641421
0.0259879, 0.659099
0.0512954, 0.666081
0.0762837, 0.67238
0.100892, 0.678126
0.124746, 0.683603
0.147572, 0.689101
0.169434, 0.694779
0.190912, 0.700471
0.212784, 0.705765
0.235514, 0.710294
0.259105, 0.713921
0.283309, 0.716691
0.307843, 0.718719
0.332475, 0.720135
0.357031, 0.721068
0.381402, 0.721641
0.40553, 0.721966
0.429409, 0.722135
0.453071, 0.722214
0.476576, 0.722247
0.5, 0.722256
0.523424, 0.722247
0.546929, 0.722214
0.570591, 0.722135
0.59447, 0.721966
0.618598, 0.721641
0.642969, 0.721068
0.667525, 0.720135
0.692157, 0.718719
0.716691, 0.716691
0.740895, 0.713921
0.764486, 0.710294
0.787216, 0.705765
0.809088, 0.700471
0.830566, 0.694779
0.852428, 0.689101
0.875254, 0.683603
0.899108, 0.678126
0.923716, 0.67238
0.948705, 0.666081
0.974012, 0.659099
0.0322928, 0.676777
0.0571295, 0.68459
0.081689, 0.691639
0.105966, 0.698037
0.129668, 0.704042
0.152565, 0.709927
0.174619, 0.715894
0.196148, 0.72192
0.217725, 0.727722
0.239837, 0.732939
0.262655, 0.737345
0.286079, 0.740895
0.309903, 0.743658
0.333925, 0.745746
0.35799, 0.747276
0.381987, 0.748359
0.405855, 0.749098
0.429569, 0.74958
0.453138, 0.749874
0.476599, 0.75003
0.5, 0.750079
0.523401, 0.75003
0.546862, 0.749874
0.570431, 0.74958
0.594145, 0.749098
0.618013, 0.748359
0.64201, 0.747276
0.666075, 0.745746
0.690097, 0.743658
0.713921, 0.740895
0.737345, 0.737345
0.760163, 0.732939
0.782275, 0.727722
0.803852, 0.72192
0.825381, 0.715894
0.847435, 0.709927
0.870332, 0.704042
0.894034, 0.698037
0.918311, 0.691639
0.942871, 0.68459
0.967707, 0.676777
0.0393619, 0.694454
0.0636826, 0.703114
0.0877646, 0.71093
0.111649, 0.717994
0.135113, 0.72454
0.15798, 0.730808
0.180172, 0.73701
0.201819, 0.743229
0.223271, 0.749338
0.244932, 0.755068
0.267061, 0.760163
0.289706, 0.764486
0.312772, 0.768026
0.336115, 0.770847
0.3596, 0.773044
0.383125, 0.774712
0.406623, 0.775942
0.430059, 0.776812
0.453423, 0.777387
0.476728, 0.777712
0.5, 0.777818
0.523272, 0.777712
0.546577, 0.777387
0.569941, 0.776812
0.593377, 0.775942
0.616875, 0.774712
0.6404, 0.773044
0.663885, 0.770847
0.687228, 0.768026
0.710294, 0.764486
0.732939, 0.760163
0.755068, 0.755068
0.776729, 0.749338
0.798181, 0.743229
0.819828, 0.73701
0.84202, 0.730808
0.864887, 0.72454
0.888351, 0.717994
0.912235, 0.71093
0.936317, 0.703114
0.960638, 0.694454
0.0472307, 0.712132
0.0709916, 0.721654
0.0945479, 0.730252
0.117976, 0.738003
0.141113, 0.745113
0.16383, 0.751786
0.186049, 0.758215
0.2078, 0.764534
0.22925, 0.77075
0.250662, 0.776729
0.272278, 0.782275
0.294235, 0.787216
0.31655, 0.791464
0.339163, 0.795006
0.361986, 0.797884
0.384935, 0.800165
0.407944, 0.801919
0.430971, 0.80321
0.453993, 0.804091
0.477001, 0.804603
0.5, 0.804771
0.522999, 0.804603
0.546007, 0.804091
0.569029, 0.80321
0.592056, 0.801919
0.615065, 0.800165
0.638014, 0.797884
0.660837, 0.795006
0.68345, 0.791464
0.705765, 0.787216
0.727722, 0.782275
0.749338, 0.776729
0.77075, 0.77075
0.7922, 0.764534
0.813951, 0.758215
0.83617, 0.751786
0.858887, 0.745113
0.882024, 0.738003
0.905452, 0.730252
0.929008, 0.721654
0.952769, 0.712132
0.055942, 0.72981
0.0791001, 0.740208
0.102083, 0.749607
0.124993, 0.758067
0.147712, 0.765771
0.170151, 0.772889
0.192251, 0.779586
0.214002, 0.785998
0.235466, 0.7922
0.256771, 0.798181
0.27808, 0.803852
0.299529, 0.809088
0.321196, 0.813782
0.343101, 0.817865
0.365217, 0.821317
0.387499, 0.824148
0.409899, 0.826393
0.432375, 0.828087
0.454897, 0.829268
0.477444, 0.829965
0.5, 0.830195
0.522556, 0.829965
0.545103, 0.829268
0.567625, 0.828087
0.590101, 0.826393
0.612501, 0.824148
0.634783, 0.821317
0.656899, 0.817865
0.678804, 0.813782
0.700471, 0.809088
0.72192, 0.803852
0.743229, 0.798181
0.764534, 0.7922
0.785998, 0.785998
0.807749, 0.779586
0.829849, 0.772889
0.852288, 0.765771
0.875007, 0.758067
0.897917, 0.749607
0.9209, 0.740208
0.944058, 0.72981
0.0655463, 0.747487
0.0880594, 0.758776
0.110423, 0.768991
0.132752, 0.778185
0.154966, 0.786518
0.177004, 0.794137
0.198825, 0.801175
0.220414, 0.807749
0.241785, 0.813951
0.26299, 0.819828
0.284106, 0.825381
0.305221, 0.830566
0.32641, 0.83532
0.347721, 0.839578
0.369173, 0.843291
0.390763, 0.846431
0.412472, 0.848987
0.434275, 0.850961
0.456147, 0.85236
0.478063, 0.853195
0.5, 0.853472
0.521937, 0.853195
0.543853, 0.85236
0.565725, 0.850961
0.587528, 0.848987
0.609237, 0.846431
0.630827, 0.843291
0.652279, 0.839578
0.67359, 0.83532
0.694779, 0.830566
0.715894, 0.825381
0.73701, 0.819828
0.758215, 0.813951
0.779586, 0.807749
0.801175, 0.801175
0.822996, 0.794137
0.845034, 0.786518
0.867248, 0.778185
0.889577, 0.768991
0.911941, 0.758776
0.934454, 0.747487
0.0761044, 0.765165
0.0979308, 0.777356
0.11963, 0.788402
0.14132, 0.798352
0.162947, 0.807352
0.184471, 0.815529
0.205863, 0.822996
0.227111, 0.829849
0.248214, 0.83617
0.269192, 0.84202
0.290073, 0.847435
0.310899, 0.852428
0.331711, 0.85699
0.352546, 0.861096
0.373432, 0.864716
0.394385, 0.867822
0.415407, 0.870388
0.436493, 0.872398
0.457631, 0.87384
0.478806, 0.874707
0.5, 0.874996
0.521194, 0.874707
0.542369, 0.87384
0.563507, 0.872398
0.584593, 0.870388
0.605615, 0.867822
0.626568, 0.864716
0.647454, 0.861096
0.668289, 0.85699
0.689101, 0.852428
0.709927, 0.847435
0.730808, 0.84202
0.751786, 0.83617
0.772889, 0.829849
0.794137, 0.822996
0.815529, 0.815529
0.837053, 0.807352
0.85868, 0.798352
0.88037, 0.788402
0.902069, 0.777356
0.923896, 0.765165
0.0876894, 0.782843
0.108788, 0.795946
0.129778, 0.807834
0.150773, 0.818561
0.171739, 0.828261
0.192648, 0.837053
0.213482, 0.845034
0.234229, 0.852288
0.254887, 0.858887
0.27546, 0.864887
0.295958, 0.870332
0.316397, 0.875254
0.336794, 0.879672
0.357168, 0.883593
0.377535, 0.887016
0.397908, 0.889936
0.418295, 0.892343
0.438699, 0.894228
0.459121, 0.895581
0.479557, 0.896396
0.5, 0.896668
0.520443, 0.896396
0.540879, 0.895581
0.561301, 0.894228
0.581705, 0.892343
0.602092, 0.889936
0.622465, 0.887016
0.642832, 0.883593
0.663206, 0.879672
0.683603, 0.875254
0.704042, 0.870332
0.72454, 0.864887
0.745113, 0.858887
0.765771, 0.852288
0.786518, 0.845034
0.807352, 0.837053
0.828261, 0.828261
0.849227, 0.818561
0.870222, 0.807834
0.891212, 0.795946
0.912311, 0.782843
0.100391, 0.80052
0.120718, 0.814543
0.140956, 0.82728
0.161203, 0.838797
0.181439, 0.849227
0.201648, 0.85868
0.221815, 0.867248
0.241933, 0.875007
0.261997, 0.882024
0.282006, 0.888351
0.301963, 0.894034
0.321874, 0.899108
0.341743, 0.903603
0.361578, 0.907538
0.381388, 0.910931
0.401178, 0.913791
0.420954, 0.916126
0.440721, 0.917939
0.460483, 0.919234
0.480242, 0.92001
0.5, 0.920269
0.519758, 0.92001
0.539517, 0.919234
0.559279, 0.917939
0.579046, 0.916126
0.598822, 0.913791
0.618612, 0.910931
0.638422, 0.907538
0.658257, 0.903603
0.678126, 0.899108
0.698037, 0.894034
0.717994, 0.888351
0.738003, 0.882024
0.758067, 0.875007
0.778185, 0.867248
0.798352, 0.85868
0.818561, 0.849227
0.838797, 0.838797
0.859044, 0.82728
0.879282, 0.814543
0.899609, 0.80052
0.114319, 0.818198
0.133832, 0.833141
0.153273, 0.846727
0.17272, 0.859044
0.192166, 0.870222
0.211598, 0.88037
0.231009, 0.889577
0.250393, 0.897917
0.269748, 0.905452
0.28907, 0.912235
0.308361, 0.918311
0.32762, 0.923716
0.34685, 0.928483
0.366053, 0.932636
0.385232, 0.936198
0.404391, 0.939185
0.423533, 0.941612
0.442661, 0.943489
0.46178, 0.944825
0.480892, 0.945624
0.5, 0.94589
0.519108, 0.945624
0.53822, 0.944825
0.557339, 0.943489
0.576467, 0.941612
0.595609, 0.939185
0.614768, 0.936198
0.633947, 0.932636
0.65315, 0.928483
0.67238, 0.923716
0.691639, 0.918311
0.71093, 0.912235
0.730252, 0.905452
0.749607, 0.897917
0.768991, 0.889577
0.788402, 0.88037
0.807834, 0.870222
0.82728, 0.859044
0.846727, 0.846727
0.866168, 0.833141
0.885681, 0.818198
0.129612, 0.835876
0.148264, 0.851736
0.166859, 0.866168
0.185457, 0.879282
0.204054, 0.891212
0.222644, 0.902069
0.241224, 0.911941
0.259792, 0.9209
0.278346, 0.929008
0.296886, 0.936317
0.31541, 0.942871
0.333919, 0.948705
0.352414, 0.953851
0.370895, 0.958335
0.389363, 0.962181
0.40782, 0.965405
0.426268, 0.968024
0.444708, 0.970049
0.463142, 0.971489
0.481572, 0.97235
0.5, 0.972637
0.518428, 0.97235
0.536858, 0.971489
0.555292, 0.970049
0.573732, 0.968024
0.59218, 0.965405
0.610637, 0.962181
0.629105, 0.958335
0.647586, 0.953851
0.666081, 0.948705
0.68459, 0.942871
0.703114, 0.936317
0.721654, 0.929008
0.740208, 0.9209
0.758776, 0.911941
0.777356, 0.902069
0.795946, 0.891212
0.814543, 0.879282
0.833141, 0.866168
0.851736, 0.851736
0.870388, 0.835876
0.146447, 0.853553
0.164124, 0.870388
0.181802, 0.885681
0.19948, 0.899609
0.217157, 0.912311
0.234835, 0.923896
0.252513, 0.934454
0.27019, 0.944058
0.287868, 0.952769
0.305546, 0.960638
0.323223, 0.967707
0.340901, 0.974012
0.358579, 0.979583
0.376256, 0.984446
0.393934, 0.988621
0.411612, 0.992125
0.429289, 0.994975
0.446967, 0.99718
0.464645, 0.998748
0.482322, 0.999687
0.5, 1
0.517678, 0.999687
0.535355, 0.998748
0.553033, 0.99718
0.570711, 0.994975
0.588388, 0.992125
0.606066, 0.988621
0.623744, 0.984446
0.641421, 0.979583
0.659099, 0.974012
0.676777, 0.967707
0.694454, 0.960638
0.712132, 0.952769
0.72981, 0.944058
0.747487, 0.934454
0.765165, 0.923896
0.782843, 0.912311
0.80052, 0.899609
0.818198, 0.885681
0.835876, 0.870388
0.853553, 0.853553
0.146944, 0.146944
0.165091, 0.131358
0.18324, 0.117195
0.201388, 0.1043
0.219532, 0.0925517
0.23767, 0.0818502
0.255803, 0.0721152
0.273928, 0.0632799
0.292046, 0.0552886
0.310157, 0.0480946
0.328261, 0.0416585
0.346359, 0.0359472
0.36445, 0.0309325
0.382535, 0.0265912
0.400615, 0.0229037
0.418692, 0.0198539
0.436764, 0.017429
0.454833, 0.0156188
0.472901, 0.014416
0.490967, 0.0138158
0.509033, 0.0138158
0.527099, 0.014416
0.545167, 0.0156188
0.563236, 0.017429
0.581308, 0.0198539
0.599385, 0.0229037
0.617465, 0.0265912
0.63555, 0.0309325
0.653641, 0.0359472
0.671739, 0.0416585
0.689843, 0.0480946
0.707954, 0.0552886
0.726072, 0.0632799
0.744197, 0.0721152
0.76233, 0.0818502
0.780468, 0.0925517
0.798612, 0.1043
0.81676, 0.117195
0.834909, 0.131358
0.853056, 0.146944
0.131358, 0.165091
0.150383, 0.150383
0.169408, 0.137035
0.188435, 0.12491
0.207457, 0.113889
0.226467, 0.103873
0.245461, 0.0947835
0.264435, 0.0865522
0.283388, 0.0791228
0.302317, 0.0724475
0.321224, 0.0664859
0.340109, 0.0612038
0.358973, 0.0565722
0.377817, 0.052567
0.396645, 0.049168
0.415457, 0.046359
0.434257, 0.0441267
0.453048, 0.042461
0.471831, 0.0413545
0.490611, 0.0408025
0.509389, 0.0408025
0.528169, 0.0413545
0.546952, 0.042461
0.565743, 0.0441267
0.584543, 0.046359
0.603355, 0.049168
0.622183, 0.052567
0.641027, 0.0565722
0.659891, 0.0612038
0.678776, 0.0664859
0.697683, 0.0724475
0.716612, 0.0791228
0.735565, 0.0865522
0.754539, 0.0947835
0.773533, 0.103873
0.792543, 0.113889
0.811565, 0.12491
0.830592, 0.137035
0.849617, 0.150383
0.868642, 0.165091
0.117195, 0.18324
0.137035, 0.169408
0.15688, 0.15688
0.176728, 0.145528
0.196563, 0.135232
0.216375, 0.125894
0.236154, 0.117432
0.255895, 0.109777
0.275594, 0.10287
0.295252, 0.096664
0.314869, 0.0911168
0.334449, 0.0861953
0.353996, 0.0818724
0.373515, 0.0781263
0.39301, 0.0749401
0.412486, 0.0723009
0.431947, 0.0701992
0.451398, 0.0686281
0.470841, 0.067583
0.490281, 0.0670611
0.509719, 0.0670611
0.529159, 0.067583
0.548602, 0.0686281
0.568053, 0.0701992
0.587514, 0.0723009
0.60699, 0.0749401
0.626485, 0.0781263
0.646004, 0.0818724
0.665551, 0.0861953
0.685131, 0.0911168
0.704748, 0.096664
0.724406, 0.10287
0.744105, 0.109777
0.763846, 0.117432
0.783625, 0.125894
0.803437, 0.135232
0.823272, 0.145528
0.84312, 0.15688
0.862965, 0.169408
0.882805, 0.18324
0.1043, 0.201388
0.12491, 0.188435
0.145528, 0.176728
0.166142, 0.166142
0.186727, 0.156555
0.207265, 0.147864
0.227743, 0.139983
0.248153, 0.132839
0.268495, 0.12637
0.288771, 0.120525
0.308989, 0.115267
0.329159, 0.110564
0.349292, 0.106397
0.3694, 0.102753
0.389493, 0.0996266
0.409581, 0.0970153
0.429668, 0.0949209
0.449758, 0.0933462
0.469853, 0.0922944
0.48995, 0.0917678
0.51005, 0.0917678
0.530147, 0.0922944
0.550242, 0.0933462
0.570332, 0.0949209
0.590419, 0.0970153
0.610507, 0.0996266
0.6306, 0.102753
0.650708, 0.106397
0.670841, 0.110564
0.691011, 0.115267
0.711229, 0.120525
0.731505, 0.12637
0.751847, 0.132839
0.772257, 0.139983
0.792735, 0.147864
0.813273, 0.156555
0.833858, 0.166142
0.854472, 0.176728
0.87509, 0.188435
0.8957, 0.201388
0.0925517, 0.219532
0.113889, 0.207457
0.135232, 0.196563
0.156555, 0.186727
0.177818, 0.177818
0.198994, 0.169725
0.220065, 0.162351
0.241024, 0.155615
0.261873, 0.149448
0.282626, 0.143799
0.303306, 0.138633
0.323939, 0.133935
0.344554, 0.129703
0.365175, 0.125949
0.385822, 0.122688
0.406505, 0.11994
0.427229, 0.117721
0.44799, 0.116045
0.468781, 0.114923
0.489591, 0.11436
0.510409, 0.11436
0.531219, 0.114923
0.55201, 0.116045
0.572771, 0.117721
0.593495, 0.11994
0.614178, 0.122688
0.634825, 0.125949
0.655446, 0.129703
0.676061, 0.133935
0.696694, 0.138633
0.717374, 0.143799
0.738127, 0.149448
0.758976, 0.155615
0.779935, 0.162351
0.801006, 0.169725
0.822182, 0.177818
0.843445, 0.186727
0.864768, 0.196563
0.886111, 0.207457
0.907448, 0.219532
0.0818502, 0.23767
0.103873, 0.226467
0.125894, 0.216375
0.147864, 0.207265
0.169725, 0.198994
0.191435, 0.191435
0.21297, 0.184475
0.234323, 0.178015
0.25551, 0.17198
0.276572, 0.166329
0.297566, 0.161053
0.318552, 0.156177
0.339584, 0.151742
0.360699, 0.147793
0.381914, 0.14437
0.403229, 0.141499
0.424636, 0.139196
0.446115, 0.13747
0.467648, 0.136319
0.489212, 0.135745
0.510788, 0.135745
0.532352, 0.136319
0.553885, 0.13747
0.575364, 0.139196
0.596771, 0.141499
0.618086, 0.14437
0.639301, 0.147793
0.660416, 0.151742
0.681448, 0.156177
0.702434, 0.161053
0.723428, 0.166329
0.74449, 0.17198
0.765677, 0.178015
0.78703, 0.184475
0.808565, 0.191435
0.830275, 0.198994
0.852136, 0.207265
0.874106, 0.216375
0.896127, 0.226467
0.91815, 0.23767
0.0721152, 0.255803
0.0947835, 0.245461
0.117432, 0.236154
0.139983, 0.227743
0.162351, 0.220065
0.184475, 0.21297
0.206318, 0.206318
0.227885, 0.199997
0.249233, 0.193944
0.270464, 0.188168
0.291699, 0.182731
0.313037, 0.177725
0.334542, 0.173237
0.356231, 0.169322
0.378091, 0.166006
0.400093, 0.16329
0.422201, 0.161158
0.444383, 0.159586
0.466613, 0.158552
0.488868, 0.15804
0.511132, 0.15804
0.533387, 0.158552
0.555617, 0.159586
0.577799, 0.161158
0.599907, 0.16329
0.621909, 0.166006
0.643769, 0.169322
0.665458, 0.173237
0.686963, 0.177725
0.708301, 0.182731
0.729536, 0.188168
0.750767, 0.193944
0.772115, 0.199997
0.793682, 0.206318
0.815525, 0.21297
0.837649, 0.220065
0.860017, 0.227743
0.882568, 0.236154
0.905217, 0.245461
0.927885, 0.255803
0.0632799, 0.273928
0.0865522, 0.264435
0.109777, 0.255895
0.132839, 0.248153
0.155615, 0.241024
0.178015, 0.234323
0.199997, 0.227885
0.221608, 0.221608
0.243002, 0.215498
0.264385, 0.209665
0.285943, 0.204272
0.307776, 0.199455
0.329901, 0.195289
0.352273, 0.191789
0.37483, 0.188928
0.397505, 0.186654
0.420249, 0.184915
0.443025, 0.183659
0.465814, 0.182845
0.488605, 0.182446
0.511395, 0.182446
0.534186, 0.182845
0.556975, 0.183659
0.579751, 0.184915
0.602495, 0.186654
0.62517, 0.188928
0.647727, 0.191789
0.670099, 0.195289
0.692224, 0.199455
0.714057, 0.204272
0.735615, 0.209665
0.756998, 0.215498
0.778392, 0.221608
0.800003, 0.227885
0.821985, 0.234323
0.844385, 0.241024
0.867161, 0.248153
0.890223, 0.255895
0.913448, 0.264435
0.93672, 0.273928
0.0552886, 0.292046
0.0791228, 0.283388
0.10287, 0.275594
0.12637, 0.268495
0.149448, 0.261873
0.17198, 0.25551
0.193944, 0.249233
0.215498, 0.243002
0.236951, 0.236951
0.258623, 0.231318
0.280699, 0.226314
0.303203, 0.222044
0.326056, 0.218515
0.349141, 0.21567
0.372354, 0.21343
0.395614, 0.211711
0.418869, 0.210435
0.442091, 0.209539
0.465274, 0.20897
0.488428, 0.208695
0.511572, 0.208695
0.534726, 0.20897
0.557909, 0.209539
0.581131, 0.210435
0.604386, 0.211711
0.627646, 0.21343
0.650859, 0.21567
0.673944, 0.218515
0.696797, 0.222044
0.719301, 0.226314
0.741377, 0.231318
0.763049, 0.236951
0.784502, 0.243002
0.806056, 0.249233
0.82802, 0.25551
0.850552, 0.261873
0.87363, 0.268495
0.89713, 0.275594
0.920877, 0.283388
0.944711, 0.292046
0.0480946, 0.310157
0.0724475, 0.302317
0.096664, 0.295252
0.120525, 0.288771
0.143799, 0.282626
0.166329, 0.276572
0.188168, 0.270464
0.209665, 0.264385
0.231318, 0.258623
0.253485, 0.253485
0.276256, 0.249145
0.299523, 0.24562
0.323112, 0.242838
0.34686, 0.240699
0.370641, 0.239094
0.394373, 0.237924
0.418009, 0.237101
0.441535, 0.236551
0.464965, 0.236217
0.488329, 0.23606
0.511671, 0.23606
0.535035, 0.236217
0.558465, 0.236551
0.581991, 0.237101
0.605627, 0.237924
0.629359, 0.239094
0.65314, 0.240699
0.676888, 0.242838
0.700477, 0.24562
0.723744, 0.249145
0.746515, 0.253485
0.768682, 0.258623
0.790335, 0.264385
0.811832, 0.270464
0.833671, 0.276572
0.856201, 0.282626
0.879475, 0.288771
0.903336, 0.295252
0.927552, 0.302317
0.951905, 0.310157
0.0416585, 0.328261
0.0664859, 0.321224
0.0911168, 0.314869
0.115267, 0.308989
0.138633, 0.303306
0.161053, 0.297566
0.182731, 0.291699
0.204272, 0.285943
0.226314, 0.280699
0.249145, 0.276256
0.272691, 0.272691
0.296719, 0.269938
0.320994, 0.267884
0.345326, 0.266406
0.369582, 0.265386
0.393679, 0.264713
0.417581, 0.264291
0.441291, 0.26404
0.464843, 0.263904
0.488293, 0.263844
0.511707, 0.263844
0.535157, 0.263904
0.558709, 0.26404
0.582419, 0.264291
0.606321, 0.264713
0.630418, 0.265386
0.654674, 0.266406
0.679006, 0.267884
0.703281, 0.269938
0.727309, 0.272691
0.750855, 0.276256
0.773686, 0.280699
0.795728, 0.285943
0.817269, 0.291699
0.838947, 0.297566
0.861367, 0.303306
0.884733, 0.308989
0.908883, 0.314869
0.933514, 0.321224
0.958341, 0.328261
0.0359472, 0.346359
0.0612038, 0.340109
0.0861953, 0.334449
0.110564, 0.329159
0.133935, 0.323939
0.156177, 0.318552
0.177725, 0.313037
0.199455, 0.307776
0.222044, 0.303203
0.24562, 0.299523
0.269938, 0.296719
0.294681, 0.294681
0.319574, 0.293277
0.34441, 0.292377
0.369049, 0.29185
0.39341, 0.291575
0.417471, 0.291451
0.441261, 0.291401
0.464842, 0.291382
0.488295, 0.291374
0.511705, 0.291374
0.535158, 0.291382
0.558739, 0.291401
0.582529, 0.291451
0.60659, 0.291575
0.630951, 0.29185
0.65559, 0.292377
0.680426, 0.293277
0.705319, 0.294681
0.730062, 0.296719
0.75438, 0.299523
0.777956, 0.303203
0.800545, 0.307776
0.822275, 0.313037
0.843823, 0.318552
0.866065, 0.323939
0.889436, 0.329159
0.913805, 0.334449
0.938796, 0.340109
0.964053, 0.346359
0.0309325, 0.36445
0.0565722, 0.358973
0.0818724, 0.353996
0.106397, 0.349292
0.129703, 0.344554
0.151742, 0.339584
0.173237, 0.334542
0.195289, 0.329901
0.218515, 0.326056
0.242838, 0.323112
0.267884, 0.320994
0.293277, 0.319574
0.318715, 0.318715
0.343969, 0.318274
0.368888, 0.318104
0.393398, 0.318069
0.417506, 0.318058
0.441286, 0.318016
0.464847, 0.317947
0.488294, 0.317893
0.511706, 0.317893
0.535153, 0.317947
0.558714, 0.318016
0.582494, 0.318058
0.606602, 0.318069
0.631112, 0.318104
0.656031, 0.318274
0.681285, 0.318715
0.706723, 0.319574
0.732116, 0.320994
0.757162, 0.323112
0.781485, 0.326056
0.804711, 0.329901
0.826763, 0.334542
0.848258, 0.339584
0.870297, 0.344554
0.893603, 0.349292
0.918128, 0.353996
0.943428, 0.358973
0.969067, 0.36445
0.0265912, 0.382535
0.052567, 0.377817
0.0781263, 0.373515
0.102753, 0.3694
0.125949, 0.365175
0.147793, 0.360699
0.169322, 0.356231
0.191789, 0.352273
0.21567, 0.349141
0.240699, 0.34686
0.266406, 0.345326
0.292377, 0.34441
0.318274, 0.343969
0.34384, 0.34384
0.368904, 0.343843
0.393406, 0.343805
0.417411, 0.343605
0.441092, 0.343235
0.46465, 0.342816
0.488211, 0.342539
0.511789, 0.342539
0.53535, 0.342816
0.558908, 0.343235
0.582589, 0.343605
0.606594, 0.343805
0.631096, 0.343843
0.65616, 0.34384
0.681726, 0.343969
0.707623, 0.34441
0.733594, 0.345326
0.759301, 0.34686
0.78433, 0.349141
0.808211, 0.352273
0.830678, 0.356231
0.852207, 0.360699
0.874051, 0.365175
0.897247, 0.3694
0.921874, 0.373515
0.947433, 0.377817
0.973409, 0.382535
0.0229037, 0.400615
0.049168, 0.396645
0.0749401, 0.39301
0.0996266, 0.389493
0.122688, 0.385822
0.14437, 0.381914
0.166006, 0.378091
0.188928, 0.37483
0.21343, 0.372354
0.239094, 0.370641
0.265386, 0.369582
0.29185, 0.369049
0.318104, 0.368888
0.343843, 0.368904
0.368859, 0.368859
0.393111, 0.36851
0.416793, 0.367723
0.440293, 0.366607
0.463973, 0.365512
0.487946, 0.364839
0.512054, 0.364839
0.536027, 0.365512
0.559707, 0.366607
0.583207, 0.367723
0.606889, 0.36851
0.631141, 0.368859
0.656157, 0.368904
0.681896, 0.368888
0.70815, 0.369049
0.734614, 0.369582
0.760906, 0.370641
0.78657, 0.372354
0.811072, 0.37483
0.833994, 0.378091
0.85563, 0.381914
0.877312, 0.385822
0.900373, 0.389493
0.92506, 0.39301
0.950832, 0.396645
0.977096, 0.400615
0.0198539, 0.418692
0.046359, 0.415457
0.0723009, 0.412486
0.0970153, 0.409581
0.11994, 0.406505
0.141499, 0.403229
0.16329, 0.400093
0.186654, 0.397505
0.211711, 0.395614
0.237924, 0.394373
0.264713, 0.393679
0.291575, 0.39341
0.318069, 0.393398
0.343805, 0.393406
0.36851, 0.393111
0.392191, 0.392191
0.415319, 0.390565
0.438652, 0.388584
0.462711, 0.386843
0.487477, 0.385847
0.512523, 0.385847
0.537289, 0.386843
0.561348, 0.388584
0.584681, 0.390565
0.607809, 0.392191
0.63149, 0.393111
0.656195, 0.393406
0.681931, 0.393398
0.708425, 0.39341
0.735287, 0.393679
0.762076, 0.394373
0.788289, 0.395614
0.813346, 0.397505
0.83671, 0.400093
0.858501, 0.403229
0.88006, 0.406505
0.902985, 0.409581
0.927699, 0.412486
0.953641, 0.415457
0.980146, 0.418692
0.017429, 0.436764
0.0441267, 0.434257
0.0701992, 0.431947
0.0949209, 0.429668
0.117721, 0.427229
0.139196, 0.424636
0.161158, 0.422201
0.184915, 0.420249
0.210435, 0.418869
0.237101, 0.418009
0.264291, 0.417581
0.291451, 0.417471
0.318058, 0.417506
0.343605, 0.417411
0.367723, 0.416793
0.390565, 0.415319
0.413092, 0.413092
0.436468, 0.410716
0.46118, 0.408846
0.486935, 0.407851
0.513065, 0.407851
0.53882, 0.408846
0.563532, 0.410716
0.586908, 0.413092
0.609435, 0.415319
0.632277, 0.416793
0.656395, 0.417411
0.681942, 0.417506
0.708549, 0.417471
0.735709, 0.417581
0.762899, 0.418009
0.789565, 0.418869
0.815085, 0.420249
0.838842, 0.422201
0.860804, 0.424636
0.882279, 0.427229
0.905079, 0.429668
0.929801, 0.431947
0.955873, 0.434257
0.982571, 0.436764
0.0156188, 0.454833
0.042461, 0.453048
0.0686281, 0.451398
0.0933462, 0.449758
0.116045, 0.44799
0.13747, 0.446115
0.159586, 0.444383
0.183659, 0.443025
0.209539, 0.442091
0.236551, 0.441535
0.26404, 0.441291
0.291401, 0.441261
0.318016, 0.441286
0.343235, 0.441092
0.366607, 0.440293
0.388584, 0.438652
0.410716, 0.436468
0.434398, 0.434398
0.459853, 0.432919
0.486487, 0.432176
0.513513, 0.432176
0.540147, 0.432919
0.565602, 0.434398
0.589284, 0.436468
0.611416, 0.438652
0.633393, 0.440293
0.656765, 0.441092
0.681984, 0.441286
0.708599, 0.441261
0.73596, 0.441291
0.763449, 0.441535
0.790461, 0.442091
0.816341, 0.443025
0.840414, 0.444383
0.86253, 0.446115
0.883955, 0.44799
0.906654, 0.449758
0.931372, 0.451398
0.957539, 0.453048
0.984381, 0.454833
0.014416, 0.472901
0.0413545, 0.471831
0.067583, 0.470841
0.0922944, 0.469853
0.114923, 0.468781
0.136319, 0.467648
0.158552, 0.466613
0.182845, 0.465814
0.20897, 0.465274
0.236217, 0.464965
0.263904, 0.464843
0.291382, 0.464842
0.317947, 0.464847
0.342816, 0.46465
0.365512, 0.463973
0.386843, 0.462711
0.408846, 0.46118
0.432919, 0.459853
0.45896, 0.45896
0.486193, 0.458525
0.513807, 0.458525
0.54104, 0.45896
0.567081, 0.459853
0.591154, 0.46118
0.613157, 0.462711
0.634488, 0.463973
0.657184, 0.46465
0.682053, 0.464847
0.708618, 0.464842
0.736096, 0.464843
0.763783, 0.464965
0.79103, 0.465274
0.817155, 0.465814
0.841448, 0.466613
0.863681, 0.467648
0.885077, 0.468781
0.907706, 0.469853
0.932417, 0.470841
0.958645, 0.471831
0.985584, 0.472901
0.0138158, 0.490967
0.0408025, 0.490611
0.0670611, 0.490281
0.0917678, 0.48995
0.11436, 0.489591
0.135745, 0.489212
0.15804, 0.488868
0.182446, 0.488605
0.208695, 0.488428
0.23606, 0.488329
0.263844, 0.488293
0.291374, 0.488295
0.317893, 0.488294
0.342539, 0.488211
0.364839, 0.487946
0.385847, 0.487477
0.407851, 0.486935
0.432176, 0.486487
0.458525, 0.486193
0.48605, 0.48605
0.51395, 0.48605
0.541475, 0.486193
0.567824, 0.486487
0.592149, 0.486935
0.614153, 0.487477
0.635161, 0.487946
0.657461, 0.488211
0.682107, 0.488294
0.708626, 0.488295
0.736156, 0.488293
0.76394, 0.488329
0.791305, 0.488428
0.817554, 0.488605
0.84196, 0.488868
0.864255, 0.489212
0.88564, 0.489591
0.908232, 0.48995
0.932939, 0.490281
0.959197, 0.490611
0.986184, 0.490967
0.0138158, 0.509033
0.0408025, 0.509389
0.0670611, 0.509719
0.0917678, 0.51005
0.11436, 0.510409
0.135745, 0.510788
0.15804, 0.511132
0.182446, 0.511395
0.208695, 0.511572
0.23606, 0.511671
0.263844, 0.511707
0.291374, 0.511705
0.317893, 0.511706
0.342539, 0.511789
0.364839, 0.512054
0.385847, 0.512523
0.407851, 0.513065
0.432176, 0.513513
0.458525, 0.513807
0.48605, 0.51395
0.51395, 0.51395
0.541475, 0.513807
0.567824, 0.513513
0.592149, 0.513065
0.614153, 0.512523
0.635161, 0.512054
0.657461, 0.511789
0.682107, 0.511706
0.708626, 0.511705
0.736156, 0.511707
0.76394, 0.511671
0.791305, 0.511572
0.817554, 0.511395
0.84196, 0.511132
0.864255, 0.510788
0.88564, 0.510409
0.908232, 0.51005
0.932939, 0.509719
0.959197, 0.509389
0.986184, 0.509033
0.014416, 0.527099
0.0413545, 0.528169
0.067583, 0.529159
0.0922944, 0.530147
0.114923, 0.531219
0.136319, 0.532352
0.158552, 0.533387
0.182845, 0.534186
0.20897, 0.534726
0.236217, 0.535035
0.263904, 0.535157
0.291382, 0.535158
0.317947, 0.535153
0.342816, 0.53535
0.365512, 0.536027
0.386843, 0.537289
0.408846, 0.53882
0.432919, 0.540147
0.45896, 0.54104
0.486193, 0.541475
0.513807, 0.541475
0.54104, 0.54104
0.567081, 0.540147
0.591154, 0.53882
0.613157, 0.537289
0.634488, 0.536027
0.657184, 0.53535
0.682053, 0.535153
0.708618, 0.535158
0.736096, 0.535157
0.763783, 0.535035
0.79103, 0.534726
0.817155, 0.534186
0.841448, 0.533387
0.863681, 0.532352
0.885077, 0.531219
0.907706, 0.530147
0.932417, 0.529159
0.958645, 0.528169
0.985584, 0.527099
0.0156188, 0.545167
0.042461, 0.546952
0.0686281, 0.548602
0.0933462, 0.550242
0.116045, 0.55201
0.13747, 0.553885
0.159586, 0.555617
0.183659, 0.556975
0.209539, 0.557909
0.236551, 0.558465
0.26404, 0.558709
0.291401, 0.558739
0.318016, 0.558714
0.343235, 0.558908
0.366607, 0.559707
0.388584, 0.561348
0.410716, 0.563532
0.434398, 0.565602
0.459853, 0.567081
0.486487, 0.567824
0.513513, 0.567824
0.540147, 0.567081
0.565602, 0.565602
0.589284, 0.563532
0.611416, 0.561348
0.633393, 0.559707
0.656765, 0.558908
0.681984, 0.558714
0.708599, 0.558739
0.73596, 0.558709
0.763449, 0.558465
0.790461, 0.557909
0.816341, 0.556975
0.840414, 0.555617
0.86253, 0.553885
0.883955, 0.55201
0.906654, 0.550242
0.931372, 0.548602
0.957539, 0.546952
0.984381, 0.545167
0.017429, 0.563236
0.0441267, 0.565743
0.0701992, 0.568053
0.0949209, 0.570332
0.117721, 0.572771
0.139196, 0.575364
0.161158, 0.577799
0.184915, 0.579751
0.210435, 0.581131
0.237101, 0.581991
0.264291, 0.582419
0.291451, 0.582529
0.318058, 0.582494
0.343605, 0.582589
0.367723, 0.583207
0.390565, 0.584681
0.413092, 0.586908
0.436468, 0.589284
0.46118, 0.591154
0.486935, 0.592149
0.513065, 0.592149
0.53882, 0.591154
0.563532, 0.589284
0.586908, 0.586908
0.609435, 0.584681
0.632277, 0.583207
0.656395, 0.582589
0.681942, 0.582494
0.708549, 0.582529
0.735709, 0.582419
0.762899, 0.581991
0.789565, 0.581131
0.815085, 0.579751
0.838842, 0.577799
0.860804, 0.575364
0.882279, 0.572771
0.905079, 0.570332
0.929801, 0.568053
0.955873, 0.565743
0.982571, 0.563236
0.0198539, 0.581308
0.046359, 0.584543
0.0723009, 0.587514
0.0970153, 0.590419
0.11994, 0.593495
0.141499, 0.596771
0.16329, 0.599907
0.186654, 0.602495
0.211711, 0.604386
0.237924, 0.605627
0.264713, 0.606321
0.291575, 0.60659
0.318069, 0.606602
0.343805, 0.606594
0.36851, 0.606889
0.392191, 0.607809
0.415319, 0.609435
0.438652, 0.611416
0.462711, 0.613157
0.487477, 0.614153
0.512523, 0.614153
0.537289, 0.613157
0.561348, 0.611416
0.584681, 0.609435
0.607809, 0.607809
0.63149, 0.606889
0.656195, 0.606594
0.681931, 0.606602
0.708425, 0.60659
0.735287, 0.606321
0.762076, 0.605627
0.788289, 0.604386
0.813346, 0.602495
0.83671, 0.599907
0.858501, 0.596771
0.88006, 0.593495
0.902985, 0.590419
0.927699, 0.587514
0.953641, 0.584543
0.980146, 0.581308
0.0229037, 0.599385
0.049168, 0.603355
0.0749401, 0.60699
0.0996266, 0.610507
0.122688, 0.614178
0.14437, 0.618086
0.166006, 0.621909
0.188928, 0.62517
0.21343, 0.627646
0.239094, 0.629359
0.265386, 0.630418
0.29185, 0.630951
0.318104, 0.631112
0.343843, 0.631096
0.368859, 0.631141
0.393111, 0.63149
0.416793, 0.632277
0.440293, 0.633393
0.463973, 0.634488
0.487946, 0.635161
0.512054, 0.635161
0.536027, 0.634488
0.559707, 0.633393
0.583207, 0.632277
0.606889, 0.63149
0.631141, 0.631141
0.656157, 0.631096
0.681896, 0.631112
0.70815, 0.630951
0.734614, 0.630418
0.760906, 0.629359
0.78657, 0.627646
0.811072, 0.62517
0.833994, 0.621909
0.85563, 0.618086
0.877312, 0.614178
0.900373, 0.610507
0.92506, 0.60699
0.950832, 0.603355
0.977096, 0.599385
0.0265912, 0.617465
0.052567, 0.622183
0.0781263, 0.626485
0.102753, 0.6306
0.125949, 0.634825
0.147793, 0.639301
0.169322, 0.643769
0.191789, 0.647727
0.21567, 0.650859
0.240699, 0.65314
0.266406, 0.654674
0.292377, 0.65559
0.318274, 0.656031
0.34384, 0.65616
0.368904, 0.656157
0.393406, 0.656195
0.417411, 0.656395
0.441092, 0.656765
0.46465, 0.657184
0.488211, 0.657461
0.511789, 0.657461
0.53535, 0.657184
0.558908, 0.656765
0.582589, 0.656395
0.606594, 0.656195
0.631096, 0.656157
0.65616, 0.65616
0.681726, 0.656031
0.707623, 0.65559
0.733594, 0.654674
0.759301, 0.65314
0.78433, 0.650859
0.808211, 0.647727
0.830678, 0.643769
0.852207, 0.639301
0.874051, 0.634825
0.897247, 0.6306
0.921874, 0.626485
0.947433, 0.622183
0.973409, 0.617465
0.0309325, 0.63555
0.0565722, 0.641027
0.0818724, 0.646004
0.106397, 0.650708
0.129703, 0.655446
0.151742, 0.660416
0.173237, 0.665458
0.195289, 0.670099
0.218515, 0.673944
0.242838, 0.676888
0.267884, 0.679006
0.293277, 0.680426
0.318715, 0.681285
0.343969, 0.681726
0.368888, 0.681896
0.393398, 0.681931
0.417506, 0.681942
0.441286, 0.681984
0.464847, 0.682053
0.488294, 0.682107
0.511706, 0.682107
0.535153, 0.682053
0.558714, 0.681984
0.582494, 0.681942
0.606602, 0.681931
0.631112, 0.681896
0.656031, 0.681726
0.681285, 0.681285
0.706723, 0.680426
0.732116, 0.679006
0.757162, 0.676888
0.781485, 0.673944
0.804711, 0.670099
0.826763, 0.665458
0.848258, 0.660416
0.870297, 0.655446
0.893603, 0.650708
0.918128, 0.646004
0.943428, 0.641027
0.969067, 0.63555
0.0359472, 0.653641
0.0612038, 0.659891
0.0861953, 0.665551
0.110564, 0.670841
0.133935, 0.676061
0.156177, 0.681448
0.177725, 0.686963
0.199455, 0.692224
0.222044, 0.696797
0.24562, 0.700477
0.269938, 0.703281
0.294681, 0.705319
0.319574, 0.706723
0.34441, 0.707623
0.369049, 0.70815
0.39341, 0.708425
0.417471, 0.708549
0.441261, 0.708599
0.464842, 0.708618
0.488295, 0.708626
0.511705, 0.708626
0.535158, 0.708618
0.558739, 0.708599
0.582529, 0.708549
0.60659, 0.708425
0.630951, 0.70815
0.65559, 0.707623
0.680426, 0.706723
0.705319, 0.705319
0.730062, 0.703281
0.75438, 0.700477
0.777956, 0.696797
0.800545, 0.692224
0.822275, 0.686963
0.843823, 0.681448
0.866065, 0.676061
0.889436, 0.670841
0.913805, 0.665551
0.938796, 0.659891
0.964053, 0.653641
0.0416585, 0.671739
0.0664859, 0.678776
0.0911168, 0.685131
0.115267, 0.691011
0.138633, 0.696694
0.161053, 0.702434
0.182731, 0.708301
0.204272, 0.714057
0.226314, 0.719301
0.249145, 0.723744
0.272691, 0.727309
0.296719, 0.730062
0.320994, 0.732116
0.345326, 0.733594
0.369582, 0.734614
0.393679, 0.735287
0.417581, 0.735709
0.441291, 0.73596
0.464843, 0.736096
0.488293, 0.736156
0.511707, 0.736156
0.535157, 0.736096
0.558709, 0.73596
0.582419, 0.735709
0.606321, 0.735287
0.630418, 0.734614
0.654674, 0.733594
0.679006, 0.732116
0.703281, 0.730062
0.727309, 0.727309
0.750855, 0.723744
0.773686, 0.719301
0.795728, 0.714057
0.817269, 0.708301
0.838947, 0.702434
0.861367, 0.696694
0.884733, 0.691011
0.908883, 0.685131
0.933514, 0.678776
0.958341, 0.671739
0.0480946, 0.689843
0.0724475, 0.697683
0.096664, 0.704748
0.120525, 0.711229
0.143799, 0.717374
0.166329, 0.723428
0.188168, 0.729536
0.209665, 0.735615
0.231318, 0.741377
0.253485, 0.746515
0.276256, 0.750855
0.299523, 0.75438
0.323112, 0.757162
0.34686, 0.759301
0.370641, 0.760906
0.394373, 0.762076
0.418009, 0.762899
0.441535, 0.763449
0.464965, 0.763783
0.488329, 0.76394
0.511671, 0.76394
0.535035, 0.763783
0.558465, 0.763449
0.581991, 0.762899
0.605627, 0.762076
0.629359, 0.760906
0.65314, 0.759301
0.676888, 0.757162
0.700477, 0.75438
0.723744, 0.750855
0.746515, 0.746515
0.768682, 0.741377
0.790335, 0.735615
0.811832, 0.729536
0.833671, 0.723428
0.856201, 0.717374
0.879475, 0.711229
0.903336, 0.704748
0.927552, 0.697683
0.951905, 0.689843
0.0552886, 0.707954
0.0791228, 0.716612
0.10287, 0.724406
0.12637, 0.731505
0.149448, 0.738127
0.17198, 0.74449
0.193944, 0.750767
0.215498, 0.756998
0.236951, 0.763049
0.258623, 0.768682
0.280699, 0.773686
0.303203, 0.777956
0.326056, 0.781485
0.349141, 0.78433
0.372354, 0.78657
0.395614, 0.788289
0.418869, 0.789565
0.442091, 0.790461
0.465274, 0.79103
0.488428, 0.791305
0.511572, 0.791305
0.534726, 0.79103
0.557909, 0.790461
0.581131, 0.789565
0.604386, 0.788289
0.627646, 0.78657
0.650859, 0.78433
0.673944, 0.781485
0.696797, 0.777956
0.719301, 0.773686
0.741377, 0.768682
0.763049, 0.763049
0.784502, 0.756998
0.806056, 0.750767
0.82802, 0.74449
0.850552, 0.738127
0.87363, 0.731505
0.89713, 0.724406
0.920877, 0.716612
0.944711, 0.707954
0.0632799, 0.726072
0.0865522, 0.735565
0.109777, 0.744105
0.132839, 0.751847
0.155615, 0.758976
0.178015, 0.765677
0.199997, 0.772115
0.221608, 0.778392
0.243002, 0.784502
0.264385, 0.790335
0.285943, 0.795728
0.307776, 0.800545
0.329901, 0.804711
0.352273, 0.808211
0.37483, 0.811072
0.397505, 0.813346
0.420249, 0.815085
0.443025, 0.816341
0.465814, 0.817155
0.488605, 0.817554
0.511395, 0.817554
0.534186, 0.817155
0.556975, 0.816341
0.579751, 0.815085
0.602495, 0.813346
0.62517, 0.811072
0.647727, 0.808211
0.670099, 0.804711
0.692224, 0.800545
0.714057, 0.795728
0.735615, 0.790335
0.756998, 0.784502
0.778392, 0.778392
0.800003, 0.772115
0.821985, 0.765677
0.844385, 0.758976
0.867161, 0.751847
0.890223, 0.744105
0.913448, 0.735565
0.93672, 0.726072
0.0721152, 0.744197
0.0947835, 0.754539
0.117432, 0.763846
0.139983, 0.772257
0.162351, 0.779935
0.184475, 0.78703
0.206318, 0.793682
0.227885, 0.800003
0.249233, 0.806056
0.270464, 0.811832
0.291699, 0.817269
0.313037, 0.822275
0.334542, 0.826763
0.356231, 0.830678
0.378091, 0.833994
0.400093, 0.83671
0.422201, 0.838842
0.444383, 0.840414
0.466613, 0.841448
0.488868, 0.84196
0.511132, 0.84196
0.533387, 0.841448
0.555617, 0.840414
0.577799, 0.838842
0.599907, 0.83671
0.621909, 0.833994
0.643769, 0.830678
0.665458, 0.826763
0.686963, 0.822275
0.708301, 0.817269
0.729536, 0.811832
0.750767, 0.806056
0.772115, 0.800003
0.793682, 0.793682
0.815525, 0.78703
0.837649, 0.779935
0.860017, 0.772257
0.882568, 0.763846
0.905217, 0.754539
0.927885, 0.744197
0.0818502, 0.76233
0.103873, 0.773533
0.125894, 0.783625
0.147864, 0.792735
0.169725, 0.801006
0.191435, 0.808565
0.21297, 0.815525
0.234323, 0.821985
0.25551, 0.82802
0.276572, 0.833671
0.297566, 0.838947
0.318552, 0.843823
0.339584, 0.848258
0.360699, 0.852207
0.381914, 0.85563
0.403229, 0.858501
0.424636, 0.860804
0.446115, 0.86253
0.467648, 0.863681
0.489212, 0.864255
0.510788, 0.864255
0.532352, 0.863681
0.553885, 0.86253
0.575364, 0.860804
0.596771, 0.858501
0.618086, 0.85563
0.639301, 0.852207
0.660416, 0.848258
0.681448, 0.843823
0.702434, 0.838947
0.723428, 0.833671
0.74449, 0.82802
0.765677, 0.821985
0.78703, 0.815525
0.808565, 0.808565
0.830275, 0.801006
0.852136, 0.792735
0.874106, 0.783625
0.896127, 0.773533
0.91815, 0.76233
0.0925517, 0.780468
0.113889, 0.792543
0.135232, 0.803437
0.156555, 0.813273
0.177818, 0.822182
0.198994, 0.830275
0.220065, 0.837649
0.241024, 0.844385
0.261873, 0.850552
0.282626, 0.856201
0.303306, 0.861367
0.323939, 0.866065
0.344554, 0.870297
0.365175, 0.874051
0.385822, 0.877312
0.406505, 0.88006
0.427229, 0.882279
0.44799, 0.883955
0.468781, 0.885077
0.489591, 0.88564
0.510409, 0.88564
0.531219, 0.885077
0.55201, 0.883955
0.572771, 0.882279
0.593495, 0.88006
0.614178, 0.877312
0.634825, 0.874051
0.655446, 0.870297
0.676061, 0.866065
0.696694, 0.861367
0.717374, 0.856201
0.738127, 0.850552
0.758976, 0.844385
0.779935, 0.837649
0.801006, 0.830275
0.822182, 0.822182
0.843445, 0.813273
0.864768, 0.803437
0.886111, 0.792543
0.907448, 0.780468
0.1043, 0.798612
0.12491, 0.811565
0.145528, 0.823272
0.166142, 0.833858
0.186727, 0.843445
0.207265, 0.852136
0.227743, 0.860017
0.248153, 0.867161
0.268495, 0.87363
0.288771, 0.879475
0.308989, 0.884733
0.329159, 0.889436
0.349292, 0.893603
0.3694, 0.897247
0.389493, 0.900373
0.409581, 0.902985
0.429668, 0.905079
0.449758, 0.906654
0.469853, 0.907706
0.48995, 0.908232
0.51005, 0.908232
0.530147, 0.907706
0.550242, 0.906654
0.570332, 0.905079
0.590419, 0.902985
0.610507, 0.900373
0.6306, 0.897247
0.650708, 0.893603
0.670841, 0.889436
0.691011, 0.884733
0.711229, 0.879475
0.731505, 0.87363
0.751847, 0.867161
0.772257, 0.860017
0.792735, 0.852136
0.813273, 0.843445
0.833858, 0.833858
0.854472, 0.823272
0.87509, 0.811565
0.8957, 0.798612
0.117195, 0.81676
0.137035, 0.830592
0.15688, 0.84312
0.176728, 0.854472
0.196563, 0.864768
0.216375, 0.874106
0.236154, 0.882568
0.255895, 0.890223
0.275594, 0.89713
0.295252, 0.903336
0.314869, 0.908883
0.334449, 0.913805
0.353996, 0.918128
0.373515, 0.921874
0.39301, 0.92506
0.412486, 0.927699
0.431947, 0.929801
0.451398, 0.931372
0.470841, 0.932417
0.490281, 0.932939
0.509719, 0.932939
0.529159, 0.932417
0.548602, 0.931372
0.568053, 0.929801
0.587514, 0.927699
0.60699, 0.92506
0.626485, 0.921874
0.646004, 0.918128
0.665551, 0.913805
0.685131, 0.908883
0.704748, 0.903336
0.724406, 0.89713
0.744105, 0.890223
0.763846, 0.882568
0.783625, 0.874106
0.803437, 0.864768
0.823272, 0.854472
0.84312, 0.84312
0.862965, 0.830592
0.882805, 0.81676
0.131358, 0.834909
0.150383, 0.849617
0.169408, 0.862965
0.188435, 0.87509
0.207457, 0.886111
0.226467, 0.896127
0.245461, 0.905217
0.264435, 0.913448
0.283388, 0.920877
0.302317, 0.927552
0.321224, 0.933514
0.340109, 0.938796
0.358973, 0.943428
0.377817, 0.947433
0.396645, 0.950832
0.415457, 0.953641
0.434257, 0.955873
0.453048, 0.957539
0.471831, 0.958645
0.490611, 0.959197
0.509389, 0.959197
0.528169, 0.958645
0.546952, 0.957539
0.565743, 0.955873
0.584543, 0.953641
0.603355, 0.950832
0.622183, 0.947433
0.641027, 0.943428
0.659891, 0.938796
0.678776, 0.933514
0.697683, 0.927552
0.716612, 0.920877
0.735565, 0.913448
0.754539, 0.905217
0.773533, 0.896127
0.792543, 0.886111
0.811565, 0.87509
0.830592, 0.862965
0.849617, 0.849617
0.868642, 0.834909
0.146944, 0.853056
0.165091, 0.868642
0.18324, 0.882805
0.201388, 0.8957
0.219532, 0.907448
0.23767, 0.91815
0.255803, 0.927885
0.273928, 0.93672
0.292046, 0.944711
0.310157, 0.951905
0.328261, 0.958341
0.346359, 0.964053
0.36445, 0.969067
0.382535, 0.973409
0.400615, 0.977096
0.418692, 0.980146
0.436764, 0.982571
0.454833, 0.984381
0.472901, 0.985584
0.490967, 0.986184
0.509033, 0.986184
0.527099, 0.985584
0.545167, 0.984381
0.563236, 0.982571
0.581308, 0.980146
0.599385, 0.977096
0.617465, 0.973409
0.63555, 0.969067
0.653641, 0.964053
0.671739, 0.958341
0.689843, 0.951905
0.707954, 0.944711
0.726072, 0.93672
0.744197, 0.927885
0.76233, 0.91815
0.780468, 0.907448
0.798612, 0.8957
0.81676, 0.882805
0.834909, 0.868642
0.853056, 0.853056
