0.146447, 0.146447
0.164124, 0.129612
0.181802, 0.114319
0.19948, 0.100391
0.217157, 0.0876894
0.234835, 0.0761044
0.252513, 0.0655463
0.27019, 0.055942
0.287868, 0.0472307
0.305546, 0.0393619
0.323223, 0.0322928
0.340901, 0.0259879
0.358579, 0.0204168
0.376256, 0.0155544
0.393934, 0.0113795
0.411612, 0.00787451
0.429289, 0.00502525
0.446967, 0.00282045
0.464645, 0.00125157
0.482322, 0.000312598
0.5, 0
0.517678, 0.000312598
0.535355, 0.00125157
0.553033, 0.00282045
0.570711, 0.00502525
0.588388, 0.00787451
0.606066, 0.0113795
0.623744, 0.0155544
0.641421, 0.0204168
0.659099, 0.0259879
0.676777, 0.0322928
0.694454, 0.0393619
0.712132, 0.0472307
0.72981, 0.055942
0.747487, 0.0655463
0.765165, 0.0761044
0.782843, 0.0876894
0.80052, 0.100391
0.818198, 0.114319
0.835876, 0.129612
0.853553, 0.146447
0.129612, 0.164124
0.148278, 0.148278
0.166878, 0.133853
0.185482, 0.120748
0.204083, 0.108827
0.222677, 0.0979805
0.241261, 0.0881197
0.259832, 0.0791713
0.278388, 0.0710738
0.296928, 0.0637756
0.315452, 0.0572329
0.33396, 0.0514088
0.352453, 0.0462718
0.370931, 0.0417955
0.389396, 0.0379576
0.407849, 0.0347396
0.426291, 0.0321264
0.444726, 0.0301059
0.463154, 0.0286691
0.481578, 0.0278096
0.5, 0.0275235
0.518422, 0.0278096
0.536846, 0.0286691
0.555274, 0.0301059
0.573709, 0.0321264
0.592151, 0.0347396
0.610604, 0.0379576
0.629069, 0.0417955
0.647547, 0.0462718
0.66604, 0.0514088
0.684548, 0.0572329
0.703072, 0.0637756
0.721612, 0.0710738
0.740168, 0.0791713
0.758739, 0.0881197
0.777323, 0.0979805
0.795917, 0.108827
0.814518, 0.120748
0.833122, 0.133853
0.851722, 0.148278
0.870388, 0.164124
0.114319, 0.181802
0.133853, 0.166878
0.153305, 0.153305
0.172764, 0.141004
0.192219, 0.129842
0.21166, 0.119713
0.231079, 0.110525
0.250469, 0.102205
0.269827, 0.094689
0.289152, 0.0879247
0.308442, 0.0818672
0.327699, 0.0764787
0.346924, 0.0717278
0.366122, 0.0675882
0.385294, 0.0640385
0.404444, 0.0610612
0.423577, 0.0586426
0.442695, 0.0567717
0.461802, 0.0554408
0.480903, 0.0546444
0.5, 0.0543793
0.519097, 0.0546444
0.538198, 0.0554408
0.557305, 0.0567717
0.576423, 0.0586426
0.595556, 0.0610612
0.614706, 0.0640385
0.633878, 0.0675882
0.653076, 0.0717278
0.672301, 0.0764787
0.691558, 0.0818672
0.710848, 0.0879247
0.730173, 0.094689
0.749531, 0.102205
0.768921, 0.110525
0.78834, 0.119713
0.807781, 0.129842
0.827236, 0.141004
0.846695, 0.153305
0.866147, 0.166878
0.885681, 0.181802
0.100391, 0.19948
0.120748, 0.185482
0.141004, 0.172764
0.161267, 0.161267
0.18152, 0.150861
0.201742, 0.141433
0.221921, 0.132892
0.242047, 0.125158
0.262115, 0.118166
0.282125, 0.111861
0.302079, 0.106198
0.321984, 0.10114
0.341845, 0.0966594
0.361671, 0.0927343
0.381469, 0.0893497
0.401246, 0.0864952
0.421009, 0.0841642
0.440763, 0.0823531
0.460511, 0.08106
0.480256, 0.0802843
0.5, 0.0800258
0.519744, 0.0802843
0.539489, 0.08106
0.559237, 0.0823531
0.578991, 0.0841642
0.598754, 0.0864952
0.618531, 0.0893497
0.638329, 0.0927343
0.658155, 0.0966594
0.678016, 0.10114
0.697921, 0.106198
0.717875, 0.111861
0.737885, 0.118166
0.757953, 0.125158
0.778079, 0.132892
0.798258, 0.141433
0.81848, 0.150861
0.838733, 0.161267
0.858996, 0.172764
0.879252, 0.185482
0.899609, 0.19948
0.0876894, 0.217157
0.108827, 0.204083
0.129842, 0.192219
0.150861, 0.18152
0.171849, 0.171849
0.192776, 0.163087
0.213623, 0.155136
0.234377, 0.147908
0.255036, 0.141331
0.275603, 0.135347
0.296092, 0.129912
0.316518, 0.124994
0.3369, 0.120575
0.357258, 0.116649
0.377609, 0.113218
0.397966, 0.110288
0.418339, 0.107871
0.438731, 0.105978
0.459142, 0.104618
0.479567, 0.103799
0.5, 0.103525
0.520433, 0.103799
0.540858, 0.104618
0.561269, 0.105978
0.581661, 0.107871
0.602034, 0.110288
0.622391, 0.113218
0.642742, 0.116649
0.6631, 0.120575
0.683482, 0.124994
0.703908, 0.129912
0.724397, 0.135347
0.744964, 0.141331
0.765623, 0.147908
0.786377, 0.155136
0.807224, 0.163087
0.828151, 0.171849
0.849139, 0.18152
0.870158, 0.192219
0.891173, 0.204083
0.912311, 0.217157
0.0761044, 0.234835
0.0979805, 0.222677
0.119713, 0.21166
0.141433, 0.201742
0.163087, 0.192776
0.184631, 0.184631
0.206034, 0.177191
0.227281, 0.170357
0.248376, 0.164046
0.269337, 0.158195
0.290196, 0.152768
0.310997, 0.147755
0.331784, 0.143167
0.352598, 0.139032
0.373466, 0.135382
0.394405, 0.132249
0.415417, 0.129659
0.436497, 0.127629
0.457632, 0.126173
0.478806, 0.125297
0.5, 0.125004
0.521194, 0.125297
0.542368, 0.126173
0.563503, 0.127629
0.584583, 0.129659
0.605595, 0.132249
0.626534, 0.135382
0.647402, 0.139032
0.668216, 0.143167
0.689003, 0.147755
0.709804, 0.152768
0.730663, 0.158195
0.751624, 0.164046
0.772719, 0.170357
0.793966, 0.177191
0.815369, 0.184631
0.836913, 0.192776
0.858567, 0.201742
0.880287, 0.21166
0.90202, 0.222677
0.923896, 0.234835
0.0655463, 0.252513
0.0881197, 0.241261
0.110525, 0.231079
0.132892, 0.221921
0.155136, 0.213623
0.177191, 0.206034
0.199015, 0.199015
0.22059, 0.192445
0.241935, 0.186232
0.263105, 0.180327
0.284183, 0.174735
0.305262, 0.169503
0.32642, 0.164701
0.347708, 0.160395
0.369145, 0.156638
0.390727, 0.153459
0.412436, 0.150871
0.434244, 0.148873
0.456124, 0.147456
0.478051, 0.14661
0.5, 0.146329
0.521949, 0.14661
0.543876, 0.147456
0.565756, 0.148873
0.587564, 0.150871
0.609273, 0.153459
0.630855, 0.156638
0.652292, 0.160395
0.67358, 0.164701
0.694738, 0.169503
0.715817, 0.174735
0.736895, 0.180327
0.758065, 0.186232
0.77941, 0.192445
0.800985, 0.199015
0.822809, 0.206034
0.844864, 0.213623
0.867108, 0.221921
0.889475, 0.231079
0.91188, 0.241261
0.934454, 0.252513
0.055942, 0.27019
0.0791713, 0.259832
0.102205, 0.250469
0.125158, 0.242047
0.147908, 0.234377
0.170357, 0.227281
0.192445, 0.22059
0.214163, 0.214163
0.235577, 0.207923
0.256828, 0.201888
0.278085, 0.196156
0.299491, 0.190855
0.321129, 0.186101
0.343015, 0.181962
0.365125, 0.178465
0.38741, 0.175597
0.409821, 0.173326
0.432313, 0.171613
0.454854, 0.17042
0.477422, 0.169717
0.5, 0.169485
0.522578, 0.169717
0.545146, 0.17042
0.567687, 0.171613
0.590179, 0.173326
0.61259, 0.175597
0.634875, 0.178465
0.656985, 0.181962
0.678871, 0.186101
0.700509, 0.190855
0.721915, 0.196156
0.743172, 0.201888
0.764423, 0.207923
0.785837, 0.214163
0.807555, 0.22059
0.829643, 0.227281
0.852092, 0.234377
0.874842, 0.242047
0.897795, 0.250469
0.920829, 0.259832
0.944058, 0.27019
0.0472307, 0.287868
0.0710738, 0.278388
0.094689, 0.269827
0.118166, 0.262115
0.141331, 0.255036
0.164046, 0.248376
0.186232, 0.241935
0.207923, 0.235577
0.229301, 0.229301
0.250643, 0.22325
0.272201, 0.21763
0.294117, 0.212619
0.316409, 0.208314
0.339018, 0.204729
0.36185, 0.201822
0.384816, 0.199526
0.407848, 0.197767
0.4309, 0.196476
0.453945, 0.195597
0.476978, 0.195087
0.5, 0.19492
0.523022, 0.195087
0.546055, 0.195597
0.5691, 0.196476
0.592152, 0.197767
0.615184, 0.199526
0.63815, 0.201822
0.660982, 0.204729
0.683591, 0.208314
0.705883, 0.212619
0.727799, 0.21763
0.749357, 0.22325
0.770699, 0.229301
0.792077, 0.235577
0.813768, 0.241935
0.835954, 0.248376
0.858669, 0.255036
0.881834, 0.262115
0.905311, 0.269827
0.928926, 0.278388
0.952769, 0.287868
0.0393619, 0.305546
0.0637756, 0.296928
0.0879247, 0.289152
0.111861, 0.282125
0.135347, 0.275603
0.158195, 0.269337
0.180327, 0.263105
0.201888, 0.256828
0.22325, 0.250643
0.244833, 0.244833
0.266905, 0.239664
0.289522, 0.235283
0.312586, 0.231708
0.335945, 0.228872
0.359457, 0.226678
0.383013, 0.225024
0.406541, 0.223814
0.430002, 0.222965
0.453389, 0.222409
0.476712, 0.222095
0.5, 0.221994
0.523288, 0.222095
0.546611, 0.222409
0.569998, 0.222965
0.593459, 0.223814
0.616987, 0.225024
0.640543, 0.226678
0.664055, 0.228872
0.687414, 0.231708
0.710478, 0.235283
0.733095, 0.239664
0.755167, 0.244833
0.77675, 0.250643
0.798112, 0.256828
0.819673, 0.263105
0.841805, 0.269337
0.864653, 0.275603
0.888139, 0.282125
0.912075, 0.289152
0.936224, 0.296928
0.960638, 0.305546
0.0322928, 0.323223
0.0572329, 0.315452
0.0818672, 0.308442
0.106198, 0.302079
0.129912, 0.296092
0.152768, 0.290196
0.174735, 0.284183
0.196156, 0.278085
0.21763, 0.272201
0.239664, 0.266905
0.26244, 0.26244
0.285861, 0.25886
0.309708, 0.256093
0.33377, 0.254024
0.357877, 0.252528
0.381914, 0.251487
0.405813, 0.250793
0.429549, 0.250351
0.453132, 0.250089
0.476597, 0.249953
0.5, 0.249911
0.523403, 0.249953
0.546868, 0.250089
0.570451, 0.250351
0.594187, 0.250793
0.618086, 0.251487
0.642123, 0.252528
0.66623, 0.254024
0.690292, 0.256093
0.714139, 0.25886
0.73756, 0.26244
0.760336, 0.266905
0.78237, 0.272201
0.803844, 0.278085
0.825265, 0.284183
0.847232, 0.290196
0.870088, 0.296092
0.893802, 0.302079
0.918133, 0.308442
0.942767, 0.315452
0.967707, 0.323223
0.0259879, 0.340901
0.0514088, 0.33396
0.0764787, 0.327699
0.10114, 0.321984
0.124994, 0.316518
0.147755, 0.310997
0.169503, 0.305262
0.190855, 0.299491
0.212619, 0.294117
0.235283, 0.289522
0.25886, 0.285861
0.28309, 0.28309
0.307675, 0.28109
0.332366, 0.279723
0.356979, 0.278851
0.381394, 0.278343
0.40555, 0.27808
0.429441, 0.277966
0.453101, 0.277927
0.476594, 0.277919
0.5, 0.277919
0.523406, 0.277919
0.546899, 0.277927
0.570559, 0.277966
0.59445, 0.27808
0.618606, 0.278343
0.643021, 0.278851
0.667634, 0.279723
0.692325, 0.28109
0.71691, 0.28309
0.74114, 0.285861
0.764717, 0.289522
0.787381, 0.294117
0.809145, 0.299491
0.830497, 0.305262
0.852245, 0.310997
0.875006, 0.316518
0.89886, 0.321984
0.923521, 0.327699
0.948591, 0.33396
0.974012, 0.340901
0.0204168, 0.358579
0.0462718, 0.352453
0.0717278, 0.346924
0.0966594, 0.341845
0.120575, 0.3369
0.143167, 0.331784
0.164701, 0.32642
0.186101, 0.321129
0.208314, 0.316409
0.231708, 0.312586
0.256093, 0.309708
0.28109, 0.307675
0.306347, 0.306347
0.331588, 0.305575
0.356611, 0.305208
0.381295, 0.3051
0.405594, 0.30512
0.42953, 0.305175
0.453178, 0.305213
0.476635, 0.305227
0.5, 0.305229
0.523365, 0.305227
0.546822, 0.305213
0.57047, 0.305175
0.594406, 0.30512
0.618705, 0.3051
0.643389, 0.305208
0.668412, 0.305575
0.693653, 0.306347
0.71891, 0.307675
0.743907, 0.309708
0.768292, 0.312586
0.791686, 0.316409
0.813899, 0.321129
0.835299, 0.32642
0.856833, 0.331784
0.879425, 0.3369
0.903341, 0.341845
0.928272, 0.346924
0.953728, 0.352453
0.979583, 0.358579
0.0155544, 0.376256
0.0417955, 0.370931
0.0675882, 0.366122
0.0927343, 0.361671
0.116649, 0.357258
0.139032, 0.352598
0.160395, 0.347708
0.181962, 0.343015
0.204729, 0.339018
0.228872, 0.335945
0.254024, 0.33377
0.279723, 0.332366
0.305575, 0.331588
0.331273, 0.331273
0.356593, 0.331249
0.381412, 0.33134
0.405711, 0.331398
0.429575, 0.33134
0.453154, 0.331176
0.476597, 0.331
0.5, 0.330925
0.523403, 0.331
0.546846, 0.331176
0.570425, 0.33134
0.594289, 0.331398
0.618588, 0.33134
0.643407, 0.331249
0.668727, 0.331273
0.694425, 0.331588
0.720277, 0.332366
0.745976, 0.33377
0.771128, 0.335945
0.795271, 0.339018
0.818038, 0.343015
0.839605, 0.347708
0.860968, 0.352598
0.883351, 0.357258
0.907266, 0.361671
0.932412, 0.366122
0.958204, 0.370931
0.984446, 0.376256
0.0113795, 0.393934
0.0379576, 0.389396
0.0640385, 0.385294
0.0893497, 0.381469
0.113218, 0.377609
0.135382, 0.373466
0.156638, 0.369145
0.178465, 0.365125
0.201822, 0.36185
0.226678, 0.359457
0.252528, 0.357877
0.278851, 0.356979
0.305208, 0.356611
0.331249, 0.356593
0.356713, 0.356713
0.381469, 0.356739
0.405555, 0.356481
0.429188, 0.355884
0.452684, 0.355098
0.476276, 0.354428
0.5, 0.354166
0.523724, 0.354428
0.547316, 0.355098
0.570812, 0.355884
0.594445, 0.356481
0.618531, 0.356739
0.643287, 0.356713
0.668751, 0.356593
0.694792, 0.356611
0.721149, 0.356979
0.747472, 0.357877
0.773322, 0.359457
0.798178, 0.36185
0.821535, 0.365125
0.843362, 0.369145
0.864618, 0.373466
0.886782, 0.377609
0.91065, 0.381469
0.935961, 0.385294
0.962042, 0.389396
0.988621, 0.393934
0.00787451, 0.411612
0.0347396, 0.407849
0.0610612, 0.404444
0.0864952, 0.401246
0.110288, 0.397966
0.132249, 0.394405
0.153459, 0.390727
0.175597, 0.38741
0.199526, 0.384816
0.225024, 0.383013
0.251487, 0.381914
0.278343, 0.381394
0.3051, 0.381295
0.33134, 0.381412
0.356739, 0.381469
0.381146, 0.381146
0.404717, 0.380204
0.427954, 0.378692
0.451454, 0.377019
0.475517, 0.375735
0.5, 0.375258
0.524483, 0.375735
0.548546, 0.377019
0.572046, 0.378692
0.595283, 0.380204
0.618854, 0.381146
0.643261, 0.381469
0.66866, 0.381412
0.6949, 0.381295
0.721657, 0.381394
0.748513, 0.381914
0.774976, 0.383013
0.800474, 0.384816
0.824403, 0.38741
0.846541, 0.390727
0.867751, 0.394405
0.889712, 0.397966
0.913505, 0.401246
0.938939, 0.404444
0.96526, 0.407849
0.992125, 0.411612
0.00502525, 0.429289
0.0321264, 0.426291
0.0586426, 0.423577
0.0841642, 0.421009
0.107871, 0.418339
0.129659, 0.415417
0.150871, 0.412436
0.173326, 0.409821
0.197767, 0.407848
0.223814, 0.406541
0.250793, 0.405813
0.27808, 0.40555
0.30512, 0.405594
0.331398, 0.405711
0.356481, 0.405555
0.380204, 0.404717
0.402991, 0.402991
0.425821, 0.400663
0.449567, 0.398389
0.474433, 0.396795
0.5, 0.39623
0.525567, 0.396795
0.550433, 0.398389
0.574179, 0.400663
0.597009, 0.402991
0.619796, 0.404717
0.643519, 0.405555
0.668602, 0.405711
0.69488, 0.405594
0.72192, 0.40555
0.749207, 0.405813
0.776186, 0.406541
0.802233, 0.407848
0.826674, 0.409821
0.849129, 0.412436
0.870341, 0.415417
0.892129, 0.418339
0.915836, 0.421009
0.941357, 0.423577
0.967874, 0.426291
0.994975, 0.429289
0.00282045, 0.446967
0.0301059, 0.444726
0.0567717, 0.442695
0.0823531, 0.440763
0.105978, 0.438731
0.127629, 0.436497
0.148873, 0.434244
0.171613, 0.432313
0.196476, 0.4309
0.222965, 0.430002
0.250351, 0.429549
0.277966, 0.429441
0.305175, 0.42953
0.33134, 0.429575
0.355884, 0.429188
0.378692, 0.427954
0.400663, 0.425821
0.423297, 0.423297
0.447553, 0.421092
0.473353, 0.419672
0.5, 0.419192
0.526647, 0.419672
0.552447, 0.421092
0.576703, 0.423297
0.599337, 0.425821
0.621308, 0.427954
0.644116, 0.429188
0.66866, 0.429575
0.694825, 0.42953
0.722034, 0.429441
0.749649, 0.429549
0.777035, 0.430002
0.803524, 0.4309
0.828387, 0.432313
0.851127, 0.434244
0.872371, 0.436497
0.894022, 0.438731
0.917647, 0.440763
0.943228, 0.442695
0.969894, 0.444726
0.99718, 0.446967
0.00125157, 0.464645
0.0286691, 0.463154
0.0554408, 0.461802
0.08106, 0.460511
0.104618, 0.459142
0.126173, 0.457632
0.147456, 0.456124
0.17042, 0.454854
0.195597, 0.453945
0.222409, 0.453389
0.250089, 0.453132
0.277927, 0.453101
0.305213, 0.453178
0.331176, 0.453154
0.355098, 0.452684
0.377019, 0.451454
0.398389, 0.449567
0.421092, 0.447553
0.445949, 0.445949
0.472539, 0.444978
0.5, 0.444658
0.527461, 0.444978
0.554051, 0.445949
0.578908, 0.447553
0.601611, 0.449567
0.622981, 0.451454
0.644902, 0.452684
0.668824, 0.453154
0.694787, 0.453178
0.722073, 0.453101
0.749911, 0.453132
0.777591, 0.453389
0.804403, 0.453945
0.82958, 0.454854
0.852544, 0.456124
0.873827, 0.457632
0.895382, 0.459142
0.91894, 0.460511
0.944559, 0.461802
0.971331, 0.463154
0.998748, 0.464645
0.000312598, 0.482322
0.0278096, 0.481578
0.0546444, 0.480903
0.0802843, 0.480256
0.103799, 0.479567
0.125297, 0.478806
0.14661, 0.478051
0.169717, 0.477422
0.195087, 0.476978
0.222095, 0.476712
0.249953, 0.476597
0.277919, 0.476594
0.305227, 0.476635
0.331, 0.476597
0.354428, 0.476276
0.375735, 0.475517
0.396795, 0.474433
0.419672, 0.473353
0.444978, 0.472539
0.47206, 0.47206
0.5, 0.471904
0.52794, 0.47206
0.555022, 0.472539
0.580328, 0.473353
0.603205, 0.474433
0.624265, 0.475517
0.645572, 0.476276
0.669, 0.476597
0.694773, 0.476635
0.722081, 0.476594
0.750047, 0.476597
0.777905, 0.476712
0.804913, 0.476978
0.830283, 0.477422
0.85339, 0.478051
0.874703, 0.478806
0.896201, 0.479567
0.919716, 0.480256
0.945356, 0.480903
0.97219, 0.481578
0.999687, 0.482322
0, 0.5
0.0275235, 0.5
0.0543793, 0.5
0.0800258, 0.5
0.103525, 0.5
0.125004, 0.5
0.146329, 0.5
0.169485, 0.5
0.19492, 0.5
0.221994, 0.5
0.249911, 0.5
0.277919, 0.5
0.305229, 0.5
0.330925, 0.5
0.354166, 0.5
0.375258, 0.5
0.39623, 0.5
0.419192, 0.5
0.444658, 0.5
0.471904, 0.5
0.5, 0.5
0.528096, 0.5
0.555342, 0.5
0.580808, 0.5
0.60377, 0.5
0.624742, 0.5
0.645834, 0.5
0.669075, 0.5
0.694771, 0.5
0.722081, 0.5
0.750089, 0.5
0.778006, 0.5
0.80508, 0.5
0.830515, 0.5
0.853671, 0.5
0.874996, 0.5
0.896475, 0.5
0.919974, 0.5
0.945621, 0.5
0.972477, 0.5
1, 0.5
0.000312598, 0.517678
0.0278096, 0.518422
0.0546444, 0.519097
0.0802843, 0.519744
0.103799, 0.520433
0.125297, 0.521194
0.14661, 0.521949
0.169717, 0.522578
0.195087, 0.523022
0.222095, 0.523288
0.249953, 0.523403
0.277919, 0.523406
0.305227, 0.523365
0.331, 0.523403
0.354428, 0.523724
0.375735, 0.524483
0.396795, 0.525567
0.419672, 0.526647
0.444978, 0.527461
0.47206, 0.52794
0.5, 0.528096
0.52794, 0.52794
0.555022, 0.527461
0.580328, 0.526647
0.603205, 0.525567
0.624265, 0.524483
0.645572, 0.523724
0.669, 0.523403
0.694773, 0.523365
0.722081, 0.523406
0.750047, 0.523403
0.777905, 0.523288
0.804913, 0.523022
0.830283, 0.522578
0.85339, 0.521949
0.874703, 0.521194
0.896201, 0.520433
0.919716, 0.519744
0.945356, 0.519097
0.97219, 0.518422
0.999687, 0.517678
0.00125157, 0.535355
0.0286691, 0.536846
0.0554408, 0.538198
0.08106, 0.539489
0.104618, 0.540858
0.126173, 0.542368
0.147456, 0.543876
0.17042, 0.545146
0.195597, 0.546055
0.222409, 0.546611
0.250089, 0.546868
0.277927, 0.546899
0.305213, 0.546822
0.331176, 0.546846
0.355098, 0.547316
0.377019, 0.548546
0.398389, 0.550433
0.421092, 0.552447
0.445949, 0.554051
0.472539, 0.555022
0.5, 0.555342
0.527461, 0.555022
0.554051, 0.554051
0.578908, 0.552447
0.601611, 0.550433
0.622981, 0.548546
0.644902, 0.547316
0.668824, 0.546846
0.694787, 0.546822
0.722073, 0.546899
0.749911, 0.546868
0.777591, 0.546611
0.804403, 0.546055
0.82958, 0.545146
0.852544, 0.543876
0.873827, 0.542368
0.895382, 0.540858
0.91894, 0.539489
0.944559, 0.538198
0.971331, 0.536846
0.998748, 0.535355
0.00282045, 0.553033
0.0301059, 0.555274
0.0567717, 0.557305
0.0823531, 0.559237
0.105978, 0.561269
0.127629, 0.563503
0.148873, 0.565756
0.171613, 0.567687
0.196476, 0.5691
0.222965, 0.569998
0.250351, 0.570451
0.277966, 0.570559
0.305175, 0.57047
0.33134, 0.570425
0.355884, 0.570812
0.378692, 0.572046
0.400663, 0.574179
0.423297, 0.576703
0.447553, 0.578908
0.473353, 0.580328
0.5, 0.580808
0.526647, 0.580328
0.552447, 0.578908
0.576703, 0.576703
0.599337, 0.574179
0.621308, 0.572046
0.644116, 0.570812
0.66866, 0.570425
0.694825, 0.57047
0.722034, 0.570559
0.749649, 0.570451
0.777035, 0.569998
0.803524, 0.5691
0.828387, 0.567687
0.851127, 0.565756
0.872371, 0.563503
0.894022, 0.561269
0.917647, 0.559237
0.943228, 0.557305
0.969894, 0.555274
0.99718, 0.553033
0.00502525, 0.570711
0.0321264, 0.573709
0.0586426, 0.576423
0.0841642, 0.578991
0.107871, 0.581661
0.129659, 0.584583
0.150871, 0.587564
0.173326, 0.590179
0.197767, 0.592152
0.223814, 0.593459
0.250793, 0.594187
0.27808, 0.59445
0.30512, 0.594406
0.331398, 0.594289
0.356481, 0.594445
0.380204, 0.595283
0.402991, 0.597009
0.425821, 0.599337
0.449567, 0.601611
0.474433, 0.603205
0.5, 0.60377
0.525567, 0.603205
0.550433, 0.601611
0.574179, 0.599337
0.597009, 0.597009
0.619796, 0.595283
0.643519, 0.594445
0.668602, 0.594289
0.69488, 0.594406
0.72192, 0.59445
0.749207, 0.594187
0.776186, 0.593459
0.802233, 0.592152
0.826674, 0.590179
0.849129, 0.587564
0.870341, 0.584583
0.892129, 0.581661
0.915836, 0.578991
0.941357, 0.576423
0.967874, 0.573709
0.994975, 0.570711
0.00787451, 0.588388
0.0347396, 0.592151
0.0610612, 0.595556
0.0864952, 0.598754
0.110288, 0.602034
0.132249, 0.605595
0.153459, 0.609273
0.175597, 0.61259
0.199526, 0.615184
0.225024, 0.616987
0.251487, 0.618086
0.278343, 0.618606
0.3051, 0.618705
0.33134, 0.618588
0.356739, 0.618531
0.381146, 0.618854
0.404717, 0.619796
0.427954, 0.621308
0.451454, 0.622981
0.475517, 0.624265
0.5, 0.624742
0.524483, 0.624265
0.548546, 0.622981
0.572046, 0.621308
0.595283, 0.619796
0.618854, 0.618854
0.643261, 0.618531
0.66866, 0.618588
0.6949, 0.618705
0.721657, 0.618606
0.748513, 0.618086
0.774976, 0.616987
0.800474, 0.615184
0.824403, 0.61259
0.846541, 0.609273
0.867751, 0.605595
0.889712, 0.602034
0.913505, 0.598754
0.938939, 0.595556
0.96526, 0.592151
0.992125, 0.588388
0.0113795, 0.606066
0.0379576, 0.610604
0.0640385, 0.614706
0.0893497, 0.618531
0.113218, 0.622391
0.135382, 0.626534
0.156638, 0.630855
0.178465, 0.634875
0.201822, 0.63815
0.226678, 0.640543
0.252528, 0.642123
0.278851, 0.643021
0.305208, 0.643389
0.331249, 0.643407
0.356713, 0.643287
0.381469, 0.643261
0.405555, 0.643519
0.429188, 0.644116
0.452684, 0.644902
0.476276, 0.645572
0.5, 0.645834
0.523724, 0.645572
0.547316, 0.644902
0.570812, 0.644116
0.594445, 0.643519
0.618531, 0.643261
0.643287, 0.643287
0.668751, 0.643407
0.694792, 0.643389
0.721149, 0.643021
0.747472, 0.642123
0.773322, 0.640543
0.798178, 0.63815
0.821535, 0.634875
0.843362, 0.630855
0.864618, 0.626534
0.886782, 0.622391
0.91065, 0.618531
0.935961, 0.614706
0.962042, 0.610604
0.988621, 0.606066
0.0155544, 0.623744
0.0417955, 0.629069
0.0675882, 0.633878
0.0927343, 0.638329
0.116649, 0.642742
0.139032, 0.647402
0.160395, 0.652292
0.181962, 0.656985
0.204729, 0.660982
0.228872, 0.664055
0.254024, 0.66623
0.279723, 0.667634
0.305575, 0.668412
0.331273, 0.668727
0.356593, 0.668751
0.381412, 0.66866
0.405711, 0.668602
0.429575, 0.66866
0.453154, 0.668824
0.476597, 0.669
0.5, 0.669075
0.523403, 0.669
0.546846, 0.668824
0.570425, 0.66866
0.594289, 0.668602
0.618588, 0.66866
0.643407, 0.668751
0.668727, 0.668727
0.694425, 0.668412
0.720277, 0.667634
0.745976, 0.66623
0.771128, 0.664055
0.795271, 0.660982
0.818038, 0.656985
0.839605, 0.652292
0.860968, 0.647402
0.883351, 0.642742
0.907266, 0.638329
0.932412, 0.633878
0.958204, 0.629069
0.984446, 0.623744
0.0204168, 0.641421
0.0462718, 0.647547
0.0717278, 0.653076
0.0966594, 0.658155
0.120575, 0.6631
0.143167, 0.668216
0.164701, 0.67358
0.186101, 0.678871
0.208314, 0.683591
0.231708, 0.687414
0.256093, 0.690292
0.28109, 0.692325
0.306347, 0.693653
0.331588, 0.694425
0.356611, 0.694792
0.381295, 0.6949
0.405594, 0.69488
0.42953, 0.694825
0.453178, 0.694787
0.476635, 0.694773
0.5, 0.694771
0.523365, 0.694773
0.546822, 0.694787
0.57047, 0.694825
0.594406, 0.69488
0.618705, 0.6949
0.643389, 0.694792
0.668412, 0.694425
0.693653, 0.693653
0.71891, 0.692325
0.743907, 0.690292
0.768292, 0.687414
0.791686, 0.683591
0.813899, 0.678871
0.835299, 0.67358
0.856833, 0.668216
0.879425, 0.6631
0.903341, 0.658155
0.928272, 0.653076
0.953728, 0.647547
0.979583, 0.641421
0.0259879, 0.659099
0.0514088, 0.66604
0.0764787, 0.672301
0.10114, 0.678016
0.124994, 0.683482
0.147755, 0.689003
0.169503, 0.694738
0.190855, 0.700509
0.212619, 0.705883
0.235283, 0.710478
0.25886, 0.714139
0.28309, 0.71691
0.307675, 0.71891
0.332366, 0.720277
0.356979, 0.721149
0.381394, 0.721657
0.40555, 0.72192
0.429441, 0.722034
0.453101, 0.722073
0.476594, 0.722081
0.5, 0.722081
0.523406, 0.722081
0.546899, 0.722073
0.570559, 0.722034
0.59445, 0.72192
0.618606, 0.721657
0.643021, 0.721149
0.667634, 0.720277
0.692325, 0.71891
0.71691, 0.71691
0.74114, 0.714139
0.764717, 0.710478
0.787381, 0.705883
0.809145, 0.700509
0.830497, 0.694738
0.852245, 0.689003
0.875006, 0.683482
0.89886, 0.678016
0.923521, 0.672301
0.948591, 0.66604
0.974012, 0.659099
0.0322928, 0.676777
0.0572329, 0.684548
0.0818672, 0.691558
0.106198, 0.697921
0.129912, 0.703908
0.152768, 0.709804
0.174735, 0.715817
0.196156, 0.721915
0.21763, 0.727799
0.239664, 0.733095
0.26244, 0.73756
0.285861, 0.74114
0.309708, 0.743907
0.33377, 0.745976
0.357877, 0.747472
0.381914, 0.748513
0.405813, 0.749207
0.429549, 0.749649
0.453132, 0.749911
0.476597, 0.750047
0.5, 0.750089
0.523403, 0.750047
0.546868, 0.749911
0.570451, 0.749649
0.594187, 0.749207
0.618086, 0.748513
0.642123, 0.747472
0.66623, 0.745976
0.690292, 0.743907
0.714139, 0.74114
0.73756, 0.73756
0.760336, 0.733095
0.78237, 0.727799
0.803844, 0.721915
0.825265, 0.715817
0.847232, 0.709804
0.870088, 0.703908
0.893802, 0.697921
0.918133, 0.691558
0.942767, 0.684548
0.967707, 0.676777
0.0393619, 0.694454
0.0637756, 0.703072
0.0879247, 0.710848
0.111861, 0.717875
0.135347, 0.724397
0.158195, 0.730663
0.180327, 0.736895
0.201888, 0.743172
0.22325, 0.749357
0.244833, 0.755167
0.266905, 0.760336
0.289522, 0.764717
0.312586, 0.768292
0.335945, 0.771128
0.359457, 0.773322
0.383013, 0.774976
0.406541, 0.776186
0.430002, 0.777035
0.453389, 0.777591
0.476712, 0.777905
0.5, 0.778006
0.523288, 0.777905
0.546611, 0.777591
0.569998, 0.777035
0.593459, 0.776186
0.616987, 0.774976
0.640543, 0.773322
0.664055, 0.771128
0.687414, 0.768292
0.710478, 0.764717
0.733095, 0.760336
0.755167, 0.755167
0.77675, 0.749357
0.798112, 0.743172
0.819673, 0.736895
0.841805, 0.730663
0.864653, 0.724397
0.888139, 0.717875
0.912075, 0.710848
0.936224, 0.703072
0.960638, 0.694454
0.0472307, 0.712132
0.0710738, 0.721612
0.094689, 0.730173
0.118166, 0.737885
0.141331, 0.744964
0.164046, 0.751624
0.186232, 0.758065
0.207923, 0.764423
0.229301, 0.770699
0.250643, 0.77675
0.272201, 0.78237
0.294117, 0.787381
0.316409, 0.791686
0.339018, 0.795271
0.36185, 0.798178
0.384816, 0.800474
0.407848, 0.802233
0.4309, 0.803524
0.453945, 0.804403
0.476978, 0.804913
0.5, 0.80508
0.523022, 0.804913
0.546055, 0.804403
0.5691, 0.803524
0.592152, 0.802233
0.615184, 0.800474
0.63815, 0.798178
0.660982, 0.795271
0.683591, 0.791686
0.705883, 0.787381
0.727799, 0.78237
0.749357, 0.77675
0.770699, 0.770699
0.792077, 0.764423
0.813768, 0.758065
0.835954, 0.751624
0.858669, 0.744964
0.881834, 0.737885
0.905311, 0.730173
0.928926, 0.721612
0.952769, 0.712132
0.055942, 0.72981
0.0791713, 0.740168
0.102205, 0.749531
0.125158, 0.757953
0.147908, 0.765623
0.170357, 0.772719
0.192445, 0.77941
0.214163, 0.785837
0.235577, 0.792077
0.256828, 0.798112
0.278085, 0.803844
0.299491, 0.809145
0.321129, 0.813899
0.343015, 0.818038
0.365125, 0.821535
0.38741, 0.824403
0.409821, 0.826674
0.432313, 0.828387
0.454854, 0.82958
0.477422, 0.830283
0.5, 0.830515
0.522578, 0.830283
0.545146, 0.82958
0.567687, 0.828387
0.590179, 0.826674
0.61259, 0.824403
0.634875, 0.821535
0.656985, 0.818038
0.678871, 0.813899
0.700509, 0.809145
0.721915, 0.803844
0.743172, 0.798112
0.764423, 0.792077
0.785837, 0.785837
0.807555, 0.77941
0.829643, 0.772719
0.852092, 0.765623
0.874842, 0.757953
0.897795, 0.749531
0.920829, 0.740168
0.944058, 0.72981
0.0655463, 0.747487
0.0881197, 0.758739
0.110525, 0.768921
0.132892, 0.778079
0.155136, 0.786377
0.177191, 0.793966
0.199015, 0.800985
0.22059, 0.807555
0.241935, 0.813768
0.263105, 0.819673
0.284183, 0.825265
0.305262, 0.830497
0.32642, 0.835299
0.347708, 0.839605
0.369145, 0.843362
0.390727, 0.846541
0.412436, 0.849129
0.434244, 0.851127
0.456124, 0.852544
0.478051, 0.85339
0.5, 0.853671
0.521949, 0.85339
0.543876, 0.852544
0.565756, 0.851127
0.587564, 0.849129
0.609273, 0.846541
0.630855, 0.843362
0.652292, 0.839605
0.67358, 0.835299
0.694738, 0.830497
0.715817, 0.825265
0.736895, 0.819673
0.758065, 0.813768
0.77941, 0.807555
0.800985, 0.800985
0.822809, 0.793966
0.844864, 0.786377
0.867108, 0.778079
0.889475, 0.768921
0.91188, 0.758739
0.934454, 0.747487
0.0761044, 0.765165
0.0979805, 0.777323
0.119713, 0.78834
0.141433, 0.798258
0.163087, 0.807224
0.184631, 0.815369
0.206034, 0.822809
0.227281, 0.829643
0.248376, 0.835954
0.269337, 0.841805
0.290196, 0.847232
0.310997, 0.852245
0.331784, 0.856833
0.352598, 0.860968
0.373466, 0.864618
0.394405, 0.867751
0.415417, 0.870341
0.436497, 0.872371
0.457632, 0.873827
0.478806, 0.874703
0.5, 0.874996
0.521194, 0.874703
0.542368, 0.873827
0.563503, 0.872371
0.584583, 0.870341
0.605595, 0.867751
0.626534, 0.864618
0.647402, 0.860968
0.668216, 0.856833
0.689003, 0.852245
0.709804, 0.847232
0.730663, 0.841805
0.751624, 0.835954
0.772719, 0.829643
0.793966, 0.822809
0.815369, 0.815369
0.836913, 0.807224
0.858567, 0.798258
0.880287, 0.78834
0.90202, 0.777323
0.923896, 0.765165
0.0876894, 0.782843
0.108827, 0.795917
0.129842, 0.807781
0.150861, 0.81848
0.171849, 0.828151
0.192776, 0.836913
0.213623, 0.844864
0.234377, 0.852092
0.255036, 0.858669
0.275603, 0.864653
0.296092, 0.870088
0.316518, 0.875006
0.3369, 0.879425
0.357258, 0.883351
0.377609, 0.886782
0.397966, 0.889712
0.418339, 0.892129
0.438731, 0.894022
0.459142, 0.895382
0.479567, 0.896201
0.5, 0.896475
0.520433, 0.896201
0.540858, 0.895382
0.561269, 0.894022
0.581661, 0.892129
0.602034, 0.889712
0.622391, 0.886782
0.642742, 0.883351
0.6631, 0.879425
0.683482, 0.875006
0.703908, 0.870088
0.724397, 0.864653
0.744964, 0.858669
0.765623, 0.852092
0.786377, 0.844864
0.807224, 0.836913
0.828151, 0.828151
0.849139, 0.81848
0.870158, 0.807781
0.891173, 0.795917
0.912311, 0.782843
0.100391, 0.80052
0.120748, 0.814518
0.141004, 0.827236
0.161267, 0.838733
0.18152, 0.849139
0.201742, 0.858567
0.221921, 0.867108
0.242047, 0.874842
0.262115, 0.881834
0.282125, 0.888139
0.302079, 0.893802
0.321984, 0.89886
0.341845, 0.903341
0.361671, 0.907266
0.381469, 0.91065
0.401246, 0.913505
0.421009, 0.915836
0.440763, 0.917647
0.460511, 0.91894
0.480256, 0.919716
0.5, 0.919974
0.519744, 0.919716
0.539489, 0.91894
0.559237, 0.917647
0.578991, 0.915836
0.598754, 0.913505
0.618531, 0.91065
0.638329, 0.907266
0.658155, 0.903341
0.678016, 0.89886
0.697921, 0.893802
0.717875, 0.888139
0.737885, 0.881834
0.757953, 0.874842
0.778079, 0.867108
0.798258, 0.858567
0.81848, 0.849139
0.838733, 0.838733
0.858996, 0.827236
0.879252, 0.814518
0.899609, 0.80052
0.114319, 0.818198
0.133853, 0.833122
0.153305, 0.846695
0.172764, 0.858996
0.192219, 0.870158
0.21166, 0.880287
0.231079, 0.889475
0.250469, 0.897795
0.269827, 0.905311
0.289152, 0.912075
0.308442, 0.918133
0.327699, 0.923521
0.346924, 0.928272
0.366122, 0.932412
0.385294, 0.935961
0.404444, 0.938939
0.423577, 0.941357
0.442695, 0.943228
0.461802, 0.944559
0.480903, 0.945356
0.5, 0.945621
0.519097, 0.945356
0.538198, 0.944559
0.557305, 0.943228
0.576423, 0.941357
0.595556, 0.938939
0.614706, 0.935961
0.633878, 0.932412
0.653076, 0.928272
0.672301, 0.923521
0.691558, 0.918133
0.710848, 0.912075
0.730173, 0.905311
0.749531, 0.897795
0.768921, 0.889475
0.78834, 0.880287
0.807781, 0.870158
0.827236, 0.858996
0.846695, 0.846695
0.866147, 0.833122
0.885681, 0.818198
0.129612, 0.835876
0.148278, 0.851722
0.166878, 0.866147
0.185482, 0.879252
0.204083, 0.891173
0.222677, 0.90202
0.241261, 0.91188
0.259832, 0.920829
0.278388, 0.928926
0.296928, 0.936224
0.315452, 0.942767
0.33396, 0.948591
0.352453, 0.953728
0.370931, 0.958204
0.389396, 0.962042
0.407849, 0.96526
0.426291, 0.967874
0.444726, 0.969894
0.463154, 0.971331
0.481578, 0.97219
0.5, 0.972477
0.518422, 0.97219
0.536846, 0.971331
0.555274, 0.969894
0.573709, 0.967874
0.592151, 0.96526
0.610604, 0.962042
0.629069, 0.958204
0.647547, 0.953728
0.66604, 0.948591
0.684548, 0.942767
0.703072, 0.936224
0.721612, 0.928926
0.740168, 0.920829
0.758739, 0.91188
0.777323, 0.90202
0.795917, 0.891173
0.814518, 0.879252
0.833122, 0.866147
0.851722, 0.851722
0.870388, 0.835876
0.146447, 0.853553
0.164124, 0.870388
0.181802, 0.885681
0.19948, 0.899609
0.217157, 0.912311
0.234835, 0.923896
0.252513, 0.934454
0.27019, 0.944058
0.287868, 0.952769
0.305546, 0.960638
0.323223, 0.967707
0.340901, 0.974012
0.358579, 0.979583
0.376256, 0.984446
0.393934, 0.988621
0.411612, 0.992125
0.429289, 0.994975
0.446967, 0.99718
0.464645, 0.998748
0.482322, 0.999687
0.5, 1
0.517678, 0.999687
0.535355, 0.998748
0.553033, 0.99718
0.570711, 0.994975
0.588388, 0.992125
0.606066, 0.988621
0.623744, 0.984446
0.641421, 0.979583
0.659099, 0.974012
0.676777, 0.967707
0.694454, 0.960638
0.712132, 0.952769
0.72981, 0.944058
0.747487, 0.934454
0.765165, 0.923896
0.782843, 0.912311
0.80052, 0.899609
0.818198, 0.885681
0.835876, 0.870388
0.853553, 0.853553
0.146952, 0.146952
0.165102, 0.131371
0.183254, 0.117212
0.201404, 0.104323
0.219549, 0.0925792
0.23769, 0.0818832
0.255823, 0.0721538
0.273949, 0.063324
0.292068, 0.0553381
0.310178, 0.0481493
0.328282, 0.0417181
0.346378, 0.0360113
0.364468, 0.031001
0.382552, 0.0266635
0.40063, 0.0229793
0.418704, 0.0199323
0.436774, 0.0175097
0.45484, 0.0157012
0.472905, 0.0144997
0.490969, 0.0139001
0.509031, 0.0139001
0.527095, 0.0144997
0.54516, 0.0157012
0.563226, 0.0175097
0.581296, 0.0199323
0.59937, 0.0229793
0.617448, 0.0266635
0.635532, 0.031001
0.653622, 0.0360113
0.671718, 0.0417181
0.689822, 0.0481493
0.707932, 0.0553381
0.726051, 0.063324
0.744177, 0.0721538
0.76231, 0.0818832
0.780451, 0.0925792
0.798596, 0.104323
0.816746, 0.117212
0.834898, 0.131371
0.853048, 0.146952
0.131371, 0.165102
0.150405, 0.150405
0.169438, 0.137068
0.188472, 0.124955
0.207501, 0.113947
0.226517, 0.103946
0.245515, 0.0948706
0.264493, 0.0866539
0.283447, 0.079239
0.302377, 0.0725778
0.321284, 0.0666298
0.340166, 0.0613603
0.359026, 0.0567403
0.377866, 0.0527456
0.396688, 0.0493559
0.415493, 0.0465546
0.434286, 0.0443286
0.453069, 0.0426677
0.471844, 0.0415645
0.490615, 0.0410141
0.509385, 0.0410141
0.528156, 0.0415645
0.546931, 0.0426677
0.565714, 0.0443286
0.584507, 0.0465546
0.603312, 0.0493559
0.622134, 0.0527456
0.640974, 0.0567403
0.659834, 0.0613603
0.678716, 0.0666298
0.697623, 0.0725778
0.716553, 0.079239
0.735507, 0.0866539
0.754485, 0.0948706
0.773483, 0.103946
0.792499, 0.113947
0.811528, 0.124955
0.830562, 0.137068
0.849595, 0.150405
0.868629, 0.165102
0.117212, 0.183254
0.137068, 0.169438
0.156926, 0.156926
0.176787, 0.145593
0.196634, 0.135318
0.216456, 0.126001
0.236243, 0.117561
0.255989, 0.109928
0.275691, 0.103042
0.295348, 0.0968553
0.314964, 0.0913261
0.334539, 0.0864208
0.35408, 0.082112
0.37359, 0.078378
0.393075, 0.0752018
0.412541, 0.0725707
0.431991, 0.0704752
0.451429, 0.0689086
0.47086, 0.0678665
0.490287, 0.0673461
0.509713, 0.0673461
0.52914, 0.0678665
0.548571, 0.0689086
0.568009, 0.0704752
0.587459, 0.0725707
0.606925, 0.0752018
0.62641, 0.078378
0.64592, 0.082112
0.665461, 0.0864208
0.685036, 0.0913261
0.704652, 0.0968553
0.724309, 0.103042
0.744011, 0.109928
0.763757, 0.117561
0.783544, 0.126001
0.803366, 0.135318
0.823213, 0.145593
0.843074, 0.156926
0.862932, 0.169438
0.882788, 0.183254
0.104323, 0.201404
0.124955, 0.188472
0.145593, 0.176787
0.166226, 0.166226
0.186828, 0.156665
0.207379, 0.148002
0.227867, 0.140147
0.248282, 0.133027
0.268624, 0.126579
0.288897, 0.120753
0.309109, 0.115508
0.329269, 0.110816
0.34939, 0.106656
0.369486, 0.103015
0.389566, 0.0998895
0.409639, 0.0972776
0.429713, 0.0951817
0.44979, 0.0936053
0.469872, 0.0925519
0.489957, 0.0920245
0.510043, 0.0920245
0.530128, 0.0925519
0.55021, 0.0936053
0.570287, 0.0951817
0.590361, 0.0972776
0.610434, 0.0998895
0.630514, 0.103015
0.65061, 0.106656
0.670731, 0.110816
0.690891, 0.115508
0.711103, 0.120753
0.731376, 0.126579
0.751718, 0.133027
0.772133, 0.140147
0.792621, 0.148002
0.813172, 0.156665
0.833774, 0.166226
0.854407, 0.176787
0.875045, 0.188472
0.895677, 0.201404
0.0925792, 0.219549
0.113947, 0.207501
0.135318, 0.196634
0.156665, 0.186828
0.177949, 0.177949
0.19914, 0.169885
0.220219, 0.162537
0.241178, 0.155821
0.262021, 0.149667
0.282763, 0.144023
0.303427, 0.138855
0.324042, 0.134148
0.344638, 0.129903
0.365241, 0.126132
0.385872, 0.122854
0.406542, 0.120088
0.427254, 0.117853
0.448006, 0.116164
0.46879, 0.115033
0.489594, 0.114465
0.510406, 0.114465
0.53121, 0.115033
0.551994, 0.116164
0.572746, 0.117853
0.593458, 0.120088
0.614128, 0.122854
0.634759, 0.126132
0.655362, 0.129903
0.675958, 0.134148
0.696573, 0.138855
0.717237, 0.144023
0.737979, 0.149667
0.758822, 0.155821
0.779781, 0.162537
0.80086, 0.169885
0.822051, 0.177949
0.843335, 0.186828
0.864682, 0.196634
0.886053, 0.207501
0.907421, 0.219549
0.0818832, 0.23769
0.103946, 0.226517
0.126001, 0.216456
0.148002, 0.207379
0.169885, 0.19914
0.191608, 0.191608
0.213144, 0.184667
0.234486, 0.178213
0.255654, 0.172173
0.276689, 0.166504
0.297653, 0.1612
0.318611, 0.156288
0.339618, 0.151815
0.360712, 0.147827
0.381912, 0.144367
0.403219, 0.141463
0.424622, 0.139134
0.446103, 0.137386
0.467639, 0.136222
0.489209, 0.13564
0.510791, 0.13564
0.532361, 0.136222
0.553897, 0.137386
0.575378, 0.139134
0.596781, 0.141463
0.618088, 0.144367
0.639288, 0.147827
0.660382, 0.151815
0.681389, 0.156288
0.702347, 0.1612
0.723311, 0.166504
0.744346, 0.172173
0.765514, 0.178213
0.786856, 0.184667
0.808392, 0.191608
0.830115, 0.19914
0.851998, 0.207379
0.873999, 0.216456
0.896054, 0.226517
0.918117, 0.23769
0.0721538, 0.255823
0.0948706, 0.245515
0.117561, 0.236243
0.140147, 0.227867
0.162537, 0.220219
0.184667, 0.213144
0.206497, 0.206497
0.228036, 0.200163
0.249344, 0.194079
0.27053, 0.188257
0.291721, 0.182765
0.313024, 0.177703
0.334501, 0.173158
0.356174, 0.169192
0.378027, 0.165833
0.40003, 0.163082
0.422147, 0.160923
0.444342, 0.159332
0.466587, 0.158286
0.488859, 0.157768
0.511141, 0.157768
0.533413, 0.158286
0.555658, 0.159332
0.577853, 0.160923
0.59997, 0.163082
0.621973, 0.165833
0.643826, 0.169192
0.665499, 0.173158
0.686976, 0.177703
0.708279, 0.182765
0.72947, 0.188257
0.750656, 0.194079
0.771964, 0.200163
0.793503, 0.206497
0.815333, 0.213144
0.837463, 0.220219
0.859853, 0.227867
0.882439, 0.236243
0.905129, 0.245515
0.927846, 0.255823
0.063324, 0.273949
0.0866539, 0.264493
0.109928, 0.255989
0.133027, 0.248282
0.155821, 0.241178
0.178213, 0.234486
0.200163, 0.228036
0.221722, 0.221722
0.243053, 0.215554
0.264376, 0.209655
0.285884, 0.204191
0.307682, 0.199308
0.329787, 0.195086
0.352155, 0.191543
0.374718, 0.18865
0.397407, 0.186356
0.42017, 0.184604
0.442968, 0.183342
0.465779, 0.182526
0.488593, 0.182125
0.511407, 0.182125
0.534221, 0.182526
0.557032, 0.183342
0.57983, 0.184604
0.602593, 0.186356
0.625282, 0.18865
0.647845, 0.191543
0.670213, 0.195086
0.692318, 0.199308
0.714116, 0.204191
0.735624, 0.209655
0.756947, 0.215554
0.778278, 0.221722
0.799837, 0.228036
0.821787, 0.234486
0.844179, 0.241178
0.866973, 0.248282
0.890072, 0.255989
0.913346, 0.264493
0.936676, 0.273949
0.0553381, 0.292068
0.079239, 0.283447
0.103042, 0.275691
0.126579, 0.268624
0.149667, 0.262021
0.172173, 0.255654
0.194079, 0.249344
0.215554, 0.243053
0.236928, 0.236928
0.258532, 0.231217
0.280561, 0.226142
0.303042, 0.221817
0.325892, 0.218251
0.348991, 0.215387
0.372226, 0.213142
0.395512, 0.211427
0.418792, 0.210161
0.442039, 0.209276
0.465244, 0.208716
0.488419, 0.208446
0.511581, 0.208446
0.534756, 0.208716
0.557961, 0.209276
0.581208, 0.210161
0.604488, 0.211427
0.627774, 0.213142
0.651009, 0.215387
0.674108, 0.218251
0.696958, 0.221817
0.719439, 0.226142
0.741468, 0.231217
0.763072, 0.236928
0.784446, 0.243053
0.805921, 0.249344
0.827827, 0.255654
0.850333, 0.262021
0.873421, 0.268624
0.896958, 0.275691
0.920761, 0.283447
0.944662, 0.292068
0.0481493, 0.310178
0.0725778, 0.302377
0.0968553, 0.295348
0.120753, 0.288897
0.144023, 0.282763
0.166504, 0.276689
0.188257, 0.27053
0.209655, 0.264376
0.231217, 0.258532
0.25332, 0.25332
0.276059, 0.248924
0.299326, 0.245369
0.322935, 0.242581
0.346715, 0.240453
0.370532, 0.238872
0.394296, 0.237733
0.41796, 0.236942
0.441507, 0.23642
0.464951, 0.236106
0.488325, 0.23596
0.511675, 0.23596
0.535049, 0.236106
0.558493, 0.23642
0.58204, 0.236942
0.605704, 0.237733
0.629468, 0.238872
0.653285, 0.240453
0.677065, 0.242581
0.700674, 0.245369
0.723941, 0.248924
0.74668, 0.25332
0.768783, 0.258532
0.790345, 0.264376
0.811743, 0.27053
0.833496, 0.276689
0.855977, 0.282763
0.879247, 0.288897
0.903145, 0.295348
0.927422, 0.302377
0.951851, 0.310178
0.0417181, 0.328282
0.0666298, 0.321284
0.0913261, 0.314964
0.115508, 0.309109
0.138855, 0.303427
0.1612, 0.297653
0.182765, 0.291721
0.204191, 0.285884
0.226142, 0.280561
0.248924, 0.276059
0.272465, 0.272465
0.29652, 0.269712
0.320839, 0.267683
0.34522, 0.266246
0.369522, 0.265276
0.393654, 0.264657
0.41758, 0.264284
0.4413, 0.264075
0.464853, 0.263968
0.488297, 0.263924
0.511703, 0.263924
0.535147, 0.263968
0.5587, 0.264075
0.58242, 0.264284
0.606346, 0.264657
0.630478, 0.265276
0.65478, 0.266246
0.679161, 0.267683
0.70348, 0.269712
0.727535, 0.272465
0.751076, 0.276059
0.773858, 0.280561
0.795809, 0.285884
0.817235, 0.291721
0.8388, 0.297653
0.861145, 0.303427
0.884492, 0.309109
0.908674, 0.314964
0.93337, 0.321284
0.958282, 0.328282
0.0360113, 0.346378
0.0613603, 0.340166
0.0864208, 0.334539
0.110816, 0.329269
0.134148, 0.324042
0.156288, 0.318611
0.177703, 0.313024
0.199308, 0.307682
0.221817, 0.303042
0.245369, 0.299326
0.269712, 0.29652
0.294509, 0.294509
0.319469, 0.293157
0.344369, 0.292321
0.369059, 0.291865
0.393454, 0.291659
0.417529, 0.291596
0.441316, 0.291593
0.46488, 0.291606
0.488309, 0.291615
0.511691, 0.291615
0.53512, 0.291606
0.558684, 0.291593
0.582471, 0.291596
0.606546, 0.291659
0.630941, 0.291865
0.655631, 0.292321
0.680531, 0.293157
0.705491, 0.294509
0.730288, 0.29652
0.754631, 0.299326
0.778183, 0.303042
0.800692, 0.307682
0.822297, 0.313024
0.843712, 0.318611
0.865852, 0.324042
0.889184, 0.329269
0.913579, 0.334539
0.93864, 0.340166
0.963989, 0.346378
0.031001, 0.364468
0.0567403, 0.359026
0.082112, 0.35408
0.106656, 0.34939
0.129903, 0.344638
0.151815, 0.339618
0.173158, 0.334501
0.195086, 0.329787
0.218251, 0.325892
0.242581, 0.322935
0.267683, 0.320839
0.293157, 0.319469
0.31868, 0.31868
0.344009, 0.318319
0.36898, 0.318231
0.393516, 0.318268
0.417624, 0.318315
0.441383, 0.318314
0.464909, 0.318268
0.488315, 0.318224
0.511685, 0.318224
0.535091, 0.318268
0.558617, 0.318314
0.582376, 0.318315
0.606484, 0.318268
0.63102, 0.318231
0.655991, 0.318319
0.68132, 0.31868
0.706843, 0.319469
0.732317, 0.320839
0.757419, 0.322935
0.781749, 0.325892
0.804914, 0.329787
0.826842, 0.334501
0.848185, 0.339618
0.870097, 0.344638
0.893344, 0.34939
0.917888, 0.35408
0.94326, 0.359026
0.968999, 0.364468
0.0266635, 0.382552
0.0527456, 0.377866
0.078378, 0.37359
0.103015, 0.369486
0.126132, 0.365241
0.147827, 0.360712
0.169192, 0.356174
0.191543, 0.352155
0.215387, 0.348991
0.240453, 0.346715
0.266246, 0.34522
0.292321, 0.344369
0.318319, 0.344009
0.343965, 0.343965
0.369075, 0.344046
0.393586, 0.344068
0.417569, 0.343904
0.441209, 0.343544
0.464719, 0.343123
0.488233, 0.34284
0.511767, 0.34284
0.535281, 0.343123
0.558791, 0.343544
0.582431, 0.343904
0.606414, 0.344068
0.630925, 0.344046
0.656035, 0.343965
0.681681, 0.344009
0.707679, 0.344369
0.733754, 0.34522
0.759547, 0.346715
0.784613, 0.348991
0.808457, 0.352155
0.830808, 0.356174
0.852173, 0.360712
0.873868, 0.365241
0.896985, 0.369486
0.921622, 0.37359
0.947254, 0.377866
0.973337, 0.382552
0.0229793, 0.40063
0.0493559, 0.396688
0.0752018, 0.393075
0.0998895, 0.389566
0.122854, 0.385872
0.144367, 0.381912
0.165833, 0.378027
0.18865, 0.374718
0.213142, 0.372226
0.238872, 0.370532
0.265276, 0.369522
0.291865, 0.369059
0.318231, 0.36898
0.344046, 0.369075
0.369091, 0.369091
0.393322, 0.36877
0.416951, 0.367972
0.440388, 0.366819
0.464019, 0.365681
0.487959, 0.364981
0.512041, 0.364981
0.535981, 0.365681
0.559612, 0.366819
0.583049, 0.367972
0.606678, 0.36877
0.630909, 0.369091
0.655954, 0.369075
0.681769, 0.36898
0.708135, 0.369059
0.734724, 0.369522
0.761128, 0.370532
0.786858, 0.372226
0.81135, 0.374718
0.834167, 0.378027
0.855633, 0.381912
0.877146, 0.385872
0.90011, 0.389566
0.924798, 0.393075
0.950644, 0.396688
0.977021, 0.40063
0.0199323, 0.418704
0.0465546, 0.415493
0.0725707, 0.412541
0.0972776, 0.409639
0.120088, 0.406542
0.141463, 0.403219
0.163082, 0.40003
0.186356, 0.397407
0.211427, 0.395512
0.237733, 0.394296
0.264657, 0.393654
0.291659, 0.393454
0.318268, 0.393516
0.344068, 0.393586
0.36877, 0.393322
0.392386, 0.392386
0.415421, 0.390697
0.438679, 0.38863
0.462701, 0.386811
0.487468, 0.385768
0.512532, 0.385768
0.537299, 0.386811
0.561321, 0.38863
0.584579, 0.390697
0.607614, 0.392386
0.63123, 0.393322
0.655932, 0.393586
0.681732, 0.393516
0.708341, 0.393454
0.735343, 0.393654
0.762267, 0.394296
0.788573, 0.395512
0.813644, 0.397407
0.836918, 0.40003
0.858537, 0.403219
0.879912, 0.406542
0.902722, 0.409639
0.927429, 0.412541
0.953445, 0.415493
0.980068, 0.418704
0.0175097, 0.436774
0.0443286, 0.434286
0.0704752, 0.431991
0.0951817, 0.429713
0.117853, 0.427254
0.139134, 0.424622
0.160923, 0.422147
0.184604, 0.42017
0.210161, 0.418792
0.236942, 0.41796
0.264284, 0.41758
0.291596, 0.417529
0.318315, 0.417624
0.343904, 0.417569
0.367972, 0.416951
0.390697, 0.415421
0.413097, 0.413097
0.436391, 0.410608
0.461093, 0.40864
0.486898, 0.40759
0.513102, 0.40759
0.538907, 0.40864
0.563609, 0.410608
0.586903, 0.413097
0.609303, 0.415421
0.632028, 0.416951
0.656096, 0.417569
0.681685, 0.417624
0.708404, 0.417529
0.735716, 0.41758
0.763058, 0.41796
0.789839, 0.418792
0.815396, 0.42017
0.839077, 0.422147
0.860866, 0.424622
0.882147, 0.427254
0.904818, 0.429713
0.929525, 0.431991
0.955671, 0.434286
0.98249, 0.436774
0.0157012, 0.45484
0.0426677, 0.453069
0.0689086, 0.451429
0.0936053, 0.44979
0.116164, 0.448006
0.137386, 0.446103
0.159332, 0.444342
0.183342, 0.442968
0.209276, 0.442039
0.23642, 0.441507
0.264075, 0.4413
0.291593, 0.441316
0.318314, 0.441383
0.343544, 0.441209
0.366819, 0.440388
0.38863, 0.438679
0.410608, 0.436391
0.434211, 0.434211
0.459689, 0.432644
0.486423, 0.431856
0.513577, 0.431856
0.540311, 0.432644
0.565789, 0.434211
0.589392, 0.436391
0.61137, 0.438679
0.633181, 0.440388
0.656456, 0.441209
0.681686, 0.441383
0.708407, 0.441316
0.735925, 0.4413
0.76358, 0.441507
0.790724, 0.442039
0.816658, 0.442968
0.840668, 0.444342
0.862614, 0.446103
0.883836, 0.448006
0.906395, 0.44979
0.931091, 0.451429
0.957332, 0.453069
0.984299, 0.45484
0.0144997, 0.472905
0.0415645, 0.471844
0.0678665, 0.47086
0.0925519, 0.469872
0.115033, 0.46879
0.136222, 0.467639
0.158286, 0.466587
0.182526, 0.465779
0.208716, 0.465244
0.236106, 0.464951
0.263968, 0.464853
0.291606, 0.46488
0.318268, 0.464909
0.343123, 0.464719
0.365681, 0.464019
0.386811, 0.462701
0.40864, 0.461093
0.432644, 0.459689
0.458741, 0.458741
0.48611, 0.458277
0.51389, 0.458277
0.541259, 0.458741
0.567356, 0.459689
0.59136, 0.461093
0.613189, 0.462701
0.634319, 0.464019
0.656877, 0.464719
0.681732, 0.464909
0.708394, 0.46488
0.736032, 0.464853
0.763894, 0.464951
0.791284, 0.465244
0.817474, 0.465779
0.841714, 0.466587
0.863778, 0.467639
0.884967, 0.46879
0.907448, 0.469872
0.932133, 0.47086
0.958435, 0.471844
0.9855, 0.472905
0.0139001, 0.490969
0.0410141, 0.490615
0.0673461, 0.490287
0.0920245, 0.489957
0.114465, 0.489594
0.13564, 0.489209
0.157768, 0.488859
0.182125, 0.488593
0.208446, 0.488419
0.23596, 0.488325
0.263924, 0.488297
0.291615, 0.488309
0.318224, 0.488315
0.34284, 0.488233
0.364981, 0.487959
0.385768, 0.487468
0.40759, 0.486898
0.431856, 0.486423
0.458277, 0.48611
0.485958, 0.485958
0.514042, 0.485958
0.541723, 0.48611
0.568144, 0.486423
0.59241, 0.486898
0.614232, 0.487468
0.635019, 0.487959
0.65716, 0.488233
0.681776, 0.488315
0.708385, 0.488309
0.736076, 0.488297
0.76404, 0.488325
0.791554, 0.488419
0.817875, 0.488593
0.842232, 0.488859
0.86436, 0.489209
0.885535, 0.489594
0.907976, 0.489957
0.932654, 0.490287
0.958986, 0.490615
0.9861, 0.490969
0.0139001, 0.509031
0.0410141, 0.509385
0.0673461, 0.509713
0.0920245, 0.510043
0.114465, 0.510406
0.13564, 0.510791
0.157768, 0.511141
0.182125, 0.511407
0.208446, 0.511581
0.23596, 0.511675
0.263924, 0.511703
0.291615, 0.511691
0.318224, 0.511685
0.34284, 0.511767
0.364981, 0.512041
0.385768, 0.512532
0.40759, 0.513102
0.431856, 0.513577
0.458277, 0.51389
0.485958, 0.514042
0.514042, 0.514042
0.541723, 0.51389
0.568144, 0.513577
0.59241, 0.513102
0.614232, 0.512532
0.635019, 0.512041
0.65716, 0.511767
0.681776, 0.511685
0.708385, 0.511691
0.736076, 0.511703
0.76404, 0.511675
0.791554, 0.511581
0.817875, 0.511407
0.842232, 0.511141
0.86436, 0.510791
0.885535, 0.510406
0.907976, 0.510043
0.932654, 0.509713
0.958986, 0.509385
0.9861, 0.509031
0.0144997, 0.527095
0.0415645, 0.528156
0.0678665, 0.52914
0.0925519, 0.530128
0.115033, 0.53121
0.136222, 0.532361
0.158286, 0.533413
0.182526, 0.534221
0.208716, 0.534756
0.236106, 0.535049
0.263968, 0.535147
0.291606, 0.53512
0.318268, 0.535091
0.343123, 0.535281
0.365681, 0.535981
0.386811, 0.537299
0.40864, 0.538907
0.432644, 0.540311
0.458741, 0.541259
0.48611, 0.541723
0.51389, 0.541723
0.541259, 0.541259
0.567356, 0.540311
0.59136, 0.538907
0.613189, 0.537299
0.634319, 0.535981
0.656877, 0.535281
0.681732, 0.535091
0.708394, 0.53512
0.736032, 0.535147
0.763894, 0.535049
0.791284, 0.534756
0.817474, 0.534221
0.841714, 0.533413
0.863778, 0.532361
0.884967, 0.53121
0.907448, 0.530128
0.932133, 0.52914
0.958435, 0.528156
0.9855, 0.527095
0.0157012, 0.54516
0.0426677, 0.546931
0.0689086, 0.548571
0.0936053, 0.55021
0.116164, 0.551994
0.137386, 0.553897
0.159332, 0.555658
0.183342, 0.557032
0.209276, 0.557961
0.23642, 0.558493
0.264075, 0.5587
0.291593, 0.558684
0.318314, 0.558617
0.343544, 0.558791
0.366819, 0.559612
0.38863, 0.561321
0.410608, 0.563609
0.434211, 0.565789
0.459689, 0.567356
0.486423, 0.568144
0.513577, 0.568144
0.540311, 0.567356
0.565789, 0.565789
0.589392, 0.563609
0.61137, 0.561321
0.633181, 0.559612
0.656456, 0.558791
0.681686, 0.558617
0.708407, 0.558684
0.735925, 0.5587
0.76358, 0.558493
0.790724, 0.557961
0.816658, 0.557032
0.840668, 0.555658
0.862614, 0.553897
0.883836, 0.551994
0.906395, 0.55021
0.931091, 0.548571
0.957332, 0.546931
0.984299, 0.54516
0.0175097, 0.563226
0.0443286, 0.565714
0.0704752, 0.568009
0.0951817, 0.570287
0.117853, 0.572746
0.139134, 0.575378
0.160923, 0.577853
0.184604, 0.57983
0.210161, 0.581208
0.236942, 0.58204
0.264284, 0.58242
0.291596, 0.582471
0.318315, 0.582376
0.343904, 0.582431
0.367972, 0.583049
0.390697, 0.584579
0.413097, 0.586903
0.436391, 0.589392
0.461093, 0.59136
0.486898, 0.59241
0.513102, 0.59241
0.538907, 0.59136
0.563609, 0.589392
0.586903, 0.586903
0.609303, 0.584579
0.632028, 0.583049
0.656096, 0.582431
0.681685, 0.582376
0.708404, 0.582471
0.735716, 0.58242
0.763058, 0.58204
0.789839, 0.581208
0.815396, 0.57983
0.839077, 0.577853
0.860866, 0.575378
0.882147, 0.572746
0.904818, 0.570287
0.929525, 0.568009
0.955671, 0.565714
0.98249, 0.563226
0.0199323, 0.581296
0.0465546, 0.584507
0.0725707, 0.587459
0.0972776, 0.590361
0.120088, 0.593458
0.141463, 0.596781
0.163082, 0.59997
0.186356, 0.602593
0.211427, 0.604488
0.237733, 0.605704
0.264657, 0.606346
0.291659, 0.606546
0.318268, 0.606484
0.344068, 0.606414
0.36877, 0.606678
0.392386, 0.607614
0.415421, 0.609303
0.438679, 0.61137
0.462701, 0.613189
0.487468, 0.614232
0.512532, 0.614232
0.537299, 0.613189
0.561321, 0.61137
0.584579, 0.609303
0.607614, 0.607614
0.63123, 0.606678
0.655932, 0.606414
0.681732, 0.606484
0.708341, 0.606546
0.735343, 0.606346
0.762267, 0.605704
0.788573, 0.604488
0.813644, 0.602593
0.836918, 0.59997
0.858537, 0.596781
0.879912, 0.593458
0.902722, 0.590361
0.927429, 0.587459
0.953445, 0.584507
0.980068, 0.581296
0.0229793, 0.59937
0.0493559, 0.603312
0.0752018, 0.606925
0.0998895, 0.610434
0.122854, 0.614128
0.144367, 0.618088
0.165833, 0.621973
0.18865, 0.625282
0.213142, 0.627774
0.238872, 0.629468
0.265276, 0.630478
0.291865, 0.630941
0.318231, 0.63102
0.344046, 0.630925
0.369091, 0.630909
0.393322, 0.63123
0.416951, 0.632028
0.440388, 0.633181
0.464019, 0.634319
0.487959, 0.635019
0.512041, 0.635019
0.535981, 0.634319
0.559612, 0.633181
0.583049, 0.632028
0.606678, 0.63123
0.630909, 0.630909
0.655954, 0.630925
0.681769, 0.63102
0.708135, 0.630941
0.734724, 0.630478
0.761128, 0.629468
0.786858, 0.627774
0.81135, 0.625282
0.834167, 0.621973
0.855633, 0.618088
0.877146, 0.614128
0.90011, 0.610434
0.924798, 0.606925
0.950644, 0.603312
0.977021, 0.59937
0.0266635, 0.617448
0.0527456, 0.622134
0.078378, 0.62641
0.103015, 0.630514
0.126132, 0.634759
0.147827, 0.639288
0.169192, 0.643826
0.191543, 0.647845
0.215387, 0.651009
0.240453, 0.653285
0.266246, 0.65478
0.292321, 0.655631
0.318319, 0.655991
0.343965, 0.656035
0.369075, 0.655954
0.393586, 0.655932
0.417569, 0.656096
0.441209, 0.656456
0.464719, 0.656877
0.488233, 0.65716
0.511767, 0.65716
0.535281, 0.656877
0.558791, 0.656456
0.582431, 0.656096
0.606414, 0.655932
0.630925, 0.655954
0.656035, 0.656035
0.681681, 0.655991
0.707679, 0.655631
0.733754, 0.65478
0.759547, 0.653285
0.784613, 0.651009
0.808457, 0.647845
0.830808, 0.643826
0.852173, 0.639288
0.873868, 0.634759
0.896985, 0.630514
0.921622, 0.62641
0.947254, 0.622134
0.973337, 0.617448
0.031001, 0.635532
0.0567403, 0.640974
0.082112, 0.64592
0.106656, 0.65061
0.129903, 0.655362
0.151815, 0.660382
0.173158, 0.665499
0.195086, 0.670213
0.218251, 0.674108
0.242581, 0.677065
0.267683, 0.679161
0.293157, 0.680531
0.31868, 0.68132
0.344009, 0.681681
0.36898, 0.681769
0.393516, 0.681732
0.417624, 0.681685
0.441383, 0.681686
0.464909, 0.681732
0.488315, 0.681776
0.511685, 0.681776
0.535091, 0.681732
0.558617, 0.681686
0.582376, 0.681685
0.606484, 0.681732
0.63102, 0.681769
0.655991, 0.681681
0.68132, 0.68132
0.706843, 0.680531
0.732317, 0.679161
0.757419, 0.677065
0.781749, 0.674108
0.804914, 0.670213
0.826842, 0.665499
0.848185, 0.660382
0.870097, 0.655362
0.893344, 0.65061
0.917888, 0.64592
0.94326, 0.640974
0.968999, 0.635532
0.0360113, 0.653622
0.0613603, 0.659834
0.0864208, 0.665461
0.110816, 0.670731
0.134148, 0.675958
0.156288, 0.681389
0.177703, 0.686976
0.199308, 0.692318
0.221817, 0.696958
0.245369, 0.700674
0.269712, 0.70348
0.294509, 0.705491
0.319469, 0.706843
0.344369, 0.707679
0.369059, 0.708135
0.393454, 0.708341
0.417529, 0.708404
0.441316, 0.708407
0.46488, 0.708394
0.488309, 0.708385
0.511691, 0.708385
0.53512, 0.708394
0.558684, 0.708407
0.582471, 0.708404
0.606546, 0.708341
0.630941, 0.708135
0.655631, 0.707679
0.680531, 0.706843
0.705491, 0.705491
0.730288, 0.70348
0.754631, 0.700674
0.778183, 0.696958
0.800692, 0.692318
0.822297, 0.686976
0.843712, 0.681389
0.865852, 0.675958
0.889184, 0.670731
0.913579, 0.665461
0.93864, 0.659834
0.963989, 0.653622
0.0417181, 0.671718
0.0666298, 0.678716
0.0913261, 0.685036
0.115508, 0.690891
0.138855, 0.696573
0.1612, 0.702347
0.182765, 0.708279
0.204191, 0.714116
0.226142, 0.719439
0.248924, 0.723941
0.272465, 0.727535
0.29652, 0.730288
0.320839, 0.732317
0.34522, 0.733754
0.369522, 0.734724
0.393654, 0.735343
0.41758, 0.735716
0.4413, 0.735925
0.464853, 0.736032
0.488297, 0.736076
0.511703, 0.736076
0.535147, 0.736032
0.5587, 0.735925
0.58242, 0.735716
0.606346, 0.735343
0.630478, 0.734724
0.65478, 0.733754
0.679161, 0.732317
0.70348, 0.730288
0.727535, 0.727535
0.751076, 0.723941
0.773858, 0.719439
0.795809, 0.714116
0.817235, 0.708279
0.8388, 0.702347
0.861145, 0.696573
0.884492, 0.690891
0.908674, 0.685036
0.93337, 0.678716
0.958282, 0.671718
0.0481493, 0.689822
0.0725778, 0.697623
0.0968553, 0.704652
0.120753, 0.711103
0.144023, 0.717237
0.166504, 0.723311
0.188257, 0.72947
0.209655, 0.735624
0.231217, 0.741468
0.25332, 0.74668
0.276059, 0.751076
0.299326, 0.754631
0.322935, 0.757419
0.346715, 0.759547
0.370532, 0.761128
0.394296, 0.762267
0.41796, 0.763058
0.441507, 0.76358
0.464951, 0.763894
0.488325, 0.76404
0.511675, 0.76404
0.535049, 0.763894
0.558493, 0.76358
0.58204, 0.763058
0.605704, 0.762267
0.629468, 0.761128
0.653285, 0.759547
0.677065, 0.757419
0.700674, 0.754631
0.723941, 0.751076
0.74668, 0.74668
0.768783, 0.741468
0.790345, 0.735624
0.811743, 0.72947
0.833496, 0.723311
0.855977, 0.717237
0.879247, 0.711103
0.903145, 0.704652
0.927422, 0.697623
0.951851, 0.689822
0.0553381, 0.707932
0.079239, 0.716553
0.103042, 0.724309
0.126579, 0.731376
0.149667, 0.737979
0.172173, 0.744346
0.194079, 0.750656
0.215554, 0.756947
0.236928, 0.763072
0.258532, 0.768783
0.280561, 0.773858
0.303042, 0.778183
0.325892, 0.781749
0.348991, 0.784613
0.372226, 0.786858
0.395512, 0.788573
0.418792, 0.789839
0.442039, 0.790724
0.465244, 0.791284
0.488419, 0.791554
0.511581, 0.791554
0.534756, 0.791284
0.557961, 0.790724
0.581208, 0.789839
0.604488, 0.788573
0.627774, 0.786858
0.651009, 0.784613
0.674108, 0.781749
0.696958, 0.778183
0.719439, 0.773858
0.741468, 0.768783
0.763072, 0.763072
0.784446, 0.756947
0.805921, 0.750656
0.827827, 0.744346
0.850333, 0.737979
0.873421, 0.731376
0.896958, 0.724309
0.920761, 0.716553
0.944662, 0.707932
0.063324, 0.726051
0.0866539, 0.735507
0.109928, 0.744011
0.133027, 0.751718
0.155821, 0.758822
0.178213, 0.765514
0.200163, 0.771964
0.221722, 0.778278
0.243053, 0.784446
0.264376, 0.790345
0.285884, 0.795809
0.307682, 0.800692
0.329787, 0.804914
0.352155, 0.808457
0.374718, 0.81135
0.397407, 0.813644
0.42017, 0.815396
0.442968, 0.816658
0.465779, 0.817474
0.488593, 0.817875
0.511407, 0.817875
0.534221, 0.817474
0.557032, 0.816658
0.57983, 0.815396
0.602593, 0.813644
0.625282, 0.81135
0.647845, 0.808457
0.670213, 0.804914
0.692318, 0.800692
0.714116, 0.795809
0.735624, 0.790345
0.756947, 0.784446
0.778278, 0.778278
0.799837, 0.771964
0.821787, 0.765514
0.844179, 0.758822
0.866973, 0.751718
0.890072, 0.744011
0.913346, 0.735507
0.936676, 0.726051
0.0721538, 0.744177
0.0948706, 0.754485
0.117561, 0.763757
0.140147, 0.772133
0.162537, 0.779781
0.184667, 0.786856
0.206497, 0.793503
0.228036, 0.799837
0.249344, 0.805921
0.27053, 0.811743
0.291721, 0.817235
0.313024, 0.822297
0.334501, 0.826842
0.356174, 0.830808
0.378027, 0.834167
0.40003, 0.836918
0.422147, 0.839077
0.444342, 0.840668
0.466587, 0.841714
0.488859, 0.842232
0.511141, 0.842232
0.533413, 0.841714
0.555658, 0.840668
0.577853, 0.839077
0.59997, 0.836918
0.621973, 0.834167
0.643826, 0.830808
0.665499, 0.826842
0.686976, 0.822297
0.708279, 0.817235
0.72947, 0.811743
0.750656, 0.805921
0.771964, 0.799837
0.793503, 0.793503
0.815333, 0.786856
0.837463, 0.779781
0.859853, 0.772133
0.882439, 0.763757
0.905129, 0.754485
0.927846, 0.744177
0.0818832, 0.76231
0.103946, 0.773483
0.126001, 0.783544
0.148002, 0.792621
0.169885, 0.80086
0.191608, 0.808392
0.213144, 0.815333
0.234486, 0.821787
0.255654, 0.827827
0.276689, 0.833496
0.297653, 0.8388
0.318611, 0.843712
0.339618, 0.848185
0.360712, 0.852173
0.381912, 0.855633
0.403219, 0.858537
0.424622, 0.860866
0.446103, 0.862614
0.467639, 0.863778
0.489209, 0.86436
0.510791, 0.86436
0.532361, 0.863778
0.553897, 0.862614
0.575378, 0.860866
0.596781, 0.858537
0.618088, 0.855633
0.639288, 0.852173
0.660382, 0.848185
0.681389, 0.843712
0.702347, 0.8388
0.723311, 0.833496
0.744346, 0.827827
0.765514, 0.821787
0.786856, 0.815333
0.808392, 0.808392
0.830115, 0.80086
0.851998, 0.792621
0.873999, 0.783544
0.896054, 0.773483
0.918117, 0.76231
0.0925792, 0.780451
0.113947, 0.792499
0.135318, 0.803366
0.156665, 0.813172
0.177949, 0.822051
0.19914, 0.830115
0.220219, 0.837463
0.241178, 0.844179
0.262021, 0.850333
0.282763, 0.855977
0.303427, 0.861145
0.324042, 0.865852
0.344638, 0.870097
0.365241, 0.873868
0.385872, 0.877146
0.406542, 0.879912
0.427254, 0.882147
0.448006, 0.883836
0.46879, 0.884967
0.489594, 0.885535
0.510406, 0.885535
0.53121, 0.884967
0.551994, 0.883836
0.572746, 0.882147
0.593458, 0.879912
0.614128, 0.877146
0.634759, 0.873868
0.655362, 0.870097
0.675958, 0.865852
0.696573, 0.861145
0.717237, 0.855977
0.737979, 0.850333
0.758822, 0.844179
0.779781, 0.837463
0.80086, 0.830115
0.822051, 0.822051
0.843335, 0.813172
0.864682, 0.803366
0.886053, 0.792499
0.907421, 0.780451
0.104323, 0.798596
0.124955, 0.811528
0.145593, 0.823213
0.166226, 0.833774
0.186828, 0.843335
0.207379, 0.851998
0.227867, 0.859853
0.248282, 0.866973
0.268624, 0.873421
0.288897, 0.879247
0.309109, 0.884492
0.329269, 0.889184
0.34939, 0.893344
0.369486, 0.896985
0.389566, 0.90011
0.409639, 0.902722
0.429713, 0.904818
0.44979, 0.906395
0.469872, 0.907448
0.489957, 0.907976
0.510043, 0.907976
0.530128, 0.907448
0.55021, 0.906395
0.570287, 0.904818
0.590361, 0.902722
0.610434, 0.90011
0.630514, 0.896985
0.65061, 0.893344
0.670731, 0.889184
0.690891, 0.884492
0.711103, 0.879247
0.731376, 0.873421
0.751718, 0.866973
0.772133, 0.859853
0.792621, 0.851998
0.813172, 0.843335
0.833774, 0.833774
0.854407, 0.823213
0.875045, 0.811528
0.895677, 0.798596
0.117212, 0.816746
0.137068, 0.830562
0.156926, 0.843074
0.176787, 0.854407
0.196634, 0.864682
0.216456, 0.873999
0.236243, 0.882439
0.255989, 0.890072
0.275691, 0.896958
0.295348, 0.903145
0.314964, 0.908674
0.334539, 0.913579
0.35408, 0.917888
0.37359, 0.921622
0.393075, 0.924798
0.412541, 0.927429
0.431991, 0.929525
0.451429, 0.931091
0.47086, 0.932133
0.490287, 0.932654
0.509713, 0.932654
0.52914, 0.932133
0.548571, 0.931091
0.568009, 0.929525
0.587459, 0.927429
0.606925, 0.924798
0.62641, 0.921622
0.64592, 0.917888
0.665461, 0.913579
0.685036, 0.908674
0.704652, 0.903145
0.724309, 0.896958
0.744011, 0.890072
0.763757, 0.882439
0.783544, 0.873999
0.803366, 0.864682
0.823213, 0.854407
0.843074, 0.843074
0.862932, 0.830562
0.882788, 0.816746
0.131371, 0.834898
0.150405, 0.849595
0.169438, 0.862932
0.188472, 0.875045
0.207501, 0.886053
0.226517, 0.896054
0.245515, 0.905129
0.264493, 0.913346
0.283447, 0.920761
0.302377, 0.927422
0.321284, 0.93337
0.340166, 0.93864
0.359026, 0.94326
0.377866, 0.947254
0.396688, 0.950644
0.415493, 0.953445
0.434286, 0.955671
0.453069, 0.957332
0.471844, 0.958435
0.490615, 0.958986
0.509385, 0.958986
0.528156, 0.958435
0.546931, 0.957332
0.565714, 0.955671
0.584507, 0.953445
0.603312, 0.950644
0.622134, 0.947254
0.640974, 0.94326
0.659834, 0.93864
0.678716, 0.93337
0.697623, 0.927422
0.716553, 0.920761
0.735507, 0.913346
0.754485, 0.905129
0.773483, 0.896054
0.792499, 0.886053
0.811528, 0.875045
0.830562, 0.862932
0.849595, 0.849595
0.868629, 0.834898
0.146952, 0.853048
0.165102, 0.868629
0.183254, 0.882788
0.201404, 0.895677
0.219549, 0.907421
0.23769, 0.918117
0.255823, 0.927846
0.273949, 0.936676
0.292068, 0.944662
0.310178, 0.951851
0.328282, 0.958282
0.346378, 0.963989
0.364468, 0.968999
0.382552, 0.973337
0.40063, 0.977021
0.418704, 0.980068
0.436774, 0.98249
0.45484, 0.984299
0.472905, 0.9855
0.490969, 0.9861
0.509031, 0.9861
0.527095, 0.9855
0.54516, 0.984299
0.563226, 0.98249
0.581296, 0.980068
0.59937, 0.977021
0.617448, 0.973337
0.635532, 0.968999
0.653622, 0.963989
0.671718, 0.958282
0.689822, 0.951851
0.707932, 0.944662
0.726051, 0.936676
0.744177, 0.927846
0.76231, 0.918117
0.780451, 0.907421
0.798596, 0.895677
0.816746, 0.882788
0.834898, 0.868629
0.853048, 0.853048
