0.146447, 0.146447
0.164124, 0.129612
0.181802, 0.114319
0.19948, 0.100391
0.217157, 0.0876894
0.234835, 0.0761044
0.252513, 0.0655463
0.27019, 0.055942
0.287868, 0.0472307
0.305546, 0.0393619
0.323223, 0.0322928
0.340901, 0.0259879
0.358579, 0.0204168
0.376256, 0.0155544
0.393934, 0.0113795
0.411612, 0.00787451
0.429289, 0.00502525
0.446967, 0.00282045
0.464645, 0.00125157
0.482322, 0.000312598
0.5, 0
0.517678, 0.000312598
0.535355, 0.00125157
0.553033, 0.00282045
0.570711, 0.00502525
0.588388, 0.00787451
0.606066, 0.0113795
0.623744, 0.0155544
0.641421, 0.0204168
0.659099, 0.0259879
0.676777, 0.0322928
0.694454, 0.0393619
0.712132, 0.0472307
0.72981, 0.055942
0.747487, 0.0655463
0.765165, 0.0761044
0.782843, 0.0876894
0.80052, 0.100391
0.818198, 0.114319
0.835876, 0.129612
0.853553, 0.146447
0.129612, 0.164124
0.148293, 0.148293
0.166899, 0.133876
0.185508, 0.12078
0.204114, 0.108868
0.222712, 0.0980322
0.2413, 0.0881824
0.259873, 0.0792452
0.278431, 0.071159
0.296972, 0.0638718
0.315496, 0.0573398
0.334003, 0.0515259
0.352493, 0.0463984
0.370968, 0.0419308
0.389429, 0.0381007
0.407878, 0.0348894
0.426315, 0.0322817
0.444744, 0.0302657
0.463167, 0.0288321
0.481584, 0.0279745
0.5, 0.027689
0.518416, 0.0279745
0.536833, 0.0288321
0.555256, 0.0302657
0.573685, 0.0322817
0.592122, 0.0348894
0.610571, 0.0381007
0.629032, 0.0419308
0.647507, 0.0463984
0.665997, 0.0515259
0.684504, 0.0573398
0.703028, 0.0638718
0.721569, 0.071159
0.740127, 0.0792452
0.7587, 0.0881824
0.777288, 0.0980322
0.795886, 0.108868
0.814492, 0.12078
0.833101, 0.133876
0.851707, 0.148293
0.870388, 0.164124
0.114319, 0.181802
0.133876, 0.166899
0.15334, 0.15334
0.172809, 0.141054
0.192274, 0.12991
0.211724, 0.119798
0.231151, 0.110631
0.250547, 0.10233
0.269909, 0.0948346
0.289235, 0.0880898
0.308525, 0.0820507
0.32778, 0.0766795
0.347001, 0.0719444
0.366193, 0.0678189
0.385357, 0.0642815
0.404499, 0.0613146
0.423622, 0.0589044
0.442729, 0.0570402
0.461826, 0.0557139
0.480915, 0.0549203
0.5, 0.0546561
0.519085, 0.0549203
0.538174, 0.0557139
0.557271, 0.0570402
0.576378, 0.0589044
0.595501, 0.0613146
0.614643, 0.0642815
0.633807, 0.0678189
0.652999, 0.0719444
0.67222, 0.0766795
0.691475, 0.0820507
0.710765, 0.0880898
0.730091, 0.0948346
0.749453, 0.10233
0.768849, 0.110631
0.788276, 0.119798
0.807726, 0.12991
0.827191, 0.141054
0.84666, 0.15334
0.866124, 0.166899
0.885681, 0.181802
0.100391, 0.19948
0.12078, 0.185508
0.141054, 0.172809
0.161334, 0.161334
0.181603, 0.150952
0.20184, 0.141551
0.22203, 0.133036
0.242163, 0.125329
0.262236, 0.118361
0.282246, 0.112079
0.302199, 0.106436
0.322097, 0.101395
0.34195, 0.0969282
0.361766, 0.093014
0.381552, 0.0896375
0.401316, 0.0867887
0.421065, 0.0844615
0.440805, 0.0826529
0.460539, 0.0813612
0.48027, 0.0805862
0.5, 0.0803279
0.51973, 0.0805862
0.539461, 0.0813612
0.559195, 0.0826529
0.578935, 0.0844615
0.598684, 0.0867887
0.618448, 0.0896375
0.638234, 0.093014
0.65805, 0.0969282
0.677903, 0.101395
0.697801, 0.106436
0.717754, 0.112079
0.737764, 0.118361
0.757837, 0.125329
0.77797, 0.133036
0.79816, 0.141551
0.818397, 0.150952
0.838666, 0.161334
0.858946, 0.172809
0.87922, 0.185508
0.899609, 0.19948
0.0876894, 0.217157
0.108868, 0.204114
0.12991, 0.192274
0.150952, 0.181603
0.171962, 0.171962
0.192908, 0.163232
0.213767, 0.15531
0.234528, 0.148109
0.255188, 0.141555
0.275751, 0.135587
0.29623, 0.130162
0.316642, 0.125248
0.337009, 0.120828
0.35735, 0.116896
0.377685, 0.113456
0.398026, 0.110517
0.418385, 0.10809
0.438764, 0.106187
0.459163, 0.10482
0.479577, 0.103997
0.5, 0.103722
0.520423, 0.103997
0.540837, 0.10482
0.561236, 0.106187
0.581615, 0.10809
0.601974, 0.110517
0.622315, 0.113456
0.64265, 0.116896
0.662991, 0.120828
0.683358, 0.125248
0.70377, 0.130162
0.724249, 0.135587
0.744812, 0.141555
0.765472, 0.148109
0.786233, 0.15531
0.807092, 0.163232
0.828038, 0.171962
0.849048, 0.181603
0.87009, 0.192274
0.891132, 0.204114
0.912311, 0.217157
0.0761044, 0.234835
0.0980322, 0.222712
0.119798, 0.211724
0.141551, 0.20184
0.163232, 0.192908
0.184795, 0.184795
0.206208, 0.177383
0.227457, 0.170569
0.248542, 0.164267
0.269485, 0.158415
0.290321, 0.152975
0.311097, 0.147941
0.33186, 0.143327
0.352651, 0.139162
0.373501, 0.135482
0.394425, 0.132321
0.415428, 0.129706
0.436501, 0.127656
0.457634, 0.126185
0.478806, 0.1253
0.5, 0.125005
0.521194, 0.1253
0.542366, 0.126185
0.563499, 0.127656
0.584572, 0.129706
0.605575, 0.132321
0.626499, 0.135482
0.647349, 0.139162
0.66814, 0.143327
0.688903, 0.147941
0.709679, 0.152975
0.730515, 0.158415
0.751458, 0.164267
0.772543, 0.170569
0.793792, 0.177383
0.815205, 0.184795
0.836768, 0.192908
0.858449, 0.20184
0.880202, 0.211724
0.901968, 0.222712
0.923896, 0.234835
0.0655463, 0.252513
0.0881824, 0.2413
0.110631, 0.231151
0.133036, 0.22203
0.15531, 0.213767
0.177383, 0.206208
0.199209, 0.199209
0.220771, 0.192644
0.242088, 0.186418
0.263222, 0.180485
0.284261, 0.174852
0.305303, 0.169573
0.326431, 0.164722
0.347695, 0.160368
0.369117, 0.156566
0.390692, 0.153348
0.412399, 0.150727
0.434211, 0.148703
0.4561, 0.147268
0.478038, 0.146412
0.5, 0.146127
0.521962, 0.146412
0.5439, 0.147268
0.565789, 0.148703
0.587601, 0.150727
0.609308, 0.153348
0.630883, 0.156566
0.652305, 0.160368
0.673569, 0.164722
0.694697, 0.169573
0.715739, 0.174852
0.736778, 0.180485
0.757912, 0.186418
0.779229, 0.192644
0.800791, 0.199209
0.822617, 0.206208
0.84469, 0.213767
0.866964, 0.22203
0.889369, 0.231151
0.911818, 0.2413
0.934454, 0.252513
0.055942, 0.27019
0.0792452, 0.259873
0.10233, 0.250547
0.125329, 0.242163
0.148109, 0.234528
0.170569, 0.227457
0.192644, 0.220771
0.214326, 0.214326
0.23569, 0.208047
0.256885, 0.201958
0.27809, 0.196163
0.299454, 0.190798
0.32106, 0.185981
0.342928, 0.181787
0.365031, 0.178243
0.38732, 0.175338
0.409741, 0.173039
0.43225, 0.171307
0.454811, 0.170102
0.477399, 0.169392
0.5, 0.169158
0.522601, 0.169392
0.545189, 0.170102
0.56775, 0.171307
0.590259, 0.173039
0.61268, 0.175338
0.634969, 0.178243
0.657072, 0.181787
0.67894, 0.185981
0.700546, 0.190798
0.72191, 0.196163
0.743115, 0.201958
0.76431, 0.208047
0.785674, 0.214326
0.807356, 0.220771
0.829431, 0.227457
0.851891, 0.234528
0.874671, 0.242163
0.89767, 0.250547
0.920755, 0.259873
0.944058, 0.27019
0.0472307, 0.287868
0.071159, 0.278431
0.0948346, 0.269909
0.118361, 0.262236
0.141555, 0.255188
0.164267, 0.248542
0.186418, 0.242088
0.208047, 0.23569
0.229352, 0.229352
0.250624, 0.223229
0.272123, 0.217533
0.293996, 0.212452
0.316266, 0.208087
0.33887, 0.204458
0.36171, 0.201522
0.384695, 0.19921
0.40775, 0.197444
0.430826, 0.196153
0.453897, 0.195276
0.476954, 0.194768
0.5, 0.194602
0.523046, 0.194768
0.546103, 0.195276
0.569174, 0.196153
0.59225, 0.197444
0.615305, 0.19921
0.63829, 0.201522
0.66113, 0.204458
0.683734, 0.208087
0.706004, 0.212452
0.727877, 0.217533
0.749376, 0.223229
0.770648, 0.229352
0.791953, 0.23569
0.813582, 0.242088
0.835733, 0.248542
0.858445, 0.255188
0.881639, 0.262236
0.905165, 0.269909
0.928841, 0.278431
0.952769, 0.287868
0.0393619, 0.305546
0.0638718, 0.296972
0.0880898, 0.289235
0.112079, 0.282246
0.135587, 0.275751
0.158415, 0.269485
0.180485, 0.263222
0.201958, 0.256885
0.223229, 0.250624
0.244731, 0.244731
0.266747, 0.239487
0.289335, 0.235047
0.312395, 0.231435
0.335771, 0.228584
0.359311, 0.226392
0.382898, 0.224753
0.406456, 0.223563
0.429945, 0.222736
0.453353, 0.222198
0.476695, 0.221897
0.5, 0.2218
0.523305, 0.221897
0.546647, 0.222198
0.570055, 0.222736
0.593544, 0.223563
0.617102, 0.224753
0.640689, 0.226392
0.664229, 0.228584
0.687605, 0.231435
0.710665, 0.235047
0.733253, 0.239487
0.755269, 0.244731
0.776771, 0.250624
0.798042, 0.256885
0.819515, 0.263222
0.841585, 0.269485
0.864413, 0.275751
0.887921, 0.282246
0.91191, 0.289235
0.936128, 0.296972
0.960638, 0.305546
0.0322928, 0.323223
0.0573398, 0.315496
0.0820507, 0.308525
0.106436, 0.302199
0.130162, 0.29623
0.152975, 0.290321
0.174852, 0.284261
0.196163, 0.27809
0.217533, 0.272123
0.239487, 0.266747
0.262221, 0.262221
0.285637, 0.258607
0.309508, 0.255836
0.33361, 0.253787
0.357761, 0.252326
0.381839, 0.251329
0.405771, 0.250679
0.429529, 0.250279
0.453124, 0.25005
0.476595, 0.249935
0.5, 0.2499
0.523405, 0.249935
0.546876, 0.25005
0.570471, 0.250279
0.594229, 0.250679
0.618161, 0.251329
0.642239, 0.252326
0.66639, 0.253787
0.690492, 0.255836
0.714363, 0.258607
0.737779, 0.262221
0.760513, 0.266747
0.782467, 0.272123
0.803837, 0.27809
0.825148, 0.284261
0.847025, 0.290321
0.869838, 0.29623
0.893564, 0.302199
0.917949, 0.308525
0.94266, 0.315496
0.967707, 0.323223
0.0259879, 0.340901
0.0515259, 0.334003
0.0766795, 0.32778
0.101395, 0.322097
0.125248, 0.316642
0.147941, 0.311097
0.169573, 0.305303
0.190798, 0.299454
0.212452, 0.293996
0.235047, 0.289335
0.258607, 0.285637
0.282865, 0.282865
0.307503, 0.280893
0.332255, 0.279576
0.356925, 0.278767
0.381385, 0.278326
0.405571, 0.278128
0.429474, 0.278068
0.453131, 0.278071
0.476612, 0.278089
0.5, 0.278098
0.523388, 0.278089
0.546869, 0.278071
0.570526, 0.278068
0.594429, 0.278128
0.618615, 0.278326
0.643075, 0.278767
0.667745, 0.279576
0.692497, 0.280893
0.717135, 0.282865
0.741393, 0.285637
0.764953, 0.289335
0.787548, 0.293996
0.809202, 0.299454
0.830427, 0.305303
0.852059, 0.311097
0.874752, 0.316642
0.898605, 0.322097
0.92332, 0.32778
0.948474, 0.334003
0.974012, 0.340901
0.0204168, 0.358579
0.0463984, 0.352493
0.0719444, 0.347001
0.0969282, 0.34195
0.120828, 0.337009
0.143327, 0.33186
0.164722, 0.326431
0.185981, 0.32106
0.208087, 0.316266
0.231435, 0.312395
0.255836, 0.309508
0.280893, 0.307503
0.306229, 0.306229
0.331549, 0.305531
0.356639, 0.305246
0.381368, 0.305219
0.405687, 0.305311
0.429621, 0.305423
0.453248, 0.305502
0.476673, 0.305539
0.5, 0.305548
0.523327, 0.305539
0.546752, 0.305502
0.570379, 0.305423
0.594313, 0.305311
0.618632, 0.305219
0.643361, 0.305246
0.668451, 0.305531
0.693771, 0.306229
0.719107, 0.307503
0.744164, 0.309508
0.768565, 0.312395
0.791913, 0.316266
0.814019, 0.32106
0.835278, 0.326431
0.856673, 0.33186
0.879172, 0.337009
0.903072, 0.34195
0.928056, 0.347001
0.953602, 0.352493
0.979583, 0.358579
0.0155544, 0.376256
0.0419308, 0.370968
0.0678189, 0.366193
0.093014, 0.361766
0.116896, 0.35735
0.139162, 0.352651
0.160368, 0.347695
0.181787, 0.342928
0.204458, 0.33887
0.228584, 0.335771
0.253787, 0.33361
0.279576, 0.332255
0.305531, 0.331549
0.331322, 0.331322
0.356711, 0.331387
0.381566, 0.33156
0.405869, 0.331681
0.42971, 0.331662
0.453249, 0.331517
0.476645, 0.331347
0.5, 0.331273
0.523355, 0.331347
0.546751, 0.331517
0.57029, 0.331662
0.594131, 0.331681
0.618434, 0.33156
0.643289, 0.331387
0.668678, 0.331322
0.694469, 0.331549
0.720424, 0.332255
0.746213, 0.33361
0.771416, 0.335771
0.795542, 0.33887
0.818213, 0.342928
0.839632, 0.347695
0.860838, 0.352651
0.883104, 0.35735
0.906986, 0.361766
0.932181, 0.366193
0.958069, 0.370968
0.984446, 0.376256
0.0113795, 0.393934
0.0381007, 0.389429
0.0642815, 0.385357
0.0896375, 0.381552
0.113456, 0.377685
0.135482, 0.373501
0.156566, 0.369117
0.178243, 0.365031
0.201522, 0.36171
0.226392, 0.359311
0.252326, 0.357761
0.278767, 0.356925
0.305246, 0.356639
0.331387, 0.356711
0.356915, 0.356915
0.381687, 0.357003
0.405748, 0.356775
0.429332, 0.356174
0.452771, 0.355365
0.476316, 0.354671
0.5, 0.354399
0.523684, 0.354671
0.547229, 0.355365
0.570668, 0.356174
0.594252, 0.356775
0.618313, 0.357003
0.643085, 0.356915
0.668613, 0.356711
0.694754, 0.356639
0.721233, 0.356925
0.747674, 0.357761
0.773608, 0.359311
0.798478, 0.36171
0.821757, 0.365031
0.843434, 0.369117
0.864518, 0.373501
0.886544, 0.377685
0.910363, 0.381552
0.935719, 0.385357
0.961899, 0.389429
0.988621, 0.393934
0.00787451, 0.411612
0.0348894, 0.407878
0.0613146, 0.404499
0.0867887, 0.401316
0.110517, 0.398026
0.132321, 0.394425
0.153348, 0.390692
0.175338, 0.38732
0.19921, 0.384695
0.224753, 0.382898
0.251329, 0.381839
0.278326, 0.381385
0.305219, 0.381368
0.33156, 0.381566
0.357003, 0.381687
0.381391, 0.381391
0.404895, 0.380427
0.428053, 0.37886
0.451493, 0.37712
0.475526, 0.375783
0.5, 0.375286
0.524474, 0.375783
0.548507, 0.37712
0.571947, 0.37886
0.595105, 0.380427
0.618609, 0.381391
0.642997, 0.381687
0.66844, 0.381566
0.694781, 0.381368
0.721674, 0.381385
0.748671, 0.381839
0.775247, 0.382898
0.80079, 0.384695
0.824662, 0.38732
0.846652, 0.390692
0.867679, 0.394425
0.889483, 0.398026
0.913211, 0.401316
0.938685, 0.404499
0.965111, 0.407878
0.992125, 0.411612
0.00502525, 0.429289
0.0322817, 0.426315
0.0589044, 0.423622
0.0844615, 0.421065
0.10809, 0.418385
0.129706, 0.415428
0.150727, 0.412399
0.173039, 0.409741
0.197444, 0.40775
0.223563, 0.406456
0.250679, 0.405771
0.278128, 0.405571
0.305311, 0.405687
0.331681, 0.405869
0.356775, 0.405748
0.380427, 0.404895
0.403103, 0.403103
0.425834, 0.40068
0.449526, 0.398308
0.474393, 0.396637
0.5, 0.396045
0.525607, 0.396637
0.550474, 0.398308
0.574166, 0.40068
0.596897, 0.403103
0.619573, 0.404895
0.643225, 0.405748
0.668319, 0.405869
0.694689, 0.405687
0.721872, 0.405571
0.749321, 0.405771
0.776437, 0.406456
0.802556, 0.40775
0.826961, 0.409741
0.849273, 0.412399
0.870294, 0.415428
0.89191, 0.418385
0.915538, 0.421065
0.941096, 0.423622
0.967718, 0.426315
0.994975, 0.429289
0.00282045, 0.446967
0.0302657, 0.444744
0.0570402, 0.442729
0.0826529, 0.440805
0.106187, 0.438764
0.127656, 0.436501
0.148703, 0.434211
0.171307, 0.43225
0.196153, 0.430826
0.222736, 0.429945
0.250279, 0.429529
0.278068, 0.429474
0.305423, 0.429621
0.331662, 0.42971
0.356174, 0.429332
0.37886, 0.428053
0.40068, 0.425834
0.423197, 0.423197
0.44741, 0.420878
0.473254, 0.419376
0.5, 0.418867
0.526746, 0.419376
0.55259, 0.420878
0.576803, 0.423197
0.59932, 0.425834
0.62114, 0.428053
0.643826, 0.429332
0.668338, 0.42971
0.694577, 0.429621
0.721932, 0.429474
0.749721, 0.429529
0.777264, 0.429945
0.803847, 0.430826
0.828693, 0.43225
0.851297, 0.434211
0.872344, 0.436501
0.893813, 0.438764
0.917347, 0.440805
0.94296, 0.442729
0.969734, 0.444744
0.99718, 0.446967
0.00125157, 0.464645
0.0288321, 0.463167
0.0557139, 0.461826
0.0813612, 0.460539
0.10482, 0.459163
0.126185, 0.457634
0.147268, 0.4561
0.170102, 0.454811
0.195276, 0.453897
0.222198, 0.453353
0.25005, 0.453124
0.278071, 0.453131
0.305502, 0.453248
0.331517, 0.453249
0.355365, 0.452771
0.37712, 0.451493
0.398308, 0.449526
0.420878, 0.44741
0.445711, 0.445711
0.472389, 0.444679
0.5, 0.444338
0.527611, 0.444679
0.554289, 0.445711
0.579122, 0.44741
0.601692, 0.449526
0.62288, 0.451493
0.644635, 0.452771
0.668483, 0.453249
0.694498, 0.453248
0.721929, 0.453131
0.74995, 0.453124
0.777802, 0.453353
0.804724, 0.453897
0.829898, 0.454811
0.852732, 0.4561
0.873815, 0.457634
0.89518, 0.459163
0.918639, 0.460539
0.944286, 0.461826
0.971168, 0.463167
0.998748, 0.464645
0.000312598, 0.482322
0.0279745, 0.481584
0.0549203, 0.480915
0.0805862, 0.48027
0.103997, 0.479577
0.1253, 0.478806
0.146412, 0.478038
0.169392, 0.477399
0.194768, 0.476954
0.221897, 0.476695
0.249935, 0.476595
0.278089, 0.476612
0.305539, 0.476673
0.331347, 0.476645
0.354671, 0.476316
0.375783, 0.475526
0.396637, 0.474393
0.419376, 0.473254
0.444679, 0.472389
0.471879, 0.471879
0.5, 0.471713
0.528121, 0.471879
0.555321, 0.472389
0.580624, 0.473254
0.603363, 0.474393
0.624217, 0.475526
0.645329, 0.476316
0.668653, 0.476645
0.694461, 0.476673
0.721911, 0.476612
0.750065, 0.476595
0.778103, 0.476695
0.805232, 0.476954
0.830608, 0.477399
0.853588, 0.478038
0.8747, 0.478806
0.896003, 0.479577
0.919414, 0.48027
0.94508, 0.480915
0.972026, 0.481584
0.999687, 0.482322
0, 0.5
0.027689, 0.5
0.0546561, 0.5
0.0803279, 0.5
0.103722, 0.5
0.125005, 0.5
0.146127, 0.5
0.169158, 0.5
0.194602, 0.5
0.2218, 0.5
0.2499, 0.5
0.278098, 0.5
0.305548, 0.5
0.331273, 0.5
0.354399, 0.5
0.375286, 0.5
0.396045, 0.5
0.418867, 0.5
0.444338, 0.5
0.471713, 0.5
0.5, 0.5
0.528287, 0.5
0.555662, 0.5
0.581133, 0.5
0.603955, 0.5
0.624714, 0.5
0.645601, 0.5
0.668727, 0.5
0.694452, 0.5
0.721902, 0.5
0.7501, 0.5
0.7782, 0.5
0.805398, 0.5
0.830842, 0.5
0.853873, 0.5
0.874995, 0.5
0.896278, 0.5
0.919672, 0.5
0.945344, 0.5
0.972311, 0.5
1, 0.5
0.000312598, 0.517678
0.0279745, 0.518416
0.0549203, 0.519085
0.0805862, 0.51973
0.103997, 0.520423
0.1253, 0.521194
0.146412, 0.521962
0.169392, 0.522601
0.194768, 0.523046
0.221897, 0.523305
0.249935, 0.523405
0.278089, 0.523388
0.305539, 0.523327
0.331347, 0.523355
0.354671, 0.523684
0.375783, 0.524474
0.396637, 0.525607
0.419376, 0.526746
0.444679, 0.527611
0.471879, 0.528121
0.5, 0.528287
0.528121, 0.528121
0.555321, 0.527611
0.580624, 0.526746
0.603363, 0.525607
0.624217, 0.524474
0.645329, 0.523684
0.668653, 0.523355
0.694461, 0.523327
0.721911, 0.523388
0.750065, 0.523405
0.778103, 0.523305
0.805232, 0.523046
0.830608, 0.522601
0.853588, 0.521962
0.8747, 0.521194
0.896003, 0.520423
0.919414, 0.51973
0.94508, 0.519085
0.972026, 0.518416
0.999687, 0.517678
0.00125157, 0.535355
0.0288321, 0.536833
0.0557139, 0.538174
0.0813612, 0.539461
0.10482, 0.540837
0.126185, 0.542366
0.147268, 0.5439
0.170102, 0.545189
0.195276, 0.546103
0.222198, 0.546647
0.25005, 0.546876
0.278071, 0.546869
0.305502, 0.546752
0.331517, 0.546751
0.355365, 0.547229
0.37712, 0.548507
0.398308, 0.550474
0.420878, 0.55259
0.445711, 0.554289
0.472389, 0.555321
0.5, 0.555662
0.527611, 0.555321
0.554289, 0.554289
0.579122, 0.55259
0.601692, 0.550474
0.62288, 0.548507
0.644635, 0.547229
0.668483, 0.546751
0.694498, 0.546752
0.721929, 0.546869
0.74995, 0.546876
0.777802, 0.546647
0.804724, 0.546103
0.829898, 0.545189
0.852732, 0.5439
0.873815, 0.542366
0.89518, 0.540837
0.918639, 0.539461
0.944286, 0.538174
0.971168, 0.536833
0.998748, 0.535355
0.00282045, 0.553033
0.0302657, 0.555256
0.0570402, 0.557271
0.0826529, 0.559195
0.106187, 0.561236
0.127656, 0.563499
0.148703, 0.565789
0.171307, 0.56775
0.196153, 0.569174
0.222736, 0.570055
0.250279, 0.570471
0.278068, 0.570526
0.305423, 0.570379
0.331662, 0.57029
0.356174, 0.570668
0.37886, 0.571947
0.40068, 0.574166
0.423197, 0.576803
0.44741, 0.579122
0.473254, 0.580624
0.5, 0.581133
0.526746, 0.580624
0.55259, 0.579122
0.576803, 0.576803
0.59932, 0.574166
0.62114, 0.571947
0.643826, 0.570668
0.668338, 0.57029
0.694577, 0.570379
0.721932, 0.570526
0.749721, 0.570471
0.777264, 0.570055
0.803847, 0.569174
0.828693, 0.56775
0.851297, 0.565789
0.872344, 0.563499
0.893813, 0.561236
0.917347, 0.559195
0.94296, 0.557271
0.969734, 0.555256
0.99718, 0.553033
0.00502525, 0.570711
0.0322817, 0.573685
0.0589044, 0.576378
0.0844615, 0.578935
0.10809, 0.581615
0.129706, 0.584572
0.150727, 0.587601
0.173039, 0.590259
0.197444, 0.59225
0.223563, 0.593544
0.250679, 0.594229
0.278128, 0.594429
0.305311, 0.594313
0.331681, 0.594131
0.356775, 0.594252
0.380427, 0.595105
0.403103, 0.596897
0.425834, 0.59932
0.449526, 0.601692
0.474393, 0.603363
0.5, 0.603955
0.525607, 0.603363
0.550474, 0.601692
0.574166, 0.59932
0.596897, 0.596897
0.619573, 0.595105
0.643225, 0.594252
0.668319, 0.594131
0.694689, 0.594313
0.721872, 0.594429
0.749321, 0.594229
0.776437, 0.593544
0.802556, 0.59225
0.826961, 0.590259
0.849273, 0.587601
0.870294, 0.584572
0.89191, 0.581615
0.915538, 0.578935
0.941096, 0.576378
0.967718, 0.573685
0.994975, 0.570711
0.00787451, 0.588388
0.0348894, 0.592122
0.0613146, 0.595501
0.0867887, 0.598684
0.110517, 0.601974
0.132321, 0.605575
0.153348, 0.609308
0.175338, 0.61268
0.19921, 0.615305
0.224753, 0.617102
0.251329, 0.618161
0.278326, 0.618615
0.305219, 0.618632
0.33156, 0.618434
0.357003, 0.618313
0.381391, 0.618609
0.404895, 0.619573
0.428053, 0.62114
0.451493, 0.62288
0.475526, 0.624217
0.5, 0.624714
0.524474, 0.624217
0.548507, 0.62288
0.571947, 0.62114
0.595105, 0.619573
0.618609, 0.618609
0.642997, 0.618313
0.66844, 0.618434
0.694781, 0.618632
0.721674, 0.618615
0.748671, 0.618161
0.775247, 0.617102
0.80079, 0.615305
0.824662, 0.61268
0.846652, 0.609308
0.867679, 0.605575
0.889483, 0.601974
0.913211, 0.598684
0.938685, 0.595501
0.965111, 0.592122
0.992125, 0.588388
0.0113795, 0.606066
0.0381007, 0.610571
0.0642815, 0.614643
0.0896375, 0.618448
0.113456, 0.622315
0.135482, 0.626499
0.156566, 0.630883
0.178243, 0.634969
0.201522, 0.63829
0.226392, 0.640689
0.252326, 0.642239
0.278767, 0.643075
0.305246, 0.643361
0.331387, 0.643289
0.356915, 0.643085
0.381687, 0.642997
0.405748, 0.643225
0.429332, 0.643826
0.452771, 0.644635
0.476316, 0.645329
0.5, 0.645601
0.523684, 0.645329
0.547229, 0.644635
0.570668, 0.643826
0.594252, 0.643225
0.618313, 0.642997
0.643085, 0.643085
0.668613, 0.643289
0.694754, 0.643361
0.721233, 0.643075
0.747674, 0.642239
0.773608, 0.640689
0.798478, 0.63829
0.821757, 0.634969
0.843434, 0.630883
0.864518, 0.626499
0.886544, 0.622315
0.910363, 0.618448
0.935719, 0.614643
0.961899, 0.610571
0.988621, 0.606066
0.0155544, 0.623744
0.0419308, 0.629032
0.0678189, 0.633807
0.093014, 0.638234
0.116896, 0.64265
0.139162, 0.647349
0.160368, 0.652305
0.181787, 0.657072
0.204458, 0.66113
0.228584, 0.664229
0.253787, 0.66639
0.279576, 0.667745
0.305531, 0.668451
0.331322, 0.668678
0.356711, 0.668613
0.381566, 0.66844
0.405869, 0.668319
0.42971, 0.668338
0.453249, 0.668483
0.476645, 0.668653
0.5, 0.668727
0.523355, 0.668653
0.546751, 0.668483
0.57029, 0.668338
0.594131, 0.668319
0.618434, 0.66844
0.643289, 0.668613
0.668678, 0.668678
0.694469, 0.668451
0.720424, 0.667745
0.746213, 0.66639
0.771416, 0.664229
0.795542, 0.66113
0.818213, 0.657072
0.839632, 0.652305
0.860838, 0.647349
0.883104, 0.64265
0.906986, 0.638234
0.932181, 0.633807
0.958069, 0.629032
0.984446, 0.623744
0.0204168, 0.641421
0.0463984, 0.647507
0.0719444, 0.652999
0.0969282, 0.65805
0.120828, 0.662991
0.143327, 0.66814
0.164722, 0.673569
0.185981, 0.67894
0.208087, 0.683734
0.231435, 0.687605
0.255836, 0.690492
0.280893, 0.692497
0.306229, 0.693771
0.331549, 0.694469
0.356639, 0.694754
0.381368, 0.694781
0.405687, 0.694689
0.429621, 0.694577
0.453248, 0.694498
0.476673, 0.694461
0.5, 0.694452
0.523327, 0.694461
0.546752, 0.694498
0.570379, 0.694577
0.594313, 0.694689
0.618632, 0.694781
0.643361, 0.694754
0.668451, 0.694469
0.693771, 0.693771
0.719107, 0.692497
0.744164, 0.690492
0.768565, 0.687605
0.791913, 0.683734
0.814019, 0.67894
0.835278, 0.673569
0.856673, 0.66814
0.879172, 0.662991
0.903072, 0.65805
0.928056, 0.652999
0.953602, 0.647507
0.979583, 0.641421
0.0259879, 0.659099
0.0515259, 0.665997
0.0766795, 0.67222
0.101395, 0.677903
0.125248, 0.683358
0.147941, 0.688903
0.169573, 0.694697
0.190798, 0.700546
0.212452, 0.706004
0.235047, 0.710665
0.258607, 0.714363
0.282865, 0.717135
0.307503, 0.719107
0.332255, 0.720424
0.356925, 0.721233
0.381385, 0.721674
0.405571, 0.721872
0.429474, 0.721932
0.453131, 0.721929
0.476612, 0.721911
0.5, 0.721902
0.523388, 0.721911
0.546869, 0.721929
0.570526, 0.721932
0.594429, 0.721872
0.618615, 0.721674
0.643075, 0.721233
0.667745, 0.720424
0.692497, 0.719107
0.717135, 0.717135
0.741393, 0.714363
0.764953, 0.710665
0.787548, 0.706004
0.809202, 0.700546
0.830427, 0.694697
0.852059, 0.688903
0.874752, 0.683358
0.898605, 0.677903
0.92332, 0.67222
0.948474, 0.665997
0.974012, 0.659099
0.0322928, 0.676777
0.0573398, 0.684504
0.0820507, 0.691475
0.106436, 0.697801
0.130162, 0.70377
0.152975, 0.709679
0.174852, 0.715739
0.196163, 0.72191
0.217533, 0.727877
0.239487, 0.733253
0.262221, 0.737779
0.285637, 0.741393
0.309508, 0.744164
0.33361, 0.746213
0.357761, 0.747674
0.381839, 0.748671
0.405771, 0.749321
0.429529, 0.749721
0.453124, 0.74995
0.476595, 0.750065
0.5, 0.7501
0.523405, 0.750065
0.546876, 0.74995
0.570471, 0.749721
0.594229, 0.749321
0.618161, 0.748671
0.642239, 0.747674
0.66639, 0.746213
0.690492, 0.744164
0.714363, 0.741393
0.737779, 0.737779
0.760513, 0.733253
0.782467, 0.727877
0.803837, 0.72191
0.825148, 0.715739
0.847025, 0.709679
0.869838, 0.70377
0.893564, 0.697801
0.917949, 0.691475
0.94266, 0.684504
0.967707, 0.676777
0.0393619, 0.694454
0.0638718, 0.703028
0.0880898, 0.710765
0.112079, 0.717754
0.135587, 0.724249
0.158415, 0.730515
0.180485, 0.736778
0.201958, 0.743115
0.223229, 0.749376
0.244731, 0.755269
0.266747, 0.760513
0.289335, 0.764953
0.312395, 0.768565
0.335771, 0.771416
0.359311, 0.773608
0.382898, 0.775247
0.406456, 0.776437
0.429945, 0.777264
0.453353, 0.777802
0.476695, 0.778103
0.5, 0.7782
0.523305, 0.778103
0.546647, 0.777802
0.570055, 0.777264
0.593544, 0.776437
0.617102, 0.775247
0.640689, 0.773608
0.664229, 0.771416
0.687605, 0.768565
0.710665, 0.764953
0.733253, 0.760513
0.755269, 0.755269
0.776771, 0.749376
0.798042, 0.743115
0.819515, 0.736778
0.841585, 0.730515
0.864413, 0.724249
0.887921, 0.717754
0.91191, 0.710765
0.936128, 0.703028
0.960638, 0.694454
0.0472307, 0.712132
0.071159, 0.721569
0.0948346, 0.730091
0.118361, 0.737764
0.141555, 0.744812
0.164267, 0.751458
0.186418, 0.757912
0.208047, 0.76431
0.229352, 0.770648
0.250624, 0.776771
0.272123, 0.782467
0.293996, 0.787548
0.316266, 0.791913
0.33887, 0.795542
0.36171, 0.798478
0.384695, 0.80079
0.40775, 0.802556
0.430826, 0.803847
0.453897, 0.804724
0.476954, 0.805232
0.5, 0.805398
0.523046, 0.805232
0.546103, 0.804724
0.569174, 0.803847
0.59225, 0.802556
0.615305, 0.80079
0.63829, 0.798478
0.66113, 0.795542
0.683734, 0.791913
0.706004, 0.787548
0.727877, 0.782467
0.749376, 0.776771
0.770648, 0.770648
0.791953, 0.76431
0.813582, 0.757912
0.835733, 0.751458
0.858445, 0.744812
0.881639, 0.737764
0.905165, 0.730091
0.928841, 0.721569
0.952769, 0.712132
0.055942, 0.72981
0.0792452, 0.740127
0.10233, 0.749453
0.125329, 0.757837
0.148109, 0.765472
0.170569, 0.772543
0.192644, 0.779229
0.214326, 0.785674
0.23569, 0.791953
0.256885, 0.798042
0.27809, 0.803837
0.299454, 0.809202
0.32106, 0.814019
0.342928, 0.818213
0.365031, 0.821757
0.38732, 0.824662
0.409741, 0.826961
0.43225, 0.828693
0.454811, 0.829898
0.477399, 0.830608
0.5, 0.830842
0.522601, 0.830608
0.545189, 0.829898
0.56775, 0.828693
0.590259, 0.826961
0.61268, 0.824662
0.634969, 0.821757
0.657072, 0.818213
0.67894, 0.814019
0.700546, 0.809202
0.72191, 0.803837
0.743115, 0.798042
0.76431, 0.791953
0.785674, 0.785674
0.807356, 0.779229
0.829431, 0.772543
0.851891, 0.765472
0.874671, 0.757837
0.89767, 0.749453
0.920755, 0.740127
0.944058, 0.72981
0.0655463, 0.747487
0.0881824, 0.7587
0.110631, 0.768849
0.133036, 0.77797
0.15531, 0.786233
0.177383, 0.793792
0.199209, 0.800791
0.220771, 0.807356
0.242088, 0.813582
0.263222, 0.819515
0.284261, 0.825148
0.305303, 0.830427
0.326431, 0.835278
0.347695, 0.839632
0.369117, 0.843434
0.390692, 0.846652
0.412399, 0.849273
0.434211, 0.851297
0.4561, 0.852732
0.478038, 0.853588
0.5, 0.853873
0.521962, 0.853588
0.5439, 0.852732
0.565789, 0.851297
0.587601, 0.849273
0.609308, 0.846652
0.630883, 0.843434
0.652305, 0.839632
0.673569, 0.835278
0.694697, 0.830427
0.715739, 0.825148
0.736778, 0.819515
0.757912, 0.813582
0.779229, 0.807356
0.800791, 0.800791
0.822617, 0.793792
0.84469, 0.786233
0.866964, 0.77797
0.889369, 0.768849
0.911818, 0.7587
0.934454, 0.747487
0.0761044, 0.765165
0.0980322, 0.777288
0.119798, 0.788276
0.141551, 0.79816
0.163232, 0.807092
0.184795, 0.815205
0.206208, 0.822617
0.227457, 0.829431
0.248542, 0.835733
0.269485, 0.841585
0.290321, 0.847025
0.311097, 0.852059
0.33186, 0.856673
0.352651, 0.860838
0.373501, 0.864518
0.394425, 0.867679
0.415428, 0.870294
0.436501, 0.872344
0.457634, 0.873815
0.478806, 0.8747
0.5, 0.874995
0.521194, 0.8747
0.542366, 0.873815
0.563499, 0.872344
0.584572, 0.870294
0.605575, 0.867679
0.626499, 0.864518
0.647349, 0.860838
0.66814, 0.856673
0.688903, 0.852059
0.709679, 0.847025
0.730515, 0.841585
0.751458, 0.835733
0.772543, 0.829431
0.793792, 0.822617
0.815205, 0.815205
0.836768, 0.807092
0.858449, 0.79816
0.880202, 0.788276
0.901968, 0.777288
0.923896, 0.765165
0.0876894, 0.782843
0.108868, 0.795886
0.12991, 0.807726
0.150952, 0.818397
0.171962, 0.828038
0.192908, 0.836768
0.213767, 0.84469
0.234528, 0.851891
0.255188, 0.858445
0.275751, 0.864413
0.29623, 0.869838
0.316642, 0.874752
0.337009, 0.879172
0.35735, 0.883104
0.377685, 0.886544
0.398026, 0.889483
0.418385, 0.89191
0.438764, 0.893813
0.459163, 0.89518
0.479577, 0.896003
0.5, 0.896278
0.520423, 0.896003
0.540837, 0.89518
0.561236, 0.893813
0.581615, 0.89191
0.601974, 0.889483
0.622315, 0.886544
0.64265, 0.883104
0.662991, 0.879172
0.683358, 0.874752
0.70377, 0.869838
0.724249, 0.864413
0.744812, 0.858445
0.765472, 0.851891
0.786233, 0.84469
0.807092, 0.836768
0.828038, 0.828038
0.849048, 0.818397
0.87009, 0.807726
0.891132, 0.795886
0.912311, 0.782843
0.100391, 0.80052
0.12078, 0.814492
0.141054, 0.827191
0.161334, 0.838666
0.181603, 0.849048
0.20184, 0.858449
0.22203, 0.866964
0.242163, 0.874671
0.262236, 0.881639
0.282246, 0.887921
0.302199, 0.893564
0.322097, 0.898605
0.34195, 0.903072
0.361766, 0.906986
0.381552, 0.910363
0.401316, 0.913211
0.421065, 0.915538
0.440805, 0.917347
0.460539, 0.918639
0.48027, 0.919414
0.5, 0.919672
0.51973, 0.919414
0.539461, 0.918639
0.559195, 0.917347
0.578935, 0.915538
0.598684, 0.913211
0.618448, 0.910363
0.638234, 0.906986
0.65805, 0.903072
0.677903, 0.898605
0.697801, 0.893564
0.717754, 0.887921
0.737764, 0.881639
0.757837, 0.874671
0.77797, 0.866964
0.79816, 0.858449
0.818397, 0.849048
0.838666, 0.838666
0.858946, 0.827191
0.87922, 0.814492
0.899609, 0.80052
0.114319, 0.818198
0.133876, 0.833101
0.15334, 0.84666
0.172809, 0.858946
0.192274, 0.87009
0.211724, 0.880202
0.231151, 0.889369
0.250547, 0.89767
0.269909, 0.905165
0.289235, 0.91191
0.308525, 0.917949
0.32778, 0.92332
0.347001, 0.928056
0.366193, 0.932181
0.385357, 0.935719
0.404499, 0.938685
0.423622, 0.941096
0.442729, 0.94296
0.461826, 0.944286
0.480915, 0.94508
0.5, 0.945344
0.519085, 0.94508
0.538174, 0.944286
0.557271, 0.94296
0.576378, 0.941096
0.595501, 0.938685
0.614643, 0.935719
0.633807, 0.932181
0.652999, 0.928056
0.67222, 0.92332
0.691475, 0.917949
0.710765, 0.91191
0.730091, 0.905165
0.749453, 0.89767
0.768849, 0.889369
0.788276, 0.880202
0.807726, 0.87009
0.827191, 0.858946
0.84666, 0.84666
0.866124, 0.833101
0.885681, 0.818198
0.129612, 0.835876
0.148293, 0.851707
0.166899, 0.866124
0.185508, 0.87922
0.204114, 0.891132
0.222712, 0.901968
0.2413, 0.911818
0.259873, 0.920755
0.278431, 0.928841
0.296972, 0.936128
0.315496, 0.94266
0.334003, 0.948474
0.352493, 0.953602
0.370968, 0.958069
0.389429, 0.961899
0.407878, 0.965111
0.426315, 0.967718
0.444744, 0.969734
0.463167, 0.971168
0.481584, 0.972026
0.5, 0.972311
0.518416, 0.972026
0.536833, 0.971168
0.555256, 0.969734
0.573685, 0.967718
0.592122, 0.965111
0.610571, 0.961899
0.629032, 0.958069
0.647507, 0.953602
0.665997, 0.948474
0.684504, 0.94266
0.703028, 0.936128
0.721569, 0.928841
0.740127, 0.920755
0.7587, 0.911818
0.777288, 0.901968
0.795886, 0.891132
0.814492, 0.87922
0.833101, 0.866124
0.851707, 0.851707
0.870388, 0.835876
0.146447, 0.853553
0.164124, 0.870388
0.181802, 0.885681
0.19948, 0.899609
0.217157, 0.912311
0.234835, 0.923896
0.252513, 0.934454
0.27019, 0.944058
0.287868, 0.952769
0.305546, 0.960638
0.323223, 0.967707
0.340901, 0.974012
0.358579, 0.979583
0.376256, 0.984446
0.393934, 0.988621
0.411612, 0.992125
0.429289, 0.994975
0.446967, 0.99718
0.464645, 0.998748
0.482322, 0.999687
0.5, 1
0.517678, 0.999687
0.535355, 0.998748
0.553033, 0.99718
0.570711, 0.994975
0.588388, 0.992125
0.606066, 0.988621
0.623744, 0.984446
0.641421, 0.979583
0.659099, 0.974012
0.676777, 0.967707
0.694454, 0.960638
0.712132, 0.952769
0.72981, 0.944058
0.747487, 0.934454
0.765165, 0.923896
0.782843, 0.912311
0.80052, 0.899609
0.818198, 0.885681
0.835876, 0.870388
0.853553, 0.853553
0.14696, 0.14696
0.165113, 0.131383
0.183268, 0.11723
0.20142, 0.104346
0.219568, 0.092608
0.23771, 0.0819177
0.255844, 0.072194
0.273971, 0.0633699
0.29209, 0.0553895
0.3102, 0.0482059
0.328303, 0.0417798
0.346398, 0.0360777
0.364487, 0.0310716
0.382569, 0.0267379
0.400645, 0.0230571
0.418716, 0.0200131
0.436784, 0.0175928
0.454848, 0.0157861
0.47291, 0.0145857
0.49097, 0.0139867
0.50903, 0.0139867
0.52709, 0.0145857
0.545152, 0.0157861
0.563216, 0.0175928
0.581284, 0.0200131
0.599355, 0.0230571
0.617431, 0.0267379
0.635513, 0.0310716
0.653602, 0.0360777
0.671697, 0.0417798
0.6898, 0.0482059
0.70791, 0.0553895
0.726029, 0.0633699
0.744156, 0.072194
0.76229, 0.0819177
0.780432, 0.092608
0.79858, 0.104346
0.816732, 0.11723
0.834887, 0.131383
0.85304, 0.14696
0.131383, 0.165113
0.150429, 0.150429
0.169469, 0.137103
0.188511, 0.125003
0.207547, 0.114009
0.226568, 0.104022
0.245571, 0.0949613
0.264552, 0.0867595
0.283509, 0.0793594
0.302439, 0.0727126
0.321344, 0.0667782
0.340225, 0.0615216
0.359081, 0.0569135
0.377916, 0.0529293
0.396732, 0.0495489
0.415531, 0.0467555
0.434316, 0.0445359
0.453091, 0.0428798
0.471858, 0.0417798
0.49062, 0.041231
0.50938, 0.041231
0.528142, 0.0417798
0.546909, 0.0428798
0.565684, 0.0445359
0.584469, 0.0467555
0.603268, 0.0495489
0.622084, 0.0529293
0.640919, 0.0569135
0.659775, 0.0615216
0.678656, 0.0667782
0.697561, 0.0727126
0.716491, 0.0793594
0.735448, 0.0867595
0.754429, 0.0949613
0.773432, 0.104022
0.792453, 0.114009
0.811489, 0.125003
0.830531, 0.137103
0.849571, 0.150429
0.868617, 0.165113
0.11723, 0.183268
0.137103, 0.169469
0.156975, 0.156975
0.176849, 0.145661
0.196708, 0.135407
0.21654, 0.126113
0.236334, 0.117695
0.256085, 0.110083
0.27579, 0.103219
0.295448, 0.0970519
0.31506, 0.0915409
0.334631, 0.0866519
0.354165, 0.0823573
0.373667, 0.0786353
0.393142, 0.0754692
0.412597, 0.072846
0.432035, 0.0707567
0.451461, 0.0691946
0.47088, 0.0681554
0.490294, 0.0676364
0.509706, 0.0676364
0.52912, 0.0681554
0.548539, 0.0691946
0.567965, 0.0707567
0.587403, 0.072846
0.606858, 0.0754692
0.626333, 0.0786353
0.645835, 0.0823573
0.665369, 0.0866519
0.68494, 0.0915409
0.704552, 0.0970519
0.72421, 0.103219
0.743915, 0.110083
0.763666, 0.117695
0.78346, 0.126113
0.803292, 0.135407
0.823151, 0.145661
0.843025, 0.156975
0.862897, 0.169469
0.88277, 0.183268
0.104346, 0.20142
0.125003, 0.188511
0.145661, 0.176849
0.166313, 0.166313
0.186932, 0.15678
0.207497, 0.148144
0.227994, 0.140316
0.248414, 0.13322
0.268757, 0.126794
0.289027, 0.120986
0.309231, 0.115755
0.329381, 0.111072
0.349491, 0.106918
0.369573, 0.103281
0.389639, 0.100156
0.409699, 0.0975431
0.429759, 0.0954454
0.449822, 0.093867
0.469891, 0.092812
0.489963, 0.0922836
0.510037, 0.0922836
0.530109, 0.092812
0.550178, 0.093867
0.570241, 0.0954454
0.590301, 0.0975431
0.610361, 0.100156
0.630427, 0.103281
0.650509, 0.106918
0.670619, 0.111072
0.690769, 0.115755
0.710973, 0.120986
0.731243, 0.126794
0.751586, 0.13322
0.772006, 0.140316
0.792503, 0.148144
0.813068, 0.15678
0.833687, 0.166313
0.854339, 0.176849
0.874997, 0.188511
0.895654, 0.20142
0.092608, 0.219568
0.114009, 0.207547
0.135407, 0.196708
0.15678, 0.186932
0.178085, 0.178085
0.199291, 0.17005
0.220377, 0.162728
0.241336, 0.156031
0.262172, 0.14989
0.282902, 0.144251
0.303549, 0.13908
0.324145, 0.134364
0.344722, 0.130105
0.365308, 0.126316
0.385922, 0.123019
0.406578, 0.120236
0.427279, 0.117985
0.448022, 0.116284
0.468799, 0.115143
0.489597, 0.114571
0.510403, 0.114571
0.531201, 0.115143
0.551978, 0.116284
0.572721, 0.117985
0.593422, 0.120236
0.614078, 0.123019
0.634692, 0.126316
0.655278, 0.130105
0.675855, 0.134364
0.696451, 0.13908
0.717098, 0.144251
0.737828, 0.14989
0.758664, 0.156031
0.779623, 0.162728
0.800709, 0.17005
0.821915, 0.178085
0.84322, 0.186932
0.864593, 0.196708
0.885991, 0.207547
0.907392, 0.219568
0.0819177, 0.23771
0.104022, 0.226568
0.126113, 0.21654
0.148144, 0.207497
0.17005, 0.199291
0.191786, 0.191786
0.213322, 0.184862
0.234653, 0.178416
0.255799, 0.172369
0.276807, 0.16668
0.297741, 0.161347
0.31867, 0.1564
0.339651, 0.151887
0.360725, 0.147861
0.381911, 0.144364
0.40321, 0.141428
0.424609, 0.139071
0.44609, 0.137302
0.46763, 0.136124
0.489206, 0.135535
0.510794, 0.135535
0.53237, 0.136124
0.55391, 0.137302
0.575391, 0.139071
0.59679, 0.141428
0.618089, 0.144364
0.639275, 0.147861
0.660349, 0.151887
0.68133, 0.1564
0.702259, 0.161347
0.723193, 0.16668
0.744201, 0.172369
0.765347, 0.178416
0.786678, 0.184862
0.808214, 0.191786
0.82995, 0.199291
0.851856, 0.207497
0.873887, 0.21654
0.895978, 0.226568
0.918082, 0.23771
0.072194, 0.255844
0.0949613, 0.245571
0.117695, 0.236334
0.140316, 0.227994
0.162728, 0.220377
0.184862, 0.213322
0.206679, 0.206679
0.228188, 0.20033
0.249455, 0.194214
0.270596, 0.188346
0.291744, 0.1828
0.31301, 0.17768
0.334461, 0.17308
0.356117, 0.169063
0.377963, 0.16566
0.399968, 0.162873
0.422092, 0.160686
0.444299, 0.159076
0.46656, 0.158018
0.48885, 0.157494
0.51115, 0.157494
0.53344, 0.158018
0.555701, 0.159076
0.577908, 0.160686
0.600032, 0.162873
0.622037, 0.16566
0.643883, 0.169063
0.665539, 0.17308
0.68699, 0.17768
0.708256, 0.1828
0.729404, 0.188346
0.750545, 0.194214
0.771812, 0.20033
0.793321, 0.206679
0.815138, 0.213322
0.837272, 0.220377
0.859684, 0.227994
0.882305, 0.236334
0.905039, 0.245571
0.927806, 0.255844
0.0633699, 0.273971
0.0867595, 0.264552
0.110083, 0.256085
0.13322, 0.248414
0.156031, 0.241336
0.178416, 0.234653
0.20033, 0.228188
0.221835, 0.221835
0.243104, 0.215611
0.264367, 0.209643
0.285825, 0.20411
0.307587, 0.199161
0.329672, 0.194883
0.352035, 0.191295
0.374604, 0.188369
0.397309, 0.186054
0.420091, 0.184289
0.44291, 0.18302
0.465744, 0.182201
0.488581, 0.181799
0.511419, 0.181799
0.534256, 0.182201
0.55709, 0.18302
0.579909, 0.184289
0.602691, 0.186054
0.625396, 0.188369
0.647965, 0.191295
0.670328, 0.194883
0.692413, 0.199161
0.714175, 0.20411
0.735633, 0.209643
0.756896, 0.215611
0.778165, 0.221835
0.79967, 0.228188
0.821584, 0.234653
0.843969, 0.241336
0.86678, 0.248414
0.889917, 0.256085
0.91324, 0.264552
0.93663, 0.273971
0.0553895, 0.29209
0.0793594, 0.283509
0.103219, 0.27579
0.126794, 0.268757
0.14989, 0.262172
0.172369, 0.255799
0.194214, 0.249455
0.215611, 0.243104
0.236904, 0.236904
0.25844, 0.231115
0.280422, 0.225969
0.302879, 0.221587
0.325727, 0.217983
0.348839, 0.215099
0.372096, 0.212848
0.395408, 0.211137
0.418714, 0.209881
0.441985, 0.209007
0.465213, 0.208456
0.488409, 0.208191
0.511591, 0.208191
0.534787, 0.208456
0.558015, 0.209007
0.581286, 0.209881
0.604592, 0.211137
0.627904, 0.212848
0.651161, 0.215099
0.674273, 0.217983
0.697121, 0.221587
0.719578, 0.225969
0.74156, 0.231115
0.763096, 0.236904
0.784389, 0.243104
0.805786, 0.249455
0.827631, 0.255799
0.85011, 0.262172
0.873206, 0.268757
0.896781, 0.27579
0.920641, 0.283509
0.944611, 0.29209
0.0482059, 0.3102
0.0727126, 0.302439
0.0970519, 0.295448
0.120986, 0.289027
0.144251, 0.282902
0.16668, 0.276807
0.188346, 0.270596
0.209643, 0.264367
0.231115, 0.25844
0.253153, 0.253153
0.27586, 0.248701
0.299125, 0.245114
0.322755, 0.242318
0.346567, 0.240202
0.37042, 0.238646
0.394218, 0.237538
0.41791, 0.236779
0.441478, 0.236285
0.464936, 0.235993
0.488321, 0.235857
0.511679, 0.235857
0.535064, 0.235993
0.558522, 0.236285
0.58209, 0.236779
0.605782, 0.237538
0.62958, 0.238646
0.653433, 0.240202
0.677245, 0.242318
0.700875, 0.245114
0.72414, 0.248701
0.746847, 0.253153
0.768885, 0.25844
0.790357, 0.264367
0.811654, 0.270596
0.83332, 0.276807
0.855749, 0.282902
0.879014, 0.289027
0.902948, 0.295448
0.927287, 0.302439
0.951794, 0.3102
0.0417798, 0.328303
0.0667782, 0.321344
0.0915409, 0.31506
0.115755, 0.309231
0.13908, 0.303549
0.161347, 0.297741
0.1828, 0.291744
0.20411, 0.285825
0.225969, 0.280422
0.248701, 0.27586
0.272234, 0.272234
0.296316, 0.269482
0.32068, 0.267476
0.345112, 0.266081
0.36946, 0.265163
0.393629, 0.264598
0.417578, 0.264277
0.44131, 0.264111
0.464863, 0.264034
0.488301, 0.264005
0.511699, 0.264005
0.535137, 0.264034
0.55869, 0.264111
0.582422, 0.264277
0.606371, 0.264598
0.63054, 0.265163
0.654888, 0.266081
0.67932, 0.267476
0.703684, 0.269482
0.727766, 0.272234
0.751299, 0.27586
0.774031, 0.280422
0.79589, 0.285825
0.8172, 0.291744
0.838653, 0.297741
0.86092, 0.303549
0.884245, 0.309231
0.908459, 0.31506
0.933222, 0.321344
0.95822, 0.328303
0.0360777, 0.346398
0.0615216, 0.340225
0.0866519, 0.334631
0.111072, 0.329381
0.134364, 0.324145
0.1564, 0.31867
0.17768, 0.31301
0.199161, 0.307587
0.221587, 0.302879
0.245114, 0.299125
0.269482, 0.296316
0.294334, 0.294334
0.319361, 0.293033
0.344327, 0.292264
0.36907, 0.29188
0.393498, 0.291745
0.417588, 0.291743
0.441372, 0.291789
0.464919, 0.291835
0.488323, 0.29186
0.511677, 0.29186
0.535081, 0.291835
0.558628, 0.291789
0.582412, 0.291743
0.606502, 0.291745
0.63093, 0.29188
0.655673, 0.292264
0.680639, 0.293033
0.705666, 0.294334
0.730518, 0.296316
0.754886, 0.299125
0.778413, 0.302879
0.800839, 0.307587
0.82232, 0.31301
0.8436, 0.31867
0.865636, 0.324145
0.888928, 0.329381
0.913348, 0.334631
0.938478, 0.340225
0.963922, 0.346398
0.0310716, 0.364487
0.0569135, 0.359081
0.0823573, 0.354165
0.106918, 0.349491
0.130105, 0.344722
0.151887, 0.339651
0.17308, 0.334461
0.194883, 0.329672
0.217983, 0.325727
0.242318, 0.322755
0.267476, 0.32068
0.293033, 0.319361
0.318643, 0.318643
0.344048, 0.318365
0.369074, 0.31836
0.393636, 0.318471
0.417743, 0.318577
0.441481, 0.318616
0.464973, 0.318594
0.488337, 0.318561
0.511663, 0.318561
0.535027, 0.318594
0.558519, 0.318616
0.582257, 0.318577
0.606364, 0.318471
0.630926, 0.31836
0.655952, 0.318365
0.681357, 0.318643
0.706967, 0.319361
0.732524, 0.32068
0.757682, 0.322755
0.782017, 0.325727
0.805117, 0.329672
0.82692, 0.334461
0.848113, 0.339651
0.869895, 0.344722
0.893082, 0.349491
0.917643, 0.354165
0.943087, 0.359081
0.968928, 0.364487
0.0267379, 0.382569
0.0529293, 0.377916
0.0786353, 0.373667
0.103281, 0.369573
0.126316, 0.365308
0.147861, 0.360725
0.169063, 0.356117
0.191295, 0.352035
0.215099, 0.348839
0.240202, 0.346567
0.266081, 0.345112
0.292264, 0.344327
0.318365, 0.344048
0.344092, 0.344092
0.369249, 0.344253
0.393769, 0.344336
0.417729, 0.344206
0.441327, 0.343858
0.464789, 0.343432
0.488256, 0.343143
0.511744, 0.343143
0.535211, 0.343432
0.558673, 0.343858
0.582271, 0.344206
0.606231, 0.344336
0.630751, 0.344253
0.655908, 0.344092
0.681635, 0.344048
0.707736, 0.344327
0.733919, 0.345112
0.759798, 0.346567
0.784901, 0.348839
0.808705, 0.352035
0.830937, 0.356117
0.852139, 0.360725
0.873684, 0.365308
0.896719, 0.369573
0.921365, 0.373667
0.947071, 0.377916
0.973262, 0.382569
0.0230571, 0.400645
0.0495489, 0.396732
0.0754692, 0.393142
0.100156, 0.389639
0.123019, 0.385922
0.144364, 0.381911
0.16566, 0.377963
0.188369, 0.374604
0.212848, 0.372096
0.238646, 0.37042
0.265163, 0.36946
0.29188, 0.36907
0.31836, 0.369074
0.344253, 0.369249
0.369326, 0.369326
0.393536, 0.369032
0.417109, 0.368223
0.440485, 0.367032
0.464065, 0.36585
0.487972, 0.365123
0.512028, 0.365123
0.535935, 0.36585
0.559515, 0.367032
0.582891, 0.368223
0.606464, 0.369032
0.630674, 0.369326
0.655747, 0.369249
0.68164, 0.369074
0.70812, 0.36907
0.734837, 0.36946
0.761354, 0.37042
0.787152, 0.372096
0.811631, 0.374604
0.83434, 0.377963
0.855636, 0.381911
0.876981, 0.385922
0.899844, 0.389639
0.924531, 0.393142
0.950451, 0.396732
0.976943, 0.400645
0.0200131, 0.418716
0.0467555, 0.415531
0.072846, 0.412597
0.0975431, 0.409699
0.120236, 0.406578
0.141428, 0.40321
0.162873, 0.399968
0.186054, 0.397309
0.211137, 0.395408
0.237538, 0.394218
0.264598, 0.393629
0.291745, 0.393498
0.318471, 0.393636
0.344336, 0.393769
0.369032, 0.393536
0.392581, 0.392581
0.415525, 0.390829
0.438707, 0.388678
0.462692, 0.386781
0.48746, 0.385692
0.51254, 0.385692
0.537308, 0.386781
0.561293, 0.388678
0.584475, 0.390829
0.607419, 0.392581
0.630968, 0.393536
0.655664, 0.393769
0.681529, 0.393636
0.708255, 0.393498
0.735402, 0.393629
0.762462, 0.394218
0.788863, 0.395408
0.813946, 0.397309
0.837127, 0.399968
0.858572, 0.40321
0.879764, 0.406578
0.902457, 0.409699
0.927154, 0.412597
0.953245, 0.415531
0.979987, 0.418716
0.0175928, 0.436784
0.0445359, 0.434316
0.0707567, 0.432035
0.0954454, 0.429759
0.117985, 0.427279
0.139071, 0.424609
0.160686, 0.422092
0.184289, 0.420091
0.209881, 0.418714
0.236779, 0.41791
0.264277, 0.417578
0.291743, 0.417588
0.318577, 0.417743
0.344206, 0.417729
0.368223, 0.417109
0.390829, 0.415525
0.413104, 0.413104
0.436316, 0.410502
0.461006, 0.408436
0.486862, 0.40733
0.513138, 0.40733
0.538994, 0.408436
0.563684, 0.410502
0.586896, 0.413104
0.609171, 0.415525
0.631777, 0.417109
0.655794, 0.417729
0.681423, 0.417743
0.708257, 0.417588
0.735723, 0.417578
0.763221, 0.41791
0.790119, 0.418714
0.815711, 0.420091
0.839314, 0.422092
0.860929, 0.424609
0.882015, 0.427279
0.904555, 0.429759
0.929243, 0.432035
0.955464, 0.434316
0.982407, 0.436784
0.0157861, 0.454848
0.0428798, 0.453091
0.0691946, 0.451461
0.093867, 0.449822
0.116284, 0.448022
0.137302, 0.44609
0.159076, 0.444299
0.18302, 0.44291
0.209007, 0.441985
0.236285, 0.441478
0.264111, 0.44131
0.291789, 0.441372
0.318616, 0.441481
0.343858, 0.441327
0.367032, 0.440485
0.388678, 0.438707
0.410502, 0.436316
0.434024, 0.434024
0.459524, 0.432368
0.486359, 0.431532
0.513641, 0.431532
0.540476, 0.432368
0.565976, 0.434024
0.589498, 0.436316
0.611322, 0.438707
0.632968, 0.440485
0.656142, 0.441327
0.681384, 0.441481
0.708211, 0.441372
0.735889, 0.44131
0.763715, 0.441478
0.790993, 0.441985
0.81698, 0.44291
0.840924, 0.444299
0.862698, 0.44609
0.883716, 0.448022
0.906133, 0.449822
0.930805, 0.451461
0.95712, 0.453091
0.984214, 0.454848
0.0145857, 0.47291
0.0417798, 0.471858
0.0681554, 0.47088
0.092812, 0.469891
0.115143, 0.468799
0.136124, 0.46763
0.158018, 0.46656
0.182201, 0.465744
0.208456, 0.465213
0.235993, 0.464936
0.264034, 0.464863
0.291835, 0.464919
0.318594, 0.464973
0.343432, 0.464789
0.36585, 0.464065
0.386781, 0.462692
0.408436, 0.461006
0.432368, 0.459524
0.458518, 0.458518
0.486026, 0.458025
0.513974, 0.458025
0.541482, 0.458518
0.567632, 0.459524
0.591564, 0.461006
0.613219, 0.462692
0.63415, 0.464065
0.656568, 0.464789
0.681406, 0.464973
0.708165, 0.464919
0.735966, 0.464863
0.764007, 0.464936
0.791544, 0.465213
0.817799, 0.465744
0.841982, 0.46656
0.863876, 0.46763
0.884857, 0.468799
0.907188, 0.469891
0.931845, 0.47088
0.95822, 0.471858
0.985414, 0.47291
0.0139867, 0.49097
0.041231, 0.49062
0.0676364, 0.490294
0.0922836, 0.489963
0.114571, 0.489597
0.135535, 0.489206
0.157494, 0.48885
0.181799, 0.488581
0.208191, 0.488409
0.235857, 0.488321
0.264005, 0.488301
0.29186, 0.488323
0.318561, 0.488337
0.343143, 0.488256
0.365123, 0.487972
0.385692, 0.48746
0.40733, 0.486862
0.431532, 0.486359
0.458025, 0.486026
0.485865, 0.485865
0.514135, 0.485865
0.541975, 0.486026
0.568468, 0.486359
0.59267, 0.486862
0.614308, 0.48746
0.634877, 0.487972
0.656857, 0.488256
0.681439, 0.488337
0.70814, 0.488323
0.735995, 0.488301
0.764143, 0.488321
0.791809, 0.488409
0.818201, 0.488581
0.842506, 0.48885
0.864465, 0.489206
0.885429, 0.489597
0.907716, 0.489963
0.932364, 0.490294
0.958769, 0.49062
0.986013, 0.49097
0.0139867, 0.50903
0.041231, 0.50938
0.0676364, 0.509706
0.0922836, 0.510037
0.114571, 0.510403
0.135535, 0.510794
0.157494, 0.51115
0.181799, 0.511419
0.208191, 0.511591
0.235857, 0.511679
0.264005, 0.511699
0.29186, 0.511677
0.318561, 0.511663
0.343143, 0.511744
0.365123, 0.512028
0.385692, 0.51254
0.40733, 0.513138
0.431532, 0.513641
0.458025, 0.513974
0.485865, 0.514135
0.514135, 0.514135
0.541975, 0.513974
0.568468, 0.513641
0.59267, 0.513138
0.614308, 0.51254
0.634877, 0.512028
0.656857, 0.511744
0.681439, 0.511663
0.70814, 0.511677
0.735995, 0.511699
0.764143, 0.511679
0.791809, 0.511591
0.818201, 0.511419
0.842506, 0.51115
0.864465, 0.510794
0.885429, 0.510403
0.907716, 0.510037
0.932364, 0.509706
0.958769, 0.50938
0.986013, 0.50903
0.0145857, 0.52709
0.0417798, 0.528142
0.0681554, 0.52912
0.092812, 0.530109
0.115143, 0.531201
0.136124, 0.53237
0.158018, 0.53344
0.182201, 0.534256
0.208456, 0.534787
0.235993, 0.535064
0.264034, 0.535137
0.291835, 0.535081
0.318594, 0.535027
0.343432, 0.535211
0.36585, 0.535935
0.386781, 0.537308
0.408436, 0.538994
0.432368, 0.540476
0.458518, 0.541482
0.486026, 0.541975
0.513974, 0.541975
0.541482, 0.541482
0.567632, 0.540476
0.591564, 0.538994
0.613219, 0.537308
0.63415, 0.535935
0.656568, 0.535211
0.681406, 0.535027
0.708165, 0.535081
0.735966, 0.535137
0.764007, 0.535064
0.791544, 0.534787
0.817799, 0.534256
0.841982, 0.53344
0.863876, 0.53237
0.884857, 0.531201
0.907188, 0.530109
0.931845, 0.52912
0.95822, 0.528142
0.985414, 0.52709
0.0157861, 0.545152
0.0428798, 0.546909
0.0691946, 0.548539
0.093867, 0.550178
0.116284, 0.551978
0.137302, 0.55391
0.159076, 0.555701
0.18302, 0.55709
0.209007, 0.558015
0.236285, 0.558522
0.264111, 0.55869
0.291789, 0.558628
0.318616, 0.558519
0.343858, 0.558673
0.367032, 0.559515
0.388678, 0.561293
0.410502, 0.563684
0.434024, 0.565976
0.459524, 0.567632
0.486359, 0.568468
0.513641, 0.568468
0.540476, 0.567632
0.565976, 0.565976
0.589498, 0.563684
0.611322, 0.561293
0.632968, 0.559515
0.656142, 0.558673
0.681384, 0.558519
0.708211, 0.558628
0.735889, 0.55869
0.763715, 0.558522
0.790993, 0.558015
0.81698, 0.55709
0.840924, 0.555701
0.862698, 0.55391
0.883716, 0.551978
0.906133, 0.550178
0.930805, 0.548539
0.95712, 0.546909
0.984214, 0.545152
0.0175928, 0.563216
0.0445359, 0.565684
0.0707567, 0.567965
0.0954454, 0.570241
0.117985, 0.572721
0.139071, 0.575391
0.160686, 0.577908
0.184289, 0.579909
0.209881, 0.581286
0.236779, 0.58209
0.264277, 0.582422
0.291743, 0.582412
0.318577, 0.582257
0.344206, 0.582271
0.368223, 0.582891
0.390829, 0.584475
0.413104, 0.586896
0.436316, 0.589498
0.461006, 0.591564
0.486862, 0.59267
0.513138, 0.59267
0.538994, 0.591564
0.563684, 0.589498
0.586896, 0.586896
0.609171, 0.584475
0.631777, 0.582891
0.655794, 0.582271
0.681423, 0.582257
0.708257, 0.582412
0.735723, 0.582422
0.763221, 0.58209
0.790119, 0.581286
0.815711, 0.579909
0.839314, 0.577908
0.860929, 0.575391
0.882015, 0.572721
0.904555, 0.570241
0.929243, 0.567965
0.955464, 0.565684
0.982407, 0.563216
0.0200131, 0.581284
0.0467555, 0.584469
0.072846, 0.587403
0.0975431, 0.590301
0.120236, 0.593422
0.141428, 0.59679
0.162873, 0.600032
0.186054, 0.602691
0.211137, 0.604592
0.237538, 0.605782
0.264598, 0.606371
0.291745, 0.606502
0.318471, 0.606364
0.344336, 0.606231
0.369032, 0.606464
0.392581, 0.607419
0.415525, 0.609171
0.438707, 0.611322
0.462692, 0.613219
0.48746, 0.614308
0.51254, 0.614308
0.537308, 0.613219
0.561293, 0.611322
0.584475, 0.609171
0.607419, 0.607419
0.630968, 0.606464
0.655664, 0.606231
0.681529, 0.606364
0.708255, 0.606502
0.735402, 0.606371
0.762462, 0.605782
0.788863, 0.604592
0.813946, 0.602691
0.837127, 0.600032
0.858572, 0.59679
0.879764, 0.593422
0.902457, 0.590301
0.927154, 0.587403
0.953245, 0.584469
0.979987, 0.581284
0.0230571, 0.599355
0.0495489, 0.603268
0.0754692, 0.606858
0.100156, 0.610361
0.123019, 0.614078
0.144364, 0.618089
0.16566, 0.622037
0.188369, 0.625396
0.212848, 0.627904
0.238646, 0.62958
0.265163, 0.63054
0.29188, 0.63093
0.31836, 0.630926
0.344253, 0.630751
0.369326, 0.630674
0.393536, 0.630968
0.417109, 0.631777
0.440485, 0.632968
0.464065, 0.63415
0.487972, 0.634877
0.512028, 0.634877
0.535935, 0.63415
0.559515, 0.632968
0.582891, 0.631777
0.606464, 0.630968
0.630674, 0.630674
0.655747, 0.630751
0.68164, 0.630926
0.70812, 0.63093
0.734837, 0.63054
0.761354, 0.62958
0.787152, 0.627904
0.811631, 0.625396
0.83434, 0.622037
0.855636, 0.618089
0.876981, 0.614078
0.899844, 0.610361
0.924531, 0.606858
0.950451, 0.603268
0.976943, 0.599355
0.0267379, 0.617431
0.0529293, 0.622084
0.0786353, 0.626333
0.103281, 0.630427
0.126316, 0.634692
0.147861, 0.639275
0.169063, 0.643883
0.191295, 0.647965
0.215099, 0.651161
0.240202, 0.653433
0.266081, 0.654888
0.292264, 0.655673
0.318365, 0.655952
0.344092, 0.655908
0.369249, 0.655747
0.393769, 0.655664
0.417729, 0.655794
0.441327, 0.656142
0.464789, 0.656568
0.488256, 0.656857
0.511744, 0.656857
0.535211, 0.656568
0.558673, 0.656142
0.582271, 0.655794
0.606231, 0.655664
0.630751, 0.655747
0.655908, 0.655908
0.681635, 0.655952
0.707736, 0.655673
0.733919, 0.654888
0.759798, 0.653433
0.784901, 0.651161
0.808705, 0.647965
0.830937, 0.643883
0.852139, 0.639275
0.873684, 0.634692
0.896719, 0.630427
0.921365, 0.626333
0.947071, 0.622084
0.973262, 0.617431
0.0310716, 0.635513
0.0569135, 0.640919
0.0823573, 0.645835
0.106918, 0.650509
0.130105, 0.655278
0.151887, 0.660349
0.17308, 0.665539
0.194883, 0.670328
0.217983, 0.674273
0.242318, 0.677245
0.267476, 0.67932
0.293033, 0.680639
0.318643, 0.681357
0.344048, 0.681635
0.369074, 0.68164
0.393636, 0.681529
0.417743, 0.681423
0.441481, 0.681384
0.464973, 0.681406
0.488337, 0.681439
0.511663, 0.681439
0.535027, 0.681406
0.558519, 0.681384
0.582257, 0.681423
0.606364, 0.681529
0.630926, 0.68164
0.655952, 0.681635
0.681357, 0.681357
0.706967, 0.680639
0.732524, 0.67932
0.757682, 0.677245
0.782017, 0.674273
0.805117, 0.670328
0.82692, 0.665539
0.848113, 0.660349
0.869895, 0.655278
0.893082, 0.650509
0.917643, 0.645835
0.943087, 0.640919
0.968928, 0.635513
0.0360777, 0.653602
0.0615216, 0.659775
0.0866519, 0.665369
0.111072, 0.670619
0.134364, 0.675855
0.1564, 0.68133
0.17768, 0.68699
0.199161, 0.692413
0.221587, 0.697121
0.245114, 0.700875
0.269482, 0.703684
0.294334, 0.705666
0.319361, 0.706967
0.344327, 0.707736
0.36907, 0.70812
0.393498, 0.708255
0.417588, 0.708257
0.441372, 0.708211
0.464919, 0.708165
0.488323, 0.70814
0.511677, 0.70814
0.535081, 0.708165
0.558628, 0.708211
0.582412, 0.708257
0.606502, 0.708255
0.63093, 0.70812
0.655673, 0.707736
0.680639, 0.706967
0.705666, 0.705666
0.730518, 0.703684
0.754886, 0.700875
0.778413, 0.697121
0.800839, 0.692413
0.82232, 0.68699
0.8436, 0.68133
0.865636, 0.675855
0.888928, 0.670619
0.913348, 0.665369
0.938478, 0.659775
0.963922, 0.653602
0.0417798, 0.671697
0.0667782, 0.678656
0.0915409, 0.68494
0.115755, 0.690769
0.13908, 0.696451
0.161347, 0.702259
0.1828, 0.708256
0.20411, 0.714175
0.225969, 0.719578
0.248701, 0.72414
0.272234, 0.727766
0.296316, 0.730518
0.32068, 0.732524
0.345112, 0.733919
0.36946, 0.734837
0.393629, 0.735402
0.417578, 0.735723
0.44131, 0.735889
0.464863, 0.735966
0.488301, 0.735995
0.511699, 0.735995
0.535137, 0.735966
0.55869, 0.735889
0.582422, 0.735723
0.606371, 0.735402
0.63054, 0.734837
0.654888, 0.733919
0.67932, 0.732524
0.703684, 0.730518
0.727766, 0.727766
0.751299, 0.72414
0.774031, 0.719578
0.79589, 0.714175
0.8172, 0.708256
0.838653, 0.702259
0.86092, 0.696451
0.884245, 0.690769
0.908459, 0.68494
0.933222, 0.678656
0.95822, 0.671697
0.0482059, 0.6898
0.0727126, 0.697561
0.0970519, 0.704552
0.120986, 0.710973
0.144251, 0.717098
0.16668, 0.723193
0.188346, 0.729404
0.209643, 0.735633
0.231115, 0.74156
0.253153, 0.746847
0.27586, 0.751299
0.299125, 0.754886
0.322755, 0.757682
0.346567, 0.759798
0.37042, 0.761354
0.394218, 0.762462
0.41791, 0.763221
0.441478, 0.763715
0.464936, 0.764007
0.488321, 0.764143
0.511679, 0.764143
0.535064, 0.764007
0.558522, 0.763715
0.58209, 0.763221
0.605782, 0.762462
0.62958, 0.761354
0.653433, 0.759798
0.677245, 0.757682
0.700875, 0.754886
0.72414, 0.751299
0.746847, 0.746847
0.768885, 0.74156
0.790357, 0.735633
0.811654, 0.729404
0.83332, 0.723193
0.855749, 0.717098
0.879014, 0.710973
0.902948, 0.704552
0.927287, 0.697561
0.951794, 0.6898
0.0553895, 0.70791
0.0793594, 0.716491
0.103219, 0.72421
0.126794, 0.731243
0.14989, 0.737828
0.172369, 0.744201
0.194214, 0.750545
0.215611, 0.756896
0.236904, 0.763096
0.25844, 0.768885
0.280422, 0.774031
0.302879, 0.778413
0.325727, 0.782017
0.348839, 0.784901
0.372096, 0.787152
0.395408, 0.788863
0.418714, 0.790119
0.441985, 0.790993
0.465213, 0.791544
0.488409, 0.791809
0.511591, 0.791809
0.534787, 0.791544
0.558015, 0.790993
0.581286, 0.790119
0.604592, 0.788863
0.627904, 0.787152
0.651161, 0.784901
0.674273, 0.782017
0.697121, 0.778413
0.719578, 0.774031
0.74156, 0.768885
0.763096, 0.763096
0.784389, 0.756896
0.805786, 0.750545
0.827631, 0.744201
0.85011, 0.737828
0.873206, 0.731243
0.896781, 0.72421
0.920641, 0.716491
0.944611, 0.70791
0.0633699, 0.726029
0.0867595, 0.735448
0.110083, 0.743915
0.13322, 0.751586
0.156031, 0.758664
0.178416, 0.765347
0.20033, 0.771812
0.221835, 0.778165
0.243104, 0.784389
0.264367, 0.790357
0.285825, 0.79589
0.307587, 0.800839
0.329672, 0.805117
0.352035, 0.808705
0.374604, 0.811631
0.397309, 0.813946
0.420091, 0.815711
0.44291, 0.81698
0.465744, 0.817799
0.488581, 0.818201
0.511419, 0.818201
0.534256, 0.817799
0.55709, 0.81698
0.579909, 0.815711
0.602691, 0.813946
0.625396, 0.811631
0.647965, 0.808705
0.670328, 0.805117
0.692413, 0.800839
0.714175, 0.79589
0.735633, 0.790357
0.756896, 0.784389
0.778165, 0.778165
0.79967, 0.771812
0.821584, 0.765347
0.843969, 0.758664
0.86678, 0.751586
0.889917, 0.743915
0.91324, 0.735448
0.93663, 0.726029
0.072194, 0.744156
0.0949613, 0.754429
0.117695, 0.763666
0.140316, 0.772006
0.162728, 0.779623
0.184862, 0.786678
0.206679, 0.793321
0.228188, 0.79967
0.249455, 0.805786
0.270596, 0.811654
0.291744, 0.8172
0.31301, 0.82232
0.334461, 0.82692
0.356117, 0.830937
0.377963, 0.83434
0.399968, 0.837127
0.422092, 0.839314
0.444299, 0.840924
0.46656, 0.841982
0.48885, 0.842506
0.51115, 0.842506
0.53344, 0.841982
0.555701, 0.840924
0.577908, 0.839314
0.600032, 0.837127
0.622037, 0.83434
0.643883, 0.830937
0.665539, 0.82692
0.68699, 0.82232
0.708256, 0.8172
0.729404, 0.811654
0.750545, 0.805786
0.771812, 0.79967
0.793321, 0.793321
0.815138, 0.786678
0.837272, 0.779623
0.859684, 0.772006
0.882305, 0.763666
0.905039, 0.754429
0.927806, 0.744156
0.0819177, 0.76229
0.104022, 0.773432
0.126113, 0.78346
0.148144, 0.792503
0.17005, 0.800709
0.191786, 0.808214
0.213322, 0.815138
0.234653, 0.821584
0.255799, 0.827631
0.276807, 0.83332
0.297741, 0.838653
0.31867, 0.8436
0.339651, 0.848113
0.360725, 0.852139
0.381911, 0.855636
0.40321, 0.858572
0.424609, 0.860929
0.44609, 0.862698
0.46763, 0.863876
0.489206, 0.864465
0.510794, 0.864465
0.53237, 0.863876
0.55391, 0.862698
0.575391, 0.860929
0.59679, 0.858572
0.618089, 0.855636
0.639275, 0.852139
0.660349, 0.848113
0.68133, 0.8436
0.702259, 0.838653
0.723193, 0.83332
0.744201, 0.827631
0.765347, 0.821584
0.786678, 0.815138
0.808214, 0.808214
0.82995, 0.800709
0.851856, 0.792503
0.873887, 0.78346
0.895978, 0.773432
0.918082, 0.76229
0.092608, 0.780432
0.114009, 0.792453
0.135407, 0.803292
0.15678, 0.813068
0.178085, 0.821915
0.199291, 0.82995
0.220377, 0.837272
0.241336, 0.843969
0.262172, 0.85011
0.282902, 0.855749
0.303549, 0.86092
0.324145, 0.865636
0.344722, 0.869895
0.365308, 0.873684
0.385922, 0.876981
0.406578, 0.879764
0.427279, 0.882015
0.448022, 0.883716
0.468799, 0.884857
0.489597, 0.885429
0.510403, 0.885429
0.531201, 0.884857
0.551978, 0.883716
0.572721, 0.882015
0.593422, 0.879764
0.614078, 0.876981
0.634692, 0.873684
0.655278, 0.869895
0.675855, 0.865636
0.696451, 0.86092
0.717098, 0.855749
0.737828, 0.85011
0.758664, 0.843969
0.779623, 0.837272
0.800709, 0.82995
0.821915, 0.821915
0.84322, 0.813068
0.864593, 0.803292
0.885991, 0.792453
0.907392, 0.780432
0.104346, 0.79858
0.125003, 0.811489
0.145661, 0.823151
0.166313, 0.833687
0.186932, 0.84322
0.207497, 0.851856
0.227994, 0.859684
0.248414, 0.86678
0.268757, 0.873206
0.289027, 0.879014
0.309231, 0.884245
0.329381, 0.888928
0.349491, 0.893082
0.369573, 0.896719
0.389639, 0.899844
0.409699, 0.902457
0.429759, 0.904555
0.449822, 0.906133
0.469891, 0.907188
0.489963, 0.907716
0.510037, 0.907716
0.530109, 0.907188
0.550178, 0.906133
0.570241, 0.904555
0.590301, 0.902457
0.610361, 0.899844
0.630427, 0.896719
0.650509, 0.893082
0.670619, 0.888928
0.690769, 0.884245
0.710973, 0.879014
0.731243, 0.873206
0.751586, 0.86678
0.772006, 0.859684
0.792503, 0.851856
0.813068, 0.84322
0.833687, 0.833687
0.854339, 0.823151
0.874997, 0.811489
0.895654, 0.79858
0.11723, 0.816732
0.137103, 0.830531
0.156975, 0.843025
0.176849, 0.854339
0.196708, 0.864593
0.21654, 0.873887
0.236334, 0.882305
0.256085, 0.889917
0.27579, 0.896781
0.295448, 0.902948
0.31506, 0.908459
0.334631, 0.913348
0.354165, 0.917643
0.373667, 0.921365
0.393142, 0.924531
0.412597, 0.927154
0.432035, 0.929243
0.451461, 0.930805
0.47088, 0.931845
0.490294, 0.932364
0.509706, 0.932364
0.52912, 0.931845
0.548539, 0.930805
0.567965, 0.929243
0.587403, 0.927154
0.606858, 0.924531
0.626333, 0.921365
0.645835, 0.917643
0.665369, 0.913348
0.68494, 0.908459
0.704552, 0.902948
0.72421, 0.896781
0.743915, 0.889917
0.763666, 0.882305
0.78346, 0.873887
0.803292, 0.864593
0.823151, 0.854339
0.843025, 0.843025
0.862897, 0.830531
0.88277, 0.816732
0.131383, 0.834887
0.150429, 0.849571
0.169469, 0.862897
0.188511, 0.874997
0.207547, 0.885991
0.226568, 0.895978
0.245571, 0.905039
0.264552, 0.91324
0.283509, 0.920641
0.302439, 0.927287
0.321344, 0.933222
0.340225, 0.938478
0.359081, 0.943087
0.377916, 0.947071
0.396732, 0.950451
0.415531, 0.953245
0.434316, 0.955464
0.453091, 0.95712
0.471858, 0.95822
0.49062, 0.958769
0.50938, 0.958769
0.528142, 0.95822
0.546909, 0.95712
0.565684, 0.955464
0.584469, 0.953245
0.603268, 0.950451
0.622084, 0.947071
0.640919, 0.943087
0.659775, 0.938478
0.678656, 0.933222
0.697561, 0.927287
0.716491, 0.920641
0.735448, 0.91324
0.754429, 0.905039
0.773432, 0.895978
0.792453, 0.885991
0.811489, 0.874997
0.830531, 0.862897
0.849571, 0.849571
0.868617, 0.834887
0.14696, 0.85304
0.165113, 0.868617
0.183268, 0.88277
0.20142, 0.895654
0.219568, 0.907392
0.23771, 0.918082
0.255844, 0.927806
0.273971, 0.93663
0.29209, 0.944611
0.3102, 0.951794
0.328303, 0.95822
0.346398, 0.963922
0.364487, 0.968928
0.382569, 0.973262
0.400645, 0.976943
0.418716, 0.979987
0.436784, 0.982407
0.454848, 0.984214
0.47291, 0.985414
0.49097, 0.986013
0.50903, 0.986013
0.52709, 0.985414
0.545152, 0.984214
0.563216, 0.982407
0.581284, 0.979987
0.599355, 0.976943
0.617431, 0.973262
0.635513, 0.968928
0.653602, 0.963922
0.671697, 0.95822
0.6898, 0.951794
0.70791, 0.944611
0.726029, 0.93663
0.744156, 0.927806
0.76229, 0.918082
0.780432, 0.907392
0.79858, 0.895654
0.816732, 0.88277
0.834887, 0.868617
0.85304, 0.85304
