0.146447, 0.146447
0.164124, 0.129612
0.181802, 0.114319
0.19948, 0.100391
0.217157, 0.0876894
0.234835, 0.0761044
0.252513, 0.0655463
0.27019, 0.055942
0.287868, 0.0472307
0.305546, 0.0393619
0.323223, 0.0322928
0.340901, 0.0259879
0.358579, 0.0204168
0.376256, 0.0155544
0.393934, 0.0113795
0.411612, 0.00787451
0.429289, 0.00502525
0.446967, 0.00282045
0.464645, 0.00125157
0.482322, 0.000312598
0.5, 0
0.517678, 0.000312598
0.535355, 0.00125157
0.553033, 0.00282045
0.570711, 0.00502525
0.588388, 0.00787451
0.606066, 0.0113795
0.623744, 0.0155544
0.641421, 0.0204168
0.659099, 0.0259879
0.676777, 0.0322928
0.694454, 0.0393619
0.712132, 0.0472307
0.72981, 0.055942
0.747487, 0.0655463
0.765165, 0.0761044
0.782843, 0.0876894
0.80052, 0.100391
0.818198, 0.114319
0.835876, 0.129612
0.853553, 0.146447
0.129612, 0.164124
0.148309, 0.148309
0.16692, 0.1339
0.185535, 0.120813
0.204146, 0.108912
0.222749, 0.0980861
0.24134, 0.0882475
0.259916, 0.0793218
0.278476, 0.071247
0.297018, 0.0639712
0.315541, 0.0574502
0.334047, 0.0516467
0.352535, 0.046529
0.371007, 0.0420703
0.389464, 0.038248
0.407908, 0.0350436
0.42634, 0.0324417
0.444763, 0.0304302
0.46318, 0.0289999
0.481591, 0.0281443
0.5, 0.0278595
0.518409, 0.0281443
0.53682, 0.0289999
0.555237, 0.0304302
0.57366, 0.0324417
0.592092, 0.0350436
0.610536, 0.038248
0.628993, 0.0420703
0.647465, 0.046529
0.665953, 0.0516467
0.684459, 0.0574502
0.702982, 0.0639712
0.721524, 0.071247
0.740084, 0.0793218
0.75866, 0.0882475
0.777251, 0.0980861
0.795854, 0.108912
0.814465, 0.120813
0.83308, 0.1339
0.851691, 0.148309
0.870388, 0.164124
0.114319, 0.181802
0.1339, 0.16692
0.153376, 0.153376
0.172856, 0.141106
0.192332, 0.129979
0.211791, 0.119887
0.231225, 0.11074
0.250627, 0.10246
0.269994, 0.0949845
0.289321, 0.0882595
0.308611, 0.0822394
0.327863, 0.0768859
0.34708, 0.0721669
0.366265, 0.0680558
0.385422, 0.064531
0.404555, 0.0615747
0.423668, 0.0591732
0.442765, 0.0573157
0.46185, 0.0559942
0.480927, 0.0552035
0.5, 0.0549402
0.519073, 0.0552035
0.53815, 0.0559942
0.557235, 0.0573157
0.576332, 0.0591732
0.595445, 0.0615747
0.614578, 0.064531
0.633735, 0.0680558
0.65292, 0.0721669
0.672137, 0.0768859
0.691389, 0.0822394
0.710679, 0.0882595
0.730006, 0.0949845
0.749373, 0.10246
0.768775, 0.11074
0.788209, 0.119887
0.807668, 0.129979
0.827144, 0.141106
0.846624, 0.153376
0.8661, 0.16692
0.885681, 0.181802
0.100391, 0.19948
0.120813, 0.185535
0.141106, 0.172856
0.161404, 0.161404
0.181689, 0.151047
0.20194, 0.141672
0.222141, 0.133184
0.242283, 0.125504
0.26236, 0.118562
0.282371, 0.112303
0.302321, 0.10668
0.322213, 0.101656
0.342058, 0.0972035
0.361863, 0.0933003
0.381636, 0.089932
0.401388, 0.0870889
0.421123, 0.0847656
0.440849, 0.0829593
0.460568, 0.081669
0.480285, 0.0808947
0.5, 0.0806366
0.519715, 0.0808947
0.539432, 0.081669
0.559151, 0.0829593
0.578877, 0.0847656
0.598612, 0.0870889
0.618364, 0.089932
0.638137, 0.0933003
0.657942, 0.0972035
0.677787, 0.101656
0.697679, 0.10668
0.717629, 0.112303
0.73764, 0.118562
0.757717, 0.125504
0.777859, 0.133184
0.79806, 0.141672
0.818311, 0.151047
0.838596, 0.161404
0.858894, 0.172856
0.879187, 0.185535
0.899609, 0.19948
0.0876894, 0.217157
0.108912, 0.204146
0.129979, 0.192332
0.151047, 0.181689
0.172079, 0.172079
0.193043, 0.163381
0.213916, 0.155489
0.234684, 0.148315
0.255344, 0.141783
0.275902, 0.135833
0.29637, 0.130418
0.316769, 0.125507
0.33712, 0.121086
0.357444, 0.117148
0.377762, 0.113699
0.398087, 0.110749
0.418431, 0.108311
0.438797, 0.1064
0.459184, 0.105026
0.479588, 0.104198
0.5, 0.103921
0.520412, 0.104198
0.540816, 0.105026
0.561203, 0.1064
0.581569, 0.108311
0.601913, 0.110749
0.622238, 0.113699
0.642556, 0.117148
0.66288, 0.121086
0.683231, 0.125507
0.70363, 0.130418
0.724098, 0.135833
0.744656, 0.141783
0.765316, 0.148315
0.786084, 0.155489
0.806957, 0.163381
0.827921, 0.172079
0.848953, 0.181689
0.870021, 0.192332
0.891088, 0.204146
0.912311, 0.217157
0.0761044, 0.234835
0.0980861, 0.222749
0.119887, 0.211791
0.141672, 0.20194
0.163381, 0.193043
0.184964, 0.184964
0.206387, 0.17758
0.227636, 0.170786
0.248711, 0.164494
0.269636, 0.158639
0.290449, 0.153186
0.311199, 0.14813
0.331936, 0.143488
0.352705, 0.139293
0.373536, 0.135583
0.394446, 0.132394
0.415438, 0.129754
0.436506, 0.127684
0.457635, 0.126198
0.478806, 0.125303
0.5, 0.125005
0.521194, 0.125303
0.542365, 0.126198
0.563494, 0.127684
0.584562, 0.129754
0.605554, 0.132394
0.626464, 0.135583
0.647295, 0.139293
0.668064, 0.143488
0.688801, 0.14813
0.709551, 0.153186
0.730364, 0.158639
0.751289, 0.164494
0.772364, 0.170786
0.793613, 0.17758
0.815036, 0.184964
0.836619, 0.193043
0.858328, 0.20194
0.880113, 0.211791
0.901914, 0.222749
0.923896, 0.234835
0.0655463, 0.252513
0.0882475, 0.24134
0.11074, 0.231225
0.133184, 0.222141
0.155489, 0.213916
0.17758, 0.206387
0.199408, 0.199408
0.220955, 0.192847
0.242244, 0.186607
0.263341, 0.180645
0.28434, 0.174971
0.305345, 0.169644
0.326441, 0.164742
0.347682, 0.16034
0.369089, 0.156493
0.390656, 0.153235
0.412362, 0.150582
0.434179, 0.148532
0.456076, 0.147078
0.478026, 0.146211
0.5, 0.145923
0.521974, 0.146211
0.543924, 0.147078
0.565821, 0.148532
0.587638, 0.150582
0.609344, 0.153235
0.630911, 0.156493
0.652318, 0.16034
0.673559, 0.164742
0.694655, 0.169644
0.71566, 0.174971
0.736659, 0.180645
0.757756, 0.186607
0.779045, 0.192847
0.800592, 0.199408
0.82242, 0.206387
0.844511, 0.213916
0.866816, 0.222141
0.88926, 0.231225
0.911752, 0.24134
0.934454, 0.252513
0.055942, 0.27019
0.0793218, 0.259916
0.10246, 0.250627
0.125504, 0.242283
0.148315, 0.234684
0.170786, 0.227636
0.192847, 0.220955
0.214492, 0.214492
0.235804, 0.208174
0.256943, 0.202029
0.278095, 0.19617
0.299415, 0.190739
0.32099, 0.18586
0.342839, 0.181609
0.364935, 0.178017
0.387227, 0.175074
0.40966, 0.172747
0.432185, 0.170995
0.454766, 0.169778
0.477377, 0.169061
0.5, 0.168824
0.522623, 0.169061
0.545234, 0.169778
0.567815, 0.170995
0.59034, 0.172747
0.612773, 0.175074
0.635065, 0.178017
0.657161, 0.181609
0.67901, 0.18586
0.700585, 0.190739
0.721905, 0.19617
0.743057, 0.202029
0.764196, 0.208174
0.785508, 0.214492
0.807153, 0.220955
0.829214, 0.227636
0.851685, 0.234684
0.874496, 0.242283
0.89754, 0.250627
0.920678, 0.259916
0.944058, 0.27019
0.0472307, 0.287868
0.071247, 0.278476
0.0949845, 0.269994
0.118562, 0.26236
0.141783, 0.255344
0.164494, 0.248711
0.186607, 0.242244
0.208174, 0.235804
0.229404, 0.229404
0.250604, 0.223207
0.272043, 0.217435
0.293874, 0.212281
0.31612, 0.207857
0.338718, 0.204182
0.361568, 0.201216
0.384571, 0.198887
0.407649, 0.197114
0.430751, 0.195822
0.453847, 0.194948
0.476929, 0.194442
0.5, 0.194277
0.523071, 0.194442
0.546153, 0.194948
0.569249, 0.195822
0.592351, 0.197114
0.615429, 0.198887
0.638432, 0.201216
0.661282, 0.204182
0.68388, 0.207857
0.706126, 0.212281
0.727957, 0.217435
0.749396, 0.223207
0.770596, 0.229404
0.791826, 0.235804
0.813393, 0.242244
0.835506, 0.248711
0.858217, 0.255344
0.881438, 0.26236
0.905016, 0.269994
0.928753, 0.278476
0.952769, 0.287868
0.0393619, 0.305546
0.0639712, 0.297018
0.0882595, 0.289321
0.112303, 0.282371
0.135833, 0.275902
0.158639, 0.269636
0.180645, 0.263341
0.202029, 0.256943
0.223207, 0.250604
0.244629, 0.244629
0.266586, 0.239307
0.289143, 0.234807
0.312201, 0.231156
0.335593, 0.228289
0.35916, 0.2261
0.38278, 0.224474
0.406369, 0.223306
0.429885, 0.2225
0.453317, 0.221981
0.476678, 0.221693
0.5, 0.2216
0.523322, 0.221693
0.546683, 0.221981
0.570115, 0.2225
0.593631, 0.223306
0.61722, 0.224474
0.64084, 0.2261
0.664407, 0.228289
0.687799, 0.231156
0.710857, 0.234807
0.733414, 0.239307
0.755371, 0.244629
0.776793, 0.250604
0.797971, 0.256943
0.819355, 0.263341
0.841361, 0.269636
0.864167, 0.275902
0.887697, 0.282371
0.911741, 0.289321
0.936029, 0.297018
0.960638, 0.305546
0.0322928, 0.323223
0.0574502, 0.315541
0.0822394, 0.308611
0.10668, 0.302321
0.130418, 0.29637
0.153186, 0.290449
0.174971, 0.28434
0.19617, 0.278095
0.217435, 0.272043
0.239307, 0.266586
0.261997, 0.261997
0.285408, 0.25835
0.309304, 0.255574
0.333446, 0.253543
0.357643, 0.252119
0.381762, 0.251166
0.405727, 0.250563
0.429508, 0.250205
0.453117, 0.25001
0.476594, 0.249916
0.5, 0.249888
0.523406, 0.249916
0.546883, 0.25001
0.570492, 0.250205
0.594273, 0.250563
0.618238, 0.251166
0.642357, 0.252119
0.666554, 0.253543
0.690696, 0.255574
0.714592, 0.25835
0.738003, 0.261997
0.760693, 0.266586
0.782565, 0.272043
0.80383, 0.278095
0.825029, 0.28434
0.846814, 0.290449
0.869582, 0.29637
0.89332, 0.302321
0.917761, 0.308611
0.94255, 0.315541
0.967707, 0.323223
0.0259879, 0.340901
0.0516467, 0.334047
0.0768859, 0.327863
0.101656, 0.322213
0.125507, 0.316769
0.14813, 0.311199
0.169644, 0.305345
0.190739, 0.299415
0.212281, 0.293874
0.234807, 0.289143
0.25835, 0.285408
0.282634, 0.282634
0.307325, 0.280691
0.33214, 0.279425
0.356869, 0.27868
0.381376, 0.278308
0.405591, 0.278175
0.429507, 0.278173
0.453163, 0.278219
0.47663, 0.278263
0.5, 0.278281
0.52337, 0.278263
0.546837, 0.278219
0.570493, 0.278173
0.594409, 0.278175
0.618624, 0.278308
0.643131, 0.27868
0.66786, 0.279425
0.692675, 0.280691
0.717366, 0.282634
0.74165, 0.285408
0.765193, 0.289143
0.787719, 0.293874
0.809261, 0.299415
0.830356, 0.305345
0.85187, 0.311199
0.874493, 0.316769
0.898344, 0.322213
0.923114, 0.327863
0.948353, 0.334047
0.974012, 0.340901
0.0204168, 0.358579
0.046529, 0.352535
0.0721669, 0.34708
0.0972035, 0.342058
0.121086, 0.33712
0.143488, 0.331936
0.164742, 0.326441
0.18586, 0.32099
0.207857, 0.31612
0.231156, 0.312201
0.255574, 0.309304
0.280691, 0.307325
0.306108, 0.306108
0.331509, 0.305485
0.356667, 0.305284
0.381442, 0.30534
0.405782, 0.305507
0.429713, 0.305677
0.453319, 0.305797
0.476711, 0.305857
0.5, 0.305874
0.523289, 0.305857
0.546681, 0.305797
0.570287, 0.305677
0.594218, 0.305507
0.618558, 0.30534
0.643333, 0.305284
0.668491, 0.305485
0.693892, 0.306108
0.719309, 0.307325
0.744426, 0.309304
0.768844, 0.312201
0.792143, 0.31612
0.81414, 0.32099
0.835258, 0.326441
0.856512, 0.331936
0.878914, 0.33712
0.902796, 0.342058
0.927833, 0.34708
0.953471, 0.352535
0.979583, 0.358579
0.0155544, 0.376256
0.0420703, 0.371007
0.0680558, 0.366265
0.0933003, 0.361863
0.117148, 0.357444
0.139293, 0.352705
0.16034, 0.347682
0.181609, 0.342839
0.204182, 0.338718
0.228289, 0.335593
0.253543, 0.333446
0.279425, 0.33214
0.305485, 0.331509
0.331372, 0.331372
0.356832, 0.331529
0.381725, 0.331785
0.406031, 0.331969
0.429848, 0.33199
0.453346, 0.331865
0.476695, 0.331701
0.5, 0.331628
0.523305, 0.331701
0.546654, 0.331865
0.570152, 0.33199
0.593969, 0.331969
0.618275, 0.331785
0.643168, 0.331529
0.668628, 0.331372
0.694515, 0.331509
0.720575, 0.33214
0.746457, 0.333446
0.771711, 0.335593
0.795818, 0.338718
0.818391, 0.342839
0.83966, 0.347682
0.860707, 0.352705
0.882852, 0.357444
0.9067, 0.361863
0.931944, 0.366265
0.95793, 0.371007
0.984446, 0.376256
0.0113795, 0.393934
0.038248, 0.389464
0.064531, 0.385422
0.089932, 0.381636
0.113699, 0.377762
0.135583, 0.373536
0.156493, 0.369089
0.178017, 0.364935
0.201216, 0.361568
0.2261, 0.35916
0.252119, 0.357643
0.27868, 0.356869
0.305284, 0.356667
0.331529, 0.356832
0.357121, 0.357121
0.381911, 0.357273
0.405946, 0.357074
0.429478, 0.356469
0.45286, 0.355636
0.476356, 0.354917
0.5, 0.354635
0.523644, 0.354917
0.54714, 0.355636
0.570522, 0.356469
0.594054, 0.357074
0.618089, 0.357273
0.642879, 0.357121
0.668471, 0.356832
0.694716, 0.356667
0.72132, 0.356869
0.747881, 0.357643
0.7739, 0.35916
0.798784, 0.361568
0.821983, 0.364935
0.843507, 0.369089
0.864417, 0.373536
0.886301, 0.377762
0.910068, 0.381636
0.935469, 0.385422
0.961752, 0.389464
0.988621, 0.393934
0.00787451, 0.411612
0.0350436, 0.407908
0.0615747, 0.404555
0.0870889, 0.401388
0.110749, 0.398087
0.132394, 0.394446
0.153235, 0.390656
0.175074, 0.387227
0.198887, 0.384571
0.224474, 0.38278
0.251166, 0.381762
0.278308, 0.381376
0.30534, 0.381442
0.331785, 0.381725
0.357273, 0.381911
0.38164, 0.38164
0.405076, 0.380655
0.428154, 0.37903
0.451533, 0.377222
0.475535, 0.375832
0.5, 0.375315
0.524465, 0.375832
0.548467, 0.377222
0.571846, 0.37903
0.594924, 0.380655
0.61836, 0.38164
0.642727, 0.381911
0.668215, 0.381725
0.69466, 0.381442
0.721692, 0.381376
0.748834, 0.381762
0.775526, 0.38278
0.801113, 0.384571
0.824926, 0.387227
0.846765, 0.390656
0.867606, 0.394446
0.889251, 0.398087
0.912911, 0.401388
0.938425, 0.404555
0.964956, 0.407908
0.992125, 0.411612
0.00502525, 0.429289
0.0324417, 0.42634
0.0591732, 0.423668
0.0847656, 0.421123
0.108311, 0.418431
0.129754, 0.415438
0.150582, 0.412362
0.172747, 0.40966
0.197114, 0.407649
0.223306, 0.406369
0.250563, 0.405727
0.278175, 0.405591
0.305507, 0.405782
0.331969, 0.406031
0.357074, 0.405946
0.380655, 0.405076
0.403217, 0.403217
0.425848, 0.400699
0.449485, 0.398227
0.474354, 0.39648
0.5, 0.395859
0.525646, 0.39648
0.550515, 0.398227
0.574152, 0.400699
0.596783, 0.403217
0.619345, 0.405076
0.642926, 0.405946
0.668031, 0.406031
0.694493, 0.405782
0.721825, 0.405591
0.749437, 0.405727
0.776694, 0.406369
0.802886, 0.407649
0.827253, 0.40966
0.849418, 0.412362
0.870246, 0.415438
0.891689, 0.418431
0.915234, 0.421123
0.940827, 0.423668
0.967558, 0.42634
0.994975, 0.429289
0.00282045, 0.446967
0.0304302, 0.444763
0.0573157, 0.442765
0.0829593, 0.440849
0.1064, 0.438797
0.127684, 0.436506
0.148532, 0.434179
0.170995, 0.432185
0.195822, 0.430751
0.2225, 0.429885
0.250205, 0.429508
0.278173, 0.429507
0.305677, 0.429713
0.33199, 0.429848
0.356469, 0.429478
0.37903, 0.428154
0.400699, 0.425848
0.423098, 0.423098
0.447266, 0.420662
0.473154, 0.419077
0.5, 0.418538
0.526846, 0.419077
0.552734, 0.420662
0.576902, 0.423098
0.599301, 0.425848
0.62097, 0.428154
0.643531, 0.429478
0.66801, 0.429848
0.694323, 0.429713
0.721827, 0.429507
0.749795, 0.429508
0.7775, 0.429885
0.804178, 0.430751
0.829005, 0.432185
0.851468, 0.434179
0.872316, 0.436506
0.8936, 0.438797
0.917041, 0.440849
0.942684, 0.442765
0.96957, 0.444763
0.99718, 0.446967
0.00125157, 0.464645
0.0289999, 0.46318
0.0559942, 0.46185
0.081669, 0.460568
0.105026, 0.459184
0.126198, 0.457635
0.147078, 0.456076
0.169778, 0.454766
0.194948, 0.453847
0.221981, 0.453317
0.25001, 0.453117
0.278219, 0.453163
0.305797, 0.453319
0.331865, 0.453346
0.355636, 0.45286
0.377222, 0.451533
0.398227, 0.449485
0.420662, 0.447266
0.44547, 0.44547
0.472236, 0.444374
0.5, 0.444012
0.527764, 0.444374
0.55453, 0.44547
0.579338, 0.447266
0.601773, 0.449485
0.622778, 0.451533
0.644364, 0.45286
0.668135, 0.453346
0.694203, 0.453319
0.721781, 0.453163
0.74999, 0.453117
0.778019, 0.453317
0.805052, 0.453847
0.830222, 0.454766
0.852922, 0.456076
0.873802, 0.457635
0.894974, 0.459184
0.918331, 0.460568
0.944006, 0.46185
0.971, 0.46318
0.998748, 0.464645
0.000312598, 0.482322
0.0281443, 0.481591
0.0552035, 0.480927
0.0808947, 0.480285
0.104198, 0.479588
0.125303, 0.478806
0.146211, 0.478026
0.169061, 0.477377
0.194442, 0.476929
0.221693, 0.476678
0.249916, 0.476594
0.278263, 0.47663
0.305857, 0.476711
0.331701, 0.476695
0.354917, 0.476356
0.375832, 0.475535
0.39648, 0.474354
0.419077, 0.473154
0.444374, 0.472236
0.471694, 0.471694
0.5, 0.471517
0.528306, 0.471694
0.555626, 0.472236
0.580923, 0.473154
0.60352, 0.474354
0.624168, 0.475535
0.645083, 0.476356
0.668299, 0.476695
0.694143, 0.476711
0.721737, 0.47663
0.750084, 0.476594
0.778307, 0.476678
0.805558, 0.476929
0.830939, 0.477377
0.853789, 0.478026
0.874697, 0.478806
0.895802, 0.479588
0.919105, 0.480285
0.944797, 0.480927
0.971856, 0.481591
0.999687, 0.482322
0, 0.5
0.0278595, 0.5
0.0549402, 0.5
0.0806366, 0.5
0.103921, 0.5
0.125005, 0.5
0.145923, 0.5
0.168824, 0.5
0.194277, 0.5
0.2216, 0.5
0.249888, 0.5
0.278281, 0.5
0.305874, 0.5
0.331628, 0.5
0.354635, 0.5
0.375315, 0.5
0.395859, 0.5
0.418538, 0.5
0.444012, 0.5
0.471517, 0.5
0.5, 0.5
0.528483, 0.5
0.555988, 0.5
0.581462, 0.5
0.604141, 0.5
0.624685, 0.5
0.645365, 0.5
0.668372, 0.5
0.694126, 0.5
0.721719, 0.5
0.750112, 0.5
0.7784, 0.5
0.805723, 0.5
0.831176, 0.5
0.854077, 0.5
0.874995, 0.5
0.896079, 0.5
0.919363, 0.5
0.94506, 0.5
0.972141, 0.5
1, 0.5
0.000312598, 0.517678
0.0281443, 0.518409
0.0552035, 0.519073
0.0808947, 0.519715
0.104198, 0.520412
0.125303, 0.521194
0.146211, 0.521974
0.169061, 0.522623
0.194442, 0.523071
0.221693, 0.523322
0.249916, 0.523406
0.278263, 0.52337
0.305857, 0.523289
0.331701, 0.523305
0.354917, 0.523644
0.375832, 0.524465
0.39648, 0.525646
0.419077, 0.526846
0.444374, 0.527764
0.471694, 0.528306
0.5, 0.528483
0.528306, 0.528306
0.555626, 0.527764
0.580923, 0.526846
0.60352, 0.525646
0.624168, 0.524465
0.645083, 0.523644
0.668299, 0.523305
0.694143, 0.523289
0.721737, 0.52337
0.750084, 0.523406
0.778307, 0.523322
0.805558, 0.523071
0.830939, 0.522623
0.853789, 0.521974
0.874697, 0.521194
0.895802, 0.520412
0.919105, 0.519715
0.944797, 0.519073
0.971856, 0.518409
0.999687, 0.517678
0.00125157, 0.535355
0.0289999, 0.53682
0.0559942, 0.53815
0.081669, 0.539432
0.105026, 0.540816
0.126198, 0.542365
0.147078, 0.543924
0.169778, 0.545234
0.194948, 0.546153
0.221981, 0.546683
0.25001, 0.546883
0.278219, 0.546837
0.305797, 0.546681
0.331865, 0.546654
0.355636, 0.54714
0.377222, 0.548467
0.398227, 0.550515
0.420662, 0.552734
0.44547, 0.55453
0.472236, 0.555626
0.5, 0.555988
0.527764, 0.555626
0.55453, 0.55453
0.579338, 0.552734
0.601773, 0.550515
0.622778, 0.548467
0.644364, 0.54714
0.668135, 0.546654
0.694203, 0.546681
0.721781, 0.546837
0.74999, 0.546883
0.778019, 0.546683
0.805052, 0.546153
0.830222, 0.545234
0.852922, 0.543924
0.873802, 0.542365
0.894974, 0.540816
0.918331, 0.539432
0.944006, 0.53815
0.971, 0.53682
0.998748, 0.535355
0.00282045, 0.553033
0.0304302, 0.555237
0.0573157, 0.557235
0.0829593, 0.559151
0.1064, 0.561203
0.127684, 0.563494
0.148532, 0.565821
0.170995, 0.567815
0.195822, 0.569249
0.2225, 0.570115
0.250205, 0.570492
0.278173, 0.570493
0.305677, 0.570287
0.33199, 0.570152
0.356469, 0.570522
0.37903, 0.571846
0.400699, 0.574152
0.423098, 0.576902
0.447266, 0.579338
0.473154, 0.580923
0.5, 0.581462
0.526846, 0.580923
0.552734, 0.579338
0.576902, 0.576902
0.599301, 0.574152
0.62097, 0.571846
0.643531, 0.570522
0.66801, 0.570152
0.694323, 0.570287
0.721827, 0.570493
0.749795, 0.570492
0.7775, 0.570115
0.804178, 0.569249
0.829005, 0.567815
0.851468, 0.565821
0.872316, 0.563494
0.8936, 0.561203
0.917041, 0.559151
0.942684, 0.557235
0.96957, 0.555237
0.99718, 0.553033
0.00502525, 0.570711
0.0324417, 0.57366
0.0591732, 0.576332
0.0847656, 0.578877
0.108311, 0.581569
0.129754, 0.584562
0.150582, 0.587638
0.172747, 0.59034
0.197114, 0.592351
0.223306, 0.593631
0.250563, 0.594273
0.278175, 0.594409
0.305507, 0.594218
0.331969, 0.593969
0.357074, 0.594054
0.380655, 0.594924
0.403217, 0.596783
0.425848, 0.599301
0.449485, 0.601773
0.474354, 0.60352
0.5, 0.604141
0.525646, 0.60352
0.550515, 0.601773
0.574152, 0.599301
0.596783, 0.596783
0.619345, 0.594924
0.642926, 0.594054
0.668031, 0.593969
0.694493, 0.594218
0.721825, 0.594409
0.749437, 0.594273
0.776694, 0.593631
0.802886, 0.592351
0.827253, 0.59034
0.849418, 0.587638
0.870246, 0.584562
0.891689, 0.581569
0.915234, 0.578877
0.940827, 0.576332
0.967558, 0.57366
0.994975, 0.570711
0.00787451, 0.588388
0.0350436, 0.592092
0.0615747, 0.595445
0.0870889, 0.598612
0.110749, 0.601913
0.132394, 0.605554
0.153235, 0.609344
0.175074, 0.612773
0.198887, 0.615429
0.224474, 0.61722
0.251166, 0.618238
0.278308, 0.618624
0.30534, 0.618558
0.331785, 0.618275
0.357273, 0.618089
0.38164, 0.61836
0.405076, 0.619345
0.428154, 0.62097
0.451533, 0.622778
0.475535, 0.624168
0.5, 0.624685
0.524465, 0.624168
0.548467, 0.622778
0.571846, 0.62097
0.594924, 0.619345
0.61836, 0.61836
0.642727, 0.618089
0.668215, 0.618275
0.69466, 0.618558
0.721692, 0.618624
0.748834, 0.618238
0.775526, 0.61722
0.801113, 0.615429
0.824926, 0.612773
0.846765, 0.609344
0.867606, 0.605554
0.889251, 0.601913
0.912911, 0.598612
0.938425, 0.595445
0.964956, 0.592092
0.992125, 0.588388
0.0113795, 0.606066
0.038248, 0.610536
0.064531, 0.614578
0.089932, 0.618364
0.113699, 0.622238
0.135583, 0.626464
0.156493, 0.630911
0.178017, 0.635065
0.201216, 0.638432
0.2261, 0.64084
0.252119, 0.642357
0.27868, 0.643131
0.305284, 0.643333
0.331529, 0.643168
0.357121, 0.642879
0.381911, 0.642727
0.405946, 0.642926
0.429478, 0.643531
0.45286, 0.644364
0.476356, 0.645083
0.5, 0.645365
0.523644, 0.645083
0.54714, 0.644364
0.570522, 0.643531
0.594054, 0.642926
0.618089, 0.642727
0.642879, 0.642879
0.668471, 0.643168
0.694716, 0.643333
0.72132, 0.643131
0.747881, 0.642357
0.7739, 0.64084
0.798784, 0.638432
0.821983, 0.635065
0.843507, 0.630911
0.864417, 0.626464
0.886301, 0.622238
0.910068, 0.618364
0.935469, 0.614578
0.961752, 0.610536
0.988621, 0.606066
0.0155544, 0.623744
0.0420703, 0.628993
0.0680558, 0.633735
0.0933003, 0.638137
0.117148, 0.642556
0.139293, 0.647295
0.16034, 0.652318
0.181609, 0.657161
0.204182, 0.661282
0.228289, 0.664407
0.253543, 0.666554
0.279425, 0.66786
0.305485, 0.668491
0.331372, 0.668628
0.356832, 0.668471
0.381725, 0.668215
0.406031, 0.668031
0.429848, 0.66801
0.453346, 0.668135
0.476695, 0.668299
0.5, 0.668372
0.523305, 0.668299
0.546654, 0.668135
0.570152, 0.66801
0.593969, 0.668031
0.618275, 0.668215
0.643168, 0.668471
0.668628, 0.668628
0.694515, 0.668491
0.720575, 0.66786
0.746457, 0.666554
0.771711, 0.664407
0.795818, 0.661282
0.818391, 0.657161
0.83966, 0.652318
0.860707, 0.647295
0.882852, 0.642556
0.9067, 0.638137
0.931944, 0.633735
0.95793, 0.628993
0.984446, 0.623744
0.0204168, 0.641421
0.046529, 0.647465
0.0721669, 0.65292
0.0972035, 0.657942
0.121086, 0.66288
0.143488, 0.668064
0.164742, 0.673559
0.18586, 0.67901
0.207857, 0.68388
0.231156, 0.687799
0.255574, 0.690696
0.280691, 0.692675
0.306108, 0.693892
0.331509, 0.694515
0.356667, 0.694716
0.381442, 0.69466
0.405782, 0.694493
0.429713, 0.694323
0.453319, 0.694203
0.476711, 0.694143
0.5, 0.694126
0.523289, 0.694143
0.546681, 0.694203
0.570287, 0.694323
0.594218, 0.694493
0.618558, 0.69466
0.643333, 0.694716
0.668491, 0.694515
0.693892, 0.693892
0.719309, 0.692675
0.744426, 0.690696
0.768844, 0.687799
0.792143, 0.68388
0.81414, 0.67901
0.835258, 0.673559
0.856512, 0.668064
0.878914, 0.66288
0.902796, 0.657942
0.927833, 0.65292
0.953471, 0.647465
0.979583, 0.641421
0.0259879, 0.659099
0.0516467, 0.665953
0.0768859, 0.672137
0.101656, 0.677787
0.125507, 0.683231
0.14813, 0.688801
0.169644, 0.694655
0.190739, 0.700585
0.212281, 0.706126
0.234807, 0.710857
0.25835, 0.714592
0.282634, 0.717366
0.307325, 0.719309
0.33214, 0.720575
0.356869, 0.72132
0.381376, 0.721692
0.405591, 0.721825
0.429507, 0.721827
0.453163, 0.721781
0.47663, 0.721737
0.5, 0.721719
0.52337, 0.721737
0.546837, 0.721781
0.570493, 0.721827
0.594409, 0.721825
0.618624, 0.721692
0.643131, 0.72132
0.66786, 0.720575
0.692675, 0.719309
0.717366, 0.717366
0.74165, 0.714592
0.765193, 0.710857
0.787719, 0.706126
0.809261, 0.700585
0.830356, 0.694655
0.85187, 0.688801
0.874493, 0.683231
0.898344, 0.677787
0.923114, 0.672137
0.948353, 0.665953
0.974012, 0.659099
0.0322928, 0.676777
0.0574502, 0.684459
0.0822394, 0.691389
0.10668, 0.697679
0.130418, 0.70363
0.153186, 0.709551
0.174971, 0.71566
0.19617, 0.721905
0.217435, 0.727957
0.239307, 0.733414
0.261997, 0.738003
0.285408, 0.74165
0.309304, 0.744426
0.333446, 0.746457
0.357643, 0.747881
0.381762, 0.748834
0.405727, 0.749437
0.429508, 0.749795
0.453117, 0.74999
0.476594, 0.750084
0.5, 0.750112
0.523406, 0.750084
0.546883, 0.74999
0.570492, 0.749795
0.594273, 0.749437
0.618238, 0.748834
0.642357, 0.747881
0.666554, 0.746457
0.690696, 0.744426
0.714592, 0.74165
0.738003, 0.738003
0.760693, 0.733414
0.782565, 0.727957
0.80383, 0.721905
0.825029, 0.71566
0.846814, 0.709551
0.869582, 0.70363
0.89332, 0.697679
0.917761, 0.691389
0.94255, 0.684459
0.967707, 0.676777
0.0393619, 0.694454
0.0639712, 0.702982
0.0882595, 0.710679
0.112303, 0.717629
0.135833, 0.724098
0.158639, 0.730364
0.180645, 0.736659
0.202029, 0.743057
0.223207, 0.749396
0.244629, 0.755371
0.266586, 0.760693
0.289143, 0.765193
0.312201, 0.768844
0.335593, 0.771711
0.35916, 0.7739
0.38278, 0.775526
0.406369, 0.776694
0.429885, 0.7775
0.453317, 0.778019
0.476678, 0.778307
0.5, 0.7784
0.523322, 0.778307
0.546683, 0.778019
0.570115, 0.7775
0.593631, 0.776694
0.61722, 0.775526
0.64084, 0.7739
0.664407, 0.771711
0.687799, 0.768844
0.710857, 0.765193
0.733414, 0.760693
0.755371, 0.755371
0.776793, 0.749396
0.797971, 0.743057
0.819355, 0.736659
0.841361, 0.730364
0.864167, 0.724098
0.887697, 0.717629
0.911741, 0.710679
0.936029, 0.702982
0.960638, 0.694454
0.0472307, 0.712132
0.071247, 0.721524
0.0949845, 0.730006
0.118562, 0.73764
0.141783, 0.744656
0.164494, 0.751289
0.186607, 0.757756
0.208174, 0.764196
0.229404, 0.770596
0.250604, 0.776793
0.272043, 0.782565
0.293874, 0.787719
0.31612, 0.792143
0.338718, 0.795818
0.361568, 0.798784
0.384571, 0.801113
0.407649, 0.802886
0.430751, 0.804178
0.453847, 0.805052
0.476929, 0.805558
0.5, 0.805723
0.523071, 0.805558
0.546153, 0.805052
0.569249, 0.804178
0.592351, 0.802886
0.615429, 0.801113
0.638432, 0.798784
0.661282, 0.795818
0.68388, 0.792143
0.706126, 0.787719
0.727957, 0.782565
0.749396, 0.776793
0.770596, 0.770596
0.791826, 0.764196
0.813393, 0.757756
0.835506, 0.751289
0.858217, 0.744656
0.881438, 0.73764
0.905016, 0.730006
0.928753, 0.721524
0.952769, 0.712132
0.055942, 0.72981
0.0793218, 0.740084
0.10246, 0.749373
0.125504, 0.757717
0.148315, 0.765316
0.170786, 0.772364
0.192847, 0.779045
0.214492, 0.785508
0.235804, 0.791826
0.256943, 0.797971
0.278095, 0.80383
0.299415, 0.809261
0.32099, 0.81414
0.342839, 0.818391
0.364935, 0.821983
0.387227, 0.824926
0.40966, 0.827253
0.432185, 0.829005
0.454766, 0.830222
0.477377, 0.830939
0.5, 0.831176
0.522623, 0.830939
0.545234, 0.830222
0.567815, 0.829005
0.59034, 0.827253
0.612773, 0.824926
0.635065, 0.821983
0.657161, 0.818391
0.67901, 0.81414
0.700585, 0.809261
0.721905, 0.80383
0.743057, 0.797971
0.764196, 0.791826
0.785508, 0.785508
0.807153, 0.779045
0.829214, 0.772364
0.851685, 0.765316
0.874496, 0.757717
0.89754, 0.749373
0.920678, 0.740084
0.944058, 0.72981
0.0655463, 0.747487
0.0882475, 0.75866
0.11074, 0.768775
0.133184, 0.777859
0.155489, 0.786084
0.17758, 0.793613
0.199408, 0.800592
0.220955, 0.807153
0.242244, 0.813393
0.263341, 0.819355
0.28434, 0.825029
0.305345, 0.830356
0.326441, 0.835258
0.347682, 0.83966
0.369089, 0.843507
0.390656, 0.846765
0.412362, 0.849418
0.434179, 0.851468
0.456076, 0.852922
0.478026, 0.853789
0.5, 0.854077
0.521974, 0.853789
0.543924, 0.852922
0.565821, 0.851468
0.587638, 0.849418
0.609344, 0.846765
0.630911, 0.843507
0.652318, 0.83966
0.673559, 0.835258
0.694655, 0.830356
0.71566, 0.825029
0.736659, 0.819355
0.757756, 0.813393
0.779045, 0.807153
0.800592, 0.800592
0.82242, 0.793613
0.844511, 0.786084
0.866816, 0.777859
0.88926, 0.768775
0.911752, 0.75866
0.934454, 0.747487
0.0761044, 0.765165
0.0980861, 0.777251
0.119887, 0.788209
0.141672, 0.79806
0.163381, 0.806957
0.184964, 0.815036
0.206387, 0.82242
0.227636, 0.829214
0.248711, 0.835506
0.269636, 0.841361
0.290449, 0.846814
0.311199, 0.85187
0.331936, 0.856512
0.352705, 0.860707
0.373536, 0.864417
0.394446, 0.867606
0.415438, 0.870246
0.436506, 0.872316
0.457635, 0.873802
0.478806, 0.874697
0.5, 0.874995
0.521194, 0.874697
0.542365, 0.873802
0.563494, 0.872316
0.584562, 0.870246
0.605554, 0.867606
0.626464, 0.864417
0.647295, 0.860707
0.668064, 0.856512
0.688801, 0.85187
0.709551, 0.846814
0.730364, 0.841361
0.751289, 0.835506
0.772364, 0.829214
0.793613, 0.82242
0.815036, 0.815036
0.836619, 0.806957
0.858328, 0.79806
0.880113, 0.788209
0.901914, 0.777251
0.923896, 0.765165
0.0876894, 0.782843
0.108912, 0.795854
0.129979, 0.807668
0.151047, 0.818311
0.172079, 0.827921
0.193043, 0.836619
0.213916, 0.844511
0.234684, 0.851685
0.255344, 0.858217
0.275902, 0.864167
0.29637, 0.869582
0.316769, 0.874493
0.33712, 0.878914
0.357444, 0.882852
0.377762, 0.886301
0.398087, 0.889251
0.418431, 0.891689
0.438797, 0.8936
0.459184, 0.894974
0.479588, 0.895802
0.5, 0.896079
0.520412, 0.895802
0.540816, 0.894974
0.561203, 0.8936
0.581569, 0.891689
0.601913, 0.889251
0.622238, 0.886301
0.642556, 0.882852
0.66288, 0.878914
0.683231, 0.874493
0.70363, 0.869582
0.724098, 0.864167
0.744656, 0.858217
0.765316, 0.851685
0.786084, 0.844511
0.806957, 0.836619
0.827921, 0.827921
0.848953, 0.818311
0.870021, 0.807668
0.891088, 0.795854
0.912311, 0.782843
0.100391, 0.80052
0.120813, 0.814465
0.141106, 0.827144
0.161404, 0.838596
0.181689, 0.848953
0.20194, 0.858328
0.222141, 0.866816
0.242283, 0.874496
0.26236, 0.881438
0.282371, 0.887697
0.302321, 0.89332
0.322213, 0.898344
0.342058, 0.902796
0.361863, 0.9067
0.381636, 0.910068
0.401388, 0.912911
0.421123, 0.915234
0.440849, 0.917041
0.460568, 0.918331
0.480285, 0.919105
0.5, 0.919363
0.519715, 0.919105
0.539432, 0.918331
0.559151, 0.917041
0.578877, 0.915234
0.598612, 0.912911
0.618364, 0.910068
0.638137, 0.9067
0.657942, 0.902796
0.677787, 0.898344
0.697679, 0.89332
0.717629, 0.887697
0.73764, 0.881438
0.757717, 0.874496
0.777859, 0.866816
0.79806, 0.858328
0.818311, 0.848953
0.838596, 0.838596
0.858894, 0.827144
0.879187, 0.814465
0.899609, 0.80052
0.114319, 0.818198
0.1339, 0.83308
0.153376, 0.846624
0.172856, 0.858894
0.192332, 0.870021
0.211791, 0.880113
0.231225, 0.88926
0.250627, 0.89754
0.269994, 0.905016
0.289321, 0.911741
0.308611, 0.917761
0.327863, 0.923114
0.34708, 0.927833
0.366265, 0.931944
0.385422, 0.935469
0.404555, 0.938425
0.423668, 0.940827
0.442765, 0.942684
0.46185, 0.944006
0.480927, 0.944797
0.5, 0.94506
0.519073, 0.944797
0.53815, 0.944006
0.557235, 0.942684
0.576332, 0.940827
0.595445, 0.938425
0.614578, 0.935469
0.633735, 0.931944
0.65292, 0.927833
0.672137, 0.923114
0.691389, 0.917761
0.710679, 0.911741
0.730006, 0.905016
0.749373, 0.89754
0.768775, 0.88926
0.788209, 0.880113
0.807668, 0.870021
0.827144, 0.858894
0.846624, 0.846624
0.8661, 0.83308
0.885681, 0.818198
0.129612, 0.835876
0.148309, 0.851691
0.16692, 0.8661
0.185535, 0.879187
0.204146, 0.891088
0.222749, 0.901914
0.24134, 0.911752
0.259916, 0.920678
0.278476, 0.928753
0.297018, 0.936029
0.315541, 0.94255
0.334047, 0.948353
0.352535, 0.953471
0.371007, 0.95793
0.389464, 0.961752
0.407908, 0.964956
0.42634, 0.967558
0.444763, 0.96957
0.46318, 0.971
0.481591, 0.971856
0.5, 0.972141
0.518409, 0.971856
0.53682, 0.971
0.555237, 0.96957
0.57366, 0.967558
0.592092, 0.964956
0.610536, 0.961752
0.628993, 0.95793
0.647465, 0.953471
0.665953, 0.948353
0.684459, 0.94255
0.702982, 0.936029
0.721524, 0.928753
0.740084, 0.920678
0.75866, 0.911752
0.777251, 0.901914
0.795854, 0.891088
0.814465, 0.879187
0.83308, 0.8661
0.851691, 0.851691
0.870388, 0.835876
0.146447, 0.853553
0.164124, 0.870388
0.181802, 0.885681
0.19948, 0.899609
0.217157, 0.912311
0.234835, 0.923896
0.252513, 0.934454
0.27019, 0.944058
0.287868, 0.952769
0.305546, 0.960638
0.323223, 0.967707
0.340901, 0.974012
0.358579, 0.979583
0.376256, 0.984446
0.393934, 0.988621
0.411612, 0.992125
0.429289, 0.994975
0.446967, 0.99718
0.464645, 0.998748
0.482322, 0.999687
0.5, 1
0.517678, 0.999687
0.535355, 0.998748
0.553033, 0.99718
0.570711, 0.994975
0.588388, 0.992125
0.606066, 0.988621
0.623744, 0.984446
0.641421, 0.979583
0.659099, 0.974012
0.676777, 0.967707
0.694454, 0.960638
0.712132, 0.952769
0.72981, 0.944058
0.747487, 0.934454
0.765165, 0.923896
0.782843, 0.912311
0.80052, 0.899609
0.818198, 0.885681
0.835876, 0.870388
0.853553, 0.853553
0.146969, 0.146969
0.165125, 0.131397
0.183282, 0.117249
0.201437, 0.10437
0.219587, 0.0926381
0.237731, 0.0819538
0.255867, 0.0722359
0.273994, 0.0634176
0.292113, 0.0554428
0.310223, 0.0482646
0.328325, 0.0418435
0.346419, 0.0361461
0.364506, 0.0311444
0.382586, 0.0268147
0.40066, 0.0231373
0.418729, 0.0200962
0.436794, 0.0176782
0.454855, 0.0158734
0.472914, 0.0146742
0.490972, 0.0140758
0.509028, 0.0140758
0.527086, 0.0146742
0.545145, 0.0158734
0.563206, 0.0176782
0.581271, 0.0200962
0.59934, 0.0231373
0.617414, 0.0268147
0.635494, 0.0311444
0.653581, 0.0361461
0.671675, 0.0418435
0.689777, 0.0482646
0.707887, 0.0554428
0.726006, 0.0634176
0.744133, 0.0722359
0.762269, 0.0819538
0.780413, 0.0926381
0.798563, 0.10437
0.816718, 0.117249
0.834875, 0.131397
0.853031, 0.146969
0.131397, 0.165125
0.150454, 0.150454
0.169503, 0.13714
0.188553, 0.125053
0.207595, 0.114073
0.226622, 0.104101
0.24563, 0.0950556
0.264614, 0.0868692
0.283572, 0.0794841
0.302503, 0.0728519
0.321407, 0.0669315
0.340285, 0.0616878
0.359138, 0.0570916
0.377967, 0.0531182
0.396777, 0.0497471
0.415569, 0.0469617
0.434347, 0.0447485
0.453113, 0.0430973
0.471871, 0.0420005
0.490624, 0.0414534
0.509376, 0.0414534
0.528129, 0.0420005
0.546887, 0.0430973
0.565653, 0.0447485
0.584431, 0.0469617
0.603223, 0.0497471
0.622033, 0.0531182
0.640862, 0.0570916
0.659715, 0.0616878
0.678593, 0.0669315
0.697497, 0.0728519
0.716428, 0.0794841
0.735386, 0.0868692
0.75437, 0.0950556
0.773378, 0.104101
0.792405, 0.114073
0.811447, 0.125053
0.830497, 0.13714
0.849546, 0.150454
0.868603, 0.165125
0.117249, 0.183282
0.13714, 0.169503
0.157026, 0.157026
0.176913, 0.145732
0.196785, 0.1355
0.216627, 0.126228
0.236429, 0.117833
0.256185, 0.110244
0.275892, 0.103401
0.29555, 0.0972541
0.31516, 0.0917615
0.334726, 0.0868887
0.354252, 0.0826083
0.373746, 0.0788984
0.393211, 0.0757421
0.412654, 0.0731269
0.43208, 0.0710437
0.451494, 0.069486
0.4709, 0.0684496
0.4903, 0.067932
0.5097, 0.067932
0.5291, 0.0684496
0.548506, 0.069486
0.56792, 0.0710437
0.587346, 0.0731269
0.606789, 0.0757421
0.626254, 0.0788984
0.645748, 0.0826083
0.665274, 0.0868887
0.68484, 0.0917615
0.70445, 0.0972541
0.724108, 0.103401
0.743815, 0.110244
0.763571, 0.117833
0.783373, 0.126228
0.803215, 0.1355
0.823087, 0.145732
0.842974, 0.157026
0.86286, 0.169503
0.882751, 0.183282
0.10437, 0.201437
0.125053, 0.188553
0.145732, 0.176913
0.166404, 0.166404
0.18704, 0.156899
0.207619, 0.14829
0.228125, 0.140489
0.24855, 0.133419
0.268893, 0.127014
0.289159, 0.121224
0.309355, 0.116007
0.329495, 0.111334
0.349593, 0.107185
0.369661, 0.103551
0.389713, 0.100426
0.409759, 0.0978116
0.429805, 0.0957118
0.449855, 0.0941312
0.46991, 0.0930744
0.48997, 0.092545
0.51003, 0.092545
0.53009, 0.0930744
0.550145, 0.0941312
0.570195, 0.0957118
0.590241, 0.0978116
0.610287, 0.100426
0.630339, 0.103551
0.650407, 0.107185
0.670505, 0.111334
0.690645, 0.116007
0.710841, 0.121224
0.731107, 0.127014
0.75145, 0.133419
0.771875, 0.140489
0.792381, 0.14829
0.81296, 0.156899
0.833596, 0.166404
0.854268, 0.176913
0.874947, 0.188553
0.89563, 0.201437
0.0926381, 0.219587
0.114073, 0.207595
0.1355, 0.196785
0.156899, 0.18704
0.178225, 0.178225
0.199445, 0.17022
0.220539, 0.162924
0.241498, 0.156247
0.262327, 0.150117
0.283043, 0.144482
0.303673, 0.139308
0.32425, 0.134582
0.344807, 0.130308
0.365374, 0.126501
0.385972, 0.123186
0.406615, 0.120384
0.427304, 0.118118
0.448038, 0.116403
0.468808, 0.115254
0.4896, 0.114677
0.5104, 0.114677
0.531192, 0.115254
0.551962, 0.116403
0.572696, 0.118118
0.593385, 0.120384
0.614028, 0.123186
0.634626, 0.126501
0.655193, 0.130308
0.67575, 0.134582
0.696327, 0.139308
0.716957, 0.144482
0.737673, 0.150117
0.758502, 0.156247
0.779461, 0.162924
0.800555, 0.17022
0.821775, 0.178225
0.843101, 0.18704
0.8645, 0.196785
0.885927, 0.207595
0.907362, 0.219587
0.0819538, 0.237731
0.104101, 0.226622
0.126228, 0.216627
0.14829, 0.207619
0.17022, 0.199445
0.191968, 0.191968
0.213504, 0.185062
0.234822, 0.178621
0.255947, 0.172567
0.276926, 0.166858
0.29783, 0.161495
0.318729, 0.156512
0.339685, 0.15196
0.360739, 0.147894
0.38191, 0.14436
0.4032, 0.141392
0.424595, 0.139009
0.446077, 0.137219
0.467621, 0.136027
0.489203, 0.135431
0.510797, 0.135431
0.532379, 0.136027
0.553923, 0.137219
0.575405, 0.139009
0.5968, 0.141392
0.61809, 0.14436
0.639261, 0.147894
0.660315, 0.15196
0.681271, 0.156512
0.70217, 0.161495
0.723074, 0.166858
0.744053, 0.172567
0.765178, 0.178621
0.786496, 0.185062
0.808032, 0.191968
0.82978, 0.199445
0.85171, 0.207619
0.873772, 0.216627
0.895899, 0.226622
0.918046, 0.237731
0.0722359, 0.255867
0.0950556, 0.24563
0.117833, 0.236429
0.140489, 0.228125
0.162924, 0.220539
0.185062, 0.213504
0.206864, 0.206864
0.228341, 0.2005
0.249566, 0.19435
0.270661, 0.188435
0.291766, 0.182834
0.312997, 0.177657
0.334421, 0.173001
0.35606, 0.168933
0.377899, 0.165487
0.399905, 0.162664
0.422037, 0.160449
0.444257, 0.158819
0.466534, 0.157748
0.488841, 0.157218
0.511159, 0.157218
0.533466, 0.157748
0.555743, 0.158819
0.577963, 0.160449
0.600095, 0.162664
0.622101, 0.165487
0.64394, 0.168933
0.665579, 0.173001
0.687003, 0.177657
0.708234, 0.182834
0.729339, 0.188435
0.750434, 0.19435
0.771659, 0.2005
0.793136, 0.206864
0.814938, 0.213504
0.837076, 0.220539
0.859511, 0.228125
0.882167, 0.236429
0.904944, 0.24563
0.927764, 0.255867
0.0634176, 0.273994
0.0868692, 0.264614
0.110244, 0.256185
0.133419, 0.24855
0.156247, 0.241498
0.178621, 0.234822
0.2005, 0.228341
0.221949, 0.221949
0.243155, 0.215667
0.264358, 0.209632
0.285766, 0.204029
0.307492, 0.199013
0.329558, 0.194678
0.351915, 0.191044
0.37449, 0.188085
0.397208, 0.185748
0.42001, 0.18397
0.442852, 0.182693
0.465709, 0.18187
0.488569, 0.181468
0.511431, 0.181468
0.534291, 0.18187
0.557148, 0.182693
0.57999, 0.18397
0.602792, 0.185748
0.62551, 0.188085
0.648085, 0.191044
0.670442, 0.194678
0.692508, 0.199013
0.714234, 0.204029
0.735642, 0.209632
0.756845, 0.215667
0.778051, 0.221949
0.7995, 0.228341
0.821379, 0.234822
0.843753, 0.241498
0.866581, 0.24855
0.889756, 0.256185
0.913131, 0.264614
0.936582, 0.273994
0.0554428, 0.292113
0.0794841, 0.283572
0.103401, 0.275892
0.127014, 0.268893
0.150117, 0.262327
0.172567, 0.255947
0.19435, 0.249566
0.215667, 0.243155
0.23688, 0.23688
0.258349, 0.231014
0.280282, 0.225795
0.302715, 0.221356
0.325559, 0.217712
0.348684, 0.214807
0.371963, 0.212549
0.395301, 0.210842
0.418635, 0.209595
0.441931, 0.208731
0.465182, 0.20819
0.488398, 0.20793
0.511602, 0.20793
0.534818, 0.20819
0.558069, 0.208731
0.581365, 0.209595
0.604699, 0.210842
0.628037, 0.212549
0.651316, 0.214807
0.674441, 0.217712
0.697285, 0.221356
0.719718, 0.225795
0.741651, 0.231014
0.76312, 0.23688
0.784333, 0.243155
0.80565, 0.249566
0.827433, 0.255947
0.849883, 0.262327
0.872986, 0.268893
0.896599, 0.275892
0.920516, 0.283572
0.944557, 0.292113
0.0482646, 0.310223
0.0728519, 0.302503
0.0972541, 0.29555
0.121224, 0.289159
0.144482, 0.283043
0.166858, 0.276926
0.188435, 0.270661
0.209632, 0.264358
0.231014, 0.258349
0.252985, 0.252985
0.275658, 0.248475
0.298921, 0.244855
0.322571, 0.242051
0.346416, 0.239945
0.370306, 0.238414
0.394139, 0.237338
0.417858, 0.236611
0.441447, 0.236147
0.464921, 0.235876
0.488316, 0.235752
0.511684, 0.235752
0.535079, 0.235876
0.558553, 0.236147
0.582142, 0.236611
0.605861, 0.237338
0.629694, 0.238414
0.653584, 0.239945
0.677429, 0.242051
0.701079, 0.244855
0.724342, 0.248475
0.747015, 0.252985
0.768986, 0.258349
0.790368, 0.264358
0.811565, 0.270661
0.833142, 0.276926
0.855518, 0.283043
0.878776, 0.289159
0.902746, 0.29555
0.927148, 0.302503
0.951735, 0.310223
0.0418435, 0.328325
0.0669315, 0.321407
0.0917615, 0.31516
0.116007, 0.309355
0.139308, 0.303673
0.161495, 0.29783
0.182834, 0.291766
0.204029, 0.285766
0.225795, 0.280282
0.248475, 0.275658
0.272001, 0.272001
0.296108, 0.269246
0.320517, 0.267265
0.345001, 0.265912
0.369396, 0.265047
0.393603, 0.264538
0.417576, 0.264269
0.441319, 0.264146
0.464874, 0.2641
0.488305, 0.264087
0.511695, 0.264087
0.535126, 0.2641
0.558681, 0.264146
0.582424, 0.264269
0.606397, 0.264538
0.630604, 0.265047
0.654999, 0.265912
0.679483, 0.267265
0.703892, 0.269246
0.727999, 0.272001
0.751525, 0.275658
0.774205, 0.280282
0.795971, 0.285766
0.817166, 0.291766
0.838505, 0.29783
0.860692, 0.303673
0.883993, 0.309355
0.908239, 0.31516
0.933069, 0.321407
0.958157, 0.328325
0.0361461, 0.346419
0.0616878, 0.340285
0.0868887, 0.334726
0.111334, 0.329495
0.134582, 0.32425
0.156512, 0.318729
0.177657, 0.312997
0.199013, 0.307492
0.221356, 0.302715
0.244855, 0.298921
0.269246, 0.296108
0.294154, 0.294154
0.31925, 0.292906
0.344283, 0.292204
0.36908, 0.291895
0.393544, 0.291832
0.417649, 0.291893
0.441429, 0.291989
0.464959, 0.292068
0.488337, 0.29211
0.511663, 0.29211
0.535041, 0.292068
0.558571, 0.291989
0.582351, 0.291893
0.606456, 0.291832
0.63092, 0.291895
0.655717, 0.292204
0.68075, 0.292906
0.705846, 0.294154
0.730754, 0.296108
0.755145, 0.298921
0.778644, 0.302715
0.800987, 0.307492
0.822343, 0.312997
0.843488, 0.318729
0.865418, 0.32425
0.888666, 0.329495
0.913111, 0.334726
0.938312, 0.340285
0.963854, 0.346419
0.0311444, 0.364506
0.0570916, 0.359138
0.0826083, 0.354252
0.107185, 0.349593
0.130308, 0.344807
0.15196, 0.339685
0.173001, 0.334421
0.194678, 0.329558
0.217712, 0.325559
0.242051, 0.322571
0.267265, 0.320517
0.292906, 0.31925
0.318606, 0.318606
0.344089, 0.318412
0.369169, 0.318491
0.393758, 0.318678
0.417865, 0.318844
0.441581, 0.318924
0.465037, 0.318925
0.488359, 0.318902
0.511641, 0.318902
0.534963, 0.318925
0.558419, 0.318924
0.582135, 0.318844
0.606242, 0.318678
0.630831, 0.318491
0.655911, 0.318412
0.681394, 0.318606
0.707094, 0.31925
0.732735, 0.320517
0.757949, 0.322571
0.782288, 0.325559
0.805322, 0.329558
0.826999, 0.334421
0.84804, 0.339685
0.869692, 0.344807
0.892815, 0.349593
0.917392, 0.354252
0.942908, 0.359138
0.968856, 0.364506
0.0268147, 0.382586
0.0531182, 0.377967
0.0788984, 0.373746
0.103551, 0.369661
0.126501, 0.365374
0.147894, 0.360739
0.168933, 0.35606
0.191044, 0.351915
0.214807, 0.348684
0.239945, 0.346416
0.265912, 0.345001
0.292204, 0.344283
0.318412, 0.344089
0.344221, 0.344221
0.369426, 0.344463
0.393955, 0.344607
0.417891, 0.344512
0.441446, 0.344174
0.464859, 0.343744
0.488279, 0.343449
0.511721, 0.343449
0.535141, 0.343744
0.558554, 0.344174
0.582109, 0.344512
0.606045, 0.344607
0.630574, 0.344463
0.655779, 0.344221
0.681588, 0.344089
0.707796, 0.344283
0.734088, 0.345001
0.760055, 0.346416
0.785193, 0.348684
0.808956, 0.351915
0.831067, 0.35606
0.852106, 0.360739
0.873499, 0.365374
0.896449, 0.369661
0.921102, 0.373746
0.946882, 0.377967
0.973185, 0.382586
0.0231373, 0.40066
0.0497471, 0.396777
0.0757421, 0.393211
0.100426, 0.389713
0.123186, 0.385972
0.14436, 0.38191
0.165487, 0.377899
0.188085, 0.37449
0.212549, 0.371963
0.238414, 0.370306
0.265047, 0.369396
0.291895, 0.36908
0.318491, 0.369169
0.344463, 0.369426
0.369564, 0.369564
0.393751, 0.369297
0.417268, 0.368476
0.440581, 0.367245
0.464112, 0.366021
0.487985, 0.365266
0.512015, 0.365266
0.535888, 0.366021
0.559419, 0.367245
0.582732, 0.368476
0.606249, 0.369297
0.630436, 0.369564
0.655537, 0.369426
0.681509, 0.369169
0.708105, 0.36908
0.734953, 0.369396
0.761586, 0.370306
0.787451, 0.371963
0.811915, 0.37449
0.834513, 0.377899
0.85564, 0.38191
0.876814, 0.385972
0.899574, 0.389713
0.924258, 0.393211
0.950253, 0.396777
0.976863, 0.40066
0.0200962, 0.418729
0.0469617, 0.415569
0.0731269, 0.412654
0.0978116, 0.409759
0.120384, 0.406615
0.141392, 0.4032
0.162664, 0.399905
0.185748, 0.397208
0.210842, 0.395301
0.237338, 0.394139
0.264538, 0.393603
0.291832, 0.393544
0.318678, 0.393758
0.344607, 0.393955
0.369297, 0.393751
0.392777, 0.392777
0.415628, 0.390962
0.438735, 0.388728
0.462684, 0.386754
0.487452, 0.385619
0.512548, 0.385619
0.537316, 0.386754
0.561265, 0.388728
0.584372, 0.390962
0.607223, 0.392777
0.630703, 0.393751
0.655393, 0.393955
0.681322, 0.393758
0.708168, 0.393544
0.735462, 0.393603
0.762662, 0.394139
0.789158, 0.395301
0.814252, 0.397208
0.837336, 0.399905
0.858608, 0.4032
0.879616, 0.406615
0.902188, 0.409759
0.926873, 0.412654
0.953038, 0.415569
0.979904, 0.418729
0.0176782, 0.436794
0.0447485, 0.434347
0.0710437, 0.43208
0.0957118, 0.429805
0.118118, 0.427304
0.139009, 0.424595
0.160449, 0.422037
0.18397, 0.42001
0.209595, 0.418635
0.236611, 0.417858
0.264269, 0.417576
0.291893, 0.417649
0.318844, 0.417865
0.344512, 0.417891
0.368476, 0.417268
0.390962, 0.415628
0.413112, 0.413112
0.436244, 0.410399
0.460921, 0.408235
0.486825, 0.407072
0.513175, 0.407072
0.539079, 0.408235
0.563756, 0.410399
0.586888, 0.413112
0.609038, 0.415628
0.631524, 0.417268
0.655488, 0.417891
0.681156, 0.417865
0.708107, 0.417649
0.735731, 0.417576
0.763389, 0.417858
0.790405, 0.418635
0.81603, 0.42001
0.839551, 0.422037
0.860991, 0.424595
0.881882, 0.427304
0.904288, 0.429805
0.928956, 0.43208
0.955252, 0.434347
0.982322, 0.436794
0.0158734, 0.454855
0.0430973, 0.453113
0.069486, 0.451494
0.0941312, 0.449855
0.116403, 0.448038
0.137219, 0.446077
0.158819, 0.444257
0.182693, 0.442852
0.208731, 0.441931
0.236147, 0.441447
0.264146, 0.441319
0.291989, 0.441429
0.318924, 0.441581
0.344174, 0.441446
0.367245, 0.440581
0.388728, 0.438735
0.410399, 0.436244
0.433839, 0.433839
0.459359, 0.432092
0.486294, 0.431206
0.513706, 0.431206
0.540641, 0.432092
0.566161, 0.433839
0.589601, 0.436244
0.611272, 0.438735
0.632755, 0.440581
0.655826, 0.441446
0.681076, 0.441581
0.708011, 0.441429
0.735854, 0.441319
0.763853, 0.441447
0.791269, 0.441931
0.817307, 0.442852
0.841181, 0.444257
0.862781, 0.446077
0.883597, 0.448038
0.905869, 0.449855
0.930514, 0.451494
0.956903, 0.453113
0.984127, 0.454855
0.0146742, 0.472914
0.0420005, 0.471871
0.0684496, 0.4709
0.0930744, 0.46991
0.115254, 0.468808
0.136027, 0.467621
0.157748, 0.466534
0.18187, 0.465709
0.20819, 0.465182
0.235876, 0.464921
0.2641, 0.464874
0.292068, 0.464959
0.318925, 0.465037
0.343744, 0.464859
0.366021, 0.464112
0.386754, 0.462684
0.408235, 0.460921
0.432092, 0.459359
0.458292, 0.458292
0.485941, 0.457768
0.514059, 0.457768
0.541708, 0.458292
0.567908, 0.459359
0.591765, 0.460921
0.613246, 0.462684
0.633979, 0.464112
0.656256, 0.464859
0.681075, 0.465037
0.707932, 0.464959
0.7359, 0.464874
0.764124, 0.464921
0.79181, 0.465182
0.81813, 0.465709
0.842252, 0.466534
0.863973, 0.467621
0.884746, 0.468808
0.906926, 0.46991
0.93155, 0.4709
0.957999, 0.471871
0.985326, 0.472914
0.0140758, 0.490972
0.0414534, 0.490624
0.067932, 0.4903
0.092545, 0.48997
0.114677, 0.4896
0.135431, 0.489203
0.157218, 0.488841
0.181468, 0.488569
0.20793, 0.488398
0.235752, 0.488316
0.264087, 0.488305
0.29211, 0.488337
0.318902, 0.488359
0.343449, 0.488279
0.365266, 0.487985
0.385619, 0.487452
0.407072, 0.486825
0.431206, 0.486294
0.457768, 0.485941
0.485769, 0.485769
0.514231, 0.485769
0.542232, 0.485941
0.568794, 0.486294
0.592928, 0.486825
0.614381, 0.487452
0.634734, 0.487985
0.656551, 0.488279
0.681098, 0.488359
0.70789, 0.488337
0.735913, 0.488305
0.764248, 0.488316
0.79207, 0.488398
0.818532, 0.488569
0.842782, 0.488841
0.864569, 0.489203
0.885323, 0.4896
0.907455, 0.48997
0.932068, 0.4903
0.958547, 0.490624
0.985924, 0.490972
0.0140758, 0.509028
0.0414534, 0.509376
0.067932, 0.5097
0.092545, 0.51003
0.114677, 0.5104
0.135431, 0.510797
0.157218, 0.511159
0.181468, 0.511431
0.20793, 0.511602
0.235752, 0.511684
0.264087, 0.511695
0.29211, 0.511663
0.318902, 0.511641
0.343449, 0.511721
0.365266, 0.512015
0.385619, 0.512548
0.407072, 0.513175
0.431206, 0.513706
0.457768, 0.514059
0.485769, 0.514231
0.514231, 0.514231
0.542232, 0.514059
0.568794, 0.513706
0.592928, 0.513175
0.614381, 0.512548
0.634734, 0.512015
0.656551, 0.511721
0.681098, 0.511641
0.70789, 0.511663
0.735913, 0.511695
0.764248, 0.511684
0.79207, 0.511602
0.818532, 0.511431
0.842782, 0.511159
0.864569, 0.510797
0.885323, 0.5104
0.907455, 0.51003
0.932068, 0.5097
0.958547, 0.509376
0.985924, 0.509028
0.0146742, 0.527086
0.0420005, 0.528129
0.0684496, 0.5291
0.0930744, 0.53009
0.115254, 0.531192
0.136027, 0.532379
0.157748, 0.533466
0.18187, 0.534291
0.20819, 0.534818
0.235876, 0.535079
0.2641, 0.535126
0.292068, 0.535041
0.318925, 0.534963
0.343744, 0.535141
0.366021, 0.535888
0.386754, 0.537316
0.408235, 0.539079
0.432092, 0.540641
0.458292, 0.541708
0.485941, 0.542232
0.514059, 0.542232
0.541708, 0.541708
0.567908, 0.540641
0.591765, 0.539079
0.613246, 0.537316
0.633979, 0.535888
0.656256, 0.535141
0.681075, 0.534963
0.707932, 0.535041
0.7359, 0.535126
0.764124, 0.535079
0.79181, 0.534818
0.81813, 0.534291
0.842252, 0.533466
0.863973, 0.532379
0.884746, 0.531192
0.906926, 0.53009
0.93155, 0.5291
0.957999, 0.528129
0.985326, 0.527086
0.0158734, 0.545145
0.0430973, 0.546887
0.069486, 0.548506
0.0941312, 0.550145
0.116403, 0.551962
0.137219, 0.553923
0.158819, 0.555743
0.182693, 0.557148
0.208731, 0.558069
0.236147, 0.558553
0.264146, 0.558681
0.291989, 0.558571
0.318924, 0.558419
0.344174, 0.558554
0.367245, 0.559419
0.388728, 0.561265
0.410399, 0.563756
0.433839, 0.566161
0.459359, 0.567908
0.486294, 0.568794
0.513706, 0.568794
0.540641, 0.567908
0.566161, 0.566161
0.589601, 0.563756
0.611272, 0.561265
0.632755, 0.559419
0.655826, 0.558554
0.681076, 0.558419
0.708011, 0.558571
0.735854, 0.558681
0.763853, 0.558553
0.791269, 0.558069
0.817307, 0.557148
0.841181, 0.555743
0.862781, 0.553923
0.883597, 0.551962
0.905869, 0.550145
0.930514, 0.548506
0.956903, 0.546887
0.984127, 0.545145
0.0176782, 0.563206
0.0447485, 0.565653
0.0710437, 0.56792
0.0957118, 0.570195
0.118118, 0.572696
0.139009, 0.575405
0.160449, 0.577963
0.18397, 0.57999
0.209595, 0.581365
0.236611, 0.582142
0.264269, 0.582424
0.291893, 0.582351
0.318844, 0.582135
0.344512, 0.582109
0.368476, 0.582732
0.390962, 0.584372
0.413112, 0.586888
0.436244, 0.589601
0.460921, 0.591765
0.486825, 0.592928
0.513175, 0.592928
0.539079, 0.591765
0.563756, 0.589601
0.586888, 0.586888
0.609038, 0.584372
0.631524, 0.582732
0.655488, 0.582109
0.681156, 0.582135
0.708107, 0.582351
0.735731, 0.582424
0.763389, 0.582142
0.790405, 0.581365
0.81603, 0.57999
0.839551, 0.577963
0.860991, 0.575405
0.881882, 0.572696
0.904288, 0.570195
0.928956, 0.56792
0.955252, 0.565653
0.982322, 0.563206
0.0200962, 0.581271
0.0469617, 0.584431
0.0731269, 0.587346
0.0978116, 0.590241
0.120384, 0.593385
0.141392, 0.5968
0.162664, 0.600095
0.185748, 0.602792
0.210842, 0.604699
0.237338, 0.605861
0.264538, 0.606397
0.291832, 0.606456
0.318678, 0.606242
0.344607, 0.606045
0.369297, 0.606249
0.392777, 0.607223
0.415628, 0.609038
0.438735, 0.611272
0.462684, 0.613246
0.487452, 0.614381
0.512548, 0.614381
0.537316, 0.613246
0.561265, 0.611272
0.584372, 0.609038
0.607223, 0.607223
0.630703, 0.606249
0.655393, 0.606045
0.681322, 0.606242
0.708168, 0.606456
0.735462, 0.606397
0.762662, 0.605861
0.789158, 0.604699
0.814252, 0.602792
0.837336, 0.600095
0.858608, 0.5968
0.879616, 0.593385
0.902188, 0.590241
0.926873, 0.587346
0.953038, 0.584431
0.979904, 0.581271
0.0231373, 0.59934
0.0497471, 0.603223
0.0757421, 0.606789
0.100426, 0.610287
0.123186, 0.614028
0.14436, 0.61809
0.165487, 0.622101
0.188085, 0.62551
0.212549, 0.628037
0.238414, 0.629694
0.265047, 0.630604
0.291895, 0.63092
0.318491, 0.630831
0.344463, 0.630574
0.369564, 0.630436
0.393751, 0.630703
0.417268, 0.631524
0.440581, 0.632755
0.464112, 0.633979
0.487985, 0.634734
0.512015, 0.634734
0.535888, 0.633979
0.559419, 0.632755
0.582732, 0.631524
0.606249, 0.630703
0.630436, 0.630436
0.655537, 0.630574
0.681509, 0.630831
0.708105, 0.63092
0.734953, 0.630604
0.761586, 0.629694
0.787451, 0.628037
0.811915, 0.62551
0.834513, 0.622101
0.85564, 0.61809
0.876814, 0.614028
0.899574, 0.610287
0.924258, 0.606789
0.950253, 0.603223
0.976863, 0.59934
0.0268147, 0.617414
0.0531182, 0.622033
0.0788984, 0.626254
0.103551, 0.630339
0.126501, 0.634626
0.147894, 0.639261
0.168933, 0.64394
0.191044, 0.648085
0.214807, 0.651316
0.239945, 0.653584
0.265912, 0.654999
0.292204, 0.655717
0.318412, 0.655911
0.344221, 0.655779
0.369426, 0.655537
0.393955, 0.655393
0.417891, 0.655488
0.441446, 0.655826
0.464859, 0.656256
0.488279, 0.656551
0.511721, 0.656551
0.535141, 0.656256
0.558554, 0.655826
0.582109, 0.655488
0.606045, 0.655393
0.630574, 0.655537
0.655779, 0.655779
0.681588, 0.655911
0.707796, 0.655717
0.734088, 0.654999
0.760055, 0.653584
0.785193, 0.651316
0.808956, 0.648085
0.831067, 0.64394
0.852106, 0.639261
0.873499, 0.634626
0.896449, 0.630339
0.921102, 0.626254
0.946882, 0.622033
0.973185, 0.617414
0.0311444, 0.635494
0.0570916, 0.640862
0.0826083, 0.645748
0.107185, 0.650407
0.130308, 0.655193
0.15196, 0.660315
0.173001, 0.665579
0.194678, 0.670442
0.217712, 0.674441
0.242051, 0.677429
0.267265, 0.679483
0.292906, 0.68075
0.318606, 0.681394
0.344089, 0.681588
0.369169, 0.681509
0.393758, 0.681322
0.417865, 0.681156
0.441581, 0.681076
0.465037, 0.681075
0.488359, 0.681098
0.511641, 0.681098
0.534963, 0.681075
0.558419, 0.681076
0.582135, 0.681156
0.606242, 0.681322
0.630831, 0.681509
0.655911, 0.681588
0.681394, 0.681394
0.707094, 0.68075
0.732735, 0.679483
0.757949, 0.677429
0.782288, 0.674441
0.805322, 0.670442
0.826999, 0.665579
0.84804, 0.660315
0.869692, 0.655193
0.892815, 0.650407
0.917392, 0.645748
0.942908, 0.640862
0.968856, 0.635494
0.0361461, 0.653581
0.0616878, 0.659715
0.0868887, 0.665274
0.111334, 0.670505
0.134582, 0.67575
0.156512, 0.681271
0.177657, 0.687003
0.199013, 0.692508
0.221356, 0.697285
0.244855, 0.701079
0.269246, 0.703892
0.294154, 0.705846
0.31925, 0.707094
0.344283, 0.707796
0.36908, 0.708105
0.393544, 0.708168
0.417649, 0.708107
0.441429, 0.708011
0.464959, 0.707932
0.488337, 0.70789
0.511663, 0.70789
0.535041, 0.707932
0.558571, 0.708011
0.582351, 0.708107
0.606456, 0.708168
0.63092, 0.708105
0.655717, 0.707796
0.68075, 0.707094
0.705846, 0.705846
0.730754, 0.703892
0.755145, 0.701079
0.778644, 0.697285
0.800987, 0.692508
0.822343, 0.687003
0.843488, 0.681271
0.865418, 0.67575
0.888666, 0.670505
0.913111, 0.665274
0.938312, 0.659715
0.963854, 0.653581
0.0418435, 0.671675
0.0669315, 0.678593
0.0917615, 0.68484
0.116007, 0.690645
0.139308, 0.696327
0.161495, 0.70217
0.182834, 0.708234
0.204029, 0.714234
0.225795, 0.719718
0.248475, 0.724342
0.272001, 0.727999
0.296108, 0.730754
0.320517, 0.732735
0.345001, 0.734088
0.369396, 0.734953
0.393603, 0.735462
0.417576, 0.735731
0.441319, 0.735854
0.464874, 0.7359
0.488305, 0.735913
0.511695, 0.735913
0.535126, 0.7359
0.558681, 0.735854
0.582424, 0.735731
0.606397, 0.735462
0.630604, 0.734953
0.654999, 0.734088
0.679483, 0.732735
0.703892, 0.730754
0.727999, 0.727999
0.751525, 0.724342
0.774205, 0.719718
0.795971, 0.714234
0.817166, 0.708234
0.838505, 0.70217
0.860692, 0.696327
0.883993, 0.690645
0.908239, 0.68484
0.933069, 0.678593
0.958157, 0.671675
0.0482646, 0.689777
0.0728519, 0.697497
0.0972541, 0.70445
0.121224, 0.710841
0.144482, 0.716957
0.166858, 0.723074
0.188435, 0.729339
0.209632, 0.735642
0.231014, 0.741651
0.252985, 0.747015
0.275658, 0.751525
0.298921, 0.755145
0.322571, 0.757949
0.346416, 0.760055
0.370306, 0.761586
0.394139, 0.762662
0.417858, 0.763389
0.441447, 0.763853
0.464921, 0.764124
0.488316, 0.764248
0.511684, 0.764248
0.535079, 0.764124
0.558553, 0.763853
0.582142, 0.763389
0.605861, 0.762662
0.629694, 0.761586
0.653584, 0.760055
0.677429, 0.757949
0.701079, 0.755145
0.724342, 0.751525
0.747015, 0.747015
0.768986, 0.741651
0.790368, 0.735642
0.811565, 0.729339
0.833142, 0.723074
0.855518, 0.716957
0.878776, 0.710841
0.902746, 0.70445
0.927148, 0.697497
0.951735, 0.689777
0.0554428, 0.707887
0.0794841, 0.716428
0.103401, 0.724108
0.127014, 0.731107
0.150117, 0.737673
0.172567, 0.744053
0.19435, 0.750434
0.215667, 0.756845
0.23688, 0.76312
0.258349, 0.768986
0.280282, 0.774205
0.302715, 0.778644
0.325559, 0.782288
0.348684, 0.785193
0.371963, 0.787451
0.395301, 0.789158
0.418635, 0.790405
0.441931, 0.791269
0.465182, 0.79181
0.488398, 0.79207
0.511602, 0.79207
0.534818, 0.79181
0.558069, 0.791269
0.581365, 0.790405
0.604699, 0.789158
0.628037, 0.787451
0.651316, 0.785193
0.674441, 0.782288
0.697285, 0.778644
0.719718, 0.774205
0.741651, 0.768986
0.76312, 0.76312
0.784333, 0.756845
0.80565, 0.750434
0.827433, 0.744053
0.849883, 0.737673
0.872986, 0.731107
0.896599, 0.724108
0.920516, 0.716428
0.944557, 0.707887
0.0634176, 0.726006
0.0868692, 0.735386
0.110244, 0.743815
0.133419, 0.75145
0.156247, 0.758502
0.178621, 0.765178
0.2005, 0.771659
0.221949, 0.778051
0.243155, 0.784333
0.264358, 0.790368
0.285766, 0.795971
0.307492, 0.800987
0.329558, 0.805322
0.351915, 0.808956
0.37449, 0.811915
0.397208, 0.814252
0.42001, 0.81603
0.442852, 0.817307
0.465709, 0.81813
0.488569, 0.818532
0.511431, 0.818532
0.534291, 0.81813
0.557148, 0.817307
0.57999, 0.81603
0.602792, 0.814252
0.62551, 0.811915
0.648085, 0.808956
0.670442, 0.805322
0.692508, 0.800987
0.714234, 0.795971
0.735642, 0.790368
0.756845, 0.784333
0.778051, 0.778051
0.7995, 0.771659
0.821379, 0.765178
0.843753, 0.758502
0.866581, 0.75145
0.889756, 0.743815
0.913131, 0.735386
0.936582, 0.726006
0.0722359, 0.744133
0.0950556, 0.75437
0.117833, 0.763571
0.140489, 0.771875
0.162924, 0.779461
0.185062, 0.786496
0.206864, 0.793136
0.228341, 0.7995
0.249566, 0.80565
0.270661, 0.811565
0.291766, 0.817166
0.312997, 0.822343
0.334421, 0.826999
0.35606, 0.831067
0.377899, 0.834513
0.399905, 0.837336
0.422037, 0.839551
0.444257, 0.841181
0.466534, 0.842252
0.488841, 0.842782
0.511159, 0.842782
0.533466, 0.842252
0.555743, 0.841181
0.577963, 0.839551
0.600095, 0.837336
0.622101, 0.834513
0.64394, 0.831067
0.665579, 0.826999
0.687003, 0.822343
0.708234, 0.817166
0.729339, 0.811565
0.750434, 0.80565
0.771659, 0.7995
0.793136, 0.793136
0.814938, 0.786496
0.837076, 0.779461
0.859511, 0.771875
0.882167, 0.763571
0.904944, 0.75437
0.927764, 0.744133
0.0819538, 0.762269
0.104101, 0.773378
0.126228, 0.783373
0.14829, 0.792381
0.17022, 0.800555
0.191968, 0.808032
0.213504, 0.814938
0.234822, 0.821379
0.255947, 0.827433
0.276926, 0.833142
0.29783, 0.838505
0.318729, 0.843488
0.339685, 0.84804
0.360739, 0.852106
0.38191, 0.85564
0.4032, 0.858608
0.424595, 0.860991
0.446077, 0.862781
0.467621, 0.863973
0.489203, 0.864569
0.510797, 0.864569
0.532379, 0.863973
0.553923, 0.862781
0.575405, 0.860991
0.5968, 0.858608
0.61809, 0.85564
0.639261, 0.852106
0.660315, 0.84804
0.681271, 0.843488
0.70217, 0.838505
0.723074, 0.833142
0.744053, 0.827433
0.765178, 0.821379
0.786496, 0.814938
0.808032, 0.808032
0.82978, 0.800555
0.85171, 0.792381
0.873772, 0.783373
0.895899, 0.773378
0.918046, 0.762269
0.0926381, 0.780413
0.114073, 0.792405
0.1355, 0.803215
0.156899, 0.81296
0.178225, 0.821775
0.199445, 0.82978
0.220539, 0.837076
0.241498, 0.843753
0.262327, 0.849883
0.283043, 0.855518
0.303673, 0.860692
0.32425, 0.865418
0.344807, 0.869692
0.365374, 0.873499
0.385972, 0.876814
0.406615, 0.879616
0.427304, 0.881882
0.448038, 0.883597
0.468808, 0.884746
0.4896, 0.885323
0.5104, 0.885323
0.531192, 0.884746
0.551962, 0.883597
0.572696, 0.881882
0.593385, 0.879616
0.614028, 0.876814
0.634626, 0.873499
0.655193, 0.869692
0.67575, 0.865418
0.696327, 0.860692
0.716957, 0.855518
0.737673, 0.849883
0.758502, 0.843753
0.779461, 0.837076
0.800555, 0.82978
0.821775, 0.821775
0.843101, 0.81296
0.8645, 0.803215
0.885927, 0.792405
0.907362, 0.780413
0.10437, 0.798563
0.125053, 0.811447
0.145732, 0.823087
0.166404, 0.833596
0.18704, 0.843101
0.207619, 0.85171
0.228125, 0.859511
0.24855, 0.866581
0.268893, 0.872986
0.289159, 0.878776
0.309355, 0.883993
0.329495, 0.888666
0.349593, 0.892815
0.369661, 0.896449
0.389713, 0.899574
0.409759, 0.902188
0.429805, 0.904288
0.449855, 0.905869
0.46991, 0.906926
0.48997, 0.907455
0.51003, 0.907455
0.53009, 0.906926
0.550145, 0.905869
0.570195, 0.904288
0.590241, 0.902188
0.610287, 0.899574
0.630339, 0.896449
0.650407, 0.892815
0.670505, 0.888666
0.690645, 0.883993
0.710841, 0.878776
0.731107, 0.872986
0.75145, 0.866581
0.771875, 0.859511
0.792381, 0.85171
0.81296, 0.843101
0.833596, 0.833596
0.854268, 0.823087
0.874947, 0.811447
0.89563, 0.798563
0.117249, 0.816718
0.13714, 0.830497
0.157026, 0.842974
0.176913, 0.854268
0.196785, 0.8645
0.216627, 0.873772
0.236429, 0.882167
0.256185, 0.889756
0.275892, 0.896599
0.29555, 0.902746
0.31516, 0.908239
0.334726, 0.913111
0.354252, 0.917392
0.373746, 0.921102
0.393211, 0.924258
0.412654, 0.926873
0.43208, 0.928956
0.451494, 0.930514
0.4709, 0.93155
0.4903, 0.932068
0.5097, 0.932068
0.5291, 0.93155
0.548506, 0.930514
0.56792, 0.928956
0.587346, 0.926873
0.606789, 0.924258
0.626254, 0.921102
0.645748, 0.917392
0.665274, 0.913111
0.68484, 0.908239
0.70445, 0.902746
0.724108, 0.896599
0.743815, 0.889756
0.763571, 0.882167
0.783373, 0.873772
0.803215, 0.8645
0.823087, 0.854268
0.842974, 0.842974
0.86286, 0.830497
0.882751, 0.816718
0.131397, 0.834875
0.150454, 0.849546
0.169503, 0.86286
0.188553, 0.874947
0.207595, 0.885927
0.226622, 0.895899
0.24563, 0.904944
0.264614, 0.913131
0.283572, 0.920516
0.302503, 0.927148
0.321407, 0.933069
0.340285, 0.938312
0.359138, 0.942908
0.377967, 0.946882
0.396777, 0.950253
0.415569, 0.953038
0.434347, 0.955252
0.453113, 0.956903
0.471871, 0.957999
0.490624, 0.958547
0.509376, 0.958547
0.528129, 0.957999
0.546887, 0.956903
0.565653, 0.955252
0.584431, 0.953038
0.603223, 0.950253
0.622033, 0.946882
0.640862, 0.942908
0.659715, 0.938312
0.678593, 0.933069
0.697497, 0.927148
0.716428, 0.920516
0.735386, 0.913131
0.75437, 0.904944
0.773378, 0.895899
0.792405, 0.885927
0.811447, 0.874947
0.830497, 0.86286
0.849546, 0.849546
0.868603, 0.834875
0.146969, 0.853031
0.165125, 0.868603
0.183282, 0.882751
0.201437, 0.89563
0.219587, 0.907362
0.237731, 0.918046
0.255867, 0.927764
0.273994, 0.936582
0.292113, 0.944557
0.310223, 0.951735
0.328325, 0.958157
0.346419, 0.963854
0.364506, 0.968856
0.382586, 0.973185
0.40066, 0.976863
0.418729, 0.979904
0.436794, 0.982322
0.454855, 0.984127
0.472914, 0.985326
0.490972, 0.985924
0.509028, 0.985924
0.527086, 0.985326
0.545145, 0.984127
0.563206, 0.982322
0.581271, 0.979904
0.59934, 0.976863
0.617414, 0.973185
0.635494, 0.968856
0.653581, 0.963854
0.671675, 0.958157
0.689777, 0.951735
0.707887, 0.944557
0.726006, 0.936582
0.744133, 0.927764
0.762269, 0.918046
0.780413, 0.907362
0.798563, 0.89563
0.816718, 0.882751
0.834875, 0.868603
0.853031, 0.853031
