0.146447, 0.146447
0.164124, 0.129612
0.181802, 0.114319
0.19948, 0.100391
0.217157, 0.0876894
0.234835, 0.0761044
0.252513, 0.0655463
0.27019, 0.055942
0.287868, 0.0472307
0.305546, 0.0393619
0.323223, 0.0322928
0.340901, 0.0259879
0.358579, 0.0204168
0.376256, 0.0155544
0.393934, 0.0113795
0.411612, 0.00787451
0.429289, 0.00502525
0.446967, 0.00282045
0.464645, 0.00125157
0.482322, 0.000312598
0.5, 0
0.517678, 0.000312598
0.535355, 0.00125157
0.553033, 0.00282045
0.570711, 0.00502525
0.588388, 0.00787451
0.606066, 0.0113795
0.623744, 0.0155544
0.641421, 0.0204168
0.659099, 0.0259879
0.676777, 0.0322928
0.694454, 0.0393619
0.712132, 0.0472307
0.72981, 0.055942
0.747487, 0.0655463
0.765165, 0.0761044
0.782843, 0.0876894
0.80052, 0.100391
0.818198, 0.114319
0.835876, 0.129612
0.853553, 0.146447
0.129612, 0.164124
0.148326, 0.148326
0.166943, 0.133926
0.185563, 0.120848
0.204179, 0.108957
0.222787, 0.0981422
0.241381, 0.088315
0.25996, 0.0794009
0.278522, 0.0713379
0.297064, 0.0640736
0.315588, 0.0575639
0.334092, 0.051771
0.352578, 0.0466632
0.371046, 0.0422136
0.389499, 0.0383996
0.407938, 0.0352022
0.426366, 0.0326062
0.444783, 0.0305993
0.463193, 0.0291724
0.481598, 0.0283188
0.5, 0.0280346
0.518402, 0.0283188
0.536807, 0.0291724
0.555217, 0.0305993
0.573634, 0.0326062
0.592062, 0.0352022
0.610501, 0.0383996
0.628954, 0.0422136
0.647422, 0.0466632
0.665908, 0.051771
0.684412, 0.0575639
0.702936, 0.0640736
0.721478, 0.0713379
0.74004, 0.0794009
0.758619, 0.088315
0.777213, 0.0981422
0.795821, 0.108957
0.814437, 0.120848
0.833057, 0.133926
0.851674, 0.148326
0.870388, 0.164124
0.114319, 0.181802
0.133926, 0.166943
0.153415, 0.153415
0.172906, 0.14116
0.192392, 0.130052
0.21186, 0.11998
0.231302, 0.110852
0.25071, 0.102593
0.27008, 0.0951385
0.28941, 0.0884338
0.308699, 0.082433
0.327948, 0.0770975
0.347161, 0.0723949
0.36634, 0.0682986
0.385489, 0.0647865
0.404613, 0.0618412
0.423715, 0.0594485
0.442801, 0.0575979
0.461874, 0.0562813
0.480939, 0.0554934
0.5, 0.0552312
0.519061, 0.0554934
0.538126, 0.0562813
0.557199, 0.0575979
0.576285, 0.0594485
0.595387, 0.0618412
0.614511, 0.0647865
0.63366, 0.0682986
0.652839, 0.0723949
0.672052, 0.0770975
0.691301, 0.082433
0.71059, 0.0884338
0.72992, 0.0951385
0.74929, 0.102593
0.768698, 0.110852
0.78814, 0.11998
0.807608, 0.130052
0.827094, 0.14116
0.846585, 0.153415
0.866074, 0.166943
0.885681, 0.181802
0.100391, 0.19948
0.120848, 0.185563
0.14116, 0.172906
0.161476, 0.161476
0.181778, 0.151144
0.202043, 0.141797
0.222256, 0.133337
0.242406, 0.125683
0.262487, 0.118767
0.282499, 0.112532
0.302445, 0.106929
0.322332, 0.101923
0.342168, 0.0974849
0.361962, 0.0935927
0.381723, 0.0902325
0.401461, 0.0873952
0.421182, 0.0850757
0.440893, 0.0832718
0.460598, 0.0819828
0.4803, 0.0812091
0.5, 0.0809512
0.5197, 0.0812091
0.539402, 0.0819828
0.559107, 0.0832718
0.578818, 0.0850757
0.598539, 0.0873952
0.618277, 0.0902325
0.638038, 0.0935927
0.657832, 0.0974849
0.677668, 0.101923
0.697555, 0.106929
0.717501, 0.112532
0.737513, 0.118767
0.757594, 0.125683
0.777744, 0.133337
0.797957, 0.141797
0.818222, 0.151144
0.838524, 0.161476
0.85884, 0.172906
0.879152, 0.185563
0.899609, 0.19948
0.0876894, 0.217157
0.108957, 0.204179
0.130052, 0.192392
0.151144, 0.181778
0.172199, 0.172199
0.193182, 0.163533
0.214068, 0.155673
0.234842, 0.148526
0.255503, 0.142017
0.276055, 0.136083
0.296514, 0.130678
0.316899, 0.125772
0.337233, 0.121348
0.357539, 0.117403
0.37784, 0.113945
0.398149, 0.110984
0.418478, 0.108536
0.438831, 0.106615
0.459206, 0.105233
0.479598, 0.104401
0.5, 0.104122
0.520402, 0.104401
0.540794, 0.105233
0.561169, 0.106615
0.581522, 0.108536
0.601851, 0.110984
0.62216, 0.113945
0.642461, 0.117403
0.662767, 0.121348
0.683101, 0.125772
0.703486, 0.130678
0.723945, 0.136083
0.744497, 0.142017
0.765158, 0.148526
0.785932, 0.155673
0.806818, 0.163533
0.827801, 0.172199
0.848856, 0.181778
0.869948, 0.192392
0.891043, 0.204179
0.912311, 0.217157
0.0761044, 0.234835
0.0981422, 0.222787
0.11998, 0.21186
0.141797, 0.202043
0.163533, 0.193182
0.185136, 0.185136
0.20657, 0.177781
0.227818, 0.171007
0.248884, 0.164724
0.26979, 0.158866
0.290579, 0.1534
0.311302, 0.148322
0.332014, 0.143652
0.352759, 0.139426
0.373571, 0.135685
0.394467, 0.132467
0.415449, 0.129802
0.43651, 0.127711
0.457636, 0.12621
0.478807, 0.125307
0.5, 0.125005
0.521193, 0.125307
0.542364, 0.12621
0.56349, 0.127711
0.584551, 0.129802
0.605533, 0.132467
0.626429, 0.135685
0.647241, 0.139426
0.667986, 0.143652
0.688698, 0.148322
0.709421, 0.1534
0.73021, 0.158866
0.751116, 0.164724
0.772182, 0.171007
0.79343, 0.177781
0.814864, 0.185136
0.836467, 0.193182
0.858203, 0.202043
0.88002, 0.21186
0.901858, 0.222787
0.923896, 0.234835
0.0655463, 0.252513
0.088315, 0.241381
0.110852, 0.231302
0.133337, 0.222256
0.155673, 0.214068
0.177781, 0.20657
0.199611, 0.199611
0.221143, 0.193053
0.242403, 0.1868
0.263461, 0.180807
0.28442, 0.175091
0.305387, 0.169716
0.326452, 0.164763
0.347669, 0.160312
0.36906, 0.156419
0.390619, 0.153122
0.412324, 0.150435
0.434146, 0.148359
0.456052, 0.146887
0.478013, 0.146008
0.5, 0.145717
0.521987, 0.146008
0.543948, 0.146887
0.565854, 0.148359
0.587676, 0.150435
0.609381, 0.153122
0.63094, 0.156419
0.652331, 0.160312
0.673548, 0.164763
0.694613, 0.169716
0.71558, 0.175091
0.736539, 0.180807
0.757597, 0.1868
0.778857, 0.193053
0.800389, 0.199611
0.822219, 0.20657
0.844327, 0.214068
0.866663, 0.222256
0.889148, 0.231302
0.911685, 0.241381
0.934454, 0.252513
0.055942, 0.27019
0.0794009, 0.25996
0.102593, 0.25071
0.125683, 0.242406
0.148526, 0.234842
0.171007, 0.227818
0.193053, 0.221143
0.214661, 0.214661
0.23592, 0.208301
0.257001, 0.2021
0.2781, 0.196177
0.299377, 0.19068
0.32092, 0.185737
0.34275, 0.181429
0.364839, 0.177788
0.387134, 0.174806
0.409578, 0.172451
0.43212, 0.170679
0.454721, 0.169448
0.477353, 0.168724
0.5, 0.168485
0.522647, 0.168724
0.545279, 0.169448
0.56788, 0.170679
0.590422, 0.172451
0.612866, 0.174806
0.635161, 0.177788
0.65725, 0.181429
0.67908, 0.185737
0.700623, 0.19068
0.7219, 0.196177
0.742999, 0.2021
0.76408, 0.208301
0.785339, 0.214661
0.806947, 0.221143
0.828993, 0.227818
0.851474, 0.234842
0.874317, 0.242406
0.897407, 0.25071
0.920599, 0.25996
0.944058, 0.27019
0.0472307, 0.287868
0.0713379, 0.278522
0.0951385, 0.27008
0.118767, 0.262487
0.142017, 0.255503
0.164724, 0.248884
0.1868, 0.242403
0.208301, 0.23592
0.229456, 0.229456
0.250584, 0.223184
0.271963, 0.217335
0.29375, 0.212109
0.315972, 0.207623
0.338565, 0.203901
0.361423, 0.200904
0.384445, 0.198558
0.407547, 0.196778
0.430674, 0.195485
0.453797, 0.194612
0.476904, 0.194109
0.5, 0.193945
0.523096, 0.194109
0.546203, 0.194612
0.569326, 0.195485
0.592453, 0.196778
0.615555, 0.198558
0.638577, 0.200904
0.661435, 0.203901
0.684028, 0.207623
0.70625, 0.212109
0.728037, 0.217335
0.749416, 0.223184
0.770544, 0.229456
0.791699, 0.23592
0.8132, 0.242403
0.835276, 0.248884
0.857983, 0.255503
0.881233, 0.262487
0.904861, 0.27008
0.928662, 0.278522
0.952769, 0.287868
0.0393619, 0.305546
0.0640736, 0.297064
0.0884338, 0.28941
0.112532, 0.282499
0.136083, 0.276055
0.158866, 0.26979
0.180807, 0.263461
0.2021, 0.257001
0.223184, 0.250584
0.244525, 0.244525
0.266422, 0.239125
0.288949, 0.234563
0.312002, 0.230873
0.335411, 0.227989
0.359007, 0.225801
0.382659, 0.22419
0.40628, 0.223042
0.429825, 0.222259
0.45328, 0.221759
0.476661, 0.221483
0.5, 0.221396
0.523339, 0.221483
0.54672, 0.221759
0.570175, 0.222259
0.59372, 0.223042
0.617341, 0.22419
0.640993, 0.225801
0.664589, 0.227989
0.687998, 0.230873
0.711051, 0.234563
0.733578, 0.239125
0.755475, 0.244525
0.776816, 0.250584
0.7979, 0.257001
0.819193, 0.263461
0.841134, 0.26979
0.863917, 0.276055
0.887468, 0.282499
0.911566, 0.28941
0.935926, 0.297064
0.960638, 0.305546
0.0322928, 0.323223
0.0575639, 0.315588
0.082433, 0.308699
0.106929, 0.302445
0.130678, 0.296514
0.1534, 0.290579
0.175091, 0.28442
0.196177, 0.2781
0.217335, 0.271963
0.239125, 0.266422
0.26177, 0.26177
0.285175, 0.258087
0.309095, 0.255306
0.333278, 0.253295
0.357521, 0.251906
0.381683, 0.250998
0.405682, 0.250443
0.429487, 0.250129
0.453109, 0.249967
0.476592, 0.249896
0.5, 0.249876
0.523408, 0.249896
0.546891, 0.249967
0.570513, 0.250129
0.594318, 0.250443
0.618317, 0.250998
0.642479, 0.251906
0.666722, 0.253295
0.690905, 0.255306
0.714825, 0.258087
0.73823, 0.26177
0.760875, 0.266422
0.782665, 0.271963
0.803823, 0.2781
0.824909, 0.28442
0.8466, 0.290579
0.869322, 0.296514
0.893071, 0.302445
0.917567, 0.308699
0.942436, 0.315588
0.967707, 0.323223
0.0259879, 0.340901
0.051771, 0.334092
0.0770975, 0.327948
0.101923, 0.322332
0.125772, 0.316899
0.148322, 0.311302
0.169716, 0.305387
0.19068, 0.299377
0.212109, 0.29375
0.234563, 0.288949
0.258087, 0.285175
0.282398, 0.282398
0.307144, 0.280485
0.332022, 0.27927
0.356811, 0.278591
0.381366, 0.278289
0.405612, 0.278224
0.429541, 0.278279
0.453194, 0.278369
0.476649, 0.278441
0.5, 0.278467
0.523351, 0.278441
0.546806, 0.278369
0.570459, 0.278279
0.594388, 0.278224
0.618634, 0.278289
0.643189, 0.278591
0.667978, 0.27927
0.692856, 0.280485
0.717602, 0.282398
0.741913, 0.285175
0.765437, 0.288949
0.787891, 0.29375
0.80932, 0.299377
0.830284, 0.305387
0.851678, 0.311302
0.874228, 0.316899
0.898077, 0.322332
0.922903, 0.327948
0.948229, 0.334092
0.974012, 0.340901
0.0204168, 0.358579
0.0466632, 0.352578
0.0723949, 0.347161
0.0974849, 0.342168
0.121348, 0.337233
0.143652, 0.332014
0.164763, 0.326452
0.185737, 0.32092
0.207623, 0.315972
0.230873, 0.312002
0.255306, 0.309095
0.280485, 0.307144
0.305984, 0.305984
0.331468, 0.305438
0.356696, 0.305323
0.381517, 0.305464
0.405878, 0.305706
0.429807, 0.305936
0.453392, 0.306098
0.47675, 0.306182
0.5, 0.306207
0.52325, 0.306182
0.546608, 0.306098
0.570193, 0.305936
0.594122, 0.305706
0.618483, 0.305464
0.643304, 0.305323
0.668532, 0.305438
0.694016, 0.305984
0.719515, 0.307144
0.744694, 0.309095
0.769127, 0.312002
0.792377, 0.315972
0.814263, 0.32092
0.835237, 0.326452
0.856348, 0.332014
0.878652, 0.337233
0.902515, 0.342168
0.927605, 0.347161
0.953337, 0.352578
0.979583, 0.358579
0.0155544, 0.376256
0.0422136, 0.371046
0.0682986, 0.36634
0.0935927, 0.361962
0.117403, 0.357539
0.139426, 0.352759
0.160312, 0.347669
0.181429, 0.34275
0.203901, 0.338565
0.227989, 0.335411
0.253295, 0.333278
0.27927, 0.332022
0.305438, 0.331468
0.331422, 0.331422
0.356955, 0.331674
0.381886, 0.332014
0.406196, 0.332263
0.429988, 0.332325
0.453445, 0.332219
0.476745, 0.332061
0.5, 0.331988
0.523255, 0.332061
0.546555, 0.332219
0.570012, 0.332325
0.593804, 0.332263
0.618114, 0.332014
0.643045, 0.331674
0.668578, 0.331422
0.694562, 0.331468
0.72073, 0.332022
0.746705, 0.333278
0.772011, 0.335411
0.796099, 0.338565
0.818571, 0.34275
0.839688, 0.347669
0.860574, 0.352759
0.882597, 0.357539
0.906407, 0.361962
0.931701, 0.36634
0.957786, 0.371046
0.984446, 0.376256
0.0113795, 0.393934
0.0383996, 0.389499
0.0647865, 0.385489
0.0902325, 0.381723
0.113945, 0.37784
0.135685, 0.373571
0.156419, 0.36906
0.177788, 0.364839
0.200904, 0.361423
0.225801, 0.359007
0.251906, 0.357521
0.278591, 0.356811
0.305323, 0.356696
0.331674, 0.356955
0.357332, 0.357332
0.382139, 0.357548
0.406147, 0.357378
0.429626, 0.356769
0.45295, 0.355911
0.476397, 0.355167
0.5, 0.354874
0.523603, 0.355167
0.54705, 0.355911
0.570374, 0.356769
0.593853, 0.357378
0.617861, 0.357548
0.642668, 0.357332
0.668326, 0.356955
0.694677, 0.356696
0.721409, 0.356811
0.748094, 0.357521
0.774199, 0.359007
0.799096, 0.361423
0.822212, 0.364839
0.843581, 0.36906
0.864315, 0.373571
0.886055, 0.37784
0.909767, 0.381723
0.935213, 0.385489
0.9616, 0.389499
0.988621, 0.393934
0.00787451, 0.411612
0.0352022, 0.407938
0.0618412, 0.404613
0.0873952, 0.401461
0.110984, 0.398149
0.132467, 0.394467
0.153122, 0.390619
0.174806, 0.387134
0.198558, 0.384445
0.22419, 0.382659
0.250998, 0.381683
0.278289, 0.381366
0.305464, 0.381517
0.332014, 0.381886
0.357548, 0.382139
0.381894, 0.381894
0.40526, 0.380885
0.428256, 0.379202
0.451574, 0.377326
0.475544, 0.375884
0.5, 0.375347
0.524456, 0.375884
0.548426, 0.377326
0.571744, 0.379202
0.59474, 0.380885
0.618106, 0.381894
0.642452, 0.382139
0.667986, 0.381886
0.694536, 0.381517
0.721711, 0.381366
0.749002, 0.381683
0.77581, 0.382659
0.801442, 0.384445
0.825194, 0.387134
0.846878, 0.390619
0.867533, 0.394467
0.889016, 0.398149
0.912605, 0.401461
0.938159, 0.404613
0.964798, 0.407938
0.992125, 0.411612
0.00502525, 0.429289
0.0326062, 0.426366
0.0594485, 0.423715
0.0850757, 0.421182
0.108536, 0.418478
0.129802, 0.415449
0.150435, 0.412324
0.172451, 0.409578
0.196778, 0.407547
0.223042, 0.40628
0.250443, 0.405682
0.278224, 0.405612
0.305706, 0.405878
0.332263, 0.406196
0.357378, 0.406147
0.380885, 0.40526
0.403333, 0.403333
0.425863, 0.40072
0.449445, 0.398149
0.474314, 0.396325
0.5, 0.395675
0.525686, 0.396325
0.550555, 0.398149
0.574137, 0.40072
0.596667, 0.403333
0.619115, 0.40526
0.642622, 0.406147
0.667737, 0.406196
0.694294, 0.405878
0.721776, 0.405612
0.749557, 0.405682
0.776958, 0.40628
0.803222, 0.407547
0.827549, 0.409578
0.849565, 0.412324
0.870198, 0.415449
0.891464, 0.418478
0.914924, 0.421182
0.940551, 0.423715
0.967394, 0.426366
0.994975, 0.429289
0.00282045, 0.446967
0.0305993, 0.444783
0.0575979, 0.442801
0.0832718, 0.440893
0.106615, 0.438831
0.127711, 0.43651
0.148359, 0.434146
0.170679, 0.43212
0.195485, 0.430674
0.222259, 0.429825
0.250129, 0.429487
0.278279, 0.429541
0.305936, 0.429807
0.332325, 0.429988
0.356769, 0.429626
0.379202, 0.428256
0.40072, 0.425863
0.422999, 0.422999
0.447122, 0.420447
0.473053, 0.418776
0.5, 0.418206
0.526947, 0.418776
0.552878, 0.420447
0.577001, 0.422999
0.59928, 0.425863
0.620798, 0.428256
0.643231, 0.429626
0.667675, 0.429988
0.694064, 0.429807
0.721721, 0.429541
0.749871, 0.429487
0.777741, 0.429825
0.804515, 0.430674
0.829321, 0.43212
0.851641, 0.434146
0.872289, 0.43651
0.893385, 0.438831
0.916728, 0.440893
0.942402, 0.442801
0.969401, 0.444783
0.99718, 0.446967
0.00125157, 0.464645
0.0291724, 0.463193
0.0562813, 0.461874
0.0819828, 0.460598
0.105233, 0.459206
0.12621, 0.457636
0.146887, 0.456052
0.169448, 0.454721
0.194612, 0.453797
0.221759, 0.45328
0.249967, 0.453109
0.278369, 0.453194
0.306098, 0.453392
0.332219, 0.453445
0.355911, 0.45295
0.377326, 0.451574
0.398149, 0.449445
0.420447, 0.447122
0.445226, 0.445226
0.472082, 0.444065
0.5, 0.44368
0.527918, 0.444065
0.554774, 0.445226
0.579553, 0.447122
0.601851, 0.449445
0.622674, 0.451574
0.644089, 0.45295
0.667781, 0.453445
0.693902, 0.453392
0.721631, 0.453194
0.750033, 0.453109
0.778241, 0.45328
0.805388, 0.453797
0.830552, 0.454721
0.853113, 0.456052
0.87379, 0.457636
0.894767, 0.459206
0.918017, 0.460598
0.943719, 0.461874
0.970828, 0.463193
0.998748, 0.464645
0.000312598, 0.482322
0.0283188, 0.481598
0.0554934, 0.480939
0.0812091, 0.4803
0.104401, 0.479598
0.125307, 0.478807
0.146008, 0.478013
0.168724, 0.477353
0.194109, 0.476904
0.221483, 0.476661
0.249896, 0.476592
0.278441, 0.476649
0.306182, 0.47675
0.332061, 0.476745
0.355167, 0.476397
0.375884, 0.475544
0.396325, 0.474314
0.418776, 0.473053
0.444065, 0.472082
0.471506, 0.471506
0.5, 0.471318
0.528494, 0.471506
0.555935, 0.472082
0.581224, 0.473053
0.603675, 0.474314
0.624116, 0.475544
0.644833, 0.476397
0.667939, 0.476745
0.693818, 0.47675
0.721559, 0.476649
0.750104, 0.476592
0.778517, 0.476661
0.805891, 0.476904
0.831276, 0.477353
0.853992, 0.478013
0.874693, 0.478807
0.895599, 0.479598
0.918791, 0.4803
0.944507, 0.480939
0.971681, 0.481598
0.999687, 0.482322
0, 0.5
0.0280346, 0.5
0.0552312, 0.5
0.0809512, 0.5
0.104122, 0.5
0.125005, 0.5
0.145717, 0.5
0.168485, 0.5
0.193945, 0.5
0.221396, 0.5
0.249876, 0.5
0.278467, 0.5
0.306207, 0.5
0.331988, 0.5
0.354874, 0.5
0.375347, 0.5
0.395675, 0.5
0.418206, 0.5
0.44368, 0.5
0.471318, 0.5
0.5, 0.5
0.528682, 0.5
0.55632, 0.5
0.581794, 0.5
0.604325, 0.5
0.624653, 0.5
0.645126, 0.5
0.668012, 0.5
0.693793, 0.5
0.721533, 0.5
0.750124, 0.5
0.778604, 0.5
0.806055, 0.5
0.831515, 0.5
0.854283, 0.5
0.874995, 0.5
0.895878, 0.5
0.919049, 0.5
0.944769, 0.5
0.971965, 0.5
1, 0.5
0.000312598, 0.517678
0.0283188, 0.518402
0.0554934, 0.519061
0.0812091, 0.5197
0.104401, 0.520402
0.125307, 0.521193
0.146008, 0.521987
0.168724, 0.522647
0.194109, 0.523096
0.221483, 0.523339
0.249896, 0.523408
0.278441, 0.523351
0.306182, 0.52325
0.332061, 0.523255
0.355167, 0.523603
0.375884, 0.524456
0.396325, 0.525686
0.418776, 0.526947
0.444065, 0.527918
0.471506, 0.528494
0.5, 0.528682
0.528494, 0.528494
0.555935, 0.527918
0.581224, 0.526947
0.603675, 0.525686
0.624116, 0.524456
0.644833, 0.523603
0.667939, 0.523255
0.693818, 0.52325
0.721559, 0.523351
0.750104, 0.523408
0.778517, 0.523339
0.805891, 0.523096
0.831276, 0.522647
0.853992, 0.521987
0.874693, 0.521193
0.895599, 0.520402
0.918791, 0.5197
0.944507, 0.519061
0.971681, 0.518402
0.999687, 0.517678
0.00125157, 0.535355
0.0291724, 0.536807
0.0562813, 0.538126
0.0819828, 0.539402
0.105233, 0.540794
0.12621, 0.542364
0.146887, 0.543948
0.169448, 0.545279
0.194612, 0.546203
0.221759, 0.54672
0.249967, 0.546891
0.278369, 0.546806
0.306098, 0.546608
0.332219, 0.546555
0.355911, 0.54705
0.377326, 0.548426
0.398149, 0.550555
0.420447, 0.552878
0.445226, 0.554774
0.472082, 0.555935
0.5, 0.55632
0.527918, 0.555935
0.554774, 0.554774
0.579553, 0.552878
0.601851, 0.550555
0.622674, 0.548426
0.644089, 0.54705
0.667781, 0.546555
0.693902, 0.546608
0.721631, 0.546806
0.750033, 0.546891
0.778241, 0.54672
0.805388, 0.546203
0.830552, 0.545279
0.853113, 0.543948
0.87379, 0.542364
0.894767, 0.540794
0.918017, 0.539402
0.943719, 0.538126
0.970828, 0.536807
0.998748, 0.535355
0.00282045, 0.553033
0.0305993, 0.555217
0.0575979, 0.557199
0.0832718, 0.559107
0.106615, 0.561169
0.127711, 0.56349
0.148359, 0.565854
0.170679, 0.56788
0.195485, 0.569326
0.222259, 0.570175
0.250129, 0.570513
0.278279, 0.570459
0.305936, 0.570193
0.332325, 0.570012
0.356769, 0.570374
0.379202, 0.571744
0.40072, 0.574137
0.422999, 0.577001
0.447122, 0.579553
0.473053, 0.581224
0.5, 0.581794
0.526947, 0.581224
0.552878, 0.579553
0.577001, 0.577001
0.59928, 0.574137
0.620798, 0.571744
0.643231, 0.570374
0.667675, 0.570012
0.694064, 0.570193
0.721721, 0.570459
0.749871, 0.570513
0.777741, 0.570175
0.804515, 0.569326
0.829321, 0.56788
0.851641, 0.565854
0.872289, 0.56349
0.893385, 0.561169
0.916728, 0.559107
0.942402, 0.557199
0.969401, 0.555217
0.99718, 0.553033
0.00502525, 0.570711
0.0326062, 0.573634
0.0594485, 0.576285
0.0850757, 0.578818
0.108536, 0.581522
0.129802, 0.584551
0.150435, 0.587676
0.172451, 0.590422
0.196778, 0.592453
0.223042, 0.59372
0.250443, 0.594318
0.278224, 0.594388
0.305706, 0.594122
0.332263, 0.593804
0.357378, 0.593853
0.380885, 0.59474
0.403333, 0.596667
0.425863, 0.59928
0.449445, 0.601851
0.474314, 0.603675
0.5, 0.604325
0.525686, 0.603675
0.550555, 0.601851
0.574137, 0.59928
0.596667, 0.596667
0.619115, 0.59474
0.642622, 0.593853
0.667737, 0.593804
0.694294, 0.594122
0.721776, 0.594388
0.749557, 0.594318
0.776958, 0.59372
0.803222, 0.592453
0.827549, 0.590422
0.849565, 0.587676
0.870198, 0.584551
0.891464, 0.581522
0.914924, 0.578818
0.940551, 0.576285
0.967394, 0.573634
0.994975, 0.570711
0.00787451, 0.588388
0.0352022, 0.592062
0.0618412, 0.595387
0.0873952, 0.598539
0.110984, 0.601851
0.132467, 0.605533
0.153122, 0.609381
0.174806, 0.612866
0.198558, 0.615555
0.22419, 0.617341
0.250998, 0.618317
0.278289, 0.618634
0.305464, 0.618483
0.332014, 0.618114
0.357548, 0.617861
0.381894, 0.618106
0.40526, 0.619115
0.428256, 0.620798
0.451574, 0.622674
0.475544, 0.624116
0.5, 0.624653
0.524456, 0.624116
0.548426, 0.622674
0.571744, 0.620798
0.59474, 0.619115
0.618106, 0.618106
0.642452, 0.617861
0.667986, 0.618114
0.694536, 0.618483
0.721711, 0.618634
0.749002, 0.618317
0.77581, 0.617341
0.801442, 0.615555
0.825194, 0.612866
0.846878, 0.609381
0.867533, 0.605533
0.889016, 0.601851
0.912605, 0.598539
0.938159, 0.595387
0.964798, 0.592062
0.992125, 0.588388
0.0113795, 0.606066
0.0383996, 0.610501
0.0647865, 0.614511
0.0902325, 0.618277
0.113945, 0.62216
0.135685, 0.626429
0.156419, 0.63094
0.177788, 0.635161
0.200904, 0.638577
0.225801, 0.640993
0.251906, 0.642479
0.278591, 0.643189
0.305323, 0.643304
0.331674, 0.643045
0.357332, 0.642668
0.382139, 0.642452
0.406147, 0.642622
0.429626, 0.643231
0.45295, 0.644089
0.476397, 0.644833
0.5, 0.645126
0.523603, 0.644833
0.54705, 0.644089
0.570374, 0.643231
0.593853, 0.642622
0.617861, 0.642452
0.642668, 0.642668
0.668326, 0.643045
0.694677, 0.643304
0.721409, 0.643189
0.748094, 0.642479
0.774199, 0.640993
0.799096, 0.638577
0.822212, 0.635161
0.843581, 0.63094
0.864315, 0.626429
0.886055, 0.62216
0.909767, 0.618277
0.935213, 0.614511
0.9616, 0.610501
0.988621, 0.606066
0.0155544, 0.623744
0.0422136, 0.628954
0.0682986, 0.63366
0.0935927, 0.638038
0.117403, 0.642461
0.139426, 0.647241
0.160312, 0.652331
0.181429, 0.65725
0.203901, 0.661435
0.227989, 0.664589
0.253295, 0.666722
0.27927, 0.667978
0.305438, 0.668532
0.331422, 0.668578
0.356955, 0.668326
0.381886, 0.667986
0.406196, 0.667737
0.429988, 0.667675
0.453445, 0.667781
0.476745, 0.667939
0.5, 0.668012
0.523255, 0.667939
0.546555, 0.667781
0.570012, 0.667675
0.593804, 0.667737
0.618114, 0.667986
0.643045, 0.668326
0.668578, 0.668578
0.694562, 0.668532
0.72073, 0.667978
0.746705, 0.666722
0.772011, 0.664589
0.796099, 0.661435
0.818571, 0.65725
0.839688, 0.652331
0.860574, 0.647241
0.882597, 0.642461
0.906407, 0.638038
0.931701, 0.63366
0.957786, 0.628954
0.984446, 0.623744
0.0204168, 0.641421
0.0466632, 0.647422
0.0723949, 0.652839
0.0974849, 0.657832
0.121348, 0.662767
0.143652, 0.667986
0.164763, 0.673548
0.185737, 0.67908
0.207623, 0.684028
0.230873, 0.687998
0.255306, 0.690905
0.280485, 0.692856
0.305984, 0.694016
0.331468, 0.694562
0.356696, 0.694677
0.381517, 0.694536
0.405878, 0.694294
0.429807, 0.694064
0.453392, 0.693902
0.47675, 0.693818
0.5, 0.693793
0.52325, 0.693818
0.546608, 0.693902
0.570193, 0.694064
0.594122, 0.694294
0.618483, 0.694536
0.643304, 0.694677
0.668532, 0.694562
0.694016, 0.694016
0.719515, 0.692856
0.744694, 0.690905
0.769127, 0.687998
0.792377, 0.684028
0.814263, 0.67908
0.835237, 0.673548
0.856348, 0.667986
0.878652, 0.662767
0.902515, 0.657832
0.927605, 0.652839
0.953337, 0.647422
0.979583, 0.641421
0.0259879, 0.659099
0.051771, 0.665908
0.0770975, 0.672052
0.101923, 0.677668
0.125772, 0.683101
0.148322, 0.688698
0.169716, 0.694613
0.19068, 0.700623
0.212109, 0.70625
0.234563, 0.711051
0.258087, 0.714825
0.282398, 0.717602
0.307144, 0.719515
0.332022, 0.72073
0.356811, 0.721409
0.381366, 0.721711
0.405612, 0.721776
0.429541, 0.721721
0.453194, 0.721631
0.476649, 0.721559
0.5, 0.721533
0.523351, 0.721559
0.546806, 0.721631
0.570459, 0.721721
0.594388, 0.721776
0.618634, 0.721711
0.643189, 0.721409
0.667978, 0.72073
0.692856, 0.719515
0.717602, 0.717602
0.741913, 0.714825
0.765437, 0.711051
0.787891, 0.70625
0.80932, 0.700623
0.830284, 0.694613
0.851678, 0.688698
0.874228, 0.683101
0.898077, 0.677668
0.922903, 0.672052
0.948229, 0.665908
0.974012, 0.659099
0.0322928, 0.676777
0.0575639, 0.684412
0.082433, 0.691301
0.106929, 0.697555
0.130678, 0.703486
0.1534, 0.709421
0.175091, 0.71558
0.196177, 0.7219
0.217335, 0.728037
0.239125, 0.733578
0.26177, 0.73823
0.285175, 0.741913
0.309095, 0.744694
0.333278, 0.746705
0.357521, 0.748094
0.381683, 0.749002
0.405682, 0.749557
0.429487, 0.749871
0.453109, 0.750033
0.476592, 0.750104
0.5, 0.750124
0.523408, 0.750104
0.546891, 0.750033
0.570513, 0.749871
0.594318, 0.749557
0.618317, 0.749002
0.642479, 0.748094
0.666722, 0.746705
0.690905, 0.744694
0.714825, 0.741913
0.73823, 0.73823
0.760875, 0.733578
0.782665, 0.728037
0.803823, 0.7219
0.824909, 0.71558
0.8466, 0.709421
0.869322, 0.703486
0.893071, 0.697555
0.917567, 0.691301
0.942436, 0.684412
0.967707, 0.676777
0.0393619, 0.694454
0.0640736, 0.702936
0.0884338, 0.71059
0.112532, 0.717501
0.136083, 0.723945
0.158866, 0.73021
0.180807, 0.736539
0.2021, 0.742999
0.223184, 0.749416
0.244525, 0.755475
0.266422, 0.760875
0.288949, 0.765437
0.312002, 0.769127
0.335411, 0.772011
0.359007, 0.774199
0.382659, 0.77581
0.40628, 0.776958
0.429825, 0.777741
0.45328, 0.778241
0.476661, 0.778517
0.5, 0.778604
0.523339, 0.778517
0.54672, 0.778241
0.570175, 0.777741
0.59372, 0.776958
0.617341, 0.77581
0.640993, 0.774199
0.664589, 0.772011
0.687998, 0.769127
0.711051, 0.765437
0.733578, 0.760875
0.755475, 0.755475
0.776816, 0.749416
0.7979, 0.742999
0.819193, 0.736539
0.841134, 0.73021
0.863917, 0.723945
0.887468, 0.717501
0.911566, 0.71059
0.935926, 0.702936
0.960638, 0.694454
0.0472307, 0.712132
0.0713379, 0.721478
0.0951385, 0.72992
0.118767, 0.737513
0.142017, 0.744497
0.164724, 0.751116
0.1868, 0.757597
0.208301, 0.76408
0.229456, 0.770544
0.250584, 0.776816
0.271963, 0.782665
0.29375, 0.787891
0.315972, 0.792377
0.338565, 0.796099
0.361423, 0.799096
0.384445, 0.801442
0.407547, 0.803222
0.430674, 0.804515
0.453797, 0.805388
0.476904, 0.805891
0.5, 0.806055
0.523096, 0.805891
0.546203, 0.805388
0.569326, 0.804515
0.592453, 0.803222
0.615555, 0.801442
0.638577, 0.799096
0.661435, 0.796099
0.684028, 0.792377
0.70625, 0.787891
0.728037, 0.782665
0.749416, 0.776816
0.770544, 0.770544
0.791699, 0.76408
0.8132, 0.757597
0.835276, 0.751116
0.857983, 0.744497
0.881233, 0.737513
0.904861, 0.72992
0.928662, 0.721478
0.952769, 0.712132
0.055942, 0.72981
0.0794009, 0.74004
0.102593, 0.74929
0.125683, 0.757594
0.148526, 0.765158
0.171007, 0.772182
0.193053, 0.778857
0.214661, 0.785339
0.23592, 0.791699
0.257001, 0.7979
0.2781, 0.803823
0.299377, 0.80932
0.32092, 0.814263
0.34275, 0.818571
0.364839, 0.822212
0.387134, 0.825194
0.409578, 0.827549
0.43212, 0.829321
0.454721, 0.830552
0.477353, 0.831276
0.5, 0.831515
0.522647, 0.831276
0.545279, 0.830552
0.56788, 0.829321
0.590422, 0.827549
0.612866, 0.825194
0.635161, 0.822212
0.65725, 0.818571
0.67908, 0.814263
0.700623, 0.80932
0.7219, 0.803823
0.742999, 0.7979
0.76408, 0.791699
0.785339, 0.785339
0.806947, 0.778857
0.828993, 0.772182
0.851474, 0.765158
0.874317, 0.757594
0.897407, 0.74929
0.920599, 0.74004
0.944058, 0.72981
0.0655463, 0.747487
0.088315, 0.758619
0.110852, 0.768698
0.133337, 0.777744
0.155673, 0.785932
0.177781, 0.79343
0.199611, 0.800389
0.221143, 0.806947
0.242403, 0.8132
0.263461, 0.819193
0.28442, 0.824909
0.305387, 0.830284
0.326452, 0.835237
0.347669, 0.839688
0.36906, 0.843581
0.390619, 0.846878
0.412324, 0.849565
0.434146, 0.851641
0.456052, 0.853113
0.478013, 0.853992
0.5, 0.854283
0.521987, 0.853992
0.543948, 0.853113
0.565854, 0.851641
0.587676, 0.849565
0.609381, 0.846878
0.63094, 0.843581
0.652331, 0.839688
0.673548, 0.835237
0.694613, 0.830284
0.71558, 0.824909
0.736539, 0.819193
0.757597, 0.8132
0.778857, 0.806947
0.800389, 0.800389
0.822219, 0.79343
0.844327, 0.785932
0.866663, 0.777744
0.889148, 0.768698
0.911685, 0.758619
0.934454, 0.747487
0.0761044, 0.765165
0.0981422, 0.777213
0.11998, 0.78814
0.141797, 0.797957
0.163533, 0.806818
0.185136, 0.814864
0.20657, 0.822219
0.227818, 0.828993
0.248884, 0.835276
0.26979, 0.841134
0.290579, 0.8466
0.311302, 0.851678
0.332014, 0.856348
0.352759, 0.860574
0.373571, 0.864315
0.394467, 0.867533
0.415449, 0.870198
0.43651, 0.872289
0.457636, 0.87379
0.478807, 0.874693
0.5, 0.874995
0.521193, 0.874693
0.542364, 0.87379
0.56349, 0.872289
0.584551, 0.870198
0.605533, 0.867533
0.626429, 0.864315
0.647241, 0.860574
0.667986, 0.856348
0.688698, 0.851678
0.709421, 0.8466
0.73021, 0.841134
0.751116, 0.835276
0.772182, 0.828993
0.79343, 0.822219
0.814864, 0.814864
0.836467, 0.806818
0.858203, 0.797957
0.88002, 0.78814
0.901858, 0.777213
0.923896, 0.765165
0.0876894, 0.782843
0.108957, 0.795821
0.130052, 0.807608
0.151144, 0.818222
0.172199, 0.827801
0.193182, 0.836467
0.214068, 0.844327
0.234842, 0.851474
0.255503, 0.857983
0.276055, 0.863917
0.296514, 0.869322
0.316899, 0.874228
0.337233, 0.878652
0.357539, 0.882597
0.37784, 0.886055
0.398149, 0.889016
0.418478, 0.891464
0.438831, 0.893385
0.459206, 0.894767
0.479598, 0.895599
0.5, 0.895878
0.520402, 0.895599
0.540794, 0.894767
0.561169, 0.893385
0.581522, 0.891464
0.601851, 0.889016
0.62216, 0.886055
0.642461, 0.882597
0.662767, 0.878652
0.683101, 0.874228
0.703486, 0.869322
0.723945, 0.863917
0.744497, 0.857983
0.765158, 0.851474
0.785932, 0.844327
0.806818, 0.836467
0.827801, 0.827801
0.848856, 0.818222
0.869948, 0.807608
0.891043, 0.795821
0.912311, 0.782843
0.100391, 0.80052
0.120848, 0.814437
0.14116, 0.827094
0.161476, 0.838524
0.181778, 0.848856
0.202043, 0.858203
0.222256, 0.866663
0.242406, 0.874317
0.262487, 0.881233
0.282499, 0.887468
0.302445, 0.893071
0.322332, 0.898077
0.342168, 0.902515
0.361962, 0.906407
0.381723, 0.909767
0.401461, 0.912605
0.421182, 0.914924
0.440893, 0.916728
0.460598, 0.918017
0.4803, 0.918791
0.5, 0.919049
0.5197, 0.918791
0.539402, 0.918017
0.559107, 0.916728
0.578818, 0.914924
0.598539, 0.912605
0.618277, 0.909767
0.638038, 0.906407
0.657832, 0.902515
0.677668, 0.898077
0.697555, 0.893071
0.717501, 0.887468
0.737513, 0.881233
0.757594, 0.874317
0.777744, 0.866663
0.797957, 0.858203
0.818222, 0.848856
0.838524, 0.838524
0.85884, 0.827094
0.879152, 0.814437
0.899609, 0.80052
0.114319, 0.818198
0.133926, 0.833057
0.153415, 0.846585
0.172906, 0.85884
0.192392, 0.869948
0.21186, 0.88002
0.231302, 0.889148
0.25071, 0.897407
0.27008, 0.904861
0.28941, 0.911566
0.308699, 0.917567
0.327948, 0.922903
0.347161, 0.927605
0.36634, 0.931701
0.385489, 0.935213
0.404613, 0.938159
0.423715, 0.940551
0.442801, 0.942402
0.461874, 0.943719
0.480939, 0.944507
0.5, 0.944769
0.519061, 0.944507
0.538126, 0.943719
0.557199, 0.942402
0.576285, 0.940551
0.595387, 0.938159
0.614511, 0.935213
0.63366, 0.931701
0.652839, 0.927605
0.672052, 0.922903
0.691301, 0.917567
0.71059, 0.911566
0.72992, 0.904861
0.74929, 0.897407
0.768698, 0.889148
0.78814, 0.88002
0.807608, 0.869948
0.827094, 0.85884
0.846585, 0.846585
0.866074, 0.833057
0.885681, 0.818198
0.129612, 0.835876
0.148326, 0.851674
0.166943, 0.866074
0.185563, 0.879152
0.204179, 0.891043
0.222787, 0.901858
0.241381, 0.911685
0.25996, 0.920599
0.278522, 0.928662
0.297064, 0.935926
0.315588, 0.942436
0.334092, 0.948229
0.352578, 0.953337
0.371046, 0.957786
0.389499, 0.9616
0.407938, 0.964798
0.426366, 0.967394
0.444783, 0.969401
0.463193, 0.970828
0.481598, 0.971681
0.5, 0.971965
0.518402, 0.971681
0.536807, 0.970828
0.555217, 0.969401
0.573634, 0.967394
0.592062, 0.964798
0.610501, 0.9616
0.628954, 0.957786
0.647422, 0.953337
0.665908, 0.948229
0.684412, 0.942436
0.702936, 0.935926
0.721478, 0.928662
0.74004, 0.920599
0.758619, 0.911685
0.777213, 0.901858
0.795821, 0.891043
0.814437, 0.879152
0.833057, 0.866074
0.851674, 0.851674
0.870388, 0.835876
0.146447, 0.853553
0.164124, 0.870388
0.181802, 0.885681
0.19948, 0.899609
0.217157, 0.912311
0.234835, 0.923896
0.252513, 0.934454
0.27019, 0.944058
0.287868, 0.952769
0.305546, 0.960638
0.323223, 0.967707
0.340901, 0.974012
0.358579, 0.979583
0.376256, 0.984446
0.393934, 0.988621
0.411612, 0.992125
0.429289, 0.994975
0.446967, 0.99718
0.464645, 0.998748
0.482322, 0.999687
0.5, 1
0.517678, 0.999687
0.535355, 0.998748
0.553033, 0.99718
0.570711, 0.994975
0.588388, 0.992125
0.606066, 0.988621
0.623744, 0.984446
0.641421, 0.979583
0.659099, 0.974012
0.676777, 0.967707
0.694454, 0.960638
0.712132, 0.952769
0.72981, 0.944058
0.747487, 0.934454
0.765165, 0.923896
0.782843, 0.912311
0.80052, 0.899609
0.818198, 0.885681
0.835876, 0.870388
0.853553, 0.853553
0.146978, 0.146978
0.165137, 0.131411
0.183298, 0.117269
0.201455, 0.104396
0.219608, 0.0926697
0.237753, 0.0819914
0.25589, 0.0722795
0.274018, 0.0634671
0.292137, 0.055498
0.310247, 0.0483253
0.328348, 0.0419093
0.346441, 0.0362168
0.364526, 0.0312195
0.382604, 0.0268937
0.400676, 0.0232198
0.418743, 0.0201817
0.436805, 0.0177661
0.454863, 0.0159631
0.472919, 0.0147652
0.490973, 0.0141674
0.509027, 0.0141674
0.527081, 0.0147652
0.545137, 0.0159631
0.563195, 0.0177661
0.581257, 0.0201817
0.599324, 0.0232198
0.617396, 0.0268937
0.635474, 0.0312195
0.653559, 0.0362168
0.671652, 0.0419093
0.689753, 0.0483253
0.707863, 0.055498
0.725982, 0.0634671
0.74411, 0.0722795
0.762247, 0.0819914
0.780392, 0.0926697
0.798545, 0.104396
0.816702, 0.117269
0.834863, 0.131411
0.853022, 0.146978
0.131411, 0.165137
0.15048, 0.15048
0.169538, 0.137178
0.188596, 0.125105
0.207645, 0.11414
0.226679, 0.104183
0.245691, 0.0951536
0.264678, 0.0869828
0.283638, 0.0796132
0.302569, 0.0729959
0.321472, 0.0670895
0.340347, 0.0618591
0.359196, 0.057275
0.37802, 0.0533124
0.396823, 0.0499508
0.415608, 0.0471733
0.434378, 0.0449666
0.453136, 0.0433203
0.471885, 0.0422268
0.490629, 0.0416813
0.509371, 0.0416813
0.528115, 0.0422268
0.546864, 0.0433203
0.565622, 0.0449666
0.584392, 0.0471733
0.603177, 0.0499508
0.62198, 0.0533124
0.640804, 0.057275
0.659653, 0.0618591
0.678528, 0.0670895
0.697431, 0.0729959
0.716362, 0.0796132
0.735322, 0.0869828
0.754309, 0.0951536
0.773321, 0.104183
0.792355, 0.11414
0.811404, 0.125105
0.830462, 0.137178
0.84952, 0.15048
0.868589, 0.165137
0.117269, 0.183298
0.137178, 0.169538
0.15708, 0.15708
0.176981, 0.145806
0.196865, 0.135596
0.216717, 0.126347
0.236527, 0.117976
0.256288, 0.11041
0.275998, 0.103589
0.295655, 0.097462
0.315262, 0.0919878
0.334822, 0.0871315
0.354342, 0.0828652
0.373826, 0.0791673
0.393281, 0.0760208
0.412712, 0.0734135
0.432126, 0.0713362
0.451527, 0.0697828
0.47092, 0.0687492
0.490307, 0.068233
0.509693, 0.068233
0.52908, 0.0687492
0.548473, 0.0697828
0.567874, 0.0713362
0.587288, 0.0734135
0.606719, 0.0760208
0.626174, 0.0791673
0.645658, 0.0828652
0.665178, 0.0871315
0.684738, 0.0919878
0.704345, 0.097462
0.724002, 0.103589
0.743712, 0.11041
0.763473, 0.117976
0.783283, 0.126347
0.803135, 0.135596
0.823019, 0.145806
0.84292, 0.15708
0.862822, 0.169538
0.882731, 0.183298
0.104396, 0.201455
0.125105, 0.188596
0.145806, 0.176981
0.166498, 0.166498
0.187152, 0.157021
0.207744, 0.148442
0.22826, 0.140668
0.248689, 0.133622
0.269032, 0.12724
0.289294, 0.121467
0.309482, 0.116263
0.329612, 0.111599
0.349696, 0.107456
0.369751, 0.103824
0.389788, 0.100699
0.409819, 0.0980831
0.429851, 0.0959808
0.449888, 0.0943977
0.46993, 0.0933389
0.489976, 0.0928085
0.510024, 0.0928085
0.53007, 0.0933389
0.550112, 0.0943977
0.570149, 0.0959808
0.590181, 0.0980831
0.610212, 0.100699
0.630249, 0.103824
0.650304, 0.107456
0.670388, 0.111599
0.690518, 0.116263
0.710706, 0.121467
0.730968, 0.12724
0.751311, 0.133622
0.77174, 0.140668
0.792256, 0.148442
0.812848, 0.157021
0.833502, 0.166498
0.854194, 0.176981
0.874895, 0.188596
0.895604, 0.201455
0.0926697, 0.219608
0.11414, 0.207645
0.135596, 0.196865
0.157021, 0.187152
0.178369, 0.178369
0.199604, 0.170395
0.220705, 0.163124
0.241663, 0.156467
0.262484, 0.150349
0.283186, 0.144718
0.303798, 0.139539
0.324355, 0.134802
0.344893, 0.130512
0.365441, 0.126687
0.386023, 0.123352
0.406651, 0.120532
0.42733, 0.11825
0.448055, 0.116523
0.468817, 0.115364
0.489603, 0.114783
0.510397, 0.114783
0.531183, 0.115364
0.551945, 0.116523
0.57267, 0.11825
0.593349, 0.120532
0.613977, 0.123352
0.634559, 0.126687
0.655107, 0.130512
0.675645, 0.134802
0.696202, 0.139539
0.716814, 0.144718
0.737516, 0.150349
0.758337, 0.156467
0.779295, 0.163124
0.800396, 0.170395
0.821631, 0.178369
0.842979, 0.187152
0.864404, 0.196865
0.88586, 0.207645
0.90733, 0.219608
0.0819914, 0.237753
0.104183, 0.226679
0.126347, 0.216717
0.148442, 0.207744
0.170395, 0.199604
0.192154, 0.192154
0.213689, 0.185266
0.234995, 0.17883
0.256096, 0.172767
0.277046, 0.167037
0.297918, 0.161643
0.318787, 0.156623
0.339718, 0.152032
0.360752, 0.147927
0.381909, 0.144357
0.40319, 0.141357
0.424582, 0.138946
0.446065, 0.137137
0.467613, 0.13593
0.4892, 0.135328
0.5108, 0.135328
0.532387, 0.13593
0.553935, 0.137137
0.575418, 0.138946
0.59681, 0.141357
0.618091, 0.144357
0.639248, 0.147927
0.660282, 0.152032
0.681213, 0.156623
0.702082, 0.161643
0.722954, 0.167037
0.743904, 0.172767
0.765005, 0.17883
0.786311, 0.185266
0.807846, 0.192154
0.829605, 0.199604
0.851558, 0.207744
0.873653, 0.216717
0.895817, 0.226679
0.918009, 0.237753
0.0722795, 0.25589
0.0951536, 0.245691
0.117976, 0.236527
0.140668, 0.22826
0.163124, 0.220705
0.185266, 0.213689
0.207052, 0.207052
0.228496, 0.200671
0.249677, 0.194487
0.270726, 0.188523
0.291789, 0.182868
0.312983, 0.177634
0.334381, 0.172923
0.356003, 0.168804
0.377835, 0.165313
0.399842, 0.162454
0.421982, 0.160211
0.444215, 0.158561
0.466507, 0.157477
0.488832, 0.15694
0.511168, 0.15694
0.533493, 0.157477
0.555785, 0.158561
0.578018, 0.160211
0.600158, 0.162454
0.622165, 0.165313
0.643997, 0.168804
0.665619, 0.172923
0.687017, 0.177634
0.708211, 0.182868
0.729274, 0.188523
0.750323, 0.194487
0.771504, 0.200671
0.792948, 0.207052
0.814734, 0.213689
0.836876, 0.220705
0.859332, 0.22826
0.882024, 0.236527
0.904846, 0.245691
0.92772, 0.25589
0.0634671, 0.274018
0.0869828, 0.264678
0.11041, 0.256288
0.133622, 0.248689
0.156467, 0.241663
0.17883, 0.234995
0.200671, 0.228496
0.222063, 0.222063
0.243205, 0.215723
0.264349, 0.209621
0.285706, 0.203947
0.307398, 0.198866
0.329442, 0.194472
0.351793, 0.190792
0.374374, 0.187799
0.397107, 0.185438
0.419928, 0.183646
0.442792, 0.182362
0.465673, 0.181535
0.488557, 0.181131
0.511443, 0.181131
0.534327, 0.181535
0.557208, 0.182362
0.580072, 0.183646
0.602893, 0.185438
0.625626, 0.187799
0.648207, 0.190792
0.670558, 0.194472
0.692602, 0.198866
0.714294, 0.203947
0.735651, 0.209621
0.756795, 0.215723
0.777937, 0.222063
0.799329, 0.228496
0.82117, 0.234995
0.843533, 0.241663
0.866378, 0.248689
0.88959, 0.256288
0.913017, 0.264678
0.936533, 0.274018
0.055498, 0.292137
0.0796132, 0.283638
0.103589, 0.275998
0.12724, 0.269032
0.150349, 0.262484
0.172767, 0.256096
0.194487, 0.249677
0.215723, 0.243205
0.236857, 0.236857
0.258257, 0.230912
0.280142, 0.225621
0.302549, 0.221123
0.32539, 0.217438
0.348526, 0.21451
0.371827, 0.212244
0.395192, 0.21054
0.418553, 0.209303
0.441875, 0.20845
0.46515, 0.207918
0.488388, 0.207664
0.511612, 0.207664
0.53485, 0.207918
0.558125, 0.20845
0.581447, 0.209303
0.604808, 0.21054
0.628173, 0.212244
0.651474, 0.21451
0.67461, 0.217438
0.697451, 0.221123
0.719858, 0.225621
0.741743, 0.230912
0.763143, 0.236857
0.784277, 0.243205
0.805513, 0.249677
0.827233, 0.256096
0.849651, 0.262484
0.87276, 0.269032
0.896411, 0.275998
0.920387, 0.283638
0.944502, 0.292137
0.0483253, 0.310247
0.0729959, 0.302569
0.097462, 0.295655
0.121467, 0.289294
0.144718, 0.283186
0.167037, 0.277046
0.188523, 0.270726
0.209621, 0.264349
0.230912, 0.258257
0.252816, 0.252816
0.275455, 0.248247
0.298714, 0.244592
0.322384, 0.241778
0.346262, 0.239683
0.370189, 0.238176
0.394057, 0.237132
0.417805, 0.236439
0.441417, 0.236005
0.464906, 0.235756
0.488312, 0.235643
0.511688, 0.235643
0.535094, 0.235756
0.558583, 0.236005
0.582195, 0.236439
0.605943, 0.237132
0.629811, 0.238176
0.653738, 0.239683
0.677616, 0.241778
0.701286, 0.244592
0.724545, 0.248247
0.747184, 0.252816
0.769088, 0.258257
0.790379, 0.264349
0.811477, 0.270726
0.832963, 0.277046
0.855282, 0.283186
0.878533, 0.289294
0.902538, 0.295655
0.927004, 0.302569
0.951675, 0.310247
0.0419093, 0.328348
0.0670895, 0.321472
0.0919878, 0.315262
0.116263, 0.309482
0.139539, 0.303798
0.161643, 0.297918
0.182868, 0.291789
0.203947, 0.285706
0.225621, 0.280142
0.248247, 0.275455
0.271763, 0.271763
0.295896, 0.269006
0.320351, 0.267049
0.344887, 0.265739
0.369331, 0.264928
0.393576, 0.264476
0.417574, 0.264261
0.441329, 0.264182
0.464884, 0.264167
0.48831, 0.264171
0.51169, 0.264171
0.535116, 0.264167
0.558671, 0.264182
0.582426, 0.264261
0.606424, 0.264476
0.630669, 0.264928
0.655113, 0.265739
0.679649, 0.267049
0.704104, 0.269006
0.728237, 0.271763
0.751753, 0.275455
0.774379, 0.280142
0.796053, 0.285706
0.817132, 0.291789
0.838357, 0.297918
0.860461, 0.303798
0.883737, 0.309482
0.908012, 0.315262
0.93291, 0.321472
0.958091, 0.328348
0.0362168, 0.346441
0.0618591, 0.340347
0.0871315, 0.334822
0.111599, 0.329612
0.134802, 0.324355
0.156623, 0.318787
0.177634, 0.312983
0.198866, 0.307398
0.221123, 0.302549
0.244592, 0.298714
0.269006, 0.295896
0.29397, 0.29397
0.319136, 0.292775
0.344238, 0.292143
0.36909, 0.291909
0.39359, 0.29192
0.41771, 0.292046
0.441487, 0.292193
0.465, 0.292306
0.488351, 0.292364
0.511649, 0.292364
0.535, 0.292306
0.558513, 0.292193
0.58229, 0.292046
0.60641, 0.29192
0.63091, 0.291909
0.655762, 0.292143
0.680864, 0.292775
0.70603, 0.29397
0.730994, 0.295896
0.755408, 0.298714
0.778877, 0.302549
0.801134, 0.307398
0.822366, 0.312983
0.843377, 0.318787
0.865198, 0.324355
0.888401, 0.329612
0.912869, 0.334822
0.938141, 0.340347
0.963783, 0.346441
0.0312195, 0.364526
0.057275, 0.359196
0.0828652, 0.354342
0.107456, 0.349696
0.130512, 0.344893
0.152032, 0.339718
0.172923, 0.334381
0.194472, 0.329442
0.217438, 0.32539
0.241778, 0.322384
0.267049, 0.320351
0.292775, 0.319136
0.318567, 0.318567
0.34413, 0.318459
0.369266, 0.318625
0.393882, 0.318889
0.417989, 0.319115
0.441682, 0.319236
0.465102, 0.319261
0.488381, 0.319248
0.511619, 0.319248
0.534898, 0.319261
0.558318, 0.319236
0.582011, 0.319115
0.606118, 0.318889
0.630734, 0.318625
0.65587, 0.318459
0.681433, 0.318567
0.707225, 0.319136
0.732951, 0.320351
0.758222, 0.322384
0.782562, 0.32539
0.805528, 0.329442
0.827077, 0.334381
0.847968, 0.339718
0.869488, 0.344893
0.892544, 0.349696
0.917135, 0.354342
0.942725, 0.359196
0.968781, 0.364526
0.0268937, 0.382604
0.0533124, 0.37802
0.0791673, 0.373826
0.103824, 0.369751
0.126687, 0.365441
0.147927, 0.360752
0.168804, 0.356003
0.190792, 0.351793
0.21451, 0.348526
0.239683, 0.346262
0.265739, 0.344887
0.292143, 0.344238
0.318459, 0.34413
0.344353, 0.344353
0.369606, 0.344678
0.394144, 0.344883
0.418055, 0.344822
0.441566, 0.344493
0.46493, 0.344058
0.488302, 0.343756
0.511698, 0.343756
0.53507, 0.344058
0.558434, 0.344493
0.581945, 0.344822
0.605856, 0.344883
0.630394, 0.344678
0.655647, 0.344353
0.681541, 0.34413
0.707857, 0.344238
0.734261, 0.344887
0.760317, 0.346262
0.78549, 0.348526
0.809208, 0.351793
0.831196, 0.356003
0.852073, 0.360752
0.873313, 0.365441
0.896176, 0.369751
0.920833, 0.373826
0.946688, 0.37802
0.973106, 0.382604
0.0232198, 0.400676
0.0499508, 0.396823
0.0760208, 0.393281
0.100699, 0.389788
0.123352, 0.386023
0.144357, 0.381909
0.165313, 0.377835
0.187799, 0.374374
0.212244, 0.371827
0.238176, 0.370189
0.264928, 0.369331
0.291909, 0.36909
0.318625, 0.369266
0.344678, 0.369606
0.369806, 0.369806
0.393969, 0.369565
0.417428, 0.368729
0.440678, 0.367459
0.464159, 0.366192
0.487999, 0.36541
0.512001, 0.36541
0.535841, 0.366192
0.559322, 0.367459
0.582572, 0.368729
0.606031, 0.369565
0.630194, 0.369806
0.655322, 0.369606
0.681375, 0.369266
0.708091, 0.36909
0.735072, 0.369331
0.761824, 0.370189
0.787756, 0.371827
0.812201, 0.374374
0.834687, 0.377835
0.855643, 0.381909
0.876648, 0.386023
0.899301, 0.389788
0.923979, 0.393281
0.950049, 0.396823
0.97678, 0.400676
0.0201817, 0.418743
0.0471733, 0.415608
0.0734135, 0.412712
0.0980831, 0.409819
0.120532, 0.406651
0.141357, 0.40319
0.162454, 0.399842
0.185438, 0.397107
0.21054, 0.395192
0.237132, 0.394057
0.264476, 0.393576
0.29192, 0.39359
0.318889, 0.393882
0.344883, 0.394144
0.369565, 0.393969
0.392974, 0.392974
0.415732, 0.391095
0.438765, 0.388779
0.462677, 0.38673
0.487445, 0.38555
0.512555, 0.38555
0.537323, 0.38673
0.561235, 0.388779
0.584268, 0.391095
0.607026, 0.392974
0.630435, 0.393969
0.655117, 0.394144
0.681111, 0.393882
0.70808, 0.39359
0.735524, 0.393576
0.762868, 0.394057
0.78946, 0.395192
0.814562, 0.397107
0.837546, 0.399842
0.858643, 0.40319
0.879468, 0.406651
0.901917, 0.409819
0.926587, 0.412712
0.952827, 0.415608
0.979818, 0.418743
0.0177661, 0.436805
0.0449666, 0.434378
0.0713362, 0.432126
0.0959808, 0.429851
0.11825, 0.42733
0.138946, 0.424582
0.160211, 0.421982
0.183646, 0.419928
0.209303, 0.418553
0.236439, 0.417805
0.264261, 0.417574
0.292046, 0.41771
0.319115, 0.417989
0.344822, 0.418055
0.368729, 0.417428
0.391095, 0.415732
0.413122, 0.413122
0.436174, 0.410299
0.460838, 0.408037
0.48679, 0.406817
0.51321, 0.406817
0.539162, 0.408037
0.563826, 0.410299
0.586878, 0.413122
0.608905, 0.415732
0.631271, 0.417428
0.655178, 0.418055
0.680885, 0.417989
0.707954, 0.41771
0.735739, 0.417574
0.763561, 0.417805
0.790697, 0.418553
0.816354, 0.419928
0.839789, 0.421982
0.861054, 0.424582
0.88175, 0.42733
0.904019, 0.429851
0.928664, 0.432126
0.955033, 0.434378
0.982234, 0.436805
0.0159631, 0.454863
0.0433203, 0.453136
0.0697828, 0.451527
0.0943977, 0.449888
0.116523, 0.448055
0.137137, 0.446065
0.158561, 0.444215
0.182362, 0.442792
0.20845, 0.441875
0.236005, 0.441417
0.264182, 0.441329
0.292193, 0.441487
0.319236, 0.441682
0.344493, 0.441566
0.367459, 0.440678
0.388779, 0.438765
0.410299, 0.436174
0.433656, 0.433656
0.459193, 0.431814
0.486228, 0.430878
0.513772, 0.430878
0.540807, 0.431814
0.566344, 0.433656
0.589701, 0.436174
0.611221, 0.438765
0.632541, 0.440678
0.655507, 0.441566
0.680764, 0.441682
0.707807, 0.441487
0.735818, 0.441329
0.763995, 0.441417
0.79155, 0.441875
0.817638, 0.442792
0.841439, 0.444215
0.862863, 0.446065
0.883477, 0.448055
0.905602, 0.449888
0.930217, 0.451527
0.95668, 0.453136
0.984037, 0.454863
0.0147652, 0.472919
0.0422268, 0.471885
0.0687492, 0.47092
0.0933389, 0.46993
0.115364, 0.468817
0.13593, 0.467613
0.157477, 0.466507
0.181535, 0.465673
0.207918, 0.46515
0.235756, 0.464906
0.264167, 0.464884
0.292306, 0.465
0.319261, 0.465102
0.344058, 0.46493
0.366192, 0.464159
0.38673, 0.462677
0.408037, 0.460838
0.431814, 0.459193
0.458063, 0.458063
0.485854, 0.457507
0.514146, 0.457507
0.541937, 0.458063
0.568186, 0.459193
0.591963, 0.460838
0.61327, 0.462677
0.633808, 0.464159
0.655942, 0.46493
0.680739, 0.465102
0.707694, 0.465
0.735833, 0.464884
0.764244, 0.464906
0.792082, 0.46515
0.818465, 0.465673
0.842523, 0.466507
0.86407, 0.467613
0.884636, 0.468817
0.906661, 0.46993
0.931251, 0.47092
0.957773, 0.471885
0.985235, 0.472919
0.0141674, 0.490973
0.0416813, 0.490629
0.068233, 0.490307
0.0928085, 0.489976
0.114783, 0.489603
0.135328, 0.4892
0.15694, 0.488832
0.181131, 0.488557
0.207664, 0.488388
0.235643, 0.488312
0.264171, 0.48831
0.292364, 0.488351
0.319248, 0.488381
0.343756, 0.488302
0.36541, 0.487999
0.38555, 0.487445
0.406817, 0.48679
0.430878, 0.486228
0.457507, 0.485854
0.485671, 0.485671
0.514329, 0.485671
0.542493, 0.485854
0.569122, 0.486228
0.593183, 0.48679
0.61445, 0.487445
0.63459, 0.487999
0.656244, 0.488302
0.680752, 0.488381
0.707636, 0.488351
0.735829, 0.48831
0.764357, 0.488312
0.792336, 0.488388
0.818869, 0.488557
0.84306, 0.488832
0.864672, 0.4892
0.885217, 0.489603
0.907191, 0.489976
0.931767, 0.490307
0.958319, 0.490629
0.985833, 0.490973
0.0141674, 0.509027
0.0416813, 0.509371
0.068233, 0.509693
0.0928085, 0.510024
0.114783, 0.510397
0.135328, 0.5108
0.15694, 0.511168
0.181131, 0.511443
0.207664, 0.511612
0.235643, 0.511688
0.264171, 0.51169
0.292364, 0.511649
0.319248, 0.511619
0.343756, 0.511698
0.36541, 0.512001
0.38555, 0.512555
0.406817, 0.51321
0.430878, 0.513772
0.457507, 0.514146
0.485671, 0.514329
0.514329, 0.514329
0.542493, 0.514146
0.569122, 0.513772
0.593183, 0.51321
0.61445, 0.512555
0.63459, 0.512001
0.656244, 0.511698
0.680752, 0.511619
0.707636, 0.511649
0.735829, 0.51169
0.764357, 0.511688
0.792336, 0.511612
0.818869, 0.511443
0.84306, 0.511168
0.864672, 0.5108
0.885217, 0.510397
0.907191, 0.510024
0.931767, 0.509693
0.958319, 0.509371
0.985833, 0.509027
0.0147652, 0.527081
0.0422268, 0.528115
0.0687492, 0.52908
0.0933389, 0.53007
0.115364, 0.531183
0.13593, 0.532387
0.157477, 0.533493
0.181535, 0.534327
0.207918, 0.53485
0.235756, 0.535094
0.264167, 0.535116
0.292306, 0.535
0.319261, 0.534898
0.344058, 0.53507
0.366192, 0.535841
0.38673, 0.537323
0.408037, 0.539162
0.431814, 0.540807
0.458063, 0.541937
0.485854, 0.542493
0.514146, 0.542493
0.541937, 0.541937
0.568186, 0.540807
0.591963, 0.539162
0.61327, 0.537323
0.633808, 0.535841
0.655942, 0.53507
0.680739, 0.534898
0.707694, 0.535
0.735833, 0.535116
0.764244, 0.535094
0.792082, 0.53485
0.818465, 0.534327
0.842523, 0.533493
0.86407, 0.532387
0.884636, 0.531183
0.906661, 0.53007
0.931251, 0.52908
0.957773, 0.528115
0.985235, 0.527081
0.0159631, 0.545137
0.0433203, 0.546864
0.0697828, 0.548473
0.0943977, 0.550112
0.116523, 0.551945
0.137137, 0.553935
0.158561, 0.555785
0.182362, 0.557208
0.20845, 0.558125
0.236005, 0.558583
0.264182, 0.558671
0.292193, 0.558513
0.319236, 0.558318
0.344493, 0.558434
0.367459, 0.559322
0.388779, 0.561235
0.410299, 0.563826
0.433656, 0.566344
0.459193, 0.568186
0.486228, 0.569122
0.513772, 0.569122
0.540807, 0.568186
0.566344, 0.566344
0.589701, 0.563826
0.611221, 0.561235
0.632541, 0.559322
0.655507, 0.558434
0.680764, 0.558318
0.707807, 0.558513
0.735818, 0.558671
0.763995, 0.558583
0.79155, 0.558125
0.817638, 0.557208
0.841439, 0.555785
0.862863, 0.553935
0.883477, 0.551945
0.905602, 0.550112
0.930217, 0.548473
0.95668, 0.546864
0.984037, 0.545137
0.0177661, 0.563195
0.0449666, 0.565622
0.0713362, 0.567874
0.0959808, 0.570149
0.11825, 0.57267
0.138946, 0.575418
0.160211, 0.578018
0.183646, 0.580072
0.209303, 0.581447
0.236439, 0.582195
0.264261, 0.582426
0.292046, 0.58229
0.319115, 0.582011
0.344822, 0.581945
0.368729, 0.582572
0.391095, 0.584268
0.413122, 0.586878
0.436174, 0.589701
0.460838, 0.591963
0.48679, 0.593183
0.51321, 0.593183
0.539162, 0.591963
0.563826, 0.589701
0.586878, 0.586878
0.608905, 0.584268
0.631271, 0.582572
0.655178, 0.581945
0.680885, 0.582011
0.707954, 0.58229
0.735739, 0.582426
0.763561, 0.582195
0.790697, 0.581447
0.816354, 0.580072
0.839789, 0.578018
0.861054, 0.575418
0.88175, 0.57267
0.904019, 0.570149
0.928664, 0.567874
0.955033, 0.565622
0.982234, 0.563195
0.0201817, 0.581257
0.0471733, 0.584392
0.0734135, 0.587288
0.0980831, 0.590181
0.120532, 0.593349
0.141357, 0.59681
0.162454, 0.600158
0.185438, 0.602893
0.21054, 0.604808
0.237132, 0.605943
0.264476, 0.606424
0.29192, 0.60641
0.318889, 0.606118
0.344883, 0.605856
0.369565, 0.606031
0.392974, 0.607026
0.415732, 0.608905
0.438765, 0.611221
0.462677, 0.61327
0.487445, 0.61445
0.512555, 0.61445
0.537323, 0.61327
0.561235, 0.611221
0.584268, 0.608905
0.607026, 0.607026
0.630435, 0.606031
0.655117, 0.605856
0.681111, 0.606118
0.70808, 0.60641
0.735524, 0.606424
0.762868, 0.605943
0.78946, 0.604808
0.814562, 0.602893
0.837546, 0.600158
0.858643, 0.59681
0.879468, 0.593349
0.901917, 0.590181
0.926587, 0.587288
0.952827, 0.584392
0.979818, 0.581257
0.0232198, 0.599324
0.0499508, 0.603177
0.0760208, 0.606719
0.100699, 0.610212
0.123352, 0.613977
0.144357, 0.618091
0.165313, 0.622165
0.187799, 0.625626
0.212244, 0.628173
0.238176, 0.629811
0.264928, 0.630669
0.291909, 0.63091
0.318625, 0.630734
0.344678, 0.630394
0.369806, 0.630194
0.393969, 0.630435
0.417428, 0.631271
0.440678, 0.632541
0.464159, 0.633808
0.487999, 0.63459
0.512001, 0.63459
0.535841, 0.633808
0.559322, 0.632541
0.582572, 0.631271
0.606031, 0.630435
0.630194, 0.630194
0.655322, 0.630394
0.681375, 0.630734
0.708091, 0.63091
0.735072, 0.630669
0.761824, 0.629811
0.787756, 0.628173
0.812201, 0.625626
0.834687, 0.622165
0.855643, 0.618091
0.876648, 0.613977
0.899301, 0.610212
0.923979, 0.606719
0.950049, 0.603177
0.97678, 0.599324
0.0268937, 0.617396
0.0533124, 0.62198
0.0791673, 0.626174
0.103824, 0.630249
0.126687, 0.634559
0.147927, 0.639248
0.168804, 0.643997
0.190792, 0.648207
0.21451, 0.651474
0.239683, 0.653738
0.265739, 0.655113
0.292143, 0.655762
0.318459, 0.65587
0.344353, 0.655647
0.369606, 0.655322
0.394144, 0.655117
0.418055, 0.655178
0.441566, 0.655507
0.46493, 0.655942
0.488302, 0.656244
0.511698, 0.656244
0.53507, 0.655942
0.558434, 0.655507
0.581945, 0.655178
0.605856, 0.655117
0.630394, 0.655322
0.655647, 0.655647
0.681541, 0.65587
0.707857, 0.655762
0.734261, 0.655113
0.760317, 0.653738
0.78549, 0.651474
0.809208, 0.648207
0.831196, 0.643997
0.852073, 0.639248
0.873313, 0.634559
0.896176, 0.630249
0.920833, 0.626174
0.946688, 0.62198
0.973106, 0.617396
0.0312195, 0.635474
0.057275, 0.640804
0.0828652, 0.645658
0.107456, 0.650304
0.130512, 0.655107
0.152032, 0.660282
0.172923, 0.665619
0.194472, 0.670558
0.217438, 0.67461
0.241778, 0.677616
0.267049, 0.679649
0.292775, 0.680864
0.318567, 0.681433
0.34413, 0.681541
0.369266, 0.681375
0.393882, 0.681111
0.417989, 0.680885
0.441682, 0.680764
0.465102, 0.680739
0.488381, 0.680752
0.511619, 0.680752
0.534898, 0.680739
0.558318, 0.680764
0.582011, 0.680885
0.606118, 0.681111
0.630734, 0.681375
0.65587, 0.681541
0.681433, 0.681433
0.707225, 0.680864
0.732951, 0.679649
0.758222, 0.677616
0.782562, 0.67461
0.805528, 0.670558
0.827077, 0.665619
0.847968, 0.660282
0.869488, 0.655107
0.892544, 0.650304
0.917135, 0.645658
0.942725, 0.640804
0.968781, 0.635474
0.0362168, 0.653559
0.0618591, 0.659653
0.0871315, 0.665178
0.111599, 0.670388
0.134802, 0.675645
0.156623, 0.681213
0.177634, 0.687017
0.198866, 0.692602
0.221123, 0.697451
0.244592, 0.701286
0.269006, 0.704104
0.29397, 0.70603
0.319136, 0.707225
0.344238, 0.707857
0.36909, 0.708091
0.39359, 0.70808
0.41771, 0.707954
0.441487, 0.707807
0.465, 0.707694
0.488351, 0.707636
0.511649, 0.707636
0.535, 0.707694
0.558513, 0.707807
0.58229, 0.707954
0.60641, 0.70808
0.63091, 0.708091
0.655762, 0.707857
0.680864, 0.707225
0.70603, 0.70603
0.730994, 0.704104
0.755408, 0.701286
0.778877, 0.697451
0.801134, 0.692602
0.822366, 0.687017
0.843377, 0.681213
0.865198, 0.675645
0.888401, 0.670388
0.912869, 0.665178
0.938141, 0.659653
0.963783, 0.653559
0.0419093, 0.671652
0.0670895, 0.678528
0.0919878, 0.684738
0.116263, 0.690518
0.139539, 0.696202
0.161643, 0.702082
0.182868, 0.708211
0.203947, 0.714294
0.225621, 0.719858
0.248247, 0.724545
0.271763, 0.728237
0.295896, 0.730994
0.320351, 0.732951
0.344887, 0.734261
0.369331, 0.735072
0.393576, 0.735524
0.417574, 0.735739
0.441329, 0.735818
0.464884, 0.735833
0.48831, 0.735829
0.51169, 0.735829
0.535116, 0.735833
0.558671, 0.735818
0.582426, 0.735739
0.606424, 0.735524
0.630669, 0.735072
0.655113, 0.734261
0.679649, 0.732951
0.704104, 0.730994
0.728237, 0.728237
0.751753, 0.724545
0.774379, 0.719858
0.796053, 0.714294
0.817132, 0.708211
0.838357, 0.702082
0.860461, 0.696202
0.883737, 0.690518
0.908012, 0.684738
0.93291, 0.678528
0.958091, 0.671652
0.0483253, 0.689753
0.0729959, 0.697431
0.097462, 0.704345
0.121467, 0.710706
0.144718, 0.716814
0.167037, 0.722954
0.188523, 0.729274
0.209621, 0.735651
0.230912, 0.741743
0.252816, 0.747184
0.275455, 0.751753
0.298714, 0.755408
0.322384, 0.758222
0.346262, 0.760317
0.370189, 0.761824
0.394057, 0.762868
0.417805, 0.763561
0.441417, 0.763995
0.464906, 0.764244
0.488312, 0.764357
0.511688, 0.764357
0.535094, 0.764244
0.558583, 0.763995
0.582195, 0.763561
0.605943, 0.762868
0.629811, 0.761824
0.653738, 0.760317
0.677616, 0.758222
0.701286, 0.755408
0.724545, 0.751753
0.747184, 0.747184
0.769088, 0.741743
0.790379, 0.735651
0.811477, 0.729274
0.832963, 0.722954
0.855282, 0.716814
0.878533, 0.710706
0.902538, 0.704345
0.927004, 0.697431
0.951675, 0.689753
0.055498, 0.707863
0.0796132, 0.716362
0.103589, 0.724002
0.12724, 0.730968
0.150349, 0.737516
0.172767, 0.743904
0.194487, 0.750323
0.215723, 0.756795
0.236857, 0.763143
0.258257, 0.769088
0.280142, 0.774379
0.302549, 0.778877
0.32539, 0.782562
0.348526, 0.78549
0.371827, 0.787756
0.395192, 0.78946
0.418553, 0.790697
0.441875, 0.79155
0.46515, 0.792082
0.488388, 0.792336
0.511612, 0.792336
0.53485, 0.792082
0.558125, 0.79155
0.581447, 0.790697
0.604808, 0.78946
0.628173, 0.787756
0.651474, 0.78549
0.67461, 0.782562
0.697451, 0.778877
0.719858, 0.774379
0.741743, 0.769088
0.763143, 0.763143
0.784277, 0.756795
0.805513, 0.750323
0.827233, 0.743904
0.849651, 0.737516
0.87276, 0.730968
0.896411, 0.724002
0.920387, 0.716362
0.944502, 0.707863
0.0634671, 0.725982
0.0869828, 0.735322
0.11041, 0.743712
0.133622, 0.751311
0.156467, 0.758337
0.17883, 0.765005
0.200671, 0.771504
0.222063, 0.777937
0.243205, 0.784277
0.264349, 0.790379
0.285706, 0.796053
0.307398, 0.801134
0.329442, 0.805528
0.351793, 0.809208
0.374374, 0.812201
0.397107, 0.814562
0.419928, 0.816354
0.442792, 0.817638
0.465673, 0.818465
0.488557, 0.818869
0.511443, 0.818869
0.534327, 0.818465
0.557208, 0.817638
0.580072, 0.816354
0.602893, 0.814562
0.625626, 0.812201
0.648207, 0.809208
0.670558, 0.805528
0.692602, 0.801134
0.714294, 0.796053
0.735651, 0.790379
0.756795, 0.784277
0.777937, 0.777937
0.799329, 0.771504
0.82117, 0.765005
0.843533, 0.758337
0.866378, 0.751311
0.88959, 0.743712
0.913017, 0.735322
0.936533, 0.725982
0.0722795, 0.74411
0.0951536, 0.754309
0.117976, 0.763473
0.140668, 0.77174
0.163124, 0.779295
0.185266, 0.786311
0.207052, 0.792948
0.228496, 0.799329
0.249677, 0.805513
0.270726, 0.811477
0.291789, 0.817132
0.312983, 0.822366
0.334381, 0.827077
0.356003, 0.831196
0.377835, 0.834687
0.399842, 0.837546
0.421982, 0.839789
0.444215, 0.841439
0.466507, 0.842523
0.488832, 0.84306
0.511168, 0.84306
0.533493, 0.842523
0.555785, 0.841439
0.578018, 0.839789
0.600158, 0.837546
0.622165, 0.834687
0.643997, 0.831196
0.665619, 0.827077
0.687017, 0.822366
0.708211, 0.817132
0.729274, 0.811477
0.750323, 0.805513
0.771504, 0.799329
0.792948, 0.792948
0.814734, 0.786311
0.836876, 0.779295
0.859332, 0.77174
0.882024, 0.763473
0.904846, 0.754309
0.92772, 0.74411
0.0819914, 0.762247
0.104183, 0.773321
0.126347, 0.783283
0.148442, 0.792256
0.170395, 0.800396
0.192154, 0.807846
0.213689, 0.814734
0.234995, 0.82117
0.256096, 0.827233
0.277046, 0.832963
0.297918, 0.838357
0.318787, 0.843377
0.339718, 0.847968
0.360752, 0.852073
0.381909, 0.855643
0.40319, 0.858643
0.424582, 0.861054
0.446065, 0.862863
0.467613, 0.86407
0.4892, 0.864672
0.5108, 0.864672
0.532387, 0.86407
0.553935, 0.862863
0.575418, 0.861054
0.59681, 0.858643
0.618091, 0.855643
0.639248, 0.852073
0.660282, 0.847968
0.681213, 0.843377
0.702082, 0.838357
0.722954, 0.832963
0.743904, 0.827233
0.765005, 0.82117
0.786311, 0.814734
0.807846, 0.807846
0.829605, 0.800396
0.851558, 0.792256
0.873653, 0.783283
0.895817, 0.773321
0.918009, 0.762247
0.0926697, 0.780392
0.11414, 0.792355
0.135596, 0.803135
0.157021, 0.812848
0.178369, 0.821631
0.199604, 0.829605
0.220705, 0.836876
0.241663, 0.843533
0.262484, 0.849651
0.283186, 0.855282
0.303798, 0.860461
0.324355, 0.865198
0.344893, 0.869488
0.365441, 0.873313
0.386023, 0.876648
0.406651, 0.879468
0.42733, 0.88175
0.448055, 0.883477
0.468817, 0.884636
0.489603, 0.885217
0.510397, 0.885217
0.531183, 0.884636
0.551945, 0.883477
0.57267, 0.88175
0.593349, 0.879468
0.613977, 0.876648
0.634559, 0.873313
0.655107, 0.869488
0.675645, 0.865198
0.696202, 0.860461
0.716814, 0.855282
0.737516, 0.849651
0.758337, 0.843533
0.779295, 0.836876
0.800396, 0.829605
0.821631, 0.821631
0.842979, 0.812848
0.864404, 0.803135
0.88586, 0.792355
0.90733, 0.780392
0.104396, 0.798545
0.125105, 0.811404
0.145806, 0.823019
0.166498, 0.833502
0.187152, 0.842979
0.207744, 0.851558
0.22826, 0.859332
0.248689, 0.866378
0.269032, 0.87276
0.289294, 0.878533
0.309482, 0.883737
0.329612, 0.888401
0.349696, 0.892544
0.369751, 0.896176
0.389788, 0.899301
0.409819, 0.901917
0.429851, 0.904019
0.449888, 0.905602
0.46993, 0.906661
0.489976, 0.907191
0.510024, 0.907191
0.53007, 0.906661
0.550112, 0.905602
0.570149, 0.904019
0.590181, 0.901917
0.610212, 0.899301
0.630249, 0.896176
0.650304, 0.892544
0.670388, 0.888401
0.690518, 0.883737
0.710706, 0.878533
0.730968, 0.87276
0.751311, 0.866378
0.77174, 0.859332
0.792256, 0.851558
0.812848, 0.842979
0.833502, 0.833502
0.854194, 0.823019
0.874895, 0.811404
0.895604, 0.798545
0.117269, 0.816702
0.137178, 0.830462
0.15708, 0.84292
0.176981, 0.854194
0.196865, 0.864404
0.216717, 0.873653
0.236527, 0.882024
0.256288, 0.88959
0.275998, 0.896411
0.295655, 0.902538
0.315262, 0.908012
0.334822, 0.912869
0.354342, 0.917135
0.373826, 0.920833
0.393281, 0.923979
0.412712, 0.926587
0.432126, 0.928664
0.451527, 0.930217
0.47092, 0.931251
0.490307, 0.931767
0.509693, 0.931767
0.52908, 0.931251
0.548473, 0.930217
0.567874, 0.928664
0.587288, 0.926587
0.606719, 0.923979
0.626174, 0.920833
0.645658, 0.917135
0.665178, 0.912869
0.684738, 0.908012
0.704345, 0.902538
0.724002, 0.896411
0.743712, 0.88959
0.763473, 0.882024
0.783283, 0.873653
0.803135, 0.864404
0.823019, 0.854194
0.84292, 0.84292
0.862822, 0.830462
0.882731, 0.816702
0.131411, 0.834863
0.15048, 0.84952
0.169538, 0.862822
0.188596, 0.874895
0.207645, 0.88586
0.226679, 0.895817
0.245691, 0.904846
0.264678, 0.913017
0.283638, 0.920387
0.302569, 0.927004
0.321472, 0.93291
0.340347, 0.938141
0.359196, 0.942725
0.37802, 0.946688
0.396823, 0.950049
0.415608, 0.952827
0.434378, 0.955033
0.453136, 0.95668
0.471885, 0.957773
0.490629, 0.958319
0.509371, 0.958319
0.528115, 0.957773
0.546864, 0.95668
0.565622, 0.955033
0.584392, 0.952827
0.603177, 0.950049
0.62198, 0.946688
0.640804, 0.942725
0.659653, 0.938141
0.678528, 0.93291
0.697431, 0.927004
0.716362, 0.920387
0.735322, 0.913017
0.754309, 0.904846
0.773321, 0.895817
0.792355, 0.88586
0.811404, 0.874895
0.830462, 0.862822
0.84952, 0.84952
0.868589, 0.834863
0.146978, 0.853022
0.165137, 0.868589
0.183298, 0.882731
0.201455, 0.895604
0.219608, 0.90733
0.237753, 0.918009
0.25589, 0.92772
0.274018, 0.936533
0.292137, 0.944502
0.310247, 0.951675
0.328348, 0.958091
0.346441, 0.963783
0.364526, 0.968781
0.382604, 0.973106
0.400676, 0.97678
0.418743, 0.979818
0.436805, 0.982234
0.454863, 0.984037
0.472919, 0.985235
0.490973, 0.985833
0.509027, 0.985833
0.527081, 0.985235
0.545137, 0.984037
0.563195, 0.982234
0.581257, 0.979818
0.599324, 0.97678
0.617396, 0.973106
0.635474, 0.968781
0.653559, 0.963783
0.671652, 0.958091
0.689753, 0.951675
0.707863, 0.944502
0.725982, 0.936533
0.74411, 0.92772
0.762247, 0.918009
0.780392, 0.90733
0.798545, 0.895604
0.816702, 0.882731
0.834863, 0.868589
0.853022, 0.853022
