0.146447, 0.146447
0.164124, 0.129612
0.181802, 0.114319
0.19948, 0.100391
0.217157, 0.0876894
0.234835, 0.0761044
0.252513, 0.0655463
0.27019, 0.055942
0.287868, 0.0472307
0.305546, 0.0393619
0.323223, 0.0322928
0.340901, 0.0259879
0.358579, 0.0204168
0.376256, 0.0155544
0.393934, 0.0113795
0.411612, 0.00787451
0.429289, 0.00502525
0.446967, 0.00282045
0.464645, 0.00125157
0.482322, 0.000312598
0.5, 0
0.517678, 0.000312598
0.535355, 0.00125157
0.553033, 0.00282045
0.570711, 0.00502525
0.588388, 0.00787451
0.606066, 0.0113795
0.623744, 0.0155544
0.641421, 0.0204168
0.659099, 0.0259879
0.676777, 0.0322928
0.694454, 0.0393619
0.712132, 0.0472307
0.72981, 0.055942
0.747487, 0.0655463
0.765165, 0.0761044
0.782843, 0.0876894
0.80052, 0.100391
0.818198, 0.114319
0.835876, 0.129612
0.853553, 0.146447
0.129612, 0.164124
0.148344, 0.148344
0.166967, 0.133953
0.185593, 0.120885
0.204214, 0.109004
0.222826, 0.0982004
0.241424, 0.0883848
0.260006, 0.0794827
0.278569, 0.0714316
0.297112, 0.0641791
0.315635, 0.0576808
0.334138, 0.0518988
0.352622, 0.0468012
0.371087, 0.0423609
0.389536, 0.0385551
0.40797, 0.0353649
0.426391, 0.0327749
0.444803, 0.0307728
0.463206, 0.0293493
0.481604, 0.0284977
0.5, 0.0282143
0.518396, 0.0284977
0.536794, 0.0293493
0.555197, 0.0307728
0.573609, 0.0327749
0.59203, 0.0353649
0.610464, 0.0385551
0.628913, 0.0423609
0.647378, 0.0468012
0.665862, 0.0518988
0.684365, 0.0576808
0.702888, 0.0641791
0.721431, 0.0714316
0.739994, 0.0794827
0.758576, 0.0883848
0.777174, 0.0982004
0.795786, 0.109004
0.814407, 0.120885
0.833033, 0.133953
0.851656, 0.148344
0.870388, 0.164124
0.114319, 0.181802
0.133953, 0.166967
0.153455, 0.153455
0.172957, 0.141217
0.192454, 0.130127
0.211932, 0.120075
0.231381, 0.110968
0.250795, 0.10273
0.270169, 0.0952967
0.2895, 0.0886125
0.308788, 0.0826313
0.328035, 0.0773141
0.347243, 0.0726282
0.366416, 0.0685468
0.385557, 0.0650479
0.404671, 0.0621135
0.423763, 0.0597299
0.442838, 0.0578862
0.461899, 0.0565746
0.480952, 0.0557897
0.5, 0.0555285
0.519048, 0.0557897
0.538101, 0.0565746
0.557162, 0.0578862
0.576237, 0.0597299
0.595329, 0.0621135
0.614443, 0.0650479
0.633584, 0.0685468
0.652757, 0.0726282
0.671965, 0.0773141
0.691212, 0.0826313
0.7105, 0.0886125
0.729831, 0.0952967
0.749205, 0.10273
0.768619, 0.110968
0.788068, 0.120075
0.807546, 0.130127
0.827043, 0.141217
0.846545, 0.153455
0.866047, 0.166967
0.885681, 0.181802
0.100391, 0.19948
0.120885, 0.185593
0.141217, 0.172957
0.161551, 0.161551
0.181869, 0.151245
0.202149, 0.141925
0.222374, 0.133493
0.242531, 0.125867
0.262617, 0.118977
0.282629, 0.112765
0.302572, 0.107184
0.322453, 0.102196
0.34228, 0.0977716
0.362062, 0.0938906
0.381811, 0.0905386
0.401535, 0.087707
0.421242, 0.0853912
0.440938, 0.0835895
0.460628, 0.0823018
0.480315, 0.0815287
0.5, 0.0812709
0.519685, 0.0815287
0.539372, 0.0823018
0.559062, 0.0835895
0.578758, 0.0853912
0.598465, 0.087707
0.618189, 0.0905386
0.637938, 0.0938906
0.65772, 0.0977716
0.677547, 0.102196
0.697428, 0.107184
0.717371, 0.112765
0.737383, 0.118977
0.757469, 0.125867
0.777626, 0.133493
0.797851, 0.141925
0.818131, 0.151245
0.838449, 0.161551
0.858783, 0.172957
0.879115, 0.185593
0.899609, 0.19948
0.0876894, 0.217157
0.109004, 0.204214
0.130127, 0.192454
0.151245, 0.181869
0.172323, 0.172323
0.193324, 0.16369
0.214223, 0.15586
0.235004, 0.148742
0.255665, 0.142256
0.276212, 0.136338
0.29666, 0.130943
0.31703, 0.12604
0.337347, 0.121614
0.357636, 0.117662
0.377919, 0.114194
0.398212, 0.111222
0.418526, 0.108763
0.438865, 0.106832
0.459228, 0.105443
0.479609, 0.104605
0.5, 0.104325
0.520391, 0.104605
0.540772, 0.105443
0.561135, 0.106832
0.581474, 0.108763
0.601788, 0.111222
0.622081, 0.114194
0.642364, 0.117662
0.662653, 0.121614
0.68297, 0.12604
0.70334, 0.130943
0.723788, 0.136338
0.744335, 0.142256
0.764996, 0.148742
0.785777, 0.15586
0.806676, 0.16369
0.827677, 0.172323
0.848755, 0.181869
0.869873, 0.192454
0.890996, 0.204214
0.912311, 0.217157
0.0761044, 0.234835
0.0982004, 0.222826
0.120075, 0.211932
0.141925, 0.202149
0.16369, 0.193324
0.185313, 0.185313
0.206757, 0.177986
0.228004, 0.171232
0.249059, 0.164958
0.269946, 0.159097
0.29071, 0.153617
0.311406, 0.148515
0.332092, 0.143816
0.352814, 0.139559
0.373607, 0.135787
0.394488, 0.13254
0.41546, 0.12985
0.436515, 0.127739
0.457637, 0.126223
0.478807, 0.125311
0.5, 0.125006
0.521193, 0.125311
0.542363, 0.126223
0.563485, 0.127739
0.58454, 0.12985
0.605512, 0.13254
0.626393, 0.135787
0.647186, 0.139559
0.667908, 0.143816
0.688594, 0.148515
0.70929, 0.153617
0.730054, 0.159097
0.750941, 0.164958
0.771996, 0.171232
0.793243, 0.177986
0.814687, 0.185313
0.83631, 0.193324
0.858075, 0.202149
0.879925, 0.211932
0.9018, 0.222826
0.923896, 0.234835
0.0655463, 0.252513
0.0883848, 0.241424
0.110968, 0.231381
0.133493, 0.222374
0.15586, 0.214223
0.177986, 0.206757
0.199817, 0.199817
0.221333, 0.193263
0.242563, 0.186994
0.263582, 0.18097
0.2845, 0.175212
0.30543, 0.169787
0.326463, 0.164784
0.347656, 0.160283
0.369031, 0.156345
0.390582, 0.153008
0.412287, 0.150288
0.434113, 0.148185
0.456028, 0.146694
0.478, 0.145805
0.5, 0.145509
0.522, 0.145805
0.543972, 0.146694
0.565887, 0.148185
0.587713, 0.150288
0.609418, 0.153008
0.630969, 0.156345
0.652344, 0.160283
0.673537, 0.164784
0.69457, 0.169787
0.7155, 0.175212
0.736418, 0.18097
0.757437, 0.186994
0.778667, 0.193263
0.800183, 0.199817
0.822014, 0.206757
0.84414, 0.214223
0.866507, 0.222374
0.889032, 0.231381
0.911615, 0.241424
0.934454, 0.252513
0.055942, 0.27019
0.0794827, 0.260006
0.10273, 0.250795
0.125867, 0.242531
0.148742, 0.235004
0.171232, 0.228004
0.193263, 0.221333
0.214831, 0.214831
0.236036, 0.20843
0.257059, 0.202172
0.278105, 0.196184
0.299338, 0.190621
0.320848, 0.185614
0.342659, 0.181248
0.364741, 0.177557
0.387039, 0.174536
0.409494, 0.172151
0.432053, 0.170358
0.454674, 0.169114
0.47733, 0.168382
0.5, 0.168141
0.52267, 0.168382
0.545326, 0.169114
0.567947, 0.170358
0.590506, 0.172151
0.612961, 0.174536
0.635259, 0.177557
0.657341, 0.181248
0.679152, 0.185614
0.700662, 0.190621
0.721895, 0.196184
0.742941, 0.202172
0.763964, 0.20843
0.785169, 0.214831
0.806737, 0.221333
0.828768, 0.228004
0.851258, 0.235004
0.874133, 0.242531
0.89727, 0.250795
0.920517, 0.260006
0.944058, 0.27019
0.0472307, 0.287868
0.0714316, 0.278569
0.0952967, 0.270169
0.118977, 0.262617
0.142256, 0.255665
0.164958, 0.249059
0.186994, 0.242563
0.20843, 0.236036
0.229509, 0.229509
0.250563, 0.223162
0.271881, 0.217235
0.293625, 0.211936
0.315823, 0.207386
0.338409, 0.203616
0.361276, 0.200587
0.384316, 0.198223
0.407442, 0.196435
0.430596, 0.195141
0.453745, 0.19427
0.476878, 0.193769
0.5, 0.193606
0.523122, 0.193769
0.546255, 0.19427
0.569404, 0.195141
0.592558, 0.196435
0.615684, 0.198223
0.638724, 0.200587
0.661591, 0.203616
0.684177, 0.207386
0.706375, 0.211936
0.728119, 0.217235
0.749437, 0.223162
0.770491, 0.229509
0.79157, 0.236036
0.813006, 0.242563
0.835042, 0.249059
0.857744, 0.255665
0.881023, 0.262617
0.904703, 0.270169
0.928568, 0.278569
0.952769, 0.287868
0.0393619, 0.305546
0.0641791, 0.297112
0.0886125, 0.2895
0.112765, 0.282629
0.136338, 0.276212
0.159097, 0.269946
0.18097, 0.263582
0.202172, 0.257059
0.223162, 0.250563
0.24442, 0.24442
0.266258, 0.238941
0.288752, 0.234316
0.311801, 0.230584
0.335226, 0.227683
0.35885, 0.225496
0.382535, 0.223899
0.406189, 0.222772
0.429763, 0.222012
0.453242, 0.221532
0.476643, 0.221269
0.5, 0.221186
0.523357, 0.221269
0.546758, 0.221532
0.570237, 0.222012
0.593811, 0.222772
0.617465, 0.223899
0.64115, 0.225496
0.664774, 0.227683
0.688199, 0.230584
0.711248, 0.234316
0.733742, 0.238941
0.75558, 0.24442
0.776838, 0.250563
0.797828, 0.257059
0.81903, 0.263582
0.840903, 0.269946
0.863662, 0.276212
0.887235, 0.282629
0.911388, 0.2895
0.935821, 0.297112
0.960638, 0.305546
0.0322928, 0.323223
0.0576808, 0.315635
0.0826313, 0.308788
0.107184, 0.302572
0.130943, 0.29666
0.153617, 0.29071
0.175212, 0.2845
0.196184, 0.278105
0.217235, 0.271881
0.238941, 0.266258
0.261539, 0.261539
0.284937, 0.25782
0.308882, 0.255033
0.333106, 0.25304
0.357396, 0.251688
0.381602, 0.250827
0.405636, 0.25032
0.429465, 0.25005
0.453101, 0.249924
0.47659, 0.249874
0.5, 0.249862
0.52341, 0.249874
0.546899, 0.249924
0.570535, 0.25005
0.594364, 0.25032
0.618398, 0.250827
0.642604, 0.251688
0.666894, 0.25304
0.691118, 0.255033
0.715063, 0.25782
0.738461, 0.261539
0.761059, 0.266258
0.782765, 0.271881
0.803816, 0.278105
0.824788, 0.2845
0.846383, 0.29071
0.869057, 0.29666
0.892816, 0.302572
0.917369, 0.308788
0.942319, 0.315635
0.967707, 0.323223
0.0259879, 0.340901
0.0518988, 0.334138
0.0773141, 0.328035
0.102196, 0.322453
0.12604, 0.31703
0.148515, 0.311406
0.169787, 0.30543
0.190621, 0.299338
0.211936, 0.293625
0.234316, 0.288752
0.25782, 0.284937
0.282158, 0.282158
0.306958, 0.280273
0.331902, 0.279112
0.356752, 0.278499
0.381355, 0.278269
0.405633, 0.278273
0.429575, 0.278387
0.453227, 0.278522
0.476668, 0.278621
0.5, 0.278657
0.523332, 0.278621
0.546773, 0.278522
0.570425, 0.278387
0.594367, 0.278273
0.618645, 0.278269
0.643248, 0.278499
0.668098, 0.279112
0.693042, 0.280273
0.717842, 0.282158
0.74218, 0.284937
0.765684, 0.288752
0.788064, 0.293625
0.809379, 0.299338
0.830213, 0.30543
0.851485, 0.311406
0.87396, 0.31703
0.897804, 0.322453
0.922686, 0.328035
0.948101, 0.334138
0.974012, 0.340901
0.0204168, 0.358579
0.0468012, 0.352622
0.0726282, 0.347243
0.0977716, 0.34228
0.121614, 0.337347
0.143816, 0.332092
0.164784, 0.326463
0.185614, 0.320848
0.207386, 0.315823
0.230584, 0.311801
0.255033, 0.308882
0.280273, 0.306958
0.305857, 0.305857
0.331426, 0.305389
0.356724, 0.305362
0.381594, 0.305589
0.405977, 0.305908
0.429903, 0.3062
0.453466, 0.306404
0.47679, 0.306513
0.5, 0.306545
0.52321, 0.306513
0.546534, 0.306404
0.570097, 0.3062
0.594023, 0.305908
0.618406, 0.305589
0.643276, 0.305362
0.668574, 0.305389
0.694143, 0.305857
0.719727, 0.306958
0.744967, 0.308882
0.769416, 0.311801
0.792614, 0.315823
0.814386, 0.320848
0.835216, 0.326463
0.856184, 0.332092
0.878386, 0.337347
0.902228, 0.34228
0.927372, 0.347243
0.953199, 0.352622
0.979583, 0.358579
0.0155544, 0.376256
0.0423609, 0.371087
0.0685468, 0.366416
0.0938906, 0.362062
0.117662, 0.357636
0.139559, 0.352814
0.160283, 0.347656
0.181248, 0.342659
0.203616, 0.338409
0.227683, 0.335226
0.25304, 0.333106
0.279112, 0.331902
0.305389, 0.331426
0.331473, 0.331473
0.35708, 0.331821
0.38205, 0.332247
0.406363, 0.332562
0.430131, 0.332665
0.453545, 0.332578
0.476796, 0.332426
0.5, 0.332354
0.523204, 0.332426
0.546455, 0.332578
0.569869, 0.332665
0.593637, 0.332562
0.61795, 0.332247
0.64292, 0.331821
0.668527, 0.331473
0.694611, 0.331426
0.720888, 0.331902
0.74696, 0.333106
0.772317, 0.335226
0.796384, 0.338409
0.818752, 0.342659
0.839717, 0.347656
0.860441, 0.352814
0.882338, 0.357636
0.906109, 0.362062
0.931453, 0.366416
0.957639, 0.371087
0.984446, 0.376256
0.0113795, 0.393934
0.0385551, 0.389536
0.0650479, 0.385557
0.0905386, 0.381811
0.114194, 0.377919
0.135787, 0.373607
0.156345, 0.369031
0.177557, 0.364741
0.200587, 0.361276
0.225496, 0.35885
0.251688, 0.357396
0.278499, 0.356752
0.305362, 0.356724
0.331821, 0.35708
0.357546, 0.357546
0.38237, 0.357827
0.406351, 0.357687
0.429776, 0.357072
0.453041, 0.356188
0.476438, 0.355418
0.5, 0.355115
0.523562, 0.355418
0.546959, 0.356188
0.570224, 0.357072
0.593649, 0.357687
0.61763, 0.357827
0.642454, 0.357546
0.668179, 0.35708
0.694638, 0.356724
0.721501, 0.356752
0.748312, 0.357396
0.774504, 0.35885
0.799413, 0.361276
0.822443, 0.364741
0.843655, 0.369031
0.864213, 0.373607
0.885806, 0.377919
0.909461, 0.381811
0.934952, 0.385557
0.961445, 0.389536
0.988621, 0.393934
0.00787451, 0.411612
0.0353649, 0.40797
0.0621135, 0.404671
0.087707, 0.401535
0.111222, 0.398212
0.13254, 0.394488
0.153008, 0.390582
0.174536, 0.387039
0.198223, 0.384316
0.223899, 0.382535
0.250827, 0.381602
0.278269, 0.381355
0.305589, 0.381594
0.332247, 0.38205
0.357827, 0.38237
0.382151, 0.382151
0.405446, 0.381119
0.42836, 0.379376
0.451615, 0.377433
0.475555, 0.375938
0.5, 0.375381
0.524445, 0.375938
0.548385, 0.377433
0.57164, 0.379376
0.594554, 0.381119
0.617849, 0.382151
0.642173, 0.38237
0.667753, 0.38205
0.694411, 0.381594
0.721731, 0.381355
0.749173, 0.381602
0.776101, 0.382535
0.801777, 0.384316
0.825464, 0.387039
0.846992, 0.390582
0.86746, 0.394488
0.888778, 0.398212
0.912293, 0.401535
0.937886, 0.404671
0.964635, 0.40797
0.992125, 0.411612
0.00502525, 0.429289
0.0327749, 0.426391
0.0597299, 0.423763
0.0853912, 0.421242
0.108763, 0.418526
0.12985, 0.41546
0.150288, 0.412287
0.172151, 0.409494
0.196435, 0.407442
0.222772, 0.406189
0.25032, 0.405636
0.278273, 0.405633
0.305908, 0.405977
0.332562, 0.406363
0.357687, 0.406351
0.381119, 0.405446
0.403451, 0.403451
0.425879, 0.400743
0.449406, 0.398072
0.474275, 0.396172
0.5, 0.395492
0.525725, 0.396172
0.550594, 0.398072
0.574121, 0.400743
0.596549, 0.403451
0.618881, 0.405446
0.642313, 0.406351
0.667438, 0.406363
0.694092, 0.405977
0.721727, 0.405633
0.74968, 0.405636
0.777228, 0.406189
0.803565, 0.407442
0.827849, 0.409494
0.849712, 0.412287
0.87015, 0.41546
0.891237, 0.418526
0.914609, 0.421242
0.94027, 0.423763
0.967225, 0.426391
0.994975, 0.429289
0.00282045, 0.446967
0.0307728, 0.444803
0.0578862, 0.442838
0.0835895, 0.440938
0.106832, 0.438865
0.127739, 0.436515
0.148185, 0.434113
0.170358, 0.432053
0.195141, 0.430596
0.222012, 0.429763
0.25005, 0.429465
0.278387, 0.429575
0.3062, 0.429903
0.332665, 0.430131
0.357072, 0.429776
0.379376, 0.42836
0.400743, 0.425879
0.422903, 0.422903
0.446978, 0.420232
0.472952, 0.418474
0.5, 0.417873
0.527048, 0.418474
0.553022, 0.420232
0.577097, 0.422903
0.599257, 0.425879
0.620624, 0.42836
0.642928, 0.429776
0.667335, 0.430131
0.6938, 0.429903
0.721613, 0.429575
0.74995, 0.429465
0.777988, 0.429763
0.804859, 0.430596
0.829642, 0.432053
0.851815, 0.434113
0.872261, 0.436515
0.893168, 0.438865
0.91641, 0.440938
0.942114, 0.442838
0.969227, 0.444803
0.99718, 0.446967
0.00125157, 0.464645
0.0293493, 0.463206
0.0565746, 0.461899
0.0823018, 0.460628
0.105443, 0.459228
0.126223, 0.457637
0.146694, 0.456028
0.169114, 0.454674
0.19427, 0.453745
0.221532, 0.453242
0.249924, 0.453101
0.278522, 0.453227
0.306404, 0.453466
0.332578, 0.453545
0.356188, 0.453041
0.377433, 0.451615
0.398072, 0.449406
0.420232, 0.446978
0.444981, 0.444981
0.471925, 0.443752
0.5, 0.443344
0.528075, 0.443752
0.555019, 0.444981
0.579768, 0.446978
0.601928, 0.449406
0.622567, 0.451615
0.643812, 0.453041
0.667422, 0.453545
0.693596, 0.453466
0.721478, 0.453227
0.750076, 0.453101
0.778468, 0.453242
0.80573, 0.453745
0.830886, 0.454674
0.853306, 0.456028
0.873777, 0.457637
0.894557, 0.459228
0.917698, 0.460628
0.943425, 0.461899
0.970651, 0.463206
0.998748, 0.464645
0.000312598, 0.482322
0.0284977, 0.481604
0.0557897, 0.480952
0.0815287, 0.480315
0.104605, 0.479609
0.125311, 0.478807
0.145805, 0.478
0.168382, 0.47733
0.193769, 0.476878
0.221269, 0.476643
0.249874, 0.47659
0.278621, 0.476668
0.306513, 0.47679
0.332426, 0.476796
0.355418, 0.476438
0.375938, 0.475555
0.396172, 0.474275
0.418474, 0.472952
0.443752, 0.471925
0.471315, 0.471315
0.5, 0.471115
0.528685, 0.471315
0.556248, 0.471925
0.581526, 0.472952
0.603828, 0.474275
0.624062, 0.475555
0.644582, 0.476438
0.667574, 0.476796
0.693487, 0.47679
0.721379, 0.476668
0.750126, 0.47659
0.778731, 0.476643
0.806231, 0.476878
0.831618, 0.47733
0.854195, 0.478
0.874689, 0.478807
0.895395, 0.479609
0.918471, 0.480315
0.94421, 0.480952
0.971502, 0.481604
0.999687, 0.482322
0, 0.5
0.0282143, 0.5
0.0555285, 0.5
0.0812709, 0.5
0.104325, 0.5
0.125006, 0.5
0.145509, 0.5
0.168141, 0.5
0.193606, 0.5
0.221186, 0.5
0.249862, 0.5
0.278657, 0.5
0.306545, 0.5
0.332354, 0.5
0.355115, 0.5
0.375381, 0.5
0.395492, 0.5
0.417873, 0.5
0.443344, 0.5
0.471115, 0.5
0.5, 0.5
0.528885, 0.5
0.556656, 0.5
0.582127, 0.5
0.604508, 0.5
0.624619, 0.5
0.644885, 0.5
0.667646, 0.5
0.693455, 0.5
0.721343, 0.5
0.750138, 0.5
0.778814, 0.5
0.806394, 0.5
0.831859, 0.5
0.854491, 0.5
0.874994, 0.5
0.895675, 0.5
0.918729, 0.5
0.944472, 0.5
0.971786, 0.5
1, 0.5
0.000312598, 0.517678
0.0284977, 0.518396
0.0557897, 0.519048
0.0815287, 0.519685
0.104605, 0.520391
0.125311, 0.521193
0.145805, 0.522
0.168382, 0.52267
0.193769, 0.523122
0.221269, 0.523357
0.249874, 0.52341
0.278621, 0.523332
0.306513, 0.52321
0.332426, 0.523204
0.355418, 0.523562
0.375938, 0.524445
0.396172, 0.525725
0.418474, 0.527048
0.443752, 0.528075
0.471315, 0.528685
0.5, 0.528885
0.528685, 0.528685
0.556248, 0.528075
0.581526, 0.527048
0.603828, 0.525725
0.624062, 0.524445
0.644582, 0.523562
0.667574, 0.523204
0.693487, 0.52321
0.721379, 0.523332
0.750126, 0.52341
0.778731, 0.523357
0.806231, 0.523122
0.831618, 0.52267
0.854195, 0.522
0.874689, 0.521193
0.895395, 0.520391
0.918471, 0.519685
0.94421, 0.519048
0.971502, 0.518396
0.999687, 0.517678
0.00125157, 0.535355
0.0293493, 0.536794
0.0565746, 0.538101
0.0823018, 0.539372
0.105443, 0.540772
0.126223, 0.542363
0.146694, 0.543972
0.169114, 0.545326
0.19427, 0.546255
0.221532, 0.546758
0.249924, 0.546899
0.278522, 0.546773
0.306404, 0.546534
0.332578, 0.546455
0.356188, 0.546959
0.377433, 0.548385
0.398072, 0.550594
0.420232, 0.553022
0.444981, 0.555019
0.471925, 0.556248
0.5, 0.556656
0.528075, 0.556248
0.555019, 0.555019
0.579768, 0.553022
0.601928, 0.550594
0.622567, 0.548385
0.643812, 0.546959
0.667422, 0.546455
0.693596, 0.546534
0.721478, 0.546773
0.750076, 0.546899
0.778468, 0.546758
0.80573, 0.546255
0.830886, 0.545326
0.853306, 0.543972
0.873777, 0.542363
0.894557, 0.540772
0.917698, 0.539372
0.943425, 0.538101
0.970651, 0.536794
0.998748, 0.535355
0.00282045, 0.553033
0.0307728, 0.555197
0.0578862, 0.557162
0.0835895, 0.559062
0.106832, 0.561135
0.127739, 0.563485
0.148185, 0.565887
0.170358, 0.567947
0.195141, 0.569404
0.222012, 0.570237
0.25005, 0.570535
0.278387, 0.570425
0.3062, 0.570097
0.332665, 0.569869
0.357072, 0.570224
0.379376, 0.57164
0.400743, 0.574121
0.422903, 0.577097
0.446978, 0.579768
0.472952, 0.581526
0.5, 0.582127
0.527048, 0.581526
0.553022, 0.579768
0.577097, 0.577097
0.599257, 0.574121
0.620624, 0.57164
0.642928, 0.570224
0.667335, 0.569869
0.6938, 0.570097
0.721613, 0.570425
0.74995, 0.570535
0.777988, 0.570237
0.804859, 0.569404
0.829642, 0.567947
0.851815, 0.565887
0.872261, 0.563485
0.893168, 0.561135
0.91641, 0.559062
0.942114, 0.557162
0.969227, 0.555197
0.99718, 0.553033
0.00502525, 0.570711
0.0327749, 0.573609
0.0597299, 0.576237
0.0853912, 0.578758
0.108763, 0.581474
0.12985, 0.58454
0.150288, 0.587713
0.172151, 0.590506
0.196435, 0.592558
0.222772, 0.593811
0.25032, 0.594364
0.278273, 0.594367
0.305908, 0.594023
0.332562, 0.593637
0.357687, 0.593649
0.381119, 0.594554
0.403451, 0.596549
0.425879, 0.599257
0.449406, 0.601928
0.474275, 0.603828
0.5, 0.604508
0.525725, 0.603828
0.550594, 0.601928
0.574121, 0.599257
0.596549, 0.596549
0.618881, 0.594554
0.642313, 0.593649
0.667438, 0.593637
0.694092, 0.594023
0.721727, 0.594367
0.74968, 0.594364
0.777228, 0.593811
0.803565, 0.592558
0.827849, 0.590506
0.849712, 0.587713
0.87015, 0.58454
0.891237, 0.581474
0.914609, 0.578758
0.94027, 0.576237
0.967225, 0.573609
0.994975, 0.570711
0.00787451, 0.588388
0.0353649, 0.59203
0.0621135, 0.595329
0.087707, 0.598465
0.111222, 0.601788
0.13254, 0.605512
0.153008, 0.609418
0.174536, 0.612961
0.198223, 0.615684
0.223899, 0.617465
0.250827, 0.618398
0.278269, 0.618645
0.305589, 0.618406
0.332247, 0.61795
0.357827, 0.61763
0.382151, 0.617849
0.405446, 0.618881
0.42836, 0.620624
0.451615, 0.622567
0.475555, 0.624062
0.5, 0.624619
0.524445, 0.624062
0.548385, 0.622567
0.57164, 0.620624
0.594554, 0.618881
0.617849, 0.617849
0.642173, 0.61763
0.667753, 0.61795
0.694411, 0.618406
0.721731, 0.618645
0.749173, 0.618398
0.776101, 0.617465
0.801777, 0.615684
0.825464, 0.612961
0.846992, 0.609418
0.86746, 0.605512
0.888778, 0.601788
0.912293, 0.598465
0.937886, 0.595329
0.964635, 0.59203
0.992125, 0.588388
0.0113795, 0.606066
0.0385551, 0.610464
0.0650479, 0.614443
0.0905386, 0.618189
0.114194, 0.622081
0.135787, 0.626393
0.156345, 0.630969
0.177557, 0.635259
0.200587, 0.638724
0.225496, 0.64115
0.251688, 0.642604
0.278499, 0.643248
0.305362, 0.643276
0.331821, 0.64292
0.357546, 0.642454
0.38237, 0.642173
0.406351, 0.642313
0.429776, 0.642928
0.453041, 0.643812
0.476438, 0.644582
0.5, 0.644885
0.523562, 0.644582
0.546959, 0.643812
0.570224, 0.642928
0.593649, 0.642313
0.61763, 0.642173
0.642454, 0.642454
0.668179, 0.64292
0.694638, 0.643276
0.721501, 0.643248
0.748312, 0.642604
0.774504, 0.64115
0.799413, 0.638724
0.822443, 0.635259
0.843655, 0.630969
0.864213, 0.626393
0.885806, 0.622081
0.909461, 0.618189
0.934952, 0.614443
0.961445, 0.610464
0.988621, 0.606066
0.0155544, 0.623744
0.0423609, 0.628913
0.0685468, 0.633584
0.0938906, 0.637938
0.117662, 0.642364
0.139559, 0.647186
0.160283, 0.652344
0.181248, 0.657341
0.203616, 0.661591
0.227683, 0.664774
0.25304, 0.666894
0.279112, 0.668098
0.305389, 0.668574
0.331473, 0.668527
0.35708, 0.668179
0.38205, 0.667753
0.406363, 0.667438
0.430131, 0.667335
0.453545, 0.667422
0.476796, 0.667574
0.5, 0.667646
0.523204, 0.667574
0.546455, 0.667422
0.569869, 0.667335
0.593637, 0.667438
0.61795, 0.667753
0.64292, 0.668179
0.668527, 0.668527
0.694611, 0.668574
0.720888, 0.668098
0.74696, 0.666894
0.772317, 0.664774
0.796384, 0.661591
0.818752, 0.657341
0.839717, 0.652344
0.860441, 0.647186
0.882338, 0.642364
0.906109, 0.637938
0.931453, 0.633584
0.957639, 0.628913
0.984446, 0.623744
0.0204168, 0.641421
0.0468012, 0.647378
0.0726282, 0.652757
0.0977716, 0.65772
0.121614, 0.662653
0.143816, 0.667908
0.164784, 0.673537
0.185614, 0.679152
0.207386, 0.684177
0.230584, 0.688199
0.255033, 0.691118
0.280273, 0.693042
0.305857, 0.694143
0.331426, 0.694611
0.356724, 0.694638
0.381594, 0.694411
0.405977, 0.694092
0.429903, 0.6938
0.453466, 0.693596
0.47679, 0.693487
0.5, 0.693455
0.52321, 0.693487
0.546534, 0.693596
0.570097, 0.6938
0.594023, 0.694092
0.618406, 0.694411
0.643276, 0.694638
0.668574, 0.694611
0.694143, 0.694143
0.719727, 0.693042
0.744967, 0.691118
0.769416, 0.688199
0.792614, 0.684177
0.814386, 0.679152
0.835216, 0.673537
0.856184, 0.667908
0.878386, 0.662653
0.902228, 0.65772
0.927372, 0.652757
0.953199, 0.647378
0.979583, 0.641421
0.0259879, 0.659099
0.0518988, 0.665862
0.0773141, 0.671965
0.102196, 0.677547
0.12604, 0.68297
0.148515, 0.688594
0.169787, 0.69457
0.190621, 0.700662
0.211936, 0.706375
0.234316, 0.711248
0.25782, 0.715063
0.282158, 0.717842
0.306958, 0.719727
0.331902, 0.720888
0.356752, 0.721501
0.381355, 0.721731
0.405633, 0.721727
0.429575, 0.721613
0.453227, 0.721478
0.476668, 0.721379
0.5, 0.721343
0.523332, 0.721379
0.546773, 0.721478
0.570425, 0.721613
0.594367, 0.721727
0.618645, 0.721731
0.643248, 0.721501
0.668098, 0.720888
0.693042, 0.719727
0.717842, 0.717842
0.74218, 0.715063
0.765684, 0.711248
0.788064, 0.706375
0.809379, 0.700662
0.830213, 0.69457
0.851485, 0.688594
0.87396, 0.68297
0.897804, 0.677547
0.922686, 0.671965
0.948101, 0.665862
0.974012, 0.659099
0.0322928, 0.676777
0.0576808, 0.684365
0.0826313, 0.691212
0.107184, 0.697428
0.130943, 0.70334
0.153617, 0.70929
0.175212, 0.7155
0.196184, 0.721895
0.217235, 0.728119
0.238941, 0.733742
0.261539, 0.738461
0.284937, 0.74218
0.308882, 0.744967
0.333106, 0.74696
0.357396, 0.748312
0.381602, 0.749173
0.405636, 0.74968
0.429465, 0.74995
0.453101, 0.750076
0.47659, 0.750126
0.5, 0.750138
0.52341, 0.750126
0.546899, 0.750076
0.570535, 0.74995
0.594364, 0.74968
0.618398, 0.749173
0.642604, 0.748312
0.666894, 0.74696
0.691118, 0.744967
0.715063, 0.74218
0.738461, 0.738461
0.761059, 0.733742
0.782765, 0.728119
0.803816, 0.721895
0.824788, 0.7155
0.846383, 0.70929
0.869057, 0.70334
0.892816, 0.697428
0.917369, 0.691212
0.942319, 0.684365
0.967707, 0.676777
0.0393619, 0.694454
0.0641791, 0.702888
0.0886125, 0.7105
0.112765, 0.717371
0.136338, 0.723788
0.159097, 0.730054
0.18097, 0.736418
0.202172, 0.742941
0.223162, 0.749437
0.24442, 0.75558
0.266258, 0.761059
0.288752, 0.765684
0.311801, 0.769416
0.335226, 0.772317
0.35885, 0.774504
0.382535, 0.776101
0.406189, 0.777228
0.429763, 0.777988
0.453242, 0.778468
0.476643, 0.778731
0.5, 0.778814
0.523357, 0.778731
0.546758, 0.778468
0.570237, 0.777988
0.593811, 0.777228
0.617465, 0.776101
0.64115, 0.774504
0.664774, 0.772317
0.688199, 0.769416
0.711248, 0.765684
0.733742, 0.761059
0.75558, 0.75558
0.776838, 0.749437
0.797828, 0.742941
0.81903, 0.736418
0.840903, 0.730054
0.863662, 0.723788
0.887235, 0.717371
0.911388, 0.7105
0.935821, 0.702888
0.960638, 0.694454
0.0472307, 0.712132
0.0714316, 0.721431
0.0952967, 0.729831
0.118977, 0.737383
0.142256, 0.744335
0.164958, 0.750941
0.186994, 0.757437
0.20843, 0.763964
0.229509, 0.770491
0.250563, 0.776838
0.271881, 0.782765
0.293625, 0.788064
0.315823, 0.792614
0.338409, 0.796384
0.361276, 0.799413
0.384316, 0.801777
0.407442, 0.803565
0.430596, 0.804859
0.453745, 0.80573
0.476878, 0.806231
0.5, 0.806394
0.523122, 0.806231
0.546255, 0.80573
0.569404, 0.804859
0.592558, 0.803565
0.615684, 0.801777
0.638724, 0.799413
0.661591, 0.796384
0.684177, 0.792614
0.706375, 0.788064
0.728119, 0.782765
0.749437, 0.776838
0.770491, 0.770491
0.79157, 0.763964
0.813006, 0.757437
0.835042, 0.750941
0.857744, 0.744335
0.881023, 0.737383
0.904703, 0.729831
0.928568, 0.721431
0.952769, 0.712132
0.055942, 0.72981
0.0794827, 0.739994
0.10273, 0.749205
0.125867, 0.757469
0.148742, 0.764996
0.171232, 0.771996
0.193263, 0.778667
0.214831, 0.785169
0.236036, 0.79157
0.257059, 0.797828
0.278105, 0.803816
0.299338, 0.809379
0.320848, 0.814386
0.342659, 0.818752
0.364741, 0.822443
0.387039, 0.825464
0.409494, 0.827849
0.432053, 0.829642
0.454674, 0.830886
0.47733, 0.831618
0.5, 0.831859
0.52267, 0.831618
0.545326, 0.830886
0.567947, 0.829642
0.590506, 0.827849
0.612961, 0.825464
0.635259, 0.822443
0.657341, 0.818752
0.679152, 0.814386
0.700662, 0.809379
0.721895, 0.803816
0.742941, 0.797828
0.763964, 0.79157
0.785169, 0.785169
0.806737, 0.778667
0.828768, 0.771996
0.851258, 0.764996
0.874133, 0.757469
0.89727, 0.749205
0.920517, 0.739994
0.944058, 0.72981
0.0655463, 0.747487
0.0883848, 0.758576
0.110968, 0.768619
0.133493, 0.777626
0.15586, 0.785777
0.177986, 0.793243
0.199817, 0.800183
0.221333, 0.806737
0.242563, 0.813006
0.263582, 0.81903
0.2845, 0.824788
0.30543, 0.830213
0.326463, 0.835216
0.347656, 0.839717
0.369031, 0.843655
0.390582, 0.846992
0.412287, 0.849712
0.434113, 0.851815
0.456028, 0.853306
0.478, 0.854195
0.5, 0.854491
0.522, 0.854195
0.543972, 0.853306
0.565887, 0.851815
0.587713, 0.849712
0.609418, 0.846992
0.630969, 0.843655
0.652344, 0.839717
0.673537, 0.835216
0.69457, 0.830213
0.7155, 0.824788
0.736418, 0.81903
0.757437, 0.813006
0.778667, 0.806737
0.800183, 0.800183
0.822014, 0.793243
0.84414, 0.785777
0.866507, 0.777626
0.889032, 0.768619
0.911615, 0.758576
0.934454, 0.747487
0.0761044, 0.765165
0.0982004, 0.777174
0.120075, 0.788068
0.141925, 0.797851
0.16369, 0.806676
0.185313, 0.814687
0.206757, 0.822014
0.228004, 0.828768
0.249059, 0.835042
0.269946, 0.840903
0.29071, 0.846383
0.311406, 0.851485
0.332092, 0.856184
0.352814, 0.860441
0.373607, 0.864213
0.394488, 0.86746
0.41546, 0.87015
0.436515, 0.872261
0.457637, 0.873777
0.478807, 0.874689
0.5, 0.874994
0.521193, 0.874689
0.542363, 0.873777
0.563485, 0.872261
0.58454, 0.87015
0.605512, 0.86746
0.626393, 0.864213
0.647186, 0.860441
0.667908, 0.856184
0.688594, 0.851485
0.70929, 0.846383
0.730054, 0.840903
0.750941, 0.835042
0.771996, 0.828768
0.793243, 0.822014
0.814687, 0.814687
0.83631, 0.806676
0.858075, 0.797851
0.879925, 0.788068
0.9018, 0.777174
0.923896, 0.765165
0.0876894, 0.782843
0.109004, 0.795786
0.130127, 0.807546
0.151245, 0.818131
0.172323, 0.827677
0.193324, 0.83631
0.214223, 0.84414
0.235004, 0.851258
0.255665, 0.857744
0.276212, 0.863662
0.29666, 0.869057
0.31703, 0.87396
0.337347, 0.878386
0.357636, 0.882338
0.377919, 0.885806
0.398212, 0.888778
0.418526, 0.891237
0.438865, 0.893168
0.459228, 0.894557
0.479609, 0.895395
0.5, 0.895675
0.520391, 0.895395
0.540772, 0.894557
0.561135, 0.893168
0.581474, 0.891237
0.601788, 0.888778
0.622081, 0.885806
0.642364, 0.882338
0.662653, 0.878386
0.68297, 0.87396
0.70334, 0.869057
0.723788, 0.863662
0.744335, 0.857744
0.764996, 0.851258
0.785777, 0.84414
0.806676, 0.83631
0.827677, 0.827677
0.848755, 0.818131
0.869873, 0.807546
0.890996, 0.795786
0.912311, 0.782843
0.100391, 0.80052
0.120885, 0.814407
0.141217, 0.827043
0.161551, 0.838449
0.181869, 0.848755
0.202149, 0.858075
0.222374, 0.866507
0.242531, 0.874133
0.262617, 0.881023
0.282629, 0.887235
0.302572, 0.892816
0.322453, 0.897804
0.34228, 0.902228
0.362062, 0.906109
0.381811, 0.909461
0.401535, 0.912293
0.421242, 0.914609
0.440938, 0.91641
0.460628, 0.917698
0.480315, 0.918471
0.5, 0.918729
0.519685, 0.918471
0.539372, 0.917698
0.559062, 0.91641
0.578758, 0.914609
0.598465, 0.912293
0.618189, 0.909461
0.637938, 0.906109
0.65772, 0.902228
0.677547, 0.897804
0.697428, 0.892816
0.717371, 0.887235
0.737383, 0.881023
0.757469, 0.874133
0.777626, 0.866507
0.797851, 0.858075
0.818131, 0.848755
0.838449, 0.838449
0.858783, 0.827043
0.879115, 0.814407
0.899609, 0.80052
0.114319, 0.818198
0.133953, 0.833033
0.153455, 0.846545
0.172957, 0.858783
0.192454, 0.869873
0.211932, 0.879925
0.231381, 0.889032
0.250795, 0.89727
0.270169, 0.904703
0.2895, 0.911388
0.308788, 0.917369
0.328035, 0.922686
0.347243, 0.927372
0.366416, 0.931453
0.385557, 0.934952
0.404671, 0.937886
0.423763, 0.94027
0.442838, 0.942114
0.461899, 0.943425
0.480952, 0.94421
0.5, 0.944472
0.519048, 0.94421
0.538101, 0.943425
0.557162, 0.942114
0.576237, 0.94027
0.595329, 0.937886
0.614443, 0.934952
0.633584, 0.931453
0.652757, 0.927372
0.671965, 0.922686
0.691212, 0.917369
0.7105, 0.911388
0.729831, 0.904703
0.749205, 0.89727
0.768619, 0.889032
0.788068, 0.879925
0.807546, 0.869873
0.827043, 0.858783
0.846545, 0.846545
0.866047, 0.833033
0.885681, 0.818198
0.129612, 0.835876
0.148344, 0.851656
0.166967, 0.866047
0.185593, 0.879115
0.204214, 0.890996
0.222826, 0.9018
0.241424, 0.911615
0.260006, 0.920517
0.278569, 0.928568
0.297112, 0.935821
0.315635, 0.942319
0.334138, 0.948101
0.352622, 0.953199
0.371087, 0.957639
0.389536, 0.961445
0.40797, 0.964635
0.426391, 0.967225
0.444803, 0.969227
0.463206, 0.970651
0.481604, 0.971502
0.5, 0.971786
0.518396, 0.971502
0.536794, 0.970651
0.555197, 0.969227
0.573609, 0.967225
0.59203, 0.964635
0.610464, 0.961445
0.628913, 0.957639
0.647378, 0.953199
0.665862, 0.948101
0.684365, 0.942319
0.702888, 0.935821
0.721431, 0.928568
0.739994, 0.920517
0.758576, 0.911615
0.777174, 0.9018
0.795786, 0.890996
0.814407, 0.879115
0.833033, 0.866047
0.851656, 0.851656
0.870388, 0.835876
0.146447, 0.853553
0.164124, 0.870388
0.181802, 0.885681
0.19948, 0.899609
0.217157, 0.912311
0.234835, 0.923896
0.252513, 0.934454
0.27019, 0.944058
0.287868, 0.952769
0.305546, 0.960638
0.323223, 0.967707
0.340901, 0.974012
0.358579, 0.979583
0.376256, 0.984446
0.393934, 0.988621
0.411612, 0.992125
0.429289, 0.994975
0.446967, 0.99718
0.464645, 0.998748
0.482322, 0.999687
0.5, 1
0.517678, 0.999687
0.535355, 0.998748
0.553033, 0.99718
0.570711, 0.994975
0.588388, 0.992125
0.606066, 0.988621
0.623744, 0.984446
0.641421, 0.979583
0.659099, 0.974012
0.676777, 0.967707
0.694454, 0.960638
0.712132, 0.952769
0.72981, 0.944058
0.747487, 0.934454
0.765165, 0.923896
0.782843, 0.912311
0.80052, 0.899609
0.818198, 0.885681
0.835876, 0.870388
0.853553, 0.853553
0.146988, 0.146988
0.16515, 0.131427
0.183314, 0.117289
0.201474, 0.104422
0.219629, 0.0927025
0.237775, 0.0820304
0.255914, 0.0723248
0.274042, 0.0635184
0.292162, 0.0555551
0.310271, 0.048388
0.328372, 0.0419773
0.346463, 0.0362897
0.364547, 0.0312968
0.382623, 0.0269751
0.400693, 0.0233047
0.418757, 0.0202695
0.436816, 0.0178565
0.454871, 0.0160553
0.472924, 0.0148586
0.490975, 0.0142615
0.509025, 0.0142615
0.527076, 0.0148586
0.545129, 0.0160553
0.563184, 0.0178565
0.581243, 0.0202695
0.599307, 0.0233047
0.617377, 0.0269751
0.635453, 0.0312968
0.653537, 0.0362897
0.671628, 0.0419773
0.689729, 0.048388
0.707838, 0.0555551
0.725958, 0.0635184
0.744086, 0.0723248
0.762225, 0.0820304
0.780371, 0.0927025
0.798526, 0.104422
0.816686, 0.117289
0.83485, 0.131427
0.853012, 0.146988
0.131427, 0.16515
0.150508, 0.150508
0.169574, 0.137219
0.18864, 0.12516
0.207697, 0.11421
0.226737, 0.104269
0.245754, 0.0952553
0.264745, 0.0871005
0.283706, 0.0797466
0.302637, 0.0731445
0.321539, 0.0672525
0.340411, 0.0620355
0.359255, 0.0574637
0.378074, 0.053512
0.396871, 0.05016
0.415649, 0.0473905
0.43441, 0.0451903
0.453159, 0.0435489
0.471899, 0.0424587
0.490634, 0.0419149
0.509366, 0.0419149
0.528101, 0.0424587
0.546841, 0.0435489
0.56559, 0.0451903
0.584351, 0.0473905
0.603129, 0.05016
0.621926, 0.053512
0.640745, 0.0574637
0.659589, 0.0620355
0.678461, 0.0672525
0.697363, 0.0731445
0.716294, 0.0797466
0.735255, 0.0871005
0.754246, 0.0952553
0.773263, 0.104269
0.792303, 0.11421
0.81136, 0.12516
0.830426, 0.137219
0.849492, 0.150508
0.868573, 0.16515
0.117289, 0.183314
0.137219, 0.169574
0.157136, 0.157136
0.177051, 0.145884
0.196947, 0.135696
0.21681, 0.126471
0.236628, 0.118123
0.256394, 0.11058
0.276106, 0.103782
0.295763, 0.0976755
0.315366, 0.09222
0.334921, 0.0873801
0.354433, 0.0831281
0.373908, 0.0794421
0.393352, 0.0763054
0.412772, 0.0737057
0.432173, 0.0716344
0.451561, 0.0700852
0.47094, 0.0690543
0.490314, 0.0685394
0.509686, 0.0685394
0.52906, 0.0690543
0.548439, 0.0700852
0.567827, 0.0716344
0.587228, 0.0737057
0.606648, 0.0763054
0.626092, 0.0794421
0.645567, 0.0831281
0.665079, 0.0873801
0.684634, 0.09222
0.704237, 0.0976755
0.723894, 0.103782
0.743606, 0.11058
0.763372, 0.118123
0.78319, 0.126471
0.803053, 0.135696
0.822949, 0.145884
0.842864, 0.157136
0.862781, 0.169574
0.882711, 0.183314
0.104422, 0.201474
0.12516, 0.18864
0.145884, 0.177051
0.166596, 0.166596
0.187268, 0.157148
0.207874, 0.148598
0.228398, 0.140852
0.248832, 0.133832
0.269175, 0.127471
0.289431, 0.121716
0.309612, 0.116525
0.32973, 0.11187
0.349801, 0.107732
0.369842, 0.104101
0.389864, 0.100975
0.409881, 0.0983573
0.429898, 0.0962523
0.449921, 0.0946664
0.469949, 0.0936056
0.489983, 0.093074
0.510017, 0.093074
0.530051, 0.0936056
0.550079, 0.0946664
0.570102, 0.0962523
0.590119, 0.0983573
0.610136, 0.100975
0.630158, 0.104101
0.650199, 0.107732
0.67027, 0.11187
0.690388, 0.116525
0.710569, 0.121716
0.730825, 0.127471
0.751168, 0.133832
0.771602, 0.140852
0.792126, 0.148598
0.812732, 0.157148
0.833404, 0.166596
0.854116, 0.177051
0.87484, 0.18864
0.895578, 0.201474
0.0927025, 0.219629
0.11421, 0.207697
0.135696, 0.196947
0.157148, 0.187268
0.178518, 0.178518
0.199767, 0.170574
0.220875, 0.16333
0.241832, 0.156692
0.262644, 0.150585
0.283331, 0.144956
0.303925, 0.139772
0.324462, 0.135023
0.344979, 0.130717
0.365508, 0.126873
0.386073, 0.123519
0.406688, 0.12068
0.427355, 0.118382
0.448071, 0.116642
0.468826, 0.115474
0.489606, 0.114888
0.510394, 0.114888
0.531174, 0.115474
0.551929, 0.116642
0.572645, 0.118382
0.593312, 0.12068
0.613927, 0.123519
0.634492, 0.126873
0.655021, 0.130717
0.675538, 0.135023
0.696075, 0.139772
0.716669, 0.144956
0.737356, 0.150585
0.758168, 0.156692
0.779125, 0.16333
0.800233, 0.170574
0.821482, 0.178518
0.842852, 0.187268
0.864304, 0.196947
0.88579, 0.207697
0.907297, 0.219629
0.0820304, 0.237775
0.104269, 0.226737
0.126471, 0.21681
0.148598, 0.207874
0.170574, 0.199767
0.192345, 0.192345
0.213878, 0.185474
0.23517, 0.179042
0.256247, 0.17297
0.277167, 0.167217
0.298007, 0.161792
0.318846, 0.156734
0.339751, 0.152103
0.360765, 0.14796
0.381908, 0.144354
0.40318, 0.141322
0.424569, 0.138885
0.446052, 0.137054
0.467604, 0.135834
0.489197, 0.135224
0.510803, 0.135224
0.532396, 0.135834
0.553948, 0.137054
0.575431, 0.138885
0.59682, 0.141322
0.618092, 0.144354
0.639235, 0.14796
0.660249, 0.152103
0.681154, 0.156734
0.701993, 0.161792
0.722833, 0.167217
0.743753, 0.17297
0.76483, 0.179042
0.786122, 0.185474
0.807655, 0.192345
0.829426, 0.199767
0.851402, 0.207874
0.873529, 0.21681
0.895731, 0.226737
0.91797, 0.237775
0.0723248, 0.255914
0.0952553, 0.245754
0.118123, 0.236628
0.140852, 0.228398
0.16333, 0.220875
0.185474, 0.213878
0.207243, 0.207243
0.228653, 0.200843
0.249789, 0.194623
0.270791, 0.188612
0.291811, 0.182902
0.31297, 0.177611
0.334341, 0.172844
0.355947, 0.168675
0.377772, 0.16514
0.399779, 0.162244
0.421927, 0.159973
0.444172, 0.158302
0.46648, 0.157204
0.488823, 0.156661
0.511177, 0.156661
0.53352, 0.157204
0.555828, 0.158302
0.578073, 0.159973
0.600221, 0.162244
0.622228, 0.16514
0.644053, 0.168675
0.665659, 0.172844
0.68703, 0.177611
0.708189, 0.182902
0.729209, 0.188612
0.750211, 0.194623
0.771347, 0.200843
0.792757, 0.207243
0.814526, 0.213878
0.83667, 0.220875
0.859148, 0.228398
0.881877, 0.236628
0.904745, 0.245754
0.927675, 0.255914
0.0635184, 0.274042
0.0871005, 0.264745
0.11058, 0.256394
0.133832, 0.248832
0.156692, 0.241832
0.179042, 0.23517
0.200843, 0.228653
0.222178, 0.222178
0.243256, 0.215779
0.264339, 0.209609
0.285647, 0.203866
0.307303, 0.198718
0.329326, 0.194266
0.351671, 0.190538
0.374258, 0.18751
0.397004, 0.185125
0.419845, 0.183318
0.442731, 0.182025
0.465636, 0.181194
0.488545, 0.180788
0.511455, 0.180788
0.534364, 0.181194
0.557269, 0.182025
0.580155, 0.183318
0.602996, 0.185125
0.625742, 0.18751
0.648329, 0.190538
0.670674, 0.194266
0.692697, 0.198718
0.714353, 0.203866
0.735661, 0.209609
0.756744, 0.215779
0.777822, 0.222178
0.799157, 0.228653
0.820958, 0.23517
0.843308, 0.241832
0.866168, 0.248832
0.88942, 0.256394
0.912899, 0.264745
0.936482, 0.274042
0.0555551, 0.292162
0.0797466, 0.283706
0.103782, 0.276106
0.127471, 0.269175
0.150585, 0.262644
0.17297, 0.256247
0.194623, 0.249789
0.215779, 0.243256
0.236833, 0.236833
0.258165, 0.23081
0.280002, 0.225446
0.302383, 0.220887
0.325218, 0.21716
0.348366, 0.214208
0.37169, 0.211934
0.395081, 0.210233
0.41847, 0.209004
0.441818, 0.208163
0.465117, 0.20764
0.488377, 0.207391
0.511623, 0.207391
0.534883, 0.20764
0.558182, 0.208163
0.58153, 0.209004
0.604919, 0.210233
0.62831, 0.211934
0.651634, 0.214208
0.674782, 0.21716
0.697617, 0.220887
0.719998, 0.225446
0.741835, 0.23081
0.763167, 0.236833
0.784221, 0.243256
0.805377, 0.249789
0.82703, 0.256247
0.849415, 0.262644
0.872529, 0.269175
0.896218, 0.276106
0.920253, 0.283706
0.944445, 0.292162
0.048388, 0.310271
0.0731445, 0.302637
0.0976755, 0.295763
0.121716, 0.289431
0.144956, 0.283331
0.167217, 0.277167
0.188612, 0.270791
0.209609, 0.264339
0.23081, 0.258165
0.252647, 0.252647
0.275249, 0.248016
0.298503, 0.244325
0.322193, 0.2415
0.346105, 0.239416
0.370069, 0.237933
0.393973, 0.236922
0.417751, 0.236263
0.441385, 0.235858
0.46489, 0.235632
0.488307, 0.235531
0.511693, 0.235531
0.53511, 0.235632
0.558615, 0.235858
0.582249, 0.236263
0.606027, 0.236922
0.629931, 0.237933
0.653895, 0.239416
0.677807, 0.2415
0.701497, 0.244325
0.724751, 0.248016
0.747353, 0.252647
0.76919, 0.258165
0.790391, 0.264339
0.811388, 0.270791
0.832783, 0.277167
0.855044, 0.283331
0.878284, 0.289431
0.902324, 0.295763
0.926856, 0.302637
0.951612, 0.310271
0.0419773, 0.328372
0.0672525, 0.321539
0.09222, 0.315366
0.116525, 0.309612
0.139772, 0.303925
0.161792, 0.298007
0.182902, 0.291811
0.203866, 0.285647
0.225446, 0.280002
0.248016, 0.275249
0.271521, 0.271521
0.29568, 0.268761
0.320181, 0.266828
0.34477, 0.265562
0.369264, 0.264806
0.393548, 0.264412
0.417572, 0.264251
0.441339, 0.264218
0.464895, 0.264235
0.488314, 0.264255
0.511686, 0.264255
0.535105, 0.264235
0.558661, 0.264218
0.582428, 0.264251
0.606452, 0.264412
0.630736, 0.264806
0.65523, 0.265562
0.679819, 0.266828
0.70432, 0.268761
0.728479, 0.271521
0.751984, 0.275249
0.774554, 0.280002
0.796134, 0.285647
0.817098, 0.291811
0.838208, 0.298007
0.860228, 0.303925
0.883475, 0.309612
0.90778, 0.315366
0.932747, 0.321539
0.958023, 0.328372
0.0362897, 0.346463
0.0620355, 0.340411
0.0873801, 0.334921
0.11187, 0.32973
0.135023, 0.324462
0.156734, 0.318846
0.177611, 0.31297
0.198718, 0.307303
0.220887, 0.302383
0.244325, 0.298503
0.268761, 0.29568
0.293782, 0.293782
0.31902, 0.292641
0.344191, 0.29208
0.3691, 0.291924
0.393637, 0.29201
0.417773, 0.292202
0.441546, 0.2924
0.465041, 0.292547
0.488366, 0.292623
0.511634, 0.292623
0.534959, 0.292547
0.558454, 0.2924
0.582227, 0.292202
0.606363, 0.29201
0.6309, 0.291924
0.655809, 0.29208
0.68098, 0.292641
0.706218, 0.293782
0.731239, 0.29568
0.755675, 0.298503
0.779113, 0.302383
0.801282, 0.307303
0.822389, 0.31297
0.843266, 0.318846
0.864977, 0.324462
0.88813, 0.32973
0.91262, 0.334921
0.937964, 0.340411
0.96371, 0.346463
0.0312968, 0.364547
0.0574637, 0.359255
0.0831281, 0.354433
0.107732, 0.349801
0.130717, 0.344979
0.152103, 0.339751
0.172844, 0.334341
0.194266, 0.329326
0.21716, 0.325218
0.2415, 0.322193
0.266828, 0.320181
0.292641, 0.31902
0.318527, 0.318527
0.344171, 0.318507
0.369365, 0.318761
0.394009, 0.319104
0.418115, 0.319391
0.441785, 0.319553
0.465168, 0.319601
0.488404, 0.319598
0.511596, 0.319598
0.534832, 0.319601
0.558215, 0.319553
0.581885, 0.319391
0.605991, 0.319104
0.630635, 0.318761
0.655829, 0.318507
0.681473, 0.318527
0.707359, 0.31902
0.733172, 0.320181
0.7585, 0.322193
0.78284, 0.325218
0.805734, 0.329326
0.827156, 0.334341
0.847897, 0.339751
0.869283, 0.344979
0.892268, 0.349801
0.916872, 0.354433
0.942536, 0.359255
0.968703, 0.364547
0.0269751, 0.382623
0.053512, 0.378074
0.0794421, 0.373908
0.104101, 0.369842
0.126873, 0.365508
0.14796, 0.360765
0.168675, 0.355947
0.190538, 0.351671
0.214208, 0.348366
0.239416, 0.346105
0.265562, 0.34477
0.29208, 0.344191
0.318507, 0.344171
0.344488, 0.344488
0.36979, 0.344896
0.394335, 0.345164
0.418221, 0.345136
0.441688, 0.344815
0.465002, 0.344374
0.488325, 0.344065
0.511675, 0.344065
0.534998, 0.344374
0.558312, 0.344815
0.581779, 0.345136
0.605665, 0.345164
0.63021, 0.344896
0.655512, 0.344488
0.681493, 0.344171
0.70792, 0.344191
0.734438, 0.34477
0.760584, 0.346105
0.785792, 0.348366
0.809462, 0.351671
0.831325, 0.355947
0.85204, 0.360765
0.873127, 0.365508
0.895899, 0.369842
0.920558, 0.373908
0.946488, 0.378074
0.973025, 0.382623
0.0233047, 0.400693
0.05016, 0.396871
0.0763054, 0.393352
0.100975, 0.389864
0.123519, 0.386073
0.144354, 0.381908
0.16514, 0.377772
0.18751, 0.374258
0.211934, 0.37169
0.237933, 0.370069
0.264806, 0.369264
0.291924, 0.3691
0.318761, 0.369365
0.344896, 0.36979
0.370052, 0.370052
0.394189, 0.369835
0.417589, 0.368984
0.440774, 0.367673
0.464205, 0.366363
0.488012, 0.365555
0.511988, 0.365555
0.535795, 0.366363
0.559226, 0.367673
0.582411, 0.368984
0.605811, 0.369835
0.629948, 0.370052
0.655104, 0.36979
0.681239, 0.369365
0.708076, 0.3691
0.735194, 0.369264
0.762067, 0.370069
0.788066, 0.37169
0.81249, 0.374258
0.83486, 0.377772
0.855646, 0.381908
0.876481, 0.386073
0.899025, 0.389864
0.923695, 0.393352
0.94984, 0.396871
0.976695, 0.400693
0.0202695, 0.418757
0.0473905, 0.415649
0.0737057, 0.412772
0.0983573, 0.409881
0.12068, 0.406688
0.141322, 0.40318
0.162244, 0.399779
0.185125, 0.397004
0.210233, 0.395081
0.236922, 0.393973
0.264412, 0.393548
0.29201, 0.393637
0.319104, 0.394009
0.345164, 0.394335
0.369835, 0.394189
0.393171, 0.393171
0.415836, 0.391229
0.438795, 0.388832
0.462672, 0.38671
0.487439, 0.385485
0.512561, 0.385485
0.537328, 0.38671
0.561205, 0.388832
0.584164, 0.391229
0.606829, 0.393171
0.630165, 0.394189
0.654836, 0.394335
0.680896, 0.394009
0.70799, 0.393637
0.735588, 0.393548
0.763078, 0.393973
0.789767, 0.395081
0.814875, 0.397004
0.837756, 0.399779
0.858678, 0.40318
0.87932, 0.406688
0.901643, 0.409881
0.926294, 0.412772
0.952609, 0.415649
0.97973, 0.418757
0.0178565, 0.436816
0.0451903, 0.43441
0.0716344, 0.432173
0.0962523, 0.429898
0.118382, 0.427355
0.138885, 0.424569
0.159973, 0.421927
0.183318, 0.419845
0.209004, 0.41847
0.236263, 0.417751
0.264251, 0.417572
0.292202, 0.417773
0.319391, 0.418115
0.345136, 0.418221
0.368984, 0.417589
0.391229, 0.415836
0.413134, 0.413134
0.436106, 0.410203
0.460756, 0.407842
0.486754, 0.406564
0.513246, 0.406564
0.539244, 0.407842
0.563894, 0.410203
0.586866, 0.413134
0.608771, 0.415836
0.631016, 0.417589
0.654864, 0.418221
0.680609, 0.418115
0.707798, 0.417773
0.735749, 0.417572
0.763737, 0.417751
0.790996, 0.41847
0.816682, 0.419845
0.840027, 0.421927
0.861115, 0.424569
0.881618, 0.427355
0.903748, 0.429898
0.928366, 0.432173
0.95481, 0.43441
0.982144, 0.436816
0.0160553, 0.454871
0.0435489, 0.453159
0.0700852, 0.451561
0.0946664, 0.449921
0.116642, 0.448071
0.137054, 0.446052
0.158302, 0.444172
0.182025, 0.442731
0.208163, 0.441818
0.235858, 0.441385
0.264218, 0.441339
0.2924, 0.441546
0.319553, 0.441785
0.344815, 0.441688
0.367673, 0.440774
0.388832, 0.438795
0.410203, 0.436106
0.433475, 0.433475
0.459027, 0.431536
0.486163, 0.430547
0.513837, 0.430547
0.540973, 0.431536
0.566525, 0.433475
0.589797, 0.436106
0.611168, 0.438795
0.632327, 0.440774
0.655185, 0.441688
0.680447, 0.441785
0.7076, 0.441546
0.735782, 0.441339
0.764142, 0.441385
0.791837, 0.441818
0.817975, 0.442731
0.841698, 0.444172
0.862946, 0.446052
0.883358, 0.448071
0.905334, 0.449921
0.929915, 0.451561
0.956451, 0.453159
0.983945, 0.454871
0.0148586, 0.472924
0.0424587, 0.471899
0.0690543, 0.47094
0.0936056, 0.469949
0.115474, 0.468826
0.135834, 0.467604
0.157204, 0.46648
0.181194, 0.465636
0.20764, 0.465117
0.235632, 0.46489
0.264235, 0.464895
0.292547, 0.465041
0.319601, 0.465168
0.344374, 0.465002
0.366363, 0.464205
0.38671, 0.462672
0.407842, 0.460756
0.431536, 0.459027
0.457832, 0.457832
0.485766, 0.457242
0.514234, 0.457242
0.542168, 0.457832
0.568464, 0.459027
0.592158, 0.460756
0.61329, 0.462672
0.633637, 0.464205
0.655626, 0.465002
0.680399, 0.465168
0.707453, 0.465041
0.735765, 0.464895
0.764368, 0.46489
0.79236, 0.465117
0.818806, 0.465636
0.842796, 0.46648
0.864166, 0.467604
0.884526, 0.468826
0.906394, 0.469949
0.930946, 0.47094
0.957541, 0.471899
0.985141, 0.472924
0.0142615, 0.490975
0.0419149, 0.490634
0.0685394, 0.490314
0.093074, 0.489983
0.114888, 0.489606
0.135224, 0.489197
0.156661, 0.488823
0.180788, 0.488545
0.207391, 0.488377
0.235531, 0.488307
0.264255, 0.488314
0.292623, 0.488366
0.319598, 0.488404
0.344065, 0.488325
0.365555, 0.488012
0.385485, 0.487439
0.406564, 0.486754
0.430547, 0.486163
0.457242, 0.485766
0.485572, 0.485572
0.514428, 0.485572
0.542758, 0.485766
0.569453, 0.486163
0.593436, 0.486754
0.614515, 0.487439
0.634445, 0.488012
0.655935, 0.488325
0.680402, 0.488404
0.707377, 0.488366
0.735745, 0.488314
0.764469, 0.488307
0.792609, 0.488377
0.819212, 0.488545
0.843339, 0.488823
0.864776, 0.489197
0.885112, 0.489606
0.906926, 0.489983
0.931461, 0.490314
0.958085, 0.490634
0.985739, 0.490975
0.0142615, 0.509025
0.0419149, 0.509366
0.0685394, 0.509686
0.093074, 0.510017
0.114888, 0.510394
0.135224, 0.510803
0.156661, 0.511177
0.180788, 0.511455
0.207391, 0.511623
0.235531, 0.511693
0.264255, 0.511686
0.292623, 0.511634
0.319598, 0.511596
0.344065, 0.511675
0.365555, 0.511988
0.385485, 0.512561
0.406564, 0.513246
0.430547, 0.513837
0.457242, 0.514234
0.485572, 0.514428
0.514428, 0.514428
0.542758, 0.514234
0.569453, 0.513837
0.593436, 0.513246
0.614515, 0.512561
0.634445, 0.511988
0.655935, 0.511675
0.680402, 0.511596
0.707377, 0.511634
0.735745, 0.511686
0.764469, 0.511693
0.792609, 0.511623
0.819212, 0.511455
0.843339, 0.511177
0.864776, 0.510803
0.885112, 0.510394
0.906926, 0.510017
0.931461, 0.509686
0.958085, 0.509366
0.985739, 0.509025
0.0148586, 0.527076
0.0424587, 0.528101
0.0690543, 0.52906
0.0936056, 0.530051
0.115474, 0.531174
0.135834, 0.532396
0.157204, 0.53352
0.181194, 0.534364
0.20764, 0.534883
0.235632, 0.53511
0.264235, 0.535105
0.292547, 0.534959
0.319601, 0.534832
0.344374, 0.534998
0.366363, 0.535795
0.38671, 0.537328
0.407842, 0.539244
0.431536, 0.540973
0.457832, 0.542168
0.485766, 0.542758
0.514234, 0.542758
0.542168, 0.542168
0.568464, 0.540973
0.592158, 0.539244
0.61329, 0.537328
0.633637, 0.535795
0.655626, 0.534998
0.680399, 0.534832
0.707453, 0.534959
0.735765, 0.535105
0.764368, 0.53511
0.79236, 0.534883
0.818806, 0.534364
0.842796, 0.53352
0.864166, 0.532396
0.884526, 0.531174
0.906394, 0.530051
0.930946, 0.52906
0.957541, 0.528101
0.985141, 0.527076
0.0160553, 0.545129
0.0435489, 0.546841
0.0700852, 0.548439
0.0946664, 0.550079
0.116642, 0.551929
0.137054, 0.553948
0.158302, 0.555828
0.182025, 0.557269
0.208163, 0.558182
0.235858, 0.558615
0.264218, 0.558661
0.2924, 0.558454
0.319553, 0.558215
0.344815, 0.558312
0.367673, 0.559226
0.388832, 0.561205
0.410203, 0.563894
0.433475, 0.566525
0.459027, 0.568464
0.486163, 0.569453
0.513837, 0.569453
0.540973, 0.568464
0.566525, 0.566525
0.589797, 0.563894
0.611168, 0.561205
0.632327, 0.559226
0.655185, 0.558312
0.680447, 0.558215
0.7076, 0.558454
0.735782, 0.558661
0.764142, 0.558615
0.791837, 0.558182
0.817975, 0.557269
0.841698, 0.555828
0.862946, 0.553948
0.883358, 0.551929
0.905334, 0.550079
0.929915, 0.548439
0.956451, 0.546841
0.983945, 0.545129
0.0178565, 0.563184
0.0451903, 0.56559
0.0716344, 0.567827
0.0962523, 0.570102
0.118382, 0.572645
0.138885, 0.575431
0.159973, 0.578073
0.183318, 0.580155
0.209004, 0.58153
0.236263, 0.582249
0.264251, 0.582428
0.292202, 0.582227
0.319391, 0.581885
0.345136, 0.581779
0.368984, 0.582411
0.391229, 0.584164
0.413134, 0.586866
0.436106, 0.589797
0.460756, 0.592158
0.486754, 0.593436
0.513246, 0.593436
0.539244, 0.592158
0.563894, 0.589797
0.586866, 0.586866
0.608771, 0.584164
0.631016, 0.582411
0.654864, 0.581779
0.680609, 0.581885
0.707798, 0.582227
0.735749, 0.582428
0.763737, 0.582249
0.790996, 0.58153
0.816682, 0.580155
0.840027, 0.578073
0.861115, 0.575431
0.881618, 0.572645
0.903748, 0.570102
0.928366, 0.567827
0.95481, 0.56559
0.982144, 0.563184
0.0202695, 0.581243
0.0473905, 0.584351
0.0737057, 0.587228
0.0983573, 0.590119
0.12068, 0.593312
0.141322, 0.59682
0.162244, 0.600221
0.185125, 0.602996
0.210233, 0.604919
0.236922, 0.606027
0.264412, 0.606452
0.29201, 0.606363
0.319104, 0.605991
0.345164, 0.605665
0.369835, 0.605811
0.393171, 0.606829
0.415836, 0.608771
0.438795, 0.611168
0.462672, 0.61329
0.487439, 0.614515
0.512561, 0.614515
0.537328, 0.61329
0.561205, 0.611168
0.584164, 0.608771
0.606829, 0.606829
0.630165, 0.605811
0.654836, 0.605665
0.680896, 0.605991
0.70799, 0.606363
0.735588, 0.606452
0.763078, 0.606027
0.789767, 0.604919
0.814875, 0.602996
0.837756, 0.600221
0.858678, 0.59682
0.87932, 0.593312
0.901643, 0.590119
0.926294, 0.587228
0.952609, 0.584351
0.97973, 0.581243
0.0233047, 0.599307
0.05016, 0.603129
0.0763054, 0.606648
0.100975, 0.610136
0.123519, 0.613927
0.144354, 0.618092
0.16514, 0.622228
0.18751, 0.625742
0.211934, 0.62831
0.237933, 0.629931
0.264806, 0.630736
0.291924, 0.6309
0.318761, 0.630635
0.344896, 0.63021
0.370052, 0.629948
0.394189, 0.630165
0.417589, 0.631016
0.440774, 0.632327
0.464205, 0.633637
0.488012, 0.634445
0.511988, 0.634445
0.535795, 0.633637
0.559226, 0.632327
0.582411, 0.631016
0.605811, 0.630165
0.629948, 0.629948
0.655104, 0.63021
0.681239, 0.630635
0.708076, 0.6309
0.735194, 0.630736
0.762067, 0.629931
0.788066, 0.62831
0.81249, 0.625742
0.83486, 0.622228
0.855646, 0.618092
0.876481, 0.613927
0.899025, 0.610136
0.923695, 0.606648
0.94984, 0.603129
0.976695, 0.599307
0.0269751, 0.617377
0.053512, 0.621926
0.0794421, 0.626092
0.104101, 0.630158
0.126873, 0.634492
0.14796, 0.639235
0.168675, 0.644053
0.190538, 0.648329
0.214208, 0.651634
0.239416, 0.653895
0.265562, 0.65523
0.29208, 0.655809
0.318507, 0.655829
0.344488, 0.655512
0.36979, 0.655104
0.394335, 0.654836
0.418221, 0.654864
0.441688, 0.655185
0.465002, 0.655626
0.488325, 0.655935
0.511675, 0.655935
0.534998, 0.655626
0.558312, 0.655185
0.581779, 0.654864
0.605665, 0.654836
0.63021, 0.655104
0.655512, 0.655512
0.681493, 0.655829
0.70792, 0.655809
0.734438, 0.65523
0.760584, 0.653895
0.785792, 0.651634
0.809462, 0.648329
0.831325, 0.644053
0.85204, 0.639235
0.873127, 0.634492
0.895899, 0.630158
0.920558, 0.626092
0.946488, 0.621926
0.973025, 0.617377
0.0312968, 0.635453
0.0574637, 0.640745
0.0831281, 0.645567
0.107732, 0.650199
0.130717, 0.655021
0.152103, 0.660249
0.172844, 0.665659
0.194266, 0.670674
0.21716, 0.674782
0.2415, 0.677807
0.266828, 0.679819
0.292641, 0.68098
0.318527, 0.681473
0.344171, 0.681493
0.369365, 0.681239
0.394009, 0.680896
0.418115, 0.680609
0.441785, 0.680447
0.465168, 0.680399
0.488404, 0.680402
0.511596, 0.680402
0.534832, 0.680399
0.558215, 0.680447
0.581885, 0.680609
0.605991, 0.680896
0.630635, 0.681239
0.655829, 0.681493
0.681473, 0.681473
0.707359, 0.68098
0.733172, 0.679819
0.7585, 0.677807
0.78284, 0.674782
0.805734, 0.670674
0.827156, 0.665659
0.847897, 0.660249
0.869283, 0.655021
0.892268, 0.650199
0.916872, 0.645567
0.942536, 0.640745
0.968703, 0.635453
0.0362897, 0.653537
0.0620355, 0.659589
0.0873801, 0.665079
0.11187, 0.67027
0.135023, 0.675538
0.156734, 0.681154
0.177611, 0.68703
0.198718, 0.692697
0.220887, 0.697617
0.244325, 0.701497
0.268761, 0.70432
0.293782, 0.706218
0.31902, 0.707359
0.344191, 0.70792
0.3691, 0.708076
0.393637, 0.70799
0.417773, 0.707798
0.441546, 0.7076
0.465041, 0.707453
0.488366, 0.707377
0.511634, 0.707377
0.534959, 0.707453
0.558454, 0.7076
0.582227, 0.707798
0.606363, 0.70799
0.6309, 0.708076
0.655809, 0.70792
0.68098, 0.707359
0.706218, 0.706218
0.731239, 0.70432
0.755675, 0.701497
0.779113, 0.697617
0.801282, 0.692697
0.822389, 0.68703
0.843266, 0.681154
0.864977, 0.675538
0.88813, 0.67027
0.91262, 0.665079
0.937964, 0.659589
0.96371, 0.653537
0.0419773, 0.671628
0.0672525, 0.678461
0.09222, 0.684634
0.116525, 0.690388
0.139772, 0.696075
0.161792, 0.701993
0.182902, 0.708189
0.203866, 0.714353
0.225446, 0.719998
0.248016, 0.724751
0.271521, 0.728479
0.29568, 0.731239
0.320181, 0.733172
0.34477, 0.734438
0.369264, 0.735194
0.393548, 0.735588
0.417572, 0.735749
0.441339, 0.735782
0.464895, 0.735765
0.488314, 0.735745
0.511686, 0.735745
0.535105, 0.735765
0.558661, 0.735782
0.582428, 0.735749
0.606452, 0.735588
0.630736, 0.735194
0.65523, 0.734438
0.679819, 0.733172
0.70432, 0.731239
0.728479, 0.728479
0.751984, 0.724751
0.774554, 0.719998
0.796134, 0.714353
0.817098, 0.708189
0.838208, 0.701993
0.860228, 0.696075
0.883475, 0.690388
0.90778, 0.684634
0.932747, 0.678461
0.958023, 0.671628
0.048388, 0.689729
0.0731445, 0.697363
0.0976755, 0.704237
0.121716, 0.710569
0.144956, 0.716669
0.167217, 0.722833
0.188612, 0.729209
0.209609, 0.735661
0.23081, 0.741835
0.252647, 0.747353
0.275249, 0.751984
0.298503, 0.755675
0.322193, 0.7585
0.346105, 0.760584
0.370069, 0.762067
0.393973, 0.763078
0.417751, 0.763737
0.441385, 0.764142
0.46489, 0.764368
0.488307, 0.764469
0.511693, 0.764469
0.53511, 0.764368
0.558615, 0.764142
0.582249, 0.763737
0.606027, 0.763078
0.629931, 0.762067
0.653895, 0.760584
0.677807, 0.7585
0.701497, 0.755675
0.724751, 0.751984
0.747353, 0.747353
0.76919, 0.741835
0.790391, 0.735661
0.811388, 0.729209
0.832783, 0.722833
0.855044, 0.716669
0.878284, 0.710569
0.902324, 0.704237
0.926856, 0.697363
0.951612, 0.689729
0.0555551, 0.707838
0.0797466, 0.716294
0.103782, 0.723894
0.127471, 0.730825
0.150585, 0.737356
0.17297, 0.743753
0.194623, 0.750211
0.215779, 0.756744
0.236833, 0.763167
0.258165, 0.76919
0.280002, 0.774554
0.302383, 0.779113
0.325218, 0.78284
0.348366, 0.785792
0.37169, 0.788066
0.395081, 0.789767
0.41847, 0.790996
0.441818, 0.791837
0.465117, 0.79236
0.488377, 0.792609
0.511623, 0.792609
0.534883, 0.79236
0.558182, 0.791837
0.58153, 0.790996
0.604919, 0.789767
0.62831, 0.788066
0.651634, 0.785792
0.674782, 0.78284
0.697617, 0.779113
0.719998, 0.774554
0.741835, 0.76919
0.763167, 0.763167
0.784221, 0.756744
0.805377, 0.750211
0.82703, 0.743753
0.849415, 0.737356
0.872529, 0.730825
0.896218, 0.723894
0.920253, 0.716294
0.944445, 0.707838
0.0635184, 0.725958
0.0871005, 0.735255
0.11058, 0.743606
0.133832, 0.751168
0.156692, 0.758168
0.179042, 0.76483
0.200843, 0.771347
0.222178, 0.777822
0.243256, 0.784221
0.264339, 0.790391
0.285647, 0.796134
0.307303, 0.801282
0.329326, 0.805734
0.351671, 0.809462
0.374258, 0.81249
0.397004, 0.814875
0.419845, 0.816682
0.442731, 0.817975
0.465636, 0.818806
0.488545, 0.819212
0.511455, 0.819212
0.534364, 0.818806
0.557269, 0.817975
0.580155, 0.816682
0.602996, 0.814875
0.625742, 0.81249
0.648329, 0.809462
0.670674, 0.805734
0.692697, 0.801282
0.714353, 0.796134
0.735661, 0.790391
0.756744, 0.784221
0.777822, 0.777822
0.799157, 0.771347
0.820958, 0.76483
0.843308, 0.758168
0.866168, 0.751168
0.88942, 0.743606
0.912899, 0.735255
0.936482, 0.725958
0.0723248, 0.744086
0.0952553, 0.754246
0.118123, 0.763372
0.140852, 0.771602
0.16333, 0.779125
0.185474, 0.786122
0.207243, 0.792757
0.228653, 0.799157
0.249789, 0.805377
0.270791, 0.811388
0.291811, 0.817098
0.31297, 0.822389
0.334341, 0.827156
0.355947, 0.831325
0.377772, 0.83486
0.399779, 0.837756
0.421927, 0.840027
0.444172, 0.841698
0.46648, 0.842796
0.488823, 0.843339
0.511177, 0.843339
0.53352, 0.842796
0.555828, 0.841698
0.578073, 0.840027
0.600221, 0.837756
0.622228, 0.83486
0.644053, 0.831325
0.665659, 0.827156
0.68703, 0.822389
0.708189, 0.817098
0.729209, 0.811388
0.750211, 0.805377
0.771347, 0.799157
0.792757, 0.792757
0.814526, 0.786122
0.83667, 0.779125
0.859148, 0.771602
0.881877, 0.763372
0.904745, 0.754246
0.927675, 0.744086
0.0820304, 0.762225
0.104269, 0.773263
0.126471, 0.78319
0.148598, 0.792126
0.170574, 0.800233
0.192345, 0.807655
0.213878, 0.814526
0.23517, 0.820958
0.256247, 0.82703
0.277167, 0.832783
0.298007, 0.838208
0.318846, 0.843266
0.339751, 0.847897
0.360765, 0.85204
0.381908, 0.855646
0.40318, 0.858678
0.424569, 0.861115
0.446052, 0.862946
0.467604, 0.864166
0.489197, 0.864776
0.510803, 0.864776
0.532396, 0.864166
0.553948, 0.862946
0.575431, 0.861115
0.59682, 0.858678
0.618092, 0.855646
0.639235, 0.85204
0.660249, 0.847897
0.681154, 0.843266
0.701993, 0.838208
0.722833, 0.832783
0.743753, 0.82703
0.76483, 0.820958
0.786122, 0.814526
0.807655, 0.807655
0.829426, 0.800233
0.851402, 0.792126
0.873529, 0.78319
0.895731, 0.773263
0.91797, 0.762225
0.0927025, 0.780371
0.11421, 0.792303
0.135696, 0.803053
0.157148, 0.812732
0.178518, 0.821482
0.199767, 0.829426
0.220875, 0.83667
0.241832, 0.843308
0.262644, 0.849415
0.283331, 0.855044
0.303925, 0.860228
0.324462, 0.864977
0.344979, 0.869283
0.365508, 0.873127
0.386073, 0.876481
0.406688, 0.87932
0.427355, 0.881618
0.448071, 0.883358
0.468826, 0.884526
0.489606, 0.885112
0.510394, 0.885112
0.531174, 0.884526
0.551929, 0.883358
0.572645, 0.881618
0.593312, 0.87932
0.613927, 0.876481
0.634492, 0.873127
0.655021, 0.869283
0.675538, 0.864977
0.696075, 0.860228
0.716669, 0.855044
0.737356, 0.849415
0.758168, 0.843308
0.779125, 0.83667
0.800233, 0.829426
0.821482, 0.821482
0.842852, 0.812732
0.864304, 0.803053
0.88579, 0.792303
0.907297, 0.780371
0.104422, 0.798526
0.12516, 0.81136
0.145884, 0.822949
0.166596, 0.833404
0.187268, 0.842852
0.207874, 0.851402
0.228398, 0.859148
0.248832, 0.866168
0.269175, 0.872529
0.289431, 0.878284
0.309612, 0.883475
0.32973, 0.88813
0.349801, 0.892268
0.369842, 0.895899
0.389864, 0.899025
0.409881, 0.901643
0.429898, 0.903748
0.449921, 0.905334
0.469949, 0.906394
0.489983, 0.906926
0.510017, 0.906926
0.530051, 0.906394
0.550079, 0.905334
0.570102, 0.903748
0.590119, 0.901643
0.610136, 0.899025
0.630158, 0.895899
0.650199, 0.892268
0.67027, 0.88813
0.690388, 0.883475
0.710569, 0.878284
0.730825, 0.872529
0.751168, 0.866168
0.771602, 0.859148
0.792126, 0.851402
0.812732, 0.842852
0.833404, 0.833404
0.854116, 0.822949
0.87484, 0.81136
0.895578, 0.798526
0.117289, 0.816686
0.137219, 0.830426
0.157136, 0.842864
0.177051, 0.854116
0.196947, 0.864304
0.21681, 0.873529
0.236628, 0.881877
0.256394, 0.88942
0.276106, 0.896218
0.295763, 0.902324
0.315366, 0.90778
0.334921, 0.91262
0.354433, 0.916872
0.373908, 0.920558
0.393352, 0.923695
0.412772, 0.926294
0.432173, 0.928366
0.451561, 0.929915
0.47094, 0.930946
0.490314, 0.931461
0.509686, 0.931461
0.52906, 0.930946
0.548439, 0.929915
0.567827, 0.928366
0.587228, 0.926294
0.606648, 0.923695
0.626092, 0.920558
0.645567, 0.916872
0.665079, 0.91262
0.684634, 0.90778
0.704237, 0.902324
0.723894, 0.896218
0.743606, 0.88942
0.763372, 0.881877
0.78319, 0.873529
0.803053, 0.864304
0.822949, 0.854116
0.842864, 0.842864
0.862781, 0.830426
0.882711, 0.816686
0.131427, 0.83485
0.150508, 0.849492
0.169574, 0.862781
0.18864, 0.87484
0.207697, 0.88579
0.226737, 0.895731
0.245754, 0.904745
0.264745, 0.912899
0.283706, 0.920253
0.302637, 0.926856
0.321539, 0.932747
0.340411, 0.937964
0.359255, 0.942536
0.378074, 0.946488
0.396871, 0.94984
0.415649, 0.952609
0.43441, 0.95481
0.453159, 0.956451
0.471899, 0.957541
0.490634, 0.958085
0.509366, 0.958085
0.528101, 0.957541
0.546841, 0.956451
0.56559, 0.95481
0.584351, 0.952609
0.603129, 0.94984
0.621926, 0.946488
0.640745, 0.942536
0.659589, 0.937964
0.678461, 0.932747
0.697363, 0.926856
0.716294, 0.920253
0.735255, 0.912899
0.754246, 0.904745
0.773263, 0.895731
0.792303, 0.88579
0.81136, 0.87484
0.830426, 0.862781
0.849492, 0.849492
0.868573, 0.83485
0.146988, 0.853012
0.16515, 0.868573
0.183314, 0.882711
0.201474, 0.895578
0.219629, 0.907297
0.237775, 0.91797
0.255914, 0.927675
0.274042, 0.936482
0.292162, 0.944445
0.310271, 0.951612
0.328372, 0.958023
0.346463, 0.96371
0.364547, 0.968703
0.382623, 0.973025
0.400693, 0.976695
0.418757, 0.97973
0.436816, 0.982144
0.454871, 0.983945
0.472924, 0.985141
0.490975, 0.985739
0.509025, 0.985739
0.527076, 0.985141
0.545129, 0.983945
0.563184, 0.982144
0.581243, 0.97973
0.599307, 0.976695
0.617377, 0.973025
0.635453, 0.968703
0.653537, 0.96371
0.671628, 0.958023
0.689729, 0.951612
0.707838, 0.944445
0.725958, 0.936482
0.744086, 0.927675
0.762225, 0.91797
0.780371, 0.907297
0.798526, 0.895578
0.816686, 0.882711
0.83485, 0.868573
0.853012, 0.853012
