0.146447, 0.146447
0.164124, 0.129612
0.181802, 0.114319
0.19948, 0.100391
0.217157, 0.0876894
0.234835, 0.0761044
0.252513, 0.0655463
0.27019, 0.055942
0.287868, 0.0472307
0.305546, 0.0393619
0.323223, 0.0322928
0.340901, 0.0259879
0.358579, 0.0204168
0.376256, 0.0155544
0.393934, 0.0113795
0.411612, 0.00787451
0.429289, 0.00502525
0.446967, 0.00282045
0.464645, 0.00125157
0.482322, 0.000312598
0.5, 0
0.517678, 0.000312598
0.535355, 0.00125157
0.553033, 0.00282045
0.570711, 0.00502525
0.588388, 0.00787451
0.606066, 0.0113795
0.623744, 0.0155544
0.641421, 0.0204168
0.659099, 0.0259879
0.676777, 0.0322928
0.694454, 0.0393619
0.712132, 0.0472307
0.72981, 0.055942
0.747487, 0.0655463
0.765165, 0.0761044
0.782843, 0.0876894
0.80052, 0.100391
0.818198, 0.114319
0.835876, 0.129612
0.853553, 0.146447
0.129612, 0.164124
0.148364, 0.148364
0.166993, 0.133981
0.185624, 0.120923
0.20425, 0.109053
0.222867, 0.0982608
0.241469, 0.0884571
0.260053, 0.0795671
0.278618, 0.0715281
0.297162, 0.0642876
0.315684, 0.0578008
0.334185, 0.0520299
0.352666, 0.0469426
0.371128, 0.0425118
0.389573, 0.0387144
0.408002, 0.0355316
0.426418, 0.0329477
0.444823, 0.0309505
0.46322, 0.0295304
0.481611, 0.028681
0.5, 0.0283983
0.518389, 0.028681
0.53678, 0.0295304
0.555177, 0.0309505
0.573582, 0.0329477
0.591998, 0.0355316
0.610427, 0.0387144
0.628872, 0.0425118
0.647334, 0.0469426
0.665815, 0.0520299
0.684316, 0.0578008
0.702838, 0.0642876
0.721382, 0.0715281
0.739947, 0.0795671
0.758531, 0.0884571
0.777133, 0.0982608
0.79575, 0.109053
0.814376, 0.120923
0.833007, 0.133981
0.851636, 0.148364
0.870388, 0.164124
0.114319, 0.181802
0.133981, 0.166993
0.153497, 0.153497
0.173011, 0.141277
0.192518, 0.130206
0.212005, 0.120173
0.231463, 0.111088
0.250882, 0.102871
0.27026, 0.0954589
0.289593, 0.0887955
0.30888, 0.0828341
0.328124, 0.0775354
0.347328, 0.0728666
0.366494, 0.0688003
0.385627, 0.0653146
0.404731, 0.0623914
0.423813, 0.0600169
0.442875, 0.0581803
0.461924, 0.0568738
0.480965, 0.0560919
0.5, 0.0558316
0.519035, 0.0560919
0.538076, 0.0568738
0.557125, 0.0581803
0.576187, 0.0600169
0.595269, 0.0623914
0.614373, 0.0653146
0.633506, 0.0688003
0.652672, 0.0728666
0.671876, 0.0775354
0.69112, 0.0828341
0.710407, 0.0887955
0.72974, 0.0954589
0.749118, 0.102871
0.768537, 0.111088
0.787995, 0.120173
0.807482, 0.130206
0.826989, 0.141277
0.846503, 0.153497
0.866019, 0.166993
0.885681, 0.181802
0.100391, 0.19948
0.120923, 0.185624
0.141277, 0.173011
0.161628, 0.161628
0.181963, 0.151349
0.202258, 0.142057
0.222494, 0.133653
0.24266, 0.126055
0.262749, 0.119191
0.282762, 0.113004
0.302702, 0.107444
0.322576, 0.102473
0.342393, 0.0980633
0.362165, 0.0941934
0.3819, 0.0908496
0.40161, 0.0880236
0.421302, 0.0857114
0.440984, 0.0839119
0.460658, 0.0826253
0.48033, 0.0818528
0.5, 0.0815952
0.51967, 0.0818528
0.539342, 0.0826253
0.559016, 0.0839119
0.578698, 0.0857114
0.59839, 0.0880236
0.6181, 0.0908496
0.637835, 0.0941934
0.657607, 0.0980633
0.677424, 0.102473
0.697298, 0.107444
0.717238, 0.113004
0.737251, 0.119191
0.75734, 0.126055
0.777506, 0.133653
0.797742, 0.142057
0.818037, 0.151349
0.838372, 0.161628
0.858723, 0.173011
0.879077, 0.185624
0.899609, 0.19948
0.0876894, 0.217157
0.109053, 0.20425
0.130206, 0.192518
0.151349, 0.181963
0.17245, 0.17245
0.19347, 0.163849
0.214381, 0.156052
0.235169, 0.148962
0.25583, 0.142498
0.276371, 0.136598
0.296807, 0.131212
0.317163, 0.126312
0.337463, 0.121883
0.357734, 0.117924
0.377999, 0.114445
0.398275, 0.111462
0.418574, 0.108991
0.438899, 0.10705
0.45925, 0.105653
0.47962, 0.104811
0.5, 0.104529
0.52038, 0.104811
0.54075, 0.105653
0.561101, 0.10705
0.581426, 0.108991
0.601725, 0.111462
0.622001, 0.114445
0.642266, 0.117924
0.662537, 0.121883
0.682837, 0.126312
0.703193, 0.131212
0.723629, 0.136598
0.74417, 0.142498
0.764831, 0.148962
0.785619, 0.156052
0.80653, 0.163849
0.82755, 0.17245
0.848651, 0.181963
0.869794, 0.192518
0.890947, 0.20425
0.912311, 0.217157
0.0761044, 0.234835
0.0982608, 0.222867
0.120173, 0.212005
0.142057, 0.202258
0.163849, 0.19347
0.185493, 0.185493
0.206947, 0.178195
0.228193, 0.171461
0.249236, 0.165195
0.270104, 0.159331
0.290842, 0.153836
0.311511, 0.14871
0.33217, 0.143982
0.352869, 0.139693
0.373643, 0.135889
0.394509, 0.132613
0.415471, 0.129898
0.43652, 0.127767
0.457639, 0.126236
0.478807, 0.125314
0.5, 0.125006
0.521193, 0.125314
0.542361, 0.126236
0.56348, 0.127767
0.584529, 0.129898
0.605491, 0.132613
0.626357, 0.135889
0.647131, 0.139693
0.66783, 0.143982
0.688489, 0.14871
0.709158, 0.153836
0.729896, 0.159331
0.750764, 0.165195
0.771807, 0.171461
0.793053, 0.178195
0.814507, 0.185493
0.836151, 0.19347
0.857943, 0.202258
0.879827, 0.212005
0.901739, 0.222867
0.923896, 0.234835
0.0655463, 0.252513
0.0884571, 0.241469
0.111088, 0.231463
0.133653, 0.222494
0.156052, 0.214381
0.178195, 0.206947
0.200026, 0.200026
0.221525, 0.193474
0.242724, 0.187191
0.263704, 0.181135
0.284581, 0.175333
0.305472, 0.169859
0.326473, 0.164805
0.347643, 0.160254
0.369002, 0.156271
0.390546, 0.152894
0.412249, 0.15014
0.434079, 0.148011
0.456003, 0.146501
0.477987, 0.1456
0.5, 0.145301
0.522013, 0.1456
0.543997, 0.146501
0.565921, 0.148011
0.587751, 0.15014
0.609454, 0.152894
0.630998, 0.156271
0.652357, 0.160254
0.673527, 0.164805
0.694528, 0.169859
0.715419, 0.175333
0.736296, 0.181135
0.757276, 0.187191
0.778475, 0.193474
0.799974, 0.200026
0.821805, 0.206947
0.843948, 0.214381
0.866347, 0.222494
0.888912, 0.231463
0.911543, 0.241469
0.934454, 0.252513
0.055942, 0.27019
0.0795671, 0.260053
0.102871, 0.250882
0.126055, 0.24266
0.148962, 0.235169
0.171461, 0.228193
0.193474, 0.221525
0.215003, 0.215003
0.236153, 0.208559
0.257118, 0.202243
0.27811, 0.196191
0.299298, 0.190561
0.320777, 0.18549
0.342568, 0.181066
0.364642, 0.177326
0.386944, 0.174264
0.40941, 0.171849
0.431986, 0.170034
0.454628, 0.168776
0.477306, 0.168037
0.5, 0.167793
0.522694, 0.168037
0.545372, 0.168776
0.568014, 0.170034
0.59059, 0.171849
0.613056, 0.174264
0.635358, 0.177326
0.657432, 0.181066
0.679223, 0.18549
0.700702, 0.190561
0.72189, 0.196191
0.742882, 0.202243
0.763847, 0.208559
0.784997, 0.215003
0.806526, 0.221525
0.828539, 0.228193
0.851038, 0.235169
0.873945, 0.24266
0.897129, 0.250882
0.920433, 0.260053
0.944058, 0.27019
0.0472307, 0.287868
0.0715281, 0.278618
0.0954589, 0.27026
0.119191, 0.262749
0.142498, 0.25583
0.165195, 0.249236
0.187191, 0.242724
0.208559, 0.236153
0.229561, 0.229561
0.250543, 0.223139
0.2718, 0.217135
0.293499, 0.211761
0.315672, 0.207148
0.338252, 0.203329
0.361127, 0.200267
0.384186, 0.197883
0.407336, 0.196087
0.430516, 0.194791
0.453692, 0.193921
0.476852, 0.193423
0.5, 0.19326
0.523148, 0.193423
0.546308, 0.193921
0.569484, 0.194791
0.592664, 0.196087
0.615814, 0.197883
0.638873, 0.200267
0.661748, 0.203329
0.684328, 0.207148
0.706501, 0.211761
0.7282, 0.217135
0.749457, 0.223139
0.770439, 0.229561
0.791441, 0.236153
0.812809, 0.242724
0.834805, 0.249236
0.857502, 0.25583
0.880809, 0.262749
0.904541, 0.27026
0.928472, 0.278618
0.952769, 0.287868
0.0393619, 0.305546
0.0642876, 0.297162
0.0887955, 0.289593
0.113004, 0.282762
0.136598, 0.276371
0.159331, 0.270104
0.181135, 0.263704
0.202243, 0.257118
0.223139, 0.250543
0.244315, 0.244315
0.266092, 0.238756
0.288553, 0.234066
0.311597, 0.230293
0.335038, 0.227372
0.358691, 0.225186
0.38241, 0.223603
0.406097, 0.222497
0.429699, 0.22176
0.453203, 0.221299
0.476625, 0.22105
0.5, 0.220971
0.523375, 0.22105
0.546797, 0.221299
0.570301, 0.22176
0.593903, 0.222497
0.61759, 0.223603
0.641309, 0.225186
0.664962, 0.227372
0.688403, 0.230293
0.711447, 0.234066
0.733908, 0.238756
0.755685, 0.244315
0.776861, 0.250543
0.797757, 0.257118
0.818865, 0.263704
0.840669, 0.270104
0.863402, 0.276371
0.886996, 0.282762
0.911204, 0.289593
0.935712, 0.297162
0.960638, 0.305546
0.0322928, 0.323223
0.0578008, 0.315684
0.0828341, 0.30888
0.107444, 0.302702
0.131212, 0.296807
0.153836, 0.290842
0.175333, 0.284581
0.196191, 0.27811
0.217135, 0.2718
0.238756, 0.266092
0.261306, 0.261306
0.284697, 0.257549
0.308665, 0.254755
0.332931, 0.252782
0.357269, 0.251466
0.381519, 0.250652
0.405588, 0.250194
0.429442, 0.249969
0.453093, 0.249878
0.476588, 0.249851
0.5, 0.249847
0.523412, 0.249851
0.546907, 0.249878
0.570558, 0.249969
0.594412, 0.250194
0.618481, 0.250652
0.642731, 0.251466
0.667069, 0.252782
0.691335, 0.254755
0.715303, 0.257549
0.738694, 0.261306
0.761244, 0.266092
0.782865, 0.2718
0.803809, 0.27811
0.824667, 0.284581
0.846164, 0.290842
0.868788, 0.296807
0.892556, 0.302702
0.917166, 0.30888
0.942199, 0.315684
0.967707, 0.323223
0.0259879, 0.340901
0.0520299, 0.334185
0.0775354, 0.328124
0.102473, 0.322576
0.126312, 0.317163
0.14871, 0.311511
0.169859, 0.305472
0.190561, 0.299298
0.211761, 0.293499
0.234066, 0.288553
0.257549, 0.284697
0.281913, 0.281913
0.306769, 0.280058
0.331779, 0.27895
0.356692, 0.278405
0.381344, 0.278248
0.405654, 0.278322
0.42961, 0.278496
0.45326, 0.278676
0.476687, 0.278804
0.5, 0.278849
0.523313, 0.278804
0.54674, 0.278676
0.57039, 0.278496
0.594346, 0.278322
0.618656, 0.278248
0.643308, 0.278405
0.668221, 0.27895
0.693231, 0.280058
0.718087, 0.281913
0.742451, 0.284697
0.765934, 0.288553
0.788239, 0.293499
0.809439, 0.299298
0.830141, 0.305472
0.85129, 0.311511
0.873688, 0.317163
0.897527, 0.322576
0.922465, 0.328124
0.94797, 0.334185
0.974012, 0.340901
0.0204168, 0.358579
0.0469426, 0.352666
0.0728666, 0.347328
0.0980633, 0.342393
0.121883, 0.337463
0.143982, 0.33217
0.164805, 0.326473
0.18549, 0.320777
0.207148, 0.315672
0.230293, 0.311597
0.254755, 0.308665
0.280058, 0.306769
0.305727, 0.305727
0.331382, 0.305338
0.356753, 0.3054
0.381672, 0.305716
0.406077, 0.306114
0.43, 0.306468
0.453541, 0.306715
0.476831, 0.306849
0.5, 0.306889
0.523169, 0.306849
0.546459, 0.306715
0.57, 0.306468
0.593923, 0.306114
0.618328, 0.305716
0.643247, 0.3054
0.668618, 0.305338
0.694273, 0.305727
0.719942, 0.306769
0.745245, 0.308665
0.769707, 0.311597
0.792852, 0.315672
0.81451, 0.320777
0.835195, 0.326473
0.856018, 0.33217
0.878117, 0.337463
0.901937, 0.342393
0.927133, 0.347328
0.953057, 0.352666
0.979583, 0.358579
0.0155544, 0.376256
0.0425118, 0.371128
0.0688003, 0.366494
0.0941934, 0.362165
0.117924, 0.357734
0.139693, 0.352869
0.160254, 0.347643
0.181066, 0.342568
0.203329, 0.338252
0.227372, 0.335038
0.252782, 0.332931
0.27895, 0.331779
0.305338, 0.331382
0.331525, 0.331525
0.357207, 0.33197
0.382217, 0.332484
0.406534, 0.332866
0.430276, 0.33301
0.453647, 0.332942
0.476848, 0.332795
0.5, 0.332723
0.523152, 0.332795
0.546353, 0.332942
0.569724, 0.33301
0.593466, 0.332866
0.617783, 0.332484
0.642793, 0.33197
0.668475, 0.331525
0.694662, 0.331382
0.72105, 0.331779
0.747218, 0.332931
0.772628, 0.335038
0.796671, 0.338252
0.818934, 0.342568
0.839746, 0.347643
0.860307, 0.352869
0.882076, 0.357734
0.905807, 0.362165
0.9312, 0.366494
0.957488, 0.371128
0.984446, 0.376256
0.0113795, 0.393934
0.0387144, 0.389573
0.0653146, 0.385627
0.0908496, 0.3819
0.114445, 0.377999
0.135889, 0.373643
0.156271, 0.369002
0.177326, 0.364642
0.200267, 0.361127
0.225186, 0.358691
0.251466, 0.357269
0.278405, 0.356692
0.3054, 0.356753
0.33197, 0.357207
0.357763, 0.357763
0.382605, 0.35811
0.406557, 0.358
0.429927, 0.357378
0.453133, 0.356468
0.47648, 0.355672
0.5, 0.355358
0.52352, 0.355672
0.546867, 0.356468
0.570073, 0.357378
0.593443, 0.358
0.617395, 0.35811
0.642237, 0.357763
0.66803, 0.357207
0.6946, 0.356753
0.721595, 0.356692
0.748534, 0.357269
0.774814, 0.358691
0.799733, 0.361127
0.822674, 0.364642
0.843729, 0.369002
0.864111, 0.373643
0.885555, 0.377999
0.90915, 0.3819
0.934685, 0.385627
0.961286, 0.389573
0.988621, 0.393934
0.00787451, 0.411612
0.0355316, 0.408002
0.0623914, 0.404731
0.0880236, 0.40161
0.111462, 0.398275
0.132613, 0.394509
0.152894, 0.390546
0.174264, 0.386944
0.197883, 0.384186
0.223603, 0.38241
0.250652, 0.381519
0.278248, 0.381344
0.305716, 0.381672
0.332484, 0.382217
0.35811, 0.382605
0.382411, 0.382411
0.405633, 0.381353
0.428464, 0.379551
0.451658, 0.37754
0.475565, 0.375993
0.5, 0.375416
0.524435, 0.375993
0.548342, 0.37754
0.571536, 0.379551
0.594367, 0.381353
0.617589, 0.382411
0.64189, 0.382605
0.667516, 0.382217
0.694284, 0.381672
0.721752, 0.381344
0.749348, 0.381519
0.776397, 0.38241
0.802117, 0.384186
0.825736, 0.386944
0.847106, 0.390546
0.867387, 0.394509
0.888538, 0.398275
0.911976, 0.40161
0.937609, 0.404731
0.964468, 0.408002
0.992125, 0.411612
0.00502525, 0.429289
0.0329477, 0.426418
0.0600169, 0.423813
0.0857114, 0.421302
0.108991, 0.418574
0.129898, 0.415471
0.15014, 0.412249
0.171849, 0.40941
0.196087, 0.407336
0.222497, 0.406097
0.250194, 0.405588
0.278322, 0.405654
0.306114, 0.406077
0.332866, 0.406534
0.358, 0.406557
0.381353, 0.405633
0.403569, 0.403569
0.425897, 0.400768
0.449368, 0.397999
0.474237, 0.396021
0.5, 0.395313
0.525763, 0.396021
0.550632, 0.397999
0.574103, 0.400768
0.596431, 0.403569
0.618647, 0.405633
0.642, 0.406557
0.667134, 0.406534
0.693886, 0.406077
0.721678, 0.405654
0.749806, 0.405588
0.777503, 0.406097
0.803913, 0.407336
0.828151, 0.40941
0.84986, 0.412249
0.870102, 0.415471
0.891009, 0.418574
0.914289, 0.421302
0.939983, 0.423813
0.967052, 0.426418
0.994975, 0.429289
0.00282045, 0.446967
0.0309505, 0.444823
0.0581803, 0.442875
0.0839119, 0.440984
0.10705, 0.438899
0.127767, 0.43652
0.148011, 0.434079
0.170034, 0.431986
0.194791, 0.430516
0.22176, 0.429699
0.249969, 0.429442
0.278496, 0.42961
0.306468, 0.43
0.33301, 0.430276
0.357378, 0.429927
0.379551, 0.428464
0.400768, 0.425897
0.422809, 0.422809
0.446835, 0.420019
0.472851, 0.418173
0.5, 0.41754
0.527149, 0.418173
0.553165, 0.420019
0.577191, 0.422809
0.599232, 0.425897
0.620449, 0.428464
0.642622, 0.429927
0.66699, 0.430276
0.693532, 0.43
0.721504, 0.42961
0.750031, 0.429442
0.77824, 0.429699
0.805209, 0.430516
0.829966, 0.431986
0.851989, 0.434079
0.872233, 0.43652
0.89295, 0.438899
0.916088, 0.440984
0.94182, 0.442875
0.96905, 0.444823
0.99718, 0.446967
0.00125157, 0.464645
0.0295304, 0.46322
0.0568738, 0.461924
0.0826253, 0.460658
0.105653, 0.45925
0.126236, 0.457639
0.146501, 0.456003
0.168776, 0.454628
0.193921, 0.453692
0.221299, 0.453203
0.249878, 0.453093
0.278676, 0.45326
0.306715, 0.453541
0.332942, 0.453647
0.356468, 0.453133
0.37754, 0.451658
0.397999, 0.449368
0.420019, 0.446835
0.444735, 0.444735
0.471767, 0.443436
0.5, 0.443005
0.528233, 0.443436
0.555265, 0.444735
0.579981, 0.446835
0.602001, 0.449368
0.62246, 0.451658
0.643532, 0.453133
0.667058, 0.453647
0.693285, 0.453541
0.721324, 0.45326
0.750122, 0.453093
0.778701, 0.453203
0.806079, 0.453692
0.831224, 0.454628
0.853499, 0.456003
0.873764, 0.457639
0.894347, 0.45925
0.917375, 0.460658
0.943126, 0.461924
0.97047, 0.46322
0.998748, 0.464645
0.000312598, 0.482322
0.028681, 0.481611
0.0560919, 0.480965
0.0818528, 0.48033
0.104811, 0.47962
0.125314, 0.478807
0.1456, 0.477987
0.168037, 0.477306
0.193423, 0.476852
0.22105, 0.476625
0.249851, 0.476588
0.278804, 0.476687
0.306849, 0.476831
0.332795, 0.476848
0.355672, 0.47648
0.375993, 0.475565
0.396021, 0.474237
0.418173, 0.472851
0.443436, 0.471767
0.471121, 0.471121
0.5, 0.470909
0.528879, 0.471121
0.556564, 0.471767
0.581827, 0.472851
0.603979, 0.474237
0.624007, 0.475565
0.644328, 0.47648
0.667205, 0.476848
0.693151, 0.476831
0.721196, 0.476687
0.750149, 0.476588
0.77895, 0.476625
0.806577, 0.476852
0.831963, 0.477306
0.8544, 0.477987
0.874686, 0.478807
0.895189, 0.47962
0.918147, 0.48033
0.943908, 0.480965
0.971319, 0.481611
0.999687, 0.482322
0, 0.5
0.0283983, 0.5
0.0558316, 0.5
0.0815952, 0.5
0.104529, 0.5
0.125006, 0.5
0.145301, 0.5
0.167793, 0.5
0.19326, 0.5
0.220971, 0.5
0.249847, 0.5
0.278849, 0.5
0.306889, 0.5
0.332723, 0.5
0.355358, 0.5
0.375416, 0.5
0.395313, 0.5
0.41754, 0.5
0.443005, 0.5
0.470909, 0.5
0.5, 0.5
0.529091, 0.5
0.556995, 0.5
0.58246, 0.5
0.604687, 0.5
0.624584, 0.5
0.644642, 0.5
0.667277, 0.5
0.693111, 0.5
0.721151, 0.5
0.750153, 0.5
0.779029, 0.5
0.80674, 0.5
0.832207, 0.5
0.854699, 0.5
0.874994, 0.5
0.895471, 0.5
0.918405, 0.5
0.944168, 0.5
0.971602, 0.5
1, 0.5
0.000312598, 0.517678
0.028681, 0.518389
0.0560919, 0.519035
0.0818528, 0.51967
0.104811, 0.52038
0.125314, 0.521193
0.1456, 0.522013
0.168037, 0.522694
0.193423, 0.523148
0.22105, 0.523375
0.249851, 0.523412
0.278804, 0.523313
0.306849, 0.523169
0.332795, 0.523152
0.355672, 0.52352
0.375993, 0.524435
0.396021, 0.525763
0.418173, 0.527149
0.443436, 0.528233
0.471121, 0.528879
0.5, 0.529091
0.528879, 0.528879
0.556564, 0.528233
0.581827, 0.527149
0.603979, 0.525763
0.624007, 0.524435
0.644328, 0.52352
0.667205, 0.523152
0.693151, 0.523169
0.721196, 0.523313
0.750149, 0.523412
0.77895, 0.523375
0.806577, 0.523148
0.831963, 0.522694
0.8544, 0.522013
0.874686, 0.521193
0.895189, 0.52038
0.918147, 0.51967
0.943908, 0.519035
0.971319, 0.518389
0.999687, 0.517678
0.00125157, 0.535355
0.0295304, 0.53678
0.0568738, 0.538076
0.0826253, 0.539342
0.105653, 0.54075
0.126236, 0.542361
0.146501, 0.543997
0.168776, 0.545372
0.193921, 0.546308
0.221299, 0.546797
0.249878, 0.546907
0.278676, 0.54674
0.306715, 0.546459
0.332942, 0.546353
0.356468, 0.546867
0.37754, 0.548342
0.397999, 0.550632
0.420019, 0.553165
0.444735, 0.555265
0.471767, 0.556564
0.5, 0.556995
0.528233, 0.556564
0.555265, 0.555265
0.579981, 0.553165
0.602001, 0.550632
0.62246, 0.548342
0.643532, 0.546867
0.667058, 0.546353
0.693285, 0.546459
0.721324, 0.54674
0.750122, 0.546907
0.778701, 0.546797
0.806079, 0.546308
0.831224, 0.545372
0.853499, 0.543997
0.873764, 0.542361
0.894347, 0.54075
0.917375, 0.539342
0.943126, 0.538076
0.97047, 0.53678
0.998748, 0.535355
0.00282045, 0.553033
0.0309505, 0.555177
0.0581803, 0.557125
0.0839119, 0.559016
0.10705, 0.561101
0.127767, 0.56348
0.148011, 0.565921
0.170034, 0.568014
0.194791, 0.569484
0.22176, 0.570301
0.249969, 0.570558
0.278496, 0.57039
0.306468, 0.57
0.33301, 0.569724
0.357378, 0.570073
0.379551, 0.571536
0.400768, 0.574103
0.422809, 0.577191
0.446835, 0.579981
0.472851, 0.581827
0.5, 0.58246
0.527149, 0.581827
0.553165, 0.579981
0.577191, 0.577191
0.599232, 0.574103
0.620449, 0.571536
0.642622, 0.570073
0.66699, 0.569724
0.693532, 0.57
0.721504, 0.57039
0.750031, 0.570558
0.77824, 0.570301
0.805209, 0.569484
0.829966, 0.568014
0.851989, 0.565921
0.872233, 0.56348
0.89295, 0.561101
0.916088, 0.559016
0.94182, 0.557125
0.96905, 0.555177
0.99718, 0.553033
0.00502525, 0.570711
0.0329477, 0.573582
0.0600169, 0.576187
0.0857114, 0.578698
0.108991, 0.581426
0.129898, 0.584529
0.15014, 0.587751
0.171849, 0.59059
0.196087, 0.592664
0.222497, 0.593903
0.250194, 0.594412
0.278322, 0.594346
0.306114, 0.593923
0.332866, 0.593466
0.358, 0.593443
0.381353, 0.594367
0.403569, 0.596431
0.425897, 0.599232
0.449368, 0.602001
0.474237, 0.603979
0.5, 0.604687
0.525763, 0.603979
0.550632, 0.602001
0.574103, 0.599232
0.596431, 0.596431
0.618647, 0.594367
0.642, 0.593443
0.667134, 0.593466
0.693886, 0.593923
0.721678, 0.594346
0.749806, 0.594412
0.777503, 0.593903
0.803913, 0.592664
0.828151, 0.59059
0.84986, 0.587751
0.870102, 0.584529
0.891009, 0.581426
0.914289, 0.578698
0.939983, 0.576187
0.967052, 0.573582
0.994975, 0.570711
0.00787451, 0.588388
0.0355316, 0.591998
0.0623914, 0.595269
0.0880236, 0.59839
0.111462, 0.601725
0.132613, 0.605491
0.152894, 0.609454
0.174264, 0.613056
0.197883, 0.615814
0.223603, 0.61759
0.250652, 0.618481
0.278248, 0.618656
0.305716, 0.618328
0.332484, 0.617783
0.35811, 0.617395
0.382411, 0.617589
0.405633, 0.618647
0.428464, 0.620449
0.451658, 0.62246
0.475565, 0.624007
0.5, 0.624584
0.524435, 0.624007
0.548342, 0.62246
0.571536, 0.620449
0.594367, 0.618647
0.617589, 0.617589
0.64189, 0.617395
0.667516, 0.617783
0.694284, 0.618328
0.721752, 0.618656
0.749348, 0.618481
0.776397, 0.61759
0.802117, 0.615814
0.825736, 0.613056
0.847106, 0.609454
0.867387, 0.605491
0.888538, 0.601725
0.911976, 0.59839
0.937609, 0.595269
0.964468, 0.591998
0.992125, 0.588388
0.0113795, 0.606066
0.0387144, 0.610427
0.0653146, 0.614373
0.0908496, 0.6181
0.114445, 0.622001
0.135889, 0.626357
0.156271, 0.630998
0.177326, 0.635358
0.200267, 0.638873
0.225186, 0.641309
0.251466, 0.642731
0.278405, 0.643308
0.3054, 0.643247
0.33197, 0.642793
0.357763, 0.642237
0.382605, 0.64189
0.406557, 0.642
0.429927, 0.642622
0.453133, 0.643532
0.47648, 0.644328
0.5, 0.644642
0.52352, 0.644328
0.546867, 0.643532
0.570073, 0.642622
0.593443, 0.642
0.617395, 0.64189
0.642237, 0.642237
0.66803, 0.642793
0.6946, 0.643247
0.721595, 0.643308
0.748534, 0.642731
0.774814, 0.641309
0.799733, 0.638873
0.822674, 0.635358
0.843729, 0.630998
0.864111, 0.626357
0.885555, 0.622001
0.90915, 0.6181
0.934685, 0.614373
0.961286, 0.610427
0.988621, 0.606066
0.0155544, 0.623744
0.0425118, 0.628872
0.0688003, 0.633506
0.0941934, 0.637835
0.117924, 0.642266
0.139693, 0.647131
0.160254, 0.652357
0.181066, 0.657432
0.203329, 0.661748
0.227372, 0.664962
0.252782, 0.667069
0.27895, 0.668221
0.305338, 0.668618
0.331525, 0.668475
0.357207, 0.66803
0.382217, 0.667516
0.406534, 0.667134
0.430276, 0.66699
0.453647, 0.667058
0.476848, 0.667205
0.5, 0.667277
0.523152, 0.667205
0.546353, 0.667058
0.569724, 0.66699
0.593466, 0.667134
0.617783, 0.667516
0.642793, 0.66803
0.668475, 0.668475
0.694662, 0.668618
0.72105, 0.668221
0.747218, 0.667069
0.772628, 0.664962
0.796671, 0.661748
0.818934, 0.657432
0.839746, 0.652357
0.860307, 0.647131
0.882076, 0.642266
0.905807, 0.637835
0.9312, 0.633506
0.957488, 0.628872
0.984446, 0.623744
0.0204168, 0.641421
0.0469426, 0.647334
0.0728666, 0.652672
0.0980633, 0.657607
0.121883, 0.662537
0.143982, 0.66783
0.164805, 0.673527
0.18549, 0.679223
0.207148, 0.684328
0.230293, 0.688403
0.254755, 0.691335
0.280058, 0.693231
0.305727, 0.694273
0.331382, 0.694662
0.356753, 0.6946
0.381672, 0.694284
0.406077, 0.693886
0.43, 0.693532
0.453541, 0.693285
0.476831, 0.693151
0.5, 0.693111
0.523169, 0.693151
0.546459, 0.693285
0.57, 0.693532
0.593923, 0.693886
0.618328, 0.694284
0.643247, 0.6946
0.668618, 0.694662
0.694273, 0.694273
0.719942, 0.693231
0.745245, 0.691335
0.769707, 0.688403
0.792852, 0.684328
0.81451, 0.679223
0.835195, 0.673527
0.856018, 0.66783
0.878117, 0.662537
0.901937, 0.657607
0.927133, 0.652672
0.953057, 0.647334
0.979583, 0.641421
0.0259879, 0.659099
0.0520299, 0.665815
0.0775354, 0.671876
0.102473, 0.677424
0.126312, 0.682837
0.14871, 0.688489
0.169859, 0.694528
0.190561, 0.700702
0.211761, 0.706501
0.234066, 0.711447
0.257549, 0.715303
0.281913, 0.718087
0.306769, 0.719942
0.331779, 0.72105
0.356692, 0.721595
0.381344, 0.721752
0.405654, 0.721678
0.42961, 0.721504
0.45326, 0.721324
0.476687, 0.721196
0.5, 0.721151
0.523313, 0.721196
0.54674, 0.721324
0.57039, 0.721504
0.594346, 0.721678
0.618656, 0.721752
0.643308, 0.721595
0.668221, 0.72105
0.693231, 0.719942
0.718087, 0.718087
0.742451, 0.715303
0.765934, 0.711447
0.788239, 0.706501
0.809439, 0.700702
0.830141, 0.694528
0.85129, 0.688489
0.873688, 0.682837
0.897527, 0.677424
0.922465, 0.671876
0.94797, 0.665815
0.974012, 0.659099
0.0322928, 0.676777
0.0578008, 0.684316
0.0828341, 0.69112
0.107444, 0.697298
0.131212, 0.703193
0.153836, 0.709158
0.175333, 0.715419
0.196191, 0.72189
0.217135, 0.7282
0.238756, 0.733908
0.261306, 0.738694
0.284697, 0.742451
0.308665, 0.745245
0.332931, 0.747218
0.357269, 0.748534
0.381519, 0.749348
0.405588, 0.749806
0.429442, 0.750031
0.453093, 0.750122
0.476588, 0.750149
0.5, 0.750153
0.523412, 0.750149
0.546907, 0.750122
0.570558, 0.750031
0.594412, 0.749806
0.618481, 0.749348
0.642731, 0.748534
0.667069, 0.747218
0.691335, 0.745245
0.715303, 0.742451
0.738694, 0.738694
0.761244, 0.733908
0.782865, 0.7282
0.803809, 0.72189
0.824667, 0.715419
0.846164, 0.709158
0.868788, 0.703193
0.892556, 0.697298
0.917166, 0.69112
0.942199, 0.684316
0.967707, 0.676777
0.0393619, 0.694454
0.0642876, 0.702838
0.0887955, 0.710407
0.113004, 0.717238
0.136598, 0.723629
0.159331, 0.729896
0.181135, 0.736296
0.202243, 0.742882
0.223139, 0.749457
0.244315, 0.755685
0.266092, 0.761244
0.288553, 0.765934
0.311597, 0.769707
0.335038, 0.772628
0.358691, 0.774814
0.38241, 0.776397
0.406097, 0.777503
0.429699, 0.77824
0.453203, 0.778701
0.476625, 0.77895
0.5, 0.779029
0.523375, 0.77895
0.546797, 0.778701
0.570301, 0.77824
0.593903, 0.777503
0.61759, 0.776397
0.641309, 0.774814
0.664962, 0.772628
0.688403, 0.769707
0.711447, 0.765934
0.733908, 0.761244
0.755685, 0.755685
0.776861, 0.749457
0.797757, 0.742882
0.818865, 0.736296
0.840669, 0.729896
0.863402, 0.723629
0.886996, 0.717238
0.911204, 0.710407
0.935712, 0.702838
0.960638, 0.694454
0.0472307, 0.712132
0.0715281, 0.721382
0.0954589, 0.72974
0.119191, 0.737251
0.142498, 0.74417
0.165195, 0.750764
0.187191, 0.757276
0.208559, 0.763847
0.229561, 0.770439
0.250543, 0.776861
0.2718, 0.782865
0.293499, 0.788239
0.315672, 0.792852
0.338252, 0.796671
0.361127, 0.799733
0.384186, 0.802117
0.407336, 0.803913
0.430516, 0.805209
0.453692, 0.806079
0.476852, 0.806577
0.5, 0.80674
0.523148, 0.806577
0.546308, 0.806079
0.569484, 0.805209
0.592664, 0.803913
0.615814, 0.802117
0.638873, 0.799733
0.661748, 0.796671
0.684328, 0.792852
0.706501, 0.788239
0.7282, 0.782865
0.749457, 0.776861
0.770439, 0.770439
0.791441, 0.763847
0.812809, 0.757276
0.834805, 0.750764
0.857502, 0.74417
0.880809, 0.737251
0.904541, 0.72974
0.928472, 0.721382
0.952769, 0.712132
0.055942, 0.72981
0.0795671, 0.739947
0.102871, 0.749118
0.126055, 0.75734
0.148962, 0.764831
0.171461, 0.771807
0.193474, 0.778475
0.215003, 0.784997
0.236153, 0.791441
0.257118, 0.797757
0.27811, 0.803809
0.299298, 0.809439
0.320777, 0.81451
0.342568, 0.818934
0.364642, 0.822674
0.386944, 0.825736
0.40941, 0.828151
0.431986, 0.829966
0.454628, 0.831224
0.477306, 0.831963
0.5, 0.832207
0.522694, 0.831963
0.545372, 0.831224
0.568014, 0.829966
0.59059, 0.828151
0.613056, 0.825736
0.635358, 0.822674
0.657432, 0.818934
0.679223, 0.81451
0.700702, 0.809439
0.72189, 0.803809
0.742882, 0.797757
0.763847, 0.791441
0.784997, 0.784997
0.806526, 0.778475
0.828539, 0.771807
0.851038, 0.764831
0.873945, 0.75734
0.897129, 0.749118
0.920433, 0.739947
0.944058, 0.72981
0.0655463, 0.747487
0.0884571, 0.758531
0.111088, 0.768537
0.133653, 0.777506
0.156052, 0.785619
0.178195, 0.793053
0.200026, 0.799974
0.221525, 0.806526
0.242724, 0.812809
0.263704, 0.818865
0.284581, 0.824667
0.305472, 0.830141
0.326473, 0.835195
0.347643, 0.839746
0.369002, 0.843729
0.390546, 0.847106
0.412249, 0.84986
0.434079, 0.851989
0.456003, 0.853499
0.477987, 0.8544
0.5, 0.854699
0.522013, 0.8544
0.543997, 0.853499
0.565921, 0.851989
0.587751, 0.84986
0.609454, 0.847106
0.630998, 0.843729
0.652357, 0.839746
0.673527, 0.835195
0.694528, 0.830141
0.715419, 0.824667
0.736296, 0.818865
0.757276, 0.812809
0.778475, 0.806526
0.799974, 0.799974
0.821805, 0.793053
0.843948, 0.785619
0.866347, 0.777506
0.888912, 0.768537
0.911543, 0.758531
0.934454, 0.747487
0.0761044, 0.765165
0.0982608, 0.777133
0.120173, 0.787995
0.142057, 0.797742
0.163849, 0.80653
0.185493, 0.814507
0.206947, 0.821805
0.228193, 0.828539
0.249236, 0.834805
0.270104, 0.840669
0.290842, 0.846164
0.311511, 0.85129
0.33217, 0.856018
0.352869, 0.860307
0.373643, 0.864111
0.394509, 0.867387
0.415471, 0.870102
0.43652, 0.872233
0.457639, 0.873764
0.478807, 0.874686
0.5, 0.874994
0.521193, 0.874686
0.542361, 0.873764
0.56348, 0.872233
0.584529, 0.870102
0.605491, 0.867387
0.626357, 0.864111
0.647131, 0.860307
0.66783, 0.856018
0.688489, 0.85129
0.709158, 0.846164
0.729896, 0.840669
0.750764, 0.834805
0.771807, 0.828539
0.793053, 0.821805
0.814507, 0.814507
0.836151, 0.80653
0.857943, 0.797742
0.879827, 0.787995
0.901739, 0.777133
0.923896, 0.765165
0.0876894, 0.782843
0.109053, 0.79575
0.130206, 0.807482
0.151349, 0.818037
0.17245, 0.82755
0.19347, 0.836151
0.214381, 0.843948
0.235169, 0.851038
0.25583, 0.857502
0.276371, 0.863402
0.296807, 0.868788
0.317163, 0.873688
0.337463, 0.878117
0.357734, 0.882076
0.377999, 0.885555
0.398275, 0.888538
0.418574, 0.891009
0.438899, 0.89295
0.45925, 0.894347
0.47962, 0.895189
0.5, 0.895471
0.52038, 0.895189
0.54075, 0.894347
0.561101, 0.89295
0.581426, 0.891009
0.601725, 0.888538
0.622001, 0.885555
0.642266, 0.882076
0.662537, 0.878117
0.682837, 0.873688
0.703193, 0.868788
0.723629, 0.863402
0.74417, 0.857502
0.764831, 0.851038
0.785619, 0.843948
0.80653, 0.836151
0.82755, 0.82755
0.848651, 0.818037
0.869794, 0.807482
0.890947, 0.79575
0.912311, 0.782843
0.100391, 0.80052
0.120923, 0.814376
0.141277, 0.826989
0.161628, 0.838372
0.181963, 0.848651
0.202258, 0.857943
0.222494, 0.866347
0.24266, 0.873945
0.262749, 0.880809
0.282762, 0.886996
0.302702, 0.892556
0.322576, 0.897527
0.342393, 0.901937
0.362165, 0.905807
0.3819, 0.90915
0.40161, 0.911976
0.421302, 0.914289
0.440984, 0.916088
0.460658, 0.917375
0.48033, 0.918147
0.5, 0.918405
0.51967, 0.918147
0.539342, 0.917375
0.559016, 0.916088
0.578698, 0.914289
0.59839, 0.911976
0.6181, 0.90915
0.637835, 0.905807
0.657607, 0.901937
0.677424, 0.897527
0.697298, 0.892556
0.717238, 0.886996
0.737251, 0.880809
0.75734, 0.873945
0.777506, 0.866347
0.797742, 0.857943
0.818037, 0.848651
0.838372, 0.838372
0.858723, 0.826989
0.879077, 0.814376
0.899609, 0.80052
0.114319, 0.818198
0.133981, 0.833007
0.153497, 0.846503
0.173011, 0.858723
0.192518, 0.869794
0.212005, 0.879827
0.231463, 0.888912
0.250882, 0.897129
0.27026, 0.904541
0.289593, 0.911204
0.30888, 0.917166
0.328124, 0.922465
0.347328, 0.927133
0.366494, 0.9312
0.385627, 0.934685
0.404731, 0.937609
0.423813, 0.939983
0.442875, 0.94182
0.461924, 0.943126
0.480965, 0.943908
0.5, 0.944168
0.519035, 0.943908
0.538076, 0.943126
0.557125, 0.94182
0.576187, 0.939983
0.595269, 0.937609
0.614373, 0.934685
0.633506, 0.9312
0.652672, 0.927133
0.671876, 0.922465
0.69112, 0.917166
0.710407, 0.911204
0.72974, 0.904541
0.749118, 0.897129
0.768537, 0.888912
0.787995, 0.879827
0.807482, 0.869794
0.826989, 0.858723
0.846503, 0.846503
0.866019, 0.833007
0.885681, 0.818198
0.129612, 0.835876
0.148364, 0.851636
0.166993, 0.866019
0.185624, 0.879077
0.20425, 0.890947
0.222867, 0.901739
0.241469, 0.911543
0.260053, 0.920433
0.278618, 0.928472
0.297162, 0.935712
0.315684, 0.942199
0.334185, 0.94797
0.352666, 0.953057
0.371128, 0.957488
0.389573, 0.961286
0.408002, 0.964468
0.426418, 0.967052
0.444823, 0.96905
0.46322, 0.97047
0.481611, 0.971319
0.5, 0.971602
0.518389, 0.971319
0.53678, 0.97047
0.555177, 0.96905
0.573582, 0.967052
0.591998, 0.964468
0.610427, 0.961286
0.628872, 0.957488
0.647334, 0.953057
0.665815, 0.94797
0.684316, 0.942199
0.702838, 0.935712
0.721382, 0.928472
0.739947, 0.920433
0.758531, 0.911543
0.777133, 0.901739
0.79575, 0.890947
0.814376, 0.879077
0.833007, 0.866019
0.851636, 0.851636
0.870388, 0.835876
0.146447, 0.853553
0.164124, 0.870388
0.181802, 0.885681
0.19948, 0.899609
0.217157, 0.912311
0.234835, 0.923896
0.252513, 0.934454
0.27019, 0.944058
0.287868, 0.952769
0.305546, 0.960638
0.323223, 0.967707
0.340901, 0.974012
0.358579, 0.979583
0.376256, 0.984446
0.393934, 0.988621
0.411612, 0.992125
0.429289, 0.994975
0.446967, 0.99718
0.464645, 0.998748
0.482322, 0.999687
0.5, 1
0.517678, 0.999687
0.535355, 0.998748
0.553033, 0.99718
0.570711, 0.994975
0.588388, 0.992125
0.606066, 0.988621
0.623744, 0.984446
0.641421, 0.979583
0.659099, 0.974012
0.676777, 0.967707
0.694454, 0.960638
0.712132, 0.952769
0.72981, 0.944058
0.747487, 0.934454
0.765165, 0.923896
0.782843, 0.912311
0.80052, 0.899609
0.818198, 0.885681
0.835876, 0.870388
0.853553, 0.853553
0.146999, 0.146999
0.165164, 0.131443
0.183331, 0.117311
0.201494, 0.10445
0.219651, 0.0927368
0.237799, 0.0820711
0.255938, 0.0723717
0.274068, 0.0635715
0.292187, 0.0556142
0.310296, 0.0484527
0.328396, 0.0420474
0.346486, 0.0363647
0.364568, 0.0313764
0.382642, 0.0270588
0.40071, 0.023392
0.418771, 0.0203598
0.436827, 0.0179492
0.454879, 0.0161499
0.472929, 0.0149545
0.490976, 0.014358
0.509024, 0.014358
0.527071, 0.0149545
0.545121, 0.0161499
0.563173, 0.0179492
0.581229, 0.0203598
0.59929, 0.023392
0.617358, 0.0270588
0.635432, 0.0313764
0.653514, 0.0363647
0.671604, 0.0420474
0.689704, 0.0484527
0.707813, 0.0556142
0.725932, 0.0635715
0.744062, 0.0723717
0.762201, 0.0820711
0.780349, 0.0927368
0.798506, 0.10445
0.816669, 0.117311
0.834836, 0.131443
0.853001, 0.146999
0.131443, 0.165164
0.150538, 0.150538
0.169613, 0.137262
0.188687, 0.125217
0.207751, 0.114282
0.226797, 0.104358
0.245819, 0.0953606
0.264813, 0.0872222
0.283776, 0.0798844
0.302708, 0.0732978
0.321607, 0.0674205
0.340476, 0.0622171
0.359316, 0.0576577
0.37813, 0.0537171
0.39692, 0.0503747
0.41569, 0.0476134
0.434443, 0.0454197
0.453183, 0.0437833
0.471914, 0.0426964
0.490638, 0.0421542
0.509362, 0.0421542
0.528086, 0.0426964
0.546817, 0.0437833
0.565557, 0.0454197
0.58431, 0.0476134
0.60308, 0.0503747
0.62187, 0.0537171
0.640684, 0.0576577
0.659524, 0.0622171
0.678393, 0.0674205
0.697292, 0.0732978
0.716224, 0.0798844
0.735187, 0.0872222
0.754181, 0.0953606
0.773203, 0.104358
0.792249, 0.114282
0.811313, 0.125217
0.830387, 0.137262
0.849462, 0.150538
0.868557, 0.165164
0.117311, 0.183331
0.137262, 0.169613
0.157195, 0.157195
0.177124, 0.145964
0.197033, 0.1358
0.216906, 0.126599
0.236732, 0.118275
0.256504, 0.110756
0.276217, 0.10398
0.295873, 0.0978948
0.315473, 0.0924581
0.335022, 0.0876348
0.354526, 0.083397
0.373991, 0.0797228
0.393425, 0.0765958
0.412833, 0.0740038
0.432221, 0.0719382
0.451596, 0.0703931
0.470961, 0.0693649
0.490321, 0.0688513
0.509679, 0.0688513
0.529039, 0.0693649
0.548404, 0.0703931
0.567779, 0.0719382
0.587167, 0.0740038
0.606575, 0.0765958
0.626009, 0.0797228
0.645474, 0.083397
0.664978, 0.0876348
0.684527, 0.0924581
0.704127, 0.0978948
0.723783, 0.10398
0.743496, 0.110756
0.763268, 0.118275
0.783094, 0.126599
0.802967, 0.1358
0.822876, 0.145964
0.842805, 0.157195
0.862738, 0.169613
0.882689, 0.183331
0.10445, 0.201494
0.125217, 0.188687
0.145964, 0.177124
0.166697, 0.166697
0.187387, 0.157279
0.208007, 0.148759
0.228541, 0.141041
0.248979, 0.134047
0.269321, 0.127707
0.289572, 0.12197
0.309744, 0.116792
0.32985, 0.112145
0.349908, 0.108012
0.369934, 0.104382
0.389941, 0.101255
0.409943, 0.0986344
0.429946, 0.0965262
0.449954, 0.0949373
0.469969, 0.0938741
0.489989, 0.0933413
0.510011, 0.0933413
0.530031, 0.0938741
0.550046, 0.0949373
0.570054, 0.0965262
0.590057, 0.0986344
0.610059, 0.101255
0.630066, 0.104382
0.650092, 0.108012
0.67015, 0.112145
0.690256, 0.116792
0.710428, 0.12197
0.730679, 0.127707
0.751021, 0.134047
0.771459, 0.141041
0.791993, 0.148759
0.812613, 0.157279
0.833303, 0.166697
0.854036, 0.177124
0.874783, 0.188687
0.89555, 0.201494
0.0927368, 0.219651
0.114282, 0.207751
0.1358, 0.197033
0.157279, 0.187387
0.17867, 0.17867
0.199935, 0.170758
0.221049, 0.16354
0.242004, 0.156921
0.262807, 0.150826
0.283479, 0.145199
0.304053, 0.140009
0.324569, 0.135247
0.345065, 0.130923
0.365576, 0.12706
0.386124, 0.123686
0.406724, 0.120828
0.42738, 0.118513
0.448087, 0.11676
0.468835, 0.115584
0.489609, 0.114994
0.510391, 0.114994
0.531165, 0.115584
0.551913, 0.11676
0.57262, 0.118513
0.593276, 0.120828
0.613876, 0.123686
0.634424, 0.12706
0.654935, 0.130923
0.675431, 0.135247
0.695947, 0.140009
0.716521, 0.145199
0.737193, 0.150826
0.757996, 0.156921
0.778951, 0.16354
0.800065, 0.170758
0.82133, 0.17867
0.842721, 0.187387
0.8642, 0.197033
0.885718, 0.207751
0.907263, 0.219651
0.0820711, 0.237799
0.104358, 0.226797
0.126599, 0.216906
0.148759, 0.208007
0.170758, 0.199935
0.19254, 0.19254
0.214071, 0.185686
0.235347, 0.179258
0.256399, 0.173174
0.277288, 0.167399
0.298096, 0.161941
0.318905, 0.156845
0.339784, 0.152175
0.360778, 0.147992
0.381907, 0.144351
0.403171, 0.141287
0.424556, 0.138823
0.44604, 0.136973
0.467595, 0.135739
0.489194, 0.135122
0.510806, 0.135122
0.532405, 0.135739
0.55396, 0.136973
0.575444, 0.138823
0.596829, 0.141287
0.618093, 0.144351
0.639222, 0.147992
0.660216, 0.152175
0.681095, 0.156845
0.701904, 0.161941
0.722712, 0.167399
0.743601, 0.173174
0.764653, 0.179258
0.785929, 0.185686
0.80746, 0.19254
0.829242, 0.199935
0.851241, 0.208007
0.873401, 0.216906
0.895642, 0.226797
0.917929, 0.237799
0.0723717, 0.255938
0.0953606, 0.245819
0.118275, 0.236732
0.141041, 0.228541
0.16354, 0.221049
0.185686, 0.214071
0.207437, 0.207437
0.228811, 0.201017
0.249902, 0.19476
0.270856, 0.1887
0.291832, 0.182935
0.312956, 0.177587
0.334301, 0.172766
0.35589, 0.168546
0.377708, 0.164967
0.399716, 0.162034
0.421871, 0.159734
0.444129, 0.158042
0.466453, 0.156931
0.488814, 0.156381
0.511186, 0.156381
0.533547, 0.156931
0.555871, 0.158042
0.578129, 0.159734
0.600284, 0.162034
0.622292, 0.164967
0.64411, 0.168546
0.665699, 0.172766
0.687044, 0.177587
0.708168, 0.182935
0.729144, 0.1887
0.750098, 0.19476
0.771189, 0.201017
0.792563, 0.207437
0.814314, 0.214071
0.83646, 0.221049
0.858959, 0.228541
0.881725, 0.236732
0.904639, 0.245819
0.927628, 0.255938
0.0635715, 0.274068
0.0872222, 0.264813
0.110756, 0.256504
0.134047, 0.248979
0.156921, 0.242004
0.179258, 0.235347
0.201017, 0.228811
0.222292, 0.222292
0.243305, 0.215834
0.264329, 0.209597
0.285588, 0.203785
0.307208, 0.19857
0.32921, 0.194059
0.351548, 0.190283
0.37414, 0.187218
0.396901, 0.184808
0.41976, 0.182986
0.44267, 0.181684
0.465599, 0.180849
0.488533, 0.180441
0.511467, 0.180441
0.534401, 0.180849
0.55733, 0.181684
0.58024, 0.182986
0.603099, 0.184808
0.62586, 0.187218
0.648452, 0.190283
0.67079, 0.194059
0.692792, 0.19857
0.714412, 0.203785
0.735671, 0.209597
0.756695, 0.215834
0.777708, 0.222292
0.798983, 0.228811
0.820742, 0.235347
0.843079, 0.242004
0.865953, 0.248979
0.889244, 0.256504
0.912778, 0.264813
0.936429, 0.274068
0.0556142, 0.292187
0.0798844, 0.283776
0.10398, 0.276217
0.127707, 0.269321
0.150826, 0.262807
0.173174, 0.256399
0.19476, 0.249902
0.215834, 0.243305
0.236808, 0.236808
0.258074, 0.230708
0.279861, 0.225271
0.302214, 0.22065
0.325044, 0.216879
0.348203, 0.213902
0.371549, 0.211619
0.394968, 0.20992
0.418385, 0.2087
0.44176, 0.207869
0.465083, 0.207356
0.488366, 0.207112
0.511634, 0.207112
0.534917, 0.207356
0.55824, 0.207869
0.581615, 0.2087
0.605032, 0.20992
0.628451, 0.211619
0.651797, 0.213902
0.674956, 0.216879
0.697786, 0.22065
0.720139, 0.225271
0.741926, 0.230708
0.763192, 0.236808
0.784166, 0.243305
0.80524, 0.249902
0.826826, 0.256399
0.849174, 0.262807
0.872293, 0.269321
0.89602, 0.276217
0.920116, 0.283776
0.944386, 0.292187
0.0484527, 0.310296
0.0732978, 0.302708
0.0978948, 0.295873
0.12197, 0.289572
0.145199, 0.283479
0.167399, 0.277288
0.1887, 0.270856
0.209597, 0.264329
0.230708, 0.258074
0.252477, 0.252477
0.275042, 0.247784
0.29829, 0.244054
0.321999, 0.241218
0.345944, 0.239142
0.369947, 0.237685
0.393887, 0.236706
0.417695, 0.236082
0.441352, 0.235708
0.464873, 0.235504
0.488302, 0.235416
0.511698, 0.235416
0.535127, 0.235504
0.558648, 0.235708
0.582305, 0.236082
0.606113, 0.236706
0.630053, 0.237685
0.654056, 0.239142
0.678001, 0.241218
0.70171, 0.244054
0.724958, 0.247784
0.747523, 0.252477
0.769292, 0.258074
0.790403, 0.264329
0.8113, 0.270856
0.832601, 0.277288
0.854801, 0.283479
0.87803, 0.289572
0.902105, 0.295873
0.926702, 0.302708
0.951547, 0.310296
0.0420474, 0.328396
0.0674205, 0.321607
0.0924581, 0.315473
0.116792, 0.309744
0.140009, 0.304053
0.161941, 0.298096
0.182935, 0.291832
0.203785, 0.285588
0.225271, 0.279861
0.247784, 0.275042
0.271276, 0.271276
0.295459, 0.268511
0.320007, 0.266601
0.34465, 0.26538
0.369195, 0.26468
0.393519, 0.264345
0.417569, 0.26424
0.441349, 0.264254
0.464906, 0.264304
0.488319, 0.264341
0.511681, 0.264341
0.535094, 0.264304
0.558651, 0.264254
0.582431, 0.26424
0.606481, 0.264345
0.630805, 0.26468
0.65535, 0.26538
0.679993, 0.266601
0.704541, 0.268511
0.728724, 0.271276
0.752216, 0.275042
0.774729, 0.279861
0.796215, 0.285588
0.817065, 0.291832
0.838059, 0.298096
0.859991, 0.304053
0.883208, 0.309744
0.907542, 0.315473
0.93258, 0.321607
0.957953, 0.328396
0.0363647, 0.346486
0.0622171, 0.340476
0.0876348, 0.335022
0.112145, 0.32985
0.135247, 0.324569
0.156845, 0.318905
0.177587, 0.312956
0.19857, 0.307208
0.22065, 0.302214
0.244054, 0.29829
0.268511, 0.295459
0.293589, 0.293589
0.3189, 0.292503
0.344143, 0.292014
0.36911, 0.291938
0.393685, 0.292102
0.417837, 0.292361
0.441606, 0.292611
0.465083, 0.292794
0.488381, 0.292887
0.511619, 0.292887
0.534917, 0.292794
0.558394, 0.292611
0.582163, 0.292361
0.606315, 0.292102
0.63089, 0.291938
0.655857, 0.292014
0.6811, 0.292503
0.706411, 0.293589
0.731489, 0.295459
0.755946, 0.29829
0.77935, 0.302214
0.80143, 0.307208
0.822413, 0.312956
0.843155, 0.318905
0.864753, 0.324569
0.887855, 0.32985
0.912365, 0.335022
0.937783, 0.340476
0.963635, 0.346486
0.0313764, 0.364568
0.0576577, 0.359316
0.083397, 0.354526
0.108012, 0.349908
0.130923, 0.345065
0.152175, 0.339784
0.172766, 0.334301
0.194059, 0.32921
0.216879, 0.325044
0.241218, 0.321999
0.266601, 0.320007
0.292503, 0.3189
0.318485, 0.318485
0.344213, 0.318555
0.369466, 0.3189
0.394138, 0.319322
0.418243, 0.319672
0.44189, 0.319876
0.465235, 0.319947
0.488427, 0.319953
0.511573, 0.319953
0.534765, 0.319947
0.55811, 0.319876
0.581757, 0.319672
0.605862, 0.319322
0.630534, 0.3189
0.655787, 0.318555
0.681515, 0.318485
0.707497, 0.3189
0.733399, 0.320007
0.758782, 0.321999
0.783121, 0.325044
0.805941, 0.32921
0.827234, 0.334301
0.847825, 0.339784
0.869077, 0.345065
0.891988, 0.349908
0.916603, 0.354526
0.942342, 0.359316
0.968624, 0.364568
0.0270588, 0.382642
0.0537171, 0.37813
0.0797228, 0.373991
0.104382, 0.369934
0.12706, 0.365576
0.147992, 0.360778
0.168546, 0.35589
0.190283, 0.351548
0.213902, 0.348203
0.239142, 0.345944
0.26538, 0.34465
0.292014, 0.344143
0.318555, 0.344213
0.344624, 0.344624
0.369977, 0.345118
0.39453, 0.345448
0.41839, 0.345454
0.44181, 0.345139
0.465073, 0.344691
0.488349, 0.344375
0.511651, 0.344375
0.534927, 0.344691
0.55819, 0.345139
0.58161, 0.345454
0.60547, 0.345448
0.630023, 0.345118
0.655376, 0.344624
0.681445, 0.344213
0.707986, 0.344143
0.73462, 0.34465
0.760858, 0.345944
0.786098, 0.348203
0.809717, 0.351548
0.831454, 0.35589
0.852008, 0.360778
0.87294, 0.365576
0.895618, 0.369934
0.920277, 0.373991
0.946283, 0.37813
0.972941, 0.382642
0.023392, 0.40071
0.0503747, 0.39692
0.0765958, 0.393425
0.101255, 0.389941
0.123686, 0.386124
0.144351, 0.381907
0.164967, 0.377708
0.187218, 0.37414
0.211619, 0.371549
0.237685, 0.369947
0.26468, 0.369195
0.291938, 0.36911
0.3189, 0.369466
0.345118, 0.369977
0.370301, 0.370301
0.394411, 0.370108
0.41775, 0.36924
0.440871, 0.367888
0.464252, 0.366535
0.488025, 0.365701
0.511975, 0.365701
0.535748, 0.366535
0.559129, 0.367888
0.58225, 0.36924
0.605589, 0.370108
0.629699, 0.370301
0.654882, 0.369977
0.6811, 0.369466
0.708062, 0.36911
0.73532, 0.369195
0.762315, 0.369947
0.788381, 0.371549
0.812782, 0.37414
0.835033, 0.377708
0.855649, 0.381907
0.876314, 0.386124
0.898745, 0.389941
0.923404, 0.393425
0.949625, 0.39692
0.976608, 0.40071
0.0203598, 0.418771
0.0476134, 0.41569
0.0740038, 0.412833
0.0986344, 0.409943
0.120828, 0.406724
0.141287, 0.403171
0.162034, 0.399716
0.184808, 0.396901
0.20992, 0.394968
0.236706, 0.393887
0.264345, 0.393519
0.292102, 0.393685
0.319322, 0.394138
0.345448, 0.39453
0.370108, 0.394411
0.393369, 0.393369
0.41594, 0.391363
0.438827, 0.388886
0.462667, 0.386692
0.487432, 0.385424
0.512568, 0.385424
0.537333, 0.386692
0.561173, 0.388886
0.58406, 0.391363
0.606631, 0.393369
0.629892, 0.394411
0.654552, 0.39453
0.680678, 0.394138
0.707898, 0.393685
0.735655, 0.393519
0.763294, 0.393887
0.79008, 0.394968
0.815192, 0.396901
0.837966, 0.399716
0.858713, 0.403171
0.879172, 0.406724
0.901366, 0.409943
0.925996, 0.412833
0.952387, 0.41569
0.97964, 0.418771
0.0179492, 0.436827
0.0454197, 0.434443
0.0719382, 0.432221
0.0965262, 0.429946
0.118513, 0.42738
0.138823, 0.424556
0.159734, 0.421871
0.182986, 0.41976
0.2087, 0.418385
0.236082, 0.417695
0.26424, 0.417569
0.292361, 0.417837
0.319672, 0.418243
0.345454, 0.41839
0.36924, 0.41775
0.391363, 0.41594
0.413148, 0.413148
0.436041, 0.410111
0.460676, 0.407652
0.486719, 0.406314
0.513281, 0.406314
0.539324, 0.407652
0.563959, 0.410111
0.586852, 0.413148
0.608637, 0.41594
0.63076, 0.41775
0.654546, 0.41839
0.680328, 0.418243
0.707639, 0.417837
0.73576, 0.417569
0.763918, 0.417695
0.7913, 0.418385
0.817014, 0.41976
0.840266, 0.421871
0.861177, 0.424556
0.881487, 0.42738
0.903474, 0.429946
0.928062, 0.432221
0.95458, 0.434443
0.982051, 0.436827
0.0161499, 0.454879
0.0437833, 0.453183
0.0703931, 0.451596
0.0949373, 0.449954
0.11676, 0.448087
0.136973, 0.44604
0.158042, 0.444129
0.181684, 0.44267
0.207869, 0.44176
0.235708, 0.441352
0.264254, 0.441349
0.292611, 0.441606
0.319876, 0.44189
0.345139, 0.44181
0.367888, 0.440871
0.388886, 0.438827
0.410111, 0.436041
0.433296, 0.433296
0.458861, 0.431258
0.486097, 0.430214
0.513903, 0.430214
0.541139, 0.431258
0.566704, 0.433296
0.589889, 0.436041
0.611114, 0.438827
0.632112, 0.440871
0.654861, 0.44181
0.680124, 0.44189
0.707389, 0.441606
0.735746, 0.441349
0.764292, 0.441352
0.792131, 0.44176
0.818316, 0.44267
0.841958, 0.444129
0.863027, 0.44604
0.88324, 0.448087
0.905063, 0.449954
0.929607, 0.451596
0.956217, 0.453183
0.98385, 0.454879
0.0149545, 0.472929
0.0426964, 0.471914
0.0693649, 0.470961
0.0938741, 0.469969
0.115584, 0.468835
0.135739, 0.467595
0.156931, 0.466453
0.180849, 0.465599
0.207356, 0.465083
0.235504, 0.464873
0.264304, 0.464906
0.292794, 0.465083
0.319947, 0.465235
0.344691, 0.465073
0.366535, 0.464252
0.386692, 0.462667
0.407652, 0.460676
0.431258, 0.458861
0.457598, 0.457598
0.485676, 0.456973
0.514324, 0.456973
0.542402, 0.457598
0.568742, 0.458861
0.592348, 0.460676
0.613308, 0.462667
0.633465, 0.464252
0.655309, 0.465073
0.680053, 0.465235
0.707206, 0.465083
0.735696, 0.464906
0.764496, 0.464873
0.792644, 0.465083
0.819151, 0.465599
0.843069, 0.466453
0.864261, 0.467595
0.884416, 0.468835
0.906126, 0.469969
0.930635, 0.470961
0.957304, 0.471914
0.985045, 0.472929
0.014358, 0.490976
0.0421542, 0.490638
0.0688513, 0.490321
0.0933413, 0.489989
0.114994, 0.489609
0.135122, 0.489194
0.156381, 0.488814
0.180441, 0.488533
0.207112, 0.488366
0.235416, 0.488302
0.264341, 0.488319
0.292887, 0.488381
0.319953, 0.488427
0.344375, 0.488349
0.365701, 0.488025
0.385424, 0.487432
0.406314, 0.486719
0.430214, 0.486097
0.456973, 0.485676
0.485471, 0.485471
0.514529, 0.485471
0.543027, 0.485676
0.569786, 0.486097
0.593686, 0.486719
0.614576, 0.487432
0.634299, 0.488025
0.655625, 0.488349
0.680047, 0.488427
0.707113, 0.488381
0.735659, 0.488319
0.764584, 0.488302
0.792888, 0.488366
0.819559, 0.488533
0.843619, 0.488814
0.864878, 0.489194
0.885006, 0.489609
0.906659, 0.489989
0.931149, 0.490321
0.957846, 0.490638
0.985642, 0.490976
0.014358, 0.509024
0.0421542, 0.509362
0.0688513, 0.509679
0.0933413, 0.510011
0.114994, 0.510391
0.135122, 0.510806
0.156381, 0.511186
0.180441, 0.511467
0.207112, 0.511634
0.235416, 0.511698
0.264341, 0.511681
0.292887, 0.511619
0.319953, 0.511573
0.344375, 0.511651
0.365701, 0.511975
0.385424, 0.512568
0.406314, 0.513281
0.430214, 0.513903
0.456973, 0.514324
0.485471, 0.514529
0.514529, 0.514529
0.543027, 0.514324
0.569786, 0.513903
0.593686, 0.513281
0.614576, 0.512568
0.634299, 0.511975
0.655625, 0.511651
0.680047, 0.511573
0.707113, 0.511619
0.735659, 0.511681
0.764584, 0.511698
0.792888, 0.511634
0.819559, 0.511467
0.843619, 0.511186
0.864878, 0.510806
0.885006, 0.510391
0.906659, 0.510011
0.931149, 0.509679
0.957846, 0.509362
0.985642, 0.509024
0.0149545, 0.527071
0.0426964, 0.528086
0.0693649, 0.529039
0.0938741, 0.530031
0.115584, 0.531165
0.135739, 0.532405
0.156931, 0.533547
0.180849, 0.534401
0.207356, 0.534917
0.235504, 0.535127
0.264304, 0.535094
0.292794, 0.534917
0.319947, 0.534765
0.344691, 0.534927
0.366535, 0.535748
0.386692, 0.537333
0.407652, 0.539324
0.431258, 0.541139
0.457598, 0.542402
0.485676, 0.543027
0.514324, 0.543027
0.542402, 0.542402
0.568742, 0.541139
0.592348, 0.539324
0.613308, 0.537333
0.633465, 0.535748
0.655309, 0.534927
0.680053, 0.534765
0.707206, 0.534917
0.735696, 0.535094
0.764496, 0.535127
0.792644, 0.534917
0.819151, 0.534401
0.843069, 0.533547
0.864261, 0.532405
0.884416, 0.531165
0.906126, 0.530031
0.930635, 0.529039
0.957304, 0.528086
0.985045, 0.527071
0.0161499, 0.545121
0.0437833, 0.546817
0.0703931, 0.548404
0.0949373, 0.550046
0.11676, 0.551913
0.136973, 0.55396
0.158042, 0.555871
0.181684, 0.55733
0.207869, 0.55824
0.235708, 0.558648
0.264254, 0.558651
0.292611, 0.558394
0.319876, 0.55811
0.345139, 0.55819
0.367888, 0.559129
0.388886, 0.561173
0.410111, 0.563959
0.433296, 0.566704
0.458861, 0.568742
0.486097, 0.569786
0.513903, 0.569786
0.541139, 0.568742
0.566704, 0.566704
0.589889, 0.563959
0.611114, 0.561173
0.632112, 0.559129
0.654861, 0.55819
0.680124, 0.55811
0.707389, 0.558394
0.735746, 0.558651
0.764292, 0.558648
0.792131, 0.55824
0.818316, 0.55733
0.841958, 0.555871
0.863027, 0.55396
0.88324, 0.551913
0.905063, 0.550046
0.929607, 0.548404
0.956217, 0.546817
0.98385, 0.545121
0.0179492, 0.563173
0.0454197, 0.565557
0.0719382, 0.567779
0.0965262, 0.570054
0.118513, 0.57262
0.138823, 0.575444
0.159734, 0.578129
0.182986, 0.58024
0.2087, 0.581615
0.236082, 0.582305
0.26424, 0.582431
0.292361, 0.582163
0.319672, 0.581757
0.345454, 0.58161
0.36924, 0.58225
0.391363, 0.58406
0.413148, 0.586852
0.436041, 0.589889
0.460676, 0.592348
0.486719, 0.593686
0.513281, 0.593686
0.539324, 0.592348
0.563959, 0.589889
0.586852, 0.586852
0.608637, 0.58406
0.63076, 0.58225
0.654546, 0.58161
0.680328, 0.581757
0.707639, 0.582163
0.73576, 0.582431
0.763918, 0.582305
0.7913, 0.581615
0.817014, 0.58024
0.840266, 0.578129
0.861177, 0.575444
0.881487, 0.57262
0.903474, 0.570054
0.928062, 0.567779
0.95458, 0.565557
0.982051, 0.563173
0.0203598, 0.581229
0.0476134, 0.58431
0.0740038, 0.587167
0.0986344, 0.590057
0.120828, 0.593276
0.141287, 0.596829
0.162034, 0.600284
0.184808, 0.603099
0.20992, 0.605032
0.236706, 0.606113
0.264345, 0.606481
0.292102, 0.606315
0.319322, 0.605862
0.345448, 0.60547
0.370108, 0.605589
0.393369, 0.606631
0.41594, 0.608637
0.438827, 0.611114
0.462667, 0.613308
0.487432, 0.614576
0.512568, 0.614576
0.537333, 0.613308
0.561173, 0.611114
0.58406, 0.608637
0.606631, 0.606631
0.629892, 0.605589
0.654552, 0.60547
0.680678, 0.605862
0.707898, 0.606315
0.735655, 0.606481
0.763294, 0.606113
0.79008, 0.605032
0.815192, 0.603099
0.837966, 0.600284
0.858713, 0.596829
0.879172, 0.593276
0.901366, 0.590057
0.925996, 0.587167
0.952387, 0.58431
0.97964, 0.581229
0.023392, 0.59929
0.0503747, 0.60308
0.0765958, 0.606575
0.101255, 0.610059
0.123686, 0.613876
0.144351, 0.618093
0.164967, 0.622292
0.187218, 0.62586
0.211619, 0.628451
0.237685, 0.630053
0.26468, 0.630805
0.291938, 0.63089
0.3189, 0.630534
0.345118, 0.630023
0.370301, 0.629699
0.394411, 0.629892
0.41775, 0.63076
0.440871, 0.632112
0.464252, 0.633465
0.488025, 0.634299
0.511975, 0.634299
0.535748, 0.633465
0.559129, 0.632112
0.58225, 0.63076
0.605589, 0.629892
0.629699, 0.629699
0.654882, 0.630023
0.6811, 0.630534
0.708062, 0.63089
0.73532, 0.630805
0.762315, 0.630053
0.788381, 0.628451
0.812782, 0.62586
0.835033, 0.622292
0.855649, 0.618093
0.876314, 0.613876
0.898745, 0.610059
0.923404, 0.606575
0.949625, 0.60308
0.976608, 0.59929
0.0270588, 0.617358
0.0537171, 0.62187
0.0797228, 0.626009
0.104382, 0.630066
0.12706, 0.634424
0.147992, 0.639222
0.168546, 0.64411
0.190283, 0.648452
0.213902, 0.651797
0.239142, 0.654056
0.26538, 0.65535
0.292014, 0.655857
0.318555, 0.655787
0.344624, 0.655376
0.369977, 0.654882
0.39453, 0.654552
0.41839, 0.654546
0.44181, 0.654861
0.465073, 0.655309
0.488349, 0.655625
0.511651, 0.655625
0.534927, 0.655309
0.55819, 0.654861
0.58161, 0.654546
0.60547, 0.654552
0.630023, 0.654882
0.655376, 0.655376
0.681445, 0.655787
0.707986, 0.655857
0.73462, 0.65535
0.760858, 0.654056
0.786098, 0.651797
0.809717, 0.648452
0.831454, 0.64411
0.852008, 0.639222
0.87294, 0.634424
0.895618, 0.630066
0.920277, 0.626009
0.946283, 0.62187
0.972941, 0.617358
0.0313764, 0.635432
0.0576577, 0.640684
0.083397, 0.645474
0.108012, 0.650092
0.130923, 0.654935
0.152175, 0.660216
0.172766, 0.665699
0.194059, 0.67079
0.216879, 0.674956
0.241218, 0.678001
0.266601, 0.679993
0.292503, 0.6811
0.318485, 0.681515
0.344213, 0.681445
0.369466, 0.6811
0.394138, 0.680678
0.418243, 0.680328
0.44189, 0.680124
0.465235, 0.680053
0.488427, 0.680047
0.511573, 0.680047
0.534765, 0.680053
0.55811, 0.680124
0.581757, 0.680328
0.605862, 0.680678
0.630534, 0.6811
0.655787, 0.681445
0.681515, 0.681515
0.707497, 0.6811
0.733399, 0.679993
0.758782, 0.678001
0.783121, 0.674956
0.805941, 0.67079
0.827234, 0.665699
0.847825, 0.660216
0.869077, 0.654935
0.891988, 0.650092
0.916603, 0.645474
0.942342, 0.640684
0.968624, 0.635432
0.0363647, 0.653514
0.0622171, 0.659524
0.0876348, 0.664978
0.112145, 0.67015
0.135247, 0.675431
0.156845, 0.681095
0.177587, 0.687044
0.19857, 0.692792
0.22065, 0.697786
0.244054, 0.70171
0.268511, 0.704541
0.293589, 0.706411
0.3189, 0.707497
0.344143, 0.707986
0.36911, 0.708062
0.393685, 0.707898
0.417837, 0.707639
0.441606, 0.707389
0.465083, 0.707206
0.488381, 0.707113
0.511619, 0.707113
0.534917, 0.707206
0.558394, 0.707389
0.582163, 0.707639
0.606315, 0.707898
0.63089, 0.708062
0.655857, 0.707986
0.6811, 0.707497
0.706411, 0.706411
0.731489, 0.704541
0.755946, 0.70171
0.77935, 0.697786
0.80143, 0.692792
0.822413, 0.687044
0.843155, 0.681095
0.864753, 0.675431
0.887855, 0.67015
0.912365, 0.664978
0.937783, 0.659524
0.963635, 0.653514
0.0420474, 0.671604
0.0674205, 0.678393
0.0924581, 0.684527
0.116792, 0.690256
0.140009, 0.695947
0.161941, 0.701904
0.182935, 0.708168
0.203785, 0.714412
0.225271, 0.720139
0.247784, 0.724958
0.271276, 0.728724
0.295459, 0.731489
0.320007, 0.733399
0.34465, 0.73462
0.369195, 0.73532
0.393519, 0.735655
0.417569, 0.73576
0.441349, 0.735746
0.464906, 0.735696
0.488319, 0.735659
0.511681, 0.735659
0.535094, 0.735696
0.558651, 0.735746
0.582431, 0.73576
0.606481, 0.735655
0.630805, 0.73532
0.65535, 0.73462
0.679993, 0.733399
0.704541, 0.731489
0.728724, 0.728724
0.752216, 0.724958
0.774729, 0.720139
0.796215, 0.714412
0.817065, 0.708168
0.838059, 0.701904
0.859991, 0.695947
0.883208, 0.690256
0.907542, 0.684527
0.93258, 0.678393
0.957953, 0.671604
0.0484527, 0.689704
0.0732978, 0.697292
0.0978948, 0.704127
0.12197, 0.710428
0.145199, 0.716521
0.167399, 0.722712
0.1887, 0.729144
0.209597, 0.735671
0.230708, 0.741926
0.252477, 0.747523
0.275042, 0.752216
0.29829, 0.755946
0.321999, 0.758782
0.345944, 0.760858
0.369947, 0.762315
0.393887, 0.763294
0.417695, 0.763918
0.441352, 0.764292
0.464873, 0.764496
0.488302, 0.764584
0.511698, 0.764584
0.535127, 0.764496
0.558648, 0.764292
0.582305, 0.763918
0.606113, 0.763294
0.630053, 0.762315
0.654056, 0.760858
0.678001, 0.758782
0.70171, 0.755946
0.724958, 0.752216
0.747523, 0.747523
0.769292, 0.741926
0.790403, 0.735671
0.8113, 0.729144
0.832601, 0.722712
0.854801, 0.716521
0.87803, 0.710428
0.902105, 0.704127
0.926702, 0.697292
0.951547, 0.689704
0.0556142, 0.707813
0.0798844, 0.716224
0.10398, 0.723783
0.127707, 0.730679
0.150826, 0.737193
0.173174, 0.743601
0.19476, 0.750098
0.215834, 0.756695
0.236808, 0.763192
0.258074, 0.769292
0.279861, 0.774729
0.302214, 0.77935
0.325044, 0.783121
0.348203, 0.786098
0.371549, 0.788381
0.394968, 0.79008
0.418385, 0.7913
0.44176, 0.792131
0.465083, 0.792644
0.488366, 0.792888
0.511634, 0.792888
0.534917, 0.792644
0.55824, 0.792131
0.581615, 0.7913
0.605032, 0.79008
0.628451, 0.788381
0.651797, 0.786098
0.674956, 0.783121
0.697786, 0.77935
0.720139, 0.774729
0.741926, 0.769292
0.763192, 0.763192
0.784166, 0.756695
0.80524, 0.750098
0.826826, 0.743601
0.849174, 0.737193
0.872293, 0.730679
0.89602, 0.723783
0.920116, 0.716224
0.944386, 0.707813
0.0635715, 0.725932
0.0872222, 0.735187
0.110756, 0.743496
0.134047, 0.751021
0.156921, 0.757996
0.179258, 0.764653
0.201017, 0.771189
0.222292, 0.777708
0.243305, 0.784166
0.264329, 0.790403
0.285588, 0.796215
0.307208, 0.80143
0.32921, 0.805941
0.351548, 0.809717
0.37414, 0.812782
0.396901, 0.815192
0.41976, 0.817014
0.44267, 0.818316
0.465599, 0.819151
0.488533, 0.819559
0.511467, 0.819559
0.534401, 0.819151
0.55733, 0.818316
0.58024, 0.817014
0.603099, 0.815192
0.62586, 0.812782
0.648452, 0.809717
0.67079, 0.805941
0.692792, 0.80143
0.714412, 0.796215
0.735671, 0.790403
0.756695, 0.784166
0.777708, 0.777708
0.798983, 0.771189
0.820742, 0.764653
0.843079, 0.757996
0.865953, 0.751021
0.889244, 0.743496
0.912778, 0.735187
0.936429, 0.725932
0.0723717, 0.744062
0.0953606, 0.754181
0.118275, 0.763268
0.141041, 0.771459
0.16354, 0.778951
0.185686, 0.785929
0.207437, 0.792563
0.228811, 0.798983
0.249902, 0.80524
0.270856, 0.8113
0.291832, 0.817065
0.312956, 0.822413
0.334301, 0.827234
0.35589, 0.831454
0.377708, 0.835033
0.399716, 0.837966
0.421871, 0.840266
0.444129, 0.841958
0.466453, 0.843069
0.488814, 0.843619
0.511186, 0.843619
0.533547, 0.843069
0.555871, 0.841958
0.578129, 0.840266
0.600284, 0.837966
0.622292, 0.835033
0.64411, 0.831454
0.665699, 0.827234
0.687044, 0.822413
0.708168, 0.817065
0.729144, 0.8113
0.750098, 0.80524
0.771189, 0.798983
0.792563, 0.792563
0.814314, 0.785929
0.83646, 0.778951
0.858959, 0.771459
0.881725, 0.763268
0.904639, 0.754181
0.927628, 0.744062
0.0820711, 0.762201
0.104358, 0.773203
0.126599, 0.783094
0.148759, 0.791993
0.170758, 0.800065
0.19254, 0.80746
0.214071, 0.814314
0.235347, 0.820742
0.256399, 0.826826
0.277288, 0.832601
0.298096, 0.838059
0.318905, 0.843155
0.339784, 0.847825
0.360778, 0.852008
0.381907, 0.855649
0.403171, 0.858713
0.424556, 0.861177
0.44604, 0.863027
0.467595, 0.864261
0.489194, 0.864878
0.510806, 0.864878
0.532405, 0.864261
0.55396, 0.863027
0.575444, 0.861177
0.596829, 0.858713
0.618093, 0.855649
0.639222, 0.852008
0.660216, 0.847825
0.681095, 0.843155
0.701904, 0.838059
0.722712, 0.832601
0.743601, 0.826826
0.764653, 0.820742
0.785929, 0.814314
0.80746, 0.80746
0.829242, 0.800065
0.851241, 0.791993
0.873401, 0.783094
0.895642, 0.773203
0.917929, 0.762201
0.0927368, 0.780349
0.114282, 0.792249
0.1358, 0.802967
0.157279, 0.812613
0.17867, 0.82133
0.199935, 0.829242
0.221049, 0.83646
0.242004, 0.843079
0.262807, 0.849174
0.283479, 0.854801
0.304053, 0.859991
0.324569, 0.864753
0.345065, 0.869077
0.365576, 0.87294
0.386124, 0.876314
0.406724, 0.879172
0.42738, 0.881487
0.448087, 0.88324
0.468835, 0.884416
0.489609, 0.885006
0.510391, 0.885006
0.531165, 0.884416
0.551913, 0.88324
0.57262, 0.881487
0.593276, 0.879172
0.613876, 0.876314
0.634424, 0.87294
0.654935, 0.869077
0.675431, 0.864753
0.695947, 0.859991
0.716521, 0.854801
0.737193, 0.849174
0.757996, 0.843079
0.778951, 0.83646
0.800065, 0.829242
0.82133, 0.82133
0.842721, 0.812613
0.8642, 0.802967
0.885718, 0.792249
0.907263, 0.780349
0.10445, 0.798506
0.125217, 0.811313
0.145964, 0.822876
0.166697, 0.833303
0.187387, 0.842721
0.208007, 0.851241
0.228541, 0.858959
0.248979, 0.865953
0.269321, 0.872293
0.289572, 0.87803
0.309744, 0.883208
0.32985, 0.887855
0.349908, 0.891988
0.369934, 0.895618
0.389941, 0.898745
0.409943, 0.901366
0.429946, 0.903474
0.449954, 0.905063
0.469969, 0.906126
0.489989, 0.906659
0.510011, 0.906659
0.530031, 0.906126
0.550046, 0.905063
0.570054, 0.903474
0.590057, 0.901366
0.610059, 0.898745
0.630066, 0.895618
0.650092, 0.891988
0.67015, 0.887855
0.690256, 0.883208
0.710428, 0.87803
0.730679, 0.872293
0.751021, 0.865953
0.771459, 0.858959
0.791993, 0.851241
0.812613, 0.842721
0.833303, 0.833303
0.854036, 0.822876
0.874783, 0.811313
0.89555, 0.798506
0.117311, 0.816669
0.137262, 0.830387
0.157195, 0.842805
0.177124, 0.854036
0.197033, 0.8642
0.216906, 0.873401
0.236732, 0.881725
0.256504, 0.889244
0.276217, 0.89602
0.295873, 0.902105
0.315473, 0.907542
0.335022, 0.912365
0.354526, 0.916603
0.373991, 0.920277
0.393425, 0.923404
0.412833, 0.925996
0.432221, 0.928062
0.451596, 0.929607
0.470961, 0.930635
0.490321, 0.931149
0.509679, 0.931149
0.529039, 0.930635
0.548404, 0.929607
0.567779, 0.928062
0.587167, 0.925996
0.606575, 0.923404
0.626009, 0.920277
0.645474, 0.916603
0.664978, 0.912365
0.684527, 0.907542
0.704127, 0.902105
0.723783, 0.89602
0.743496, 0.889244
0.763268, 0.881725
0.783094, 0.873401
0.802967, 0.8642
0.822876, 0.854036
0.842805, 0.842805
0.862738, 0.830387
0.882689, 0.816669
0.131443, 0.834836
0.150538, 0.849462
0.169613, 0.862738
0.188687, 0.874783
0.207751, 0.885718
0.226797, 0.895642
0.245819, 0.904639
0.264813, 0.912778
0.283776, 0.920116
0.302708, 0.926702
0.321607, 0.93258
0.340476, 0.937783
0.359316, 0.942342
0.37813, 0.946283
0.39692, 0.949625
0.41569, 0.952387
0.434443, 0.95458
0.453183, 0.956217
0.471914, 0.957304
0.490638, 0.957846
0.509362, 0.957846
0.528086, 0.957304
0.546817, 0.956217
0.565557, 0.95458
0.58431, 0.952387
0.60308, 0.949625
0.62187, 0.946283
0.640684, 0.942342
0.659524, 0.937783
0.678393, 0.93258
0.697292, 0.926702
0.716224, 0.920116
0.735187, 0.912778
0.754181, 0.904639
0.773203, 0.895642
0.792249, 0.885718
0.811313, 0.874783
0.830387, 0.862738
0.849462, 0.849462
0.868557, 0.834836
0.146999, 0.853001
0.165164, 0.868557
0.183331, 0.882689
0.201494, 0.89555
0.219651, 0.907263
0.237799, 0.917929
0.255938, 0.927628
0.274068, 0.936429
0.292187, 0.944386
0.310296, 0.951547
0.328396, 0.957953
0.346486, 0.963635
0.364568, 0.968624
0.382642, 0.972941
0.40071, 0.976608
0.418771, 0.97964
0.436827, 0.982051
0.454879, 0.98385
0.472929, 0.985045
0.490976, 0.985642
0.509024, 0.985642
0.527071, 0.985045
0.545121, 0.98385
0.563173, 0.982051
0.581229, 0.97964
0.59929, 0.976608
0.617358, 0.972941
0.635432, 0.968624
0.653514, 0.963635
0.671604, 0.957953
0.689704, 0.951547
0.707813, 0.944386
0.725932, 0.936429
0.744062, 0.927628
0.762201, 0.917929
0.780349, 0.907263
0.798506, 0.89555
0.816669, 0.882689
0.834836, 0.868557
0.853001, 0.853001
