0.146447, 0.146447
0.164124, 0.129612
0.181802, 0.114319
0.19948, 0.100391
0.217157, 0.0876894
0.234835, 0.0761044
0.252513, 0.0655463
0.27019, 0.055942
0.287868, 0.0472307
0.305546, 0.0393619
0.323223, 0.0322928
0.340901, 0.0259879
0.358579, 0.0204168
0.376256, 0.0155544
0.393934, 0.0113795
0.411612, 0.00787451
0.429289, 0.00502525
0.446967, 0.00282045
0.464645, 0.00125157
0.482322, 0.000312598
0.5, 0
0.517678, 0.000312598
0.535355, 0.00125157
0.553033, 0.00282045
0.570711, 0.00502525
0.588388, 0.00787451
0.606066, 0.0113795
0.623744, 0.0155544
0.641421, 0.0204168
0.659099, 0.0259879
0.676777, 0.0322928
0.694454, 0.0393619
0.712132, 0.0472307
0.72981, 0.055942
0.747487, 0.0655463
0.765165, 0.0761044
0.782843, 0.0876894
0.80052, 0.100391
0.818198, 0.114319
0.835876, 0.129612
0.853553, 0.146447
0.129612, 0.164124
0.148384, 0.148384
0.167019, 0.134011
0.185656, 0.120963
0.204288, 0.109104
0.222909, 0.0983235
0.241514, 0.0885318
0.260101, 0.079654
0.278668, 0.0716274
0.297212, 0.064399
0.315734, 0.057924
0.334234, 0.0521643
0.352712, 0.0470875
0.371171, 0.0426662
0.389611, 0.0388775
0.408035, 0.0357021
0.426445, 0.0331245
0.444844, 0.0311321
0.463234, 0.0297157
0.481619, 0.0288684
0.5, 0.0285864
0.518381, 0.0288684
0.536766, 0.0297157
0.555156, 0.0311321
0.573555, 0.0331245
0.591965, 0.0357021
0.610389, 0.0388775
0.628829, 0.0426662
0.647288, 0.0470875
0.665766, 0.0521643
0.684266, 0.057924
0.702788, 0.064399
0.721332, 0.0716274
0.739899, 0.079654
0.758486, 0.0885318
0.777091, 0.0983235
0.795712, 0.109104
0.814344, 0.120963
0.832981, 0.134011
0.851616, 0.148384
0.870388, 0.164124
0.114319, 0.181802
0.134011, 0.167019
0.153542, 0.153542
0.173067, 0.141339
0.192585, 0.130287
0.212082, 0.120275
0.231546, 0.111211
0.250972, 0.103016
0.270353, 0.0956252
0.289687, 0.0889827
0.308974, 0.0830414
0.328215, 0.0777614
0.347413, 0.0731096
0.366573, 0.0690587
0.385697, 0.0655863
0.404792, 0.0626745
0.423863, 0.0603092
0.442914, 0.0584798
0.46195, 0.0571783
0.480978, 0.0563995
0.5, 0.0561402
0.519022, 0.0563995
0.53805, 0.0571783
0.557086, 0.0584798
0.576137, 0.0603092
0.595208, 0.0626745
0.614303, 0.0655863
0.633427, 0.0690587
0.652587, 0.0731096
0.671785, 0.0777614
0.691026, 0.0830414
0.710313, 0.0889827
0.729647, 0.0956252
0.749028, 0.103016
0.768454, 0.111211
0.787918, 0.120275
0.807415, 0.130287
0.826933, 0.141339
0.846458, 0.153542
0.865989, 0.167019
0.885681, 0.181802
0.100391, 0.19948
0.120963, 0.185656
0.141339, 0.173067
0.161709, 0.161709
0.182061, 0.151456
0.20237, 0.142192
0.222617, 0.133817
0.242791, 0.126247
0.262884, 0.11941
0.282897, 0.113246
0.302834, 0.107708
0.322701, 0.102755
0.342509, 0.0983595
0.362269, 0.0945006
0.381991, 0.0911648
0.401687, 0.0883443
0.421364, 0.0860356
0.44103, 0.0842381
0.460689, 0.0829526
0.480345, 0.0821805
0.5, 0.0819231
0.519655, 0.0821805
0.539311, 0.0829526
0.55897, 0.0842381
0.578636, 0.0860356
0.598313, 0.0883443
0.618009, 0.0911648
0.637731, 0.0945006
0.657491, 0.0983595
0.677299, 0.102755
0.697166, 0.107708
0.717103, 0.113246
0.737116, 0.11941
0.757209, 0.126247
0.777383, 0.133817
0.79763, 0.142192
0.817939, 0.151456
0.838291, 0.161709
0.858661, 0.173067
0.879037, 0.185656
0.899609, 0.19948
0.0876894, 0.217157
0.109104, 0.204288
0.130287, 0.192585
0.151456, 0.182061
0.17258, 0.17258
0.193618, 0.164013
0.214543, 0.156247
0.235337, 0.149185
0.255998, 0.142745
0.276532, 0.13686
0.296957, 0.131484
0.317297, 0.126587
0.33758, 0.122154
0.357832, 0.118187
0.378079, 0.114698
0.398339, 0.111702
0.418622, 0.10922
0.438934, 0.107269
0.459272, 0.105864
0.47963, 0.105017
0.5, 0.104734
0.52037, 0.105017
0.540728, 0.105864
0.561066, 0.107269
0.581378, 0.10922
0.601661, 0.111702
0.621921, 0.114698
0.642168, 0.118187
0.66242, 0.122154
0.682703, 0.126587
0.703043, 0.131484
0.723468, 0.13686
0.744002, 0.142745
0.764663, 0.149185
0.785457, 0.156247
0.806382, 0.164013
0.82742, 0.17258
0.848544, 0.182061
0.869713, 0.192585
0.890896, 0.204288
0.912311, 0.217157
0.0761044, 0.234835
0.0983235, 0.222909
0.120275, 0.212082
0.142192, 0.20237
0.164013, 0.193618
0.185676, 0.185676
0.20714, 0.178408
0.228385, 0.171693
0.249416, 0.165435
0.270263, 0.159566
0.290975, 0.154055
0.311617, 0.148905
0.332249, 0.144147
0.352924, 0.139826
0.373679, 0.135991
0.39453, 0.132686
0.415482, 0.129946
0.436525, 0.127795
0.45764, 0.126249
0.478807, 0.125318
0.5, 0.125007
0.521193, 0.125318
0.54236, 0.126249
0.563475, 0.127795
0.584518, 0.129946
0.60547, 0.132686
0.626321, 0.135991
0.647076, 0.139826
0.667751, 0.144147
0.688383, 0.148905
0.709025, 0.154055
0.729737, 0.159566
0.750584, 0.165435
0.771615, 0.171693
0.79286, 0.178408
0.814324, 0.185676
0.835987, 0.193618
0.857808, 0.20237
0.879725, 0.212082
0.901676, 0.222909
0.923896, 0.234835
0.0655463, 0.252513
0.0885318, 0.241514
0.111211, 0.231546
0.133817, 0.222617
0.156247, 0.214543
0.178408, 0.20714
0.200238, 0.200238
0.22172, 0.193688
0.242887, 0.187388
0.263827, 0.181299
0.284661, 0.175453
0.305514, 0.16993
0.326484, 0.164825
0.34763, 0.160226
0.368974, 0.156197
0.390509, 0.15278
0.412211, 0.149992
0.434046, 0.147837
0.455978, 0.146308
0.477974, 0.145396
0.5, 0.145093
0.522026, 0.145396
0.544022, 0.146308
0.565954, 0.147837
0.587789, 0.149992
0.609491, 0.15278
0.631026, 0.156197
0.65237, 0.160226
0.673516, 0.164825
0.694486, 0.16993
0.715339, 0.175453
0.736173, 0.181299
0.757113, 0.187388
0.77828, 0.193688
0.799762, 0.200238
0.821592, 0.20714
0.843753, 0.214543
0.866183, 0.222617
0.888789, 0.231546
0.911468, 0.241514
0.934454, 0.252513
0.055942, 0.27019
0.079654, 0.260101
0.103016, 0.250972
0.126247, 0.242791
0.149185, 0.235337
0.171693, 0.228385
0.193688, 0.22172
0.215176, 0.215176
0.23627, 0.208688
0.257176, 0.202314
0.278115, 0.196197
0.299259, 0.190501
0.320706, 0.185366
0.342477, 0.180883
0.364544, 0.177093
0.386848, 0.173991
0.409325, 0.171545
0.431918, 0.169708
0.454581, 0.168435
0.477282, 0.167688
0.5, 0.167442
0.522718, 0.167688
0.545419, 0.168435
0.568082, 0.169708
0.590675, 0.171545
0.613152, 0.173991
0.635456, 0.177093
0.657523, 0.180883
0.679294, 0.185366
0.700741, 0.190501
0.721885, 0.196197
0.742824, 0.202314
0.76373, 0.208688
0.784824, 0.215176
0.806312, 0.22172
0.828307, 0.228385
0.850815, 0.235337
0.873753, 0.242791
0.896984, 0.250972
0.920346, 0.260101
0.944058, 0.27019
0.0472307, 0.287868
0.0716274, 0.278668
0.0956252, 0.270353
0.11941, 0.262884
0.142745, 0.255998
0.165435, 0.249416
0.187388, 0.242887
0.208688, 0.23627
0.229612, 0.229612
0.250522, 0.223115
0.271718, 0.217034
0.293373, 0.211587
0.31552, 0.206909
0.338093, 0.20304
0.360977, 0.199943
0.384054, 0.197539
0.407228, 0.195734
0.430436, 0.194436
0.453639, 0.193568
0.476826, 0.193071
0.5, 0.19291
0.523174, 0.193071
0.546361, 0.193568
0.569564, 0.194436
0.592772, 0.195734
0.615946, 0.197539
0.639023, 0.199943
0.661907, 0.20304
0.68448, 0.206909
0.706627, 0.211587
0.728282, 0.217034
0.749478, 0.223115
0.770388, 0.229612
0.791312, 0.23627
0.812612, 0.242887
0.834565, 0.249416
0.857255, 0.255998
0.88059, 0.262884
0.904375, 0.270353
0.928373, 0.278668
0.952769, 0.287868
0.0393619, 0.305546
0.064399, 0.297212
0.0889827, 0.289687
0.113246, 0.282897
0.13686, 0.276532
0.159566, 0.270263
0.181299, 0.263827
0.202314, 0.257176
0.223115, 0.250522
0.24421, 0.24421
0.265925, 0.238571
0.288353, 0.233815
0.31139, 0.229998
0.334847, 0.227057
0.358529, 0.224871
0.382282, 0.223301
0.406002, 0.222217
0.429634, 0.221503
0.453164, 0.221062
0.476606, 0.220826
0.5, 0.220752
0.523394, 0.220826
0.546836, 0.221062
0.570366, 0.221503
0.593998, 0.222217
0.617718, 0.223301
0.641471, 0.224871
0.665153, 0.227057
0.68861, 0.229998
0.711647, 0.233815
0.734075, 0.238571
0.75579, 0.24421
0.776885, 0.250522
0.797686, 0.257176
0.818701, 0.263827
0.840434, 0.270263
0.86314, 0.276532
0.886754, 0.282897
0.911017, 0.289687
0.935601, 0.297212
0.960638, 0.305546
0.0322928, 0.323223
0.057924, 0.315734
0.0830414, 0.308974
0.107708, 0.302834
0.131484, 0.296957
0.154055, 0.290975
0.175453, 0.284661
0.196197, 0.278115
0.217034, 0.271718
0.238571, 0.265925
0.261071, 0.261071
0.284453, 0.257275
0.308445, 0.254473
0.332754, 0.252518
0.357139, 0.25124
0.381434, 0.250473
0.40554, 0.250065
0.429419, 0.249885
0.453084, 0.249831
0.476586, 0.249828
0.5, 0.249831
0.523414, 0.249828
0.546916, 0.249831
0.570581, 0.249885
0.59446, 0.250065
0.618566, 0.250473
0.642861, 0.25124
0.667246, 0.252518
0.691555, 0.254473
0.715547, 0.257275
0.738929, 0.261071
0.761429, 0.265925
0.782966, 0.271718
0.803803, 0.278115
0.824547, 0.284661
0.845945, 0.290975
0.868516, 0.296957
0.892292, 0.302834
0.916959, 0.308974
0.942076, 0.315734
0.967707, 0.323223
0.0259879, 0.340901
0.0521643, 0.334234
0.0777614, 0.328215
0.102755, 0.322701
0.126587, 0.317297
0.148905, 0.311617
0.16993, 0.305514
0.190501, 0.299259
0.211587, 0.293373
0.233815, 0.288353
0.257275, 0.284453
0.281665, 0.281665
0.306577, 0.279839
0.331653, 0.278784
0.35663, 0.278308
0.381333, 0.278226
0.405675, 0.278371
0.429646, 0.278606
0.453293, 0.278833
0.476707, 0.278989
0.5, 0.279045
0.523293, 0.278989
0.546707, 0.278833
0.570354, 0.278606
0.594325, 0.278371
0.618667, 0.278226
0.64337, 0.278308
0.668347, 0.278784
0.693423, 0.279839
0.718335, 0.281665
0.742725, 0.284453
0.766185, 0.288353
0.788413, 0.293373
0.809499, 0.299259
0.83007, 0.305514
0.851095, 0.311617
0.873413, 0.317297
0.897245, 0.322701
0.922239, 0.328215
0.947836, 0.334234
0.974012, 0.340901
0.0204168, 0.358579
0.0470875, 0.352712
0.0731096, 0.347413
0.0983595, 0.342509
0.122154, 0.33758
0.144147, 0.332249
0.164825, 0.326484
0.185366, 0.320706
0.206909, 0.31552
0.229998, 0.31139
0.254473, 0.308445
0.279839, 0.306577
0.305594, 0.305594
0.331337, 0.305286
0.356782, 0.305439
0.38175, 0.305845
0.406178, 0.306323
0.430098, 0.306739
0.453617, 0.30703
0.476872, 0.307189
0.5, 0.307237
0.523128, 0.307189
0.546383, 0.30703
0.569902, 0.306739
0.593822, 0.306323
0.61825, 0.305845
0.643218, 0.305439
0.668663, 0.305286
0.694406, 0.305594
0.720161, 0.306577
0.745527, 0.308445
0.770002, 0.31139
0.793091, 0.31552
0.814634, 0.320706
0.835175, 0.326484
0.855853, 0.332249
0.877846, 0.33758
0.90164, 0.342509
0.92689, 0.347413
0.952912, 0.352712
0.979583, 0.358579
0.0155544, 0.376256
0.0426662, 0.371171
0.0690587, 0.366573
0.0945006, 0.362269
0.118187, 0.357832
0.139826, 0.352924
0.160226, 0.34763
0.180883, 0.342477
0.20304, 0.338093
0.227057, 0.334847
0.252518, 0.332754
0.278784, 0.331653
0.305286, 0.331337
0.331577, 0.331577
0.357336, 0.332122
0.382386, 0.332723
0.406706, 0.333173
0.430422, 0.333359
0.45375, 0.333309
0.476899, 0.333167
0.5, 0.333096
0.523101, 0.333167
0.54625, 0.333309
0.569578, 0.333359
0.593294, 0.333173
0.617614, 0.332723
0.642664, 0.332122
0.668423, 0.331577
0.694714, 0.331337
0.721216, 0.331653
0.747482, 0.332754
0.772943, 0.334847
0.79696, 0.338093
0.819117, 0.342477
0.839774, 0.34763
0.860174, 0.352924
0.881813, 0.357832
0.905499, 0.362269
0.930941, 0.366573
0.957334, 0.371171
0.984446, 0.376256
0.0113795, 0.393934
0.0388775, 0.389611
0.0655863, 0.385697
0.0911648, 0.381991
0.114698, 0.378079
0.135991, 0.373679
0.156197, 0.368974
0.177093, 0.364544
0.199943, 0.360977
0.224871, 0.358529
0.25124, 0.357139
0.278308, 0.35663
0.305439, 0.356782
0.332122, 0.357336
0.357984, 0.357984
0.382842, 0.358397
0.406765, 0.358315
0.430079, 0.357686
0.453226, 0.356748
0.476521, 0.355925
0.5, 0.355601
0.523479, 0.355925
0.546774, 0.356748
0.569921, 0.357686
0.593235, 0.358315
0.617158, 0.358397
0.642016, 0.357984
0.667878, 0.357336
0.694561, 0.356782
0.721692, 0.35663
0.74876, 0.357139
0.775129, 0.358529
0.800057, 0.360977
0.822907, 0.364544
0.843803, 0.368974
0.864009, 0.373679
0.885302, 0.378079
0.908835, 0.381991
0.934414, 0.385697
0.961123, 0.389611
0.988621, 0.393934
0.00787451, 0.411612
0.0357021, 0.408035
0.0626745, 0.404792
0.0883443, 0.401687
0.111702, 0.398339
0.132686, 0.39453
0.15278, 0.390509
0.173991, 0.386848
0.197539, 0.384054
0.223301, 0.382282
0.250473, 0.381434
0.278226, 0.381333
0.305845, 0.38175
0.332723, 0.382386
0.358397, 0.382842
0.382673, 0.382673
0.405821, 0.381589
0.428569, 0.379727
0.4517, 0.377649
0.475576, 0.37605
0.5, 0.375454
0.524424, 0.37605
0.5483, 0.377649
0.571431, 0.379727
0.594179, 0.381589
0.617327, 0.382673
0.641603, 0.382842
0.667277, 0.382386
0.694155, 0.38175
0.721774, 0.381333
0.749527, 0.381434
0.776699, 0.382282
0.802461, 0.384054
0.826009, 0.386848
0.84722, 0.390509
0.867314, 0.39453
0.888298, 0.398339
0.911656, 0.401687
0.937326, 0.404792
0.964298, 0.408035
0.992125, 0.411612
0.00502525, 0.429289
0.0331245, 0.426445
0.0603092, 0.423863
0.0860356, 0.421364
0.10922, 0.418622
0.129946, 0.415482
0.149992, 0.412211
0.171545, 0.409325
0.195734, 0.407228
0.222217, 0.406002
0.250065, 0.40554
0.278371, 0.405675
0.306323, 0.406178
0.333173, 0.406706
0.358315, 0.406765
0.381589, 0.405821
0.403689, 0.403689
0.425917, 0.400794
0.449332, 0.397928
0.474199, 0.395874
0.5, 0.395137
0.525801, 0.395874
0.550668, 0.397928
0.574083, 0.400794
0.596311, 0.403689
0.618411, 0.405821
0.641685, 0.406765
0.666827, 0.406706
0.693677, 0.406178
0.721629, 0.405675
0.749935, 0.40554
0.777783, 0.406002
0.804266, 0.407228
0.828455, 0.409325
0.850008, 0.412211
0.870054, 0.415482
0.89078, 0.418622
0.913964, 0.421364
0.939691, 0.423863
0.966876, 0.426445
0.994975, 0.429289
0.00282045, 0.446967
0.0311321, 0.444844
0.0584798, 0.442914
0.0842381, 0.44103
0.107269, 0.438934
0.127795, 0.436525
0.147837, 0.434046
0.169708, 0.431918
0.194436, 0.430436
0.221503, 0.429634
0.249885, 0.429419
0.278606, 0.429646
0.306739, 0.430098
0.333359, 0.430422
0.357686, 0.430079
0.379727, 0.428569
0.400794, 0.425917
0.422717, 0.422717
0.446695, 0.419809
0.47275, 0.417873
0.5, 0.417208
0.52725, 0.417873
0.553305, 0.419809
0.577283, 0.422717
0.599206, 0.425917
0.620273, 0.428569
0.642314, 0.430079
0.666641, 0.430422
0.693261, 0.430098
0.721394, 0.429646
0.750115, 0.429419
0.778497, 0.429634
0.805564, 0.430436
0.830292, 0.431918
0.852163, 0.434046
0.872205, 0.436525
0.892731, 0.438934
0.915762, 0.44103
0.94152, 0.442914
0.968868, 0.444844
0.99718, 0.446967
0.00125157, 0.464645
0.0297157, 0.463234
0.0571783, 0.46195
0.0829526, 0.460689
0.105864, 0.459272
0.126249, 0.45764
0.146308, 0.455978
0.168435, 0.454581
0.193568, 0.453639
0.221062, 0.453164
0.249831, 0.453084
0.278833, 0.453293
0.30703, 0.453617
0.333309, 0.45375
0.356748, 0.453226
0.377649, 0.4517
0.397928, 0.449332
0.419809, 0.446695
0.444489, 0.444489
0.471608, 0.443118
0.5, 0.442663
0.528392, 0.443118
0.555511, 0.444489
0.580191, 0.446695
0.602072, 0.449332
0.622351, 0.4517
0.643252, 0.453226
0.666691, 0.45375
0.69297, 0.453617
0.721167, 0.453293
0.750169, 0.453084
0.778938, 0.453164
0.806432, 0.453639
0.831565, 0.454581
0.853692, 0.455978
0.873751, 0.45764
0.894136, 0.459272
0.917047, 0.460689
0.942822, 0.46195
0.970284, 0.463234
0.998748, 0.464645
0.000312598, 0.482322
0.0288684, 0.481619
0.0563995, 0.480978
0.0821805, 0.480345
0.105017, 0.47963
0.125318, 0.478807
0.145396, 0.477974
0.167688, 0.477282
0.193071, 0.476826
0.220826, 0.476606
0.249828, 0.476586
0.278989, 0.476707
0.307189, 0.476872
0.333167, 0.476899
0.355925, 0.476521
0.37605, 0.475576
0.395874, 0.474199
0.417873, 0.47275
0.443118, 0.471608
0.470925, 0.470925
0.5, 0.470701
0.529075, 0.470925
0.556882, 0.471608
0.582127, 0.47275
0.604126, 0.474199
0.62395, 0.475576
0.644075, 0.476521
0.666833, 0.476899
0.692811, 0.476872
0.721011, 0.476707
0.750172, 0.476586
0.779174, 0.476606
0.806929, 0.476826
0.832312, 0.477282
0.854604, 0.477974
0.874682, 0.478807
0.894983, 0.47963
0.917819, 0.480345
0.943601, 0.480978
0.971132, 0.481619
0.999687, 0.482322
0, 0.5
0.0285864, 0.5
0.0561402, 0.5
0.0819231, 0.5
0.104734, 0.5
0.125007, 0.5
0.145093, 0.5
0.167442, 0.5
0.19291, 0.5
0.220752, 0.5
0.249831, 0.5
0.279045, 0.5
0.307237, 0.5
0.333096, 0.5
0.355601, 0.5
0.375454, 0.5
0.395137, 0.5
0.417208, 0.5
0.442663, 0.5
0.470701, 0.5
0.5, 0.5
0.529299, 0.5
0.557337, 0.5
0.582792, 0.5
0.604863, 0.5
0.624546, 0.5
0.644399, 0.5
0.666904, 0.5
0.692763, 0.5
0.720955, 0.5
0.750169, 0.5
0.779248, 0.5
0.80709, 0.5
0.832558, 0.5
0.854907, 0.5
0.874993, 0.5
0.895266, 0.5
0.918077, 0.5
0.94386, 0.5
0.971414, 0.5
1, 0.5
0.000312598, 0.517678
0.0288684, 0.518381
0.0563995, 0.519022
0.0821805, 0.519655
0.105017, 0.52037
0.125318, 0.521193
0.145396, 0.522026
0.167688, 0.522718
0.193071, 0.523174
0.220826, 0.523394
0.249828, 0.523414
0.278989, 0.523293
0.307189, 0.523128
0.333167, 0.523101
0.355925, 0.523479
0.37605, 0.524424
0.395874, 0.525801
0.417873, 0.52725
0.443118, 0.528392
0.470925, 0.529075
0.5, 0.529299
0.529075, 0.529075
0.556882, 0.528392
0.582127, 0.52725
0.604126, 0.525801
0.62395, 0.524424
0.644075, 0.523479
0.666833, 0.523101
0.692811, 0.523128
0.721011, 0.523293
0.750172, 0.523414
0.779174, 0.523394
0.806929, 0.523174
0.832312, 0.522718
0.854604, 0.522026
0.874682, 0.521193
0.894983, 0.52037
0.917819, 0.519655
0.943601, 0.519022
0.971132, 0.518381
0.999687, 0.517678
0.00125157, 0.535355
0.0297157, 0.536766
0.0571783, 0.53805
0.0829526, 0.539311
0.105864, 0.540728
0.126249, 0.54236
0.146308, 0.544022
0.168435, 0.545419
0.193568, 0.546361
0.221062, 0.546836
0.249831, 0.546916
0.278833, 0.546707
0.30703, 0.546383
0.333309, 0.54625
0.356748, 0.546774
0.377649, 0.5483
0.397928, 0.550668
0.419809, 0.553305
0.444489, 0.555511
0.471608, 0.556882
0.5, 0.557337
0.528392, 0.556882
0.555511, 0.555511
0.580191, 0.553305
0.602072, 0.550668
0.622351, 0.5483
0.643252, 0.546774
0.666691, 0.54625
0.69297, 0.546383
0.721167, 0.546707
0.750169, 0.546916
0.778938, 0.546836
0.806432, 0.546361
0.831565, 0.545419
0.853692, 0.544022
0.873751, 0.54236
0.894136, 0.540728
0.917047, 0.539311
0.942822, 0.53805
0.970284, 0.536766
0.998748, 0.535355
0.00282045, 0.553033
0.0311321, 0.555156
0.0584798, 0.557086
0.0842381, 0.55897
0.107269, 0.561066
0.127795, 0.563475
0.147837, 0.565954
0.169708, 0.568082
0.194436, 0.569564
0.221503, 0.570366
0.249885, 0.570581
0.278606, 0.570354
0.306739, 0.569902
0.333359, 0.569578
0.357686, 0.569921
0.379727, 0.571431
0.400794, 0.574083
0.422717, 0.577283
0.446695, 0.580191
0.47275, 0.582127
0.5, 0.582792
0.52725, 0.582127
0.553305, 0.580191
0.577283, 0.577283
0.599206, 0.574083
0.620273, 0.571431
0.642314, 0.569921
0.666641, 0.569578
0.693261, 0.569902
0.721394, 0.570354
0.750115, 0.570581
0.778497, 0.570366
0.805564, 0.569564
0.830292, 0.568082
0.852163, 0.565954
0.872205, 0.563475
0.892731, 0.561066
0.915762, 0.55897
0.94152, 0.557086
0.968868, 0.555156
0.99718, 0.553033
0.00502525, 0.570711
0.0331245, 0.573555
0.0603092, 0.576137
0.0860356, 0.578636
0.10922, 0.581378
0.129946, 0.584518
0.149992, 0.587789
0.171545, 0.590675
0.195734, 0.592772
0.222217, 0.593998
0.250065, 0.59446
0.278371, 0.594325
0.306323, 0.593822
0.333173, 0.593294
0.358315, 0.593235
0.381589, 0.594179
0.403689, 0.596311
0.425917, 0.599206
0.449332, 0.602072
0.474199, 0.604126
0.5, 0.604863
0.525801, 0.604126
0.550668, 0.602072
0.574083, 0.599206
0.596311, 0.596311
0.618411, 0.594179
0.641685, 0.593235
0.666827, 0.593294
0.693677, 0.593822
0.721629, 0.594325
0.749935, 0.59446
0.777783, 0.593998
0.804266, 0.592772
0.828455, 0.590675
0.850008, 0.587789
0.870054, 0.584518
0.89078, 0.581378
0.913964, 0.578636
0.939691, 0.576137
0.966876, 0.573555
0.994975, 0.570711
0.00787451, 0.588388
0.0357021, 0.591965
0.0626745, 0.595208
0.0883443, 0.598313
0.111702, 0.601661
0.132686, 0.60547
0.15278, 0.609491
0.173991, 0.613152
0.197539, 0.615946
0.223301, 0.617718
0.250473, 0.618566
0.278226, 0.618667
0.305845, 0.61825
0.332723, 0.617614
0.358397, 0.617158
0.382673, 0.617327
0.405821, 0.618411
0.428569, 0.620273
0.4517, 0.622351
0.475576, 0.62395
0.5, 0.624546
0.524424, 0.62395
0.5483, 0.622351
0.571431, 0.620273
0.594179, 0.618411
0.617327, 0.617327
0.641603, 0.617158
0.667277, 0.617614
0.694155, 0.61825
0.721774, 0.618667
0.749527, 0.618566
0.776699, 0.617718
0.802461, 0.615946
0.826009, 0.613152
0.84722, 0.609491
0.867314, 0.60547
0.888298, 0.601661
0.911656, 0.598313
0.937326, 0.595208
0.964298, 0.591965
0.992125, 0.588388
0.0113795, 0.606066
0.0388775, 0.610389
0.0655863, 0.614303
0.0911648, 0.618009
0.114698, 0.621921
0.135991, 0.626321
0.156197, 0.631026
0.177093, 0.635456
0.199943, 0.639023
0.224871, 0.641471
0.25124, 0.642861
0.278308, 0.64337
0.305439, 0.643218
0.332122, 0.642664
0.357984, 0.642016
0.382842, 0.641603
0.406765, 0.641685
0.430079, 0.642314
0.453226, 0.643252
0.476521, 0.644075
0.5, 0.644399
0.523479, 0.644075
0.546774, 0.643252
0.569921, 0.642314
0.593235, 0.641685
0.617158, 0.641603
0.642016, 0.642016
0.667878, 0.642664
0.694561, 0.643218
0.721692, 0.64337
0.74876, 0.642861
0.775129, 0.641471
0.800057, 0.639023
0.822907, 0.635456
0.843803, 0.631026
0.864009, 0.626321
0.885302, 0.621921
0.908835, 0.618009
0.934414, 0.614303
0.961123, 0.610389
0.988621, 0.606066
0.0155544, 0.623744
0.0426662, 0.628829
0.0690587, 0.633427
0.0945006, 0.637731
0.118187, 0.642168
0.139826, 0.647076
0.160226, 0.65237
0.180883, 0.657523
0.20304, 0.661907
0.227057, 0.665153
0.252518, 0.667246
0.278784, 0.668347
0.305286, 0.668663
0.331577, 0.668423
0.357336, 0.667878
0.382386, 0.667277
0.406706, 0.666827
0.430422, 0.666641
0.45375, 0.666691
0.476899, 0.666833
0.5, 0.666904
0.523101, 0.666833
0.54625, 0.666691
0.569578, 0.666641
0.593294, 0.666827
0.617614, 0.667277
0.642664, 0.667878
0.668423, 0.668423
0.694714, 0.668663
0.721216, 0.668347
0.747482, 0.667246
0.772943, 0.665153
0.79696, 0.661907
0.819117, 0.657523
0.839774, 0.65237
0.860174, 0.647076
0.881813, 0.642168
0.905499, 0.637731
0.930941, 0.633427
0.957334, 0.628829
0.984446, 0.623744
0.0204168, 0.641421
0.0470875, 0.647288
0.0731096, 0.652587
0.0983595, 0.657491
0.122154, 0.66242
0.144147, 0.667751
0.164825, 0.673516
0.185366, 0.679294
0.206909, 0.68448
0.229998, 0.68861
0.254473, 0.691555
0.279839, 0.693423
0.305594, 0.694406
0.331337, 0.694714
0.356782, 0.694561
0.38175, 0.694155
0.406178, 0.693677
0.430098, 0.693261
0.453617, 0.69297
0.476872, 0.692811
0.5, 0.692763
0.523128, 0.692811
0.546383, 0.69297
0.569902, 0.693261
0.593822, 0.693677
0.61825, 0.694155
0.643218, 0.694561
0.668663, 0.694714
0.694406, 0.694406
0.720161, 0.693423
0.745527, 0.691555
0.770002, 0.68861
0.793091, 0.68448
0.814634, 0.679294
0.835175, 0.673516
0.855853, 0.667751
0.877846, 0.66242
0.90164, 0.657491
0.92689, 0.652587
0.952912, 0.647288
0.979583, 0.641421
0.0259879, 0.659099
0.0521643, 0.665766
0.0777614, 0.671785
0.102755, 0.677299
0.126587, 0.682703
0.148905, 0.688383
0.16993, 0.694486
0.190501, 0.700741
0.211587, 0.706627
0.233815, 0.711647
0.257275, 0.715547
0.281665, 0.718335
0.306577, 0.720161
0.331653, 0.721216
0.35663, 0.721692
0.381333, 0.721774
0.405675, 0.721629
0.429646, 0.721394
0.453293, 0.721167
0.476707, 0.721011
0.5, 0.720955
0.523293, 0.721011
0.546707, 0.721167
0.570354, 0.721394
0.594325, 0.721629
0.618667, 0.721774
0.64337, 0.721692
0.668347, 0.721216
0.693423, 0.720161
0.718335, 0.718335
0.742725, 0.715547
0.766185, 0.711647
0.788413, 0.706627
0.809499, 0.700741
0.83007, 0.694486
0.851095, 0.688383
0.873413, 0.682703
0.897245, 0.677299
0.922239, 0.671785
0.947836, 0.665766
0.974012, 0.659099
0.0322928, 0.676777
0.057924, 0.684266
0.0830414, 0.691026
0.107708, 0.697166
0.131484, 0.703043
0.154055, 0.709025
0.175453, 0.715339
0.196197, 0.721885
0.217034, 0.728282
0.238571, 0.734075
0.261071, 0.738929
0.284453, 0.742725
0.308445, 0.745527
0.332754, 0.747482
0.357139, 0.74876
0.381434, 0.749527
0.40554, 0.749935
0.429419, 0.750115
0.453084, 0.750169
0.476586, 0.750172
0.5, 0.750169
0.523414, 0.750172
0.546916, 0.750169
0.570581, 0.750115
0.59446, 0.749935
0.618566, 0.749527
0.642861, 0.74876
0.667246, 0.747482
0.691555, 0.745527
0.715547, 0.742725
0.738929, 0.738929
0.761429, 0.734075
0.782966, 0.728282
0.803803, 0.721885
0.824547, 0.715339
0.845945, 0.709025
0.868516, 0.703043
0.892292, 0.697166
0.916959, 0.691026
0.942076, 0.684266
0.967707, 0.676777
0.0393619, 0.694454
0.064399, 0.702788
0.0889827, 0.710313
0.113246, 0.717103
0.13686, 0.723468
0.159566, 0.729737
0.181299, 0.736173
0.202314, 0.742824
0.223115, 0.749478
0.24421, 0.75579
0.265925, 0.761429
0.288353, 0.766185
0.31139, 0.770002
0.334847, 0.772943
0.358529, 0.775129
0.382282, 0.776699
0.406002, 0.777783
0.429634, 0.778497
0.453164, 0.778938
0.476606, 0.779174
0.5, 0.779248
0.523394, 0.779174
0.546836, 0.778938
0.570366, 0.778497
0.593998, 0.777783
0.617718, 0.776699
0.641471, 0.775129
0.665153, 0.772943
0.68861, 0.770002
0.711647, 0.766185
0.734075, 0.761429
0.75579, 0.75579
0.776885, 0.749478
0.797686, 0.742824
0.818701, 0.736173
0.840434, 0.729737
0.86314, 0.723468
0.886754, 0.717103
0.911017, 0.710313
0.935601, 0.702788
0.960638, 0.694454
0.0472307, 0.712132
0.0716274, 0.721332
0.0956252, 0.729647
0.11941, 0.737116
0.142745, 0.744002
0.165435, 0.750584
0.187388, 0.757113
0.208688, 0.76373
0.229612, 0.770388
0.250522, 0.776885
0.271718, 0.782966
0.293373, 0.788413
0.31552, 0.793091
0.338093, 0.79696
0.360977, 0.800057
0.384054, 0.802461
0.407228, 0.804266
0.430436, 0.805564
0.453639, 0.806432
0.476826, 0.806929
0.5, 0.80709
0.523174, 0.806929
0.546361, 0.806432
0.569564, 0.805564
0.592772, 0.804266
0.615946, 0.802461
0.639023, 0.800057
0.661907, 0.79696
0.68448, 0.793091
0.706627, 0.788413
0.728282, 0.782966
0.749478, 0.776885
0.770388, 0.770388
0.791312, 0.76373
0.812612, 0.757113
0.834565, 0.750584
0.857255, 0.744002
0.88059, 0.737116
0.904375, 0.729647
0.928373, 0.721332
0.952769, 0.712132
0.055942, 0.72981
0.079654, 0.739899
0.103016, 0.749028
0.126247, 0.757209
0.149185, 0.764663
0.171693, 0.771615
0.193688, 0.77828
0.215176, 0.784824
0.23627, 0.791312
0.257176, 0.797686
0.278115, 0.803803
0.299259, 0.809499
0.320706, 0.814634
0.342477, 0.819117
0.364544, 0.822907
0.386848, 0.826009
0.409325, 0.828455
0.431918, 0.830292
0.454581, 0.831565
0.477282, 0.832312
0.5, 0.832558
0.522718, 0.832312
0.545419, 0.831565
0.568082, 0.830292
0.590675, 0.828455
0.613152, 0.826009
0.635456, 0.822907
0.657523, 0.819117
0.679294, 0.814634
0.700741, 0.809499
0.721885, 0.803803
0.742824, 0.797686
0.76373, 0.791312
0.784824, 0.784824
0.806312, 0.77828
0.828307, 0.771615
0.850815, 0.764663
0.873753, 0.757209
0.896984, 0.749028
0.920346, 0.739899
0.944058, 0.72981
0.0655463, 0.747487
0.0885318, 0.758486
0.111211, 0.768454
0.133817, 0.777383
0.156247, 0.785457
0.178408, 0.79286
0.200238, 0.799762
0.22172, 0.806312
0.242887, 0.812612
0.263827, 0.818701
0.284661, 0.824547
0.305514, 0.83007
0.326484, 0.835175
0.34763, 0.839774
0.368974, 0.843803
0.390509, 0.84722
0.412211, 0.850008
0.434046, 0.852163
0.455978, 0.853692
0.477974, 0.854604
0.5, 0.854907
0.522026, 0.854604
0.544022, 0.853692
0.565954, 0.852163
0.587789, 0.850008
0.609491, 0.84722
0.631026, 0.843803
0.65237, 0.839774
0.673516, 0.835175
0.694486, 0.83007
0.715339, 0.824547
0.736173, 0.818701
0.757113, 0.812612
0.77828, 0.806312
0.799762, 0.799762
0.821592, 0.79286
0.843753, 0.785457
0.866183, 0.777383
0.888789, 0.768454
0.911468, 0.758486
0.934454, 0.747487
0.0761044, 0.765165
0.0983235, 0.777091
0.120275, 0.787918
0.142192, 0.79763
0.164013, 0.806382
0.185676, 0.814324
0.20714, 0.821592
0.228385, 0.828307
0.249416, 0.834565
0.270263, 0.840434
0.290975, 0.845945
0.311617, 0.851095
0.332249, 0.855853
0.352924, 0.860174
0.373679, 0.864009
0.39453, 0.867314
0.415482, 0.870054
0.436525, 0.872205
0.45764, 0.873751
0.478807, 0.874682
0.5, 0.874993
0.521193, 0.874682
0.54236, 0.873751
0.563475, 0.872205
0.584518, 0.870054
0.60547, 0.867314
0.626321, 0.864009
0.647076, 0.860174
0.667751, 0.855853
0.688383, 0.851095
0.709025, 0.845945
0.729737, 0.840434
0.750584, 0.834565
0.771615, 0.828307
0.79286, 0.821592
0.814324, 0.814324
0.835987, 0.806382
0.857808, 0.79763
0.879725, 0.787918
0.901676, 0.777091
0.923896, 0.765165
0.0876894, 0.782843
0.109104, 0.795712
0.130287, 0.807415
0.151456, 0.817939
0.17258, 0.82742
0.193618, 0.835987
0.214543, 0.843753
0.235337, 0.850815
0.255998, 0.857255
0.276532, 0.86314
0.296957, 0.868516
0.317297, 0.873413
0.33758, 0.877846
0.357832, 0.881813
0.378079, 0.885302
0.398339, 0.888298
0.418622, 0.89078
0.438934, 0.892731
0.459272, 0.894136
0.47963, 0.894983
0.5, 0.895266
0.52037, 0.894983
0.540728, 0.894136
0.561066, 0.892731
0.581378, 0.89078
0.601661, 0.888298
0.621921, 0.885302
0.642168, 0.881813
0.66242, 0.877846
0.682703, 0.873413
0.703043, 0.868516
0.723468, 0.86314
0.744002, 0.857255
0.764663, 0.850815
0.785457, 0.843753
0.806382, 0.835987
0.82742, 0.82742
0.848544, 0.817939
0.869713, 0.807415
0.890896, 0.795712
0.912311, 0.782843
0.100391, 0.80052
0.120963, 0.814344
0.141339, 0.826933
0.161709, 0.838291
0.182061, 0.848544
0.20237, 0.857808
0.222617, 0.866183
0.242791, 0.873753
0.262884, 0.88059
0.282897, 0.886754
0.302834, 0.892292
0.322701, 0.897245
0.342509, 0.90164
0.362269, 0.905499
0.381991, 0.908835
0.401687, 0.911656
0.421364, 0.913964
0.44103, 0.915762
0.460689, 0.917047
0.480345, 0.917819
0.5, 0.918077
0.519655, 0.917819
0.539311, 0.917047
0.55897, 0.915762
0.578636, 0.913964
0.598313, 0.911656
0.618009, 0.908835
0.637731, 0.905499
0.657491, 0.90164
0.677299, 0.897245
0.697166, 0.892292
0.717103, 0.886754
0.737116, 0.88059
0.757209, 0.873753
0.777383, 0.866183
0.79763, 0.857808
0.817939, 0.848544
0.838291, 0.838291
0.858661, 0.826933
0.879037, 0.814344
0.899609, 0.80052
0.114319, 0.818198
0.134011, 0.832981
0.153542, 0.846458
0.173067, 0.858661
0.192585, 0.869713
0.212082, 0.879725
0.231546, 0.888789
0.250972, 0.896984
0.270353, 0.904375
0.289687, 0.911017
0.308974, 0.916959
0.328215, 0.922239
0.347413, 0.92689
0.366573, 0.930941
0.385697, 0.934414
0.404792, 0.937326
0.423863, 0.939691
0.442914, 0.94152
0.46195, 0.942822
0.480978, 0.943601
0.5, 0.94386
0.519022, 0.943601
0.53805, 0.942822
0.557086, 0.94152
0.576137, 0.939691
0.595208, 0.937326
0.614303, 0.934414
0.633427, 0.930941
0.652587, 0.92689
0.671785, 0.922239
0.691026, 0.916959
0.710313, 0.911017
0.729647, 0.904375
0.749028, 0.896984
0.768454, 0.888789
0.787918, 0.879725
0.807415, 0.869713
0.826933, 0.858661
0.846458, 0.846458
0.865989, 0.832981
0.885681, 0.818198
0.129612, 0.835876
0.148384, 0.851616
0.167019, 0.865989
0.185656, 0.879037
0.204288, 0.890896
0.222909, 0.901676
0.241514, 0.911468
0.260101, 0.920346
0.278668, 0.928373
0.297212, 0.935601
0.315734, 0.942076
0.334234, 0.947836
0.352712, 0.952912
0.371171, 0.957334
0.389611, 0.961123
0.408035, 0.964298
0.426445, 0.966876
0.444844, 0.968868
0.463234, 0.970284
0.481619, 0.971132
0.5, 0.971414
0.518381, 0.971132
0.536766, 0.970284
0.555156, 0.968868
0.573555, 0.966876
0.591965, 0.964298
0.610389, 0.961123
0.628829, 0.957334
0.647288, 0.952912
0.665766, 0.947836
0.684266, 0.942076
0.702788, 0.935601
0.721332, 0.928373
0.739899, 0.920346
0.758486, 0.911468
0.777091, 0.901676
0.795712, 0.890896
0.814344, 0.879037
0.832981, 0.865989
0.851616, 0.851616
0.870388, 0.835876
0.146447, 0.853553
0.164124, 0.870388
0.181802, 0.885681
0.19948, 0.899609
0.217157, 0.912311
0.234835, 0.923896
0.252513, 0.934454
0.27019, 0.944058
0.287868, 0.952769
0.305546, 0.960638
0.323223, 0.967707
0.340901, 0.974012
0.358579, 0.979583
0.376256, 0.984446
0.393934, 0.988621
0.411612, 0.992125
0.429289, 0.994975
0.446967, 0.99718
0.464645, 0.998748
0.482322, 0.999687
0.5, 1
0.517678, 0.999687
0.535355, 0.998748
0.553033, 0.99718
0.570711, 0.994975
0.588388, 0.992125
0.606066, 0.988621
0.623744, 0.984446
0.641421, 0.979583
0.659099, 0.974012
0.676777, 0.967707
0.694454, 0.960638
0.712132, 0.952769
0.72981, 0.944058
0.747487, 0.934454
0.765165, 0.923896
0.782843, 0.912311
0.80052, 0.899609
0.818198, 0.885681
0.835876, 0.870388
0.853553, 0.853553
0.14701, 0.14701
0.165179, 0.13146
0.183348, 0.117334
0.201514, 0.104479
0.219673, 0.0927723
0.237824, 0.0821132
0.255964, 0.0724203
0.274094, 0.0636264
0.292213, 0.0556752
0.310322, 0.0485195
0.328421, 0.0421196
0.34651, 0.036442
0.36459, 0.0314583
0.382662, 0.0271448
0.400727, 0.0234816
0.418785, 0.0204526
0.436839, 0.0180445
0.454888, 0.0162471
0.472934, 0.0150529
0.490978, 0.0144571
0.509022, 0.0144571
0.527066, 0.0150529
0.545112, 0.0162471
0.563161, 0.0180445
0.581215, 0.0204526
0.599273, 0.0234816
0.617338, 0.0271448
0.63541, 0.0314583
0.65349, 0.036442
0.671579, 0.0421196
0.689678, 0.0485195
0.707787, 0.0556752
0.725906, 0.0636264
0.744036, 0.0724203
0.762176, 0.0821132
0.780327, 0.0927723
0.798486, 0.104479
0.816652, 0.117334
0.834821, 0.13146
0.85299, 0.14701
0.13146, 0.165179
0.150569, 0.150569
0.169653, 0.137306
0.188736, 0.125277
0.207808, 0.114358
0.22686, 0.10445
0.245887, 0.0954695
0.264884, 0.087348
0.283848, 0.0800266
0.30278, 0.0734557
0.321678, 0.0675934
0.340543, 0.0624038
0.359379, 0.057857
0.378187, 0.0539277
0.39697, 0.050595
0.415732, 0.047842
0.434477, 0.0456549
0.453207, 0.0440235
0.471928, 0.0429399
0.490643, 0.0423994
0.509357, 0.0423994
0.528072, 0.0429399
0.546793, 0.0440235
0.565523, 0.0456549
0.584268, 0.047842
0.60303, 0.050595
0.621813, 0.0539277
0.640621, 0.057857
0.659457, 0.0624038
0.678322, 0.0675934
0.69722, 0.0734557
0.716152, 0.0800266
0.735116, 0.087348
0.754113, 0.0954695
0.77314, 0.10445
0.792192, 0.114358
0.811264, 0.125277
0.830347, 0.137306
0.849431, 0.150569
0.86854, 0.165179
0.117334, 0.183348
0.137306, 0.169653
0.157256, 0.157256
0.177199, 0.146047
0.197121, 0.135907
0.217005, 0.126731
0.236839, 0.118432
0.256616, 0.110937
0.276332, 0.104184
0.295986, 0.0981198
0.315583, 0.0927021
0.335126, 0.0878955
0.354622, 0.0836719
0.374077, 0.0800096
0.393499, 0.0768921
0.412894, 0.0743076
0.43227, 0.0722477
0.451631, 0.0707067
0.470982, 0.069681
0.490328, 0.0691686
0.509672, 0.0691686
0.529018, 0.069681
0.548369, 0.0707067
0.56773, 0.0722477
0.587106, 0.0743076
0.606501, 0.0768921
0.625923, 0.0800096
0.645378, 0.0836719
0.664874, 0.0878955
0.684417, 0.0927021
0.704014, 0.0981198
0.723668, 0.104184
0.743384, 0.110937
0.763161, 0.118432
0.782995, 0.126731
0.802879, 0.135907
0.822801, 0.146047
0.842744, 0.157256
0.862694, 0.169653
0.882666, 0.183348
0.104479, 0.201514
0.125277, 0.188736
0.146047, 0.177199
0.166802, 0.166802
0.187509, 0.157414
0.208144, 0.148924
0.228687, 0.141236
0.249129, 0.134267
0.26947, 0.12795
0.289716, 0.122229
0.309878, 0.117064
0.329973, 0.112426
0.350016, 0.108296
0.370027, 0.104667
0.390019, 0.101538
0.410005, 0.0989142
0.429994, 0.0968024
0.449988, 0.0952103
0.469989, 0.0941446
0.489996, 0.0936104
0.510004, 0.0936104
0.530011, 0.0941446
0.550012, 0.0952103
0.570006, 0.0968024
0.589995, 0.0989142
0.609981, 0.101538
0.629973, 0.104667
0.649984, 0.108296
0.670027, 0.112426
0.690122, 0.117064
0.710284, 0.122229
0.73053, 0.12795
0.750871, 0.134267
0.771313, 0.141236
0.791856, 0.148924
0.812491, 0.157414
0.833198, 0.166802
0.853953, 0.177199
0.874723, 0.188736
0.895521, 0.201514
0.0927723, 0.219673
0.114358, 0.207808
0.135907, 0.197121
0.157414, 0.187509
0.178828, 0.178828
0.200107, 0.170947
0.221227, 0.163756
0.24218, 0.157156
0.262973, 0.151071
0.283629, 0.145445
0.304183, 0.140248
0.324677, 0.135472
0.345152, 0.13113
0.365643, 0.127247
0.386175, 0.123852
0.406761, 0.120976
0.427405, 0.118645
0.448103, 0.116879
0.468844, 0.115693
0.489612, 0.115098
0.510388, 0.115098
0.531156, 0.115693
0.551897, 0.116879
0.572595, 0.118645
0.593239, 0.120976
0.613825, 0.123852
0.634357, 0.127247
0.654848, 0.13113
0.675323, 0.135472
0.695817, 0.140248
0.716371, 0.145445
0.737027, 0.151071
0.75782, 0.157156
0.778773, 0.163756
0.799893, 0.170947
0.821172, 0.178828
0.842586, 0.187509
0.864093, 0.197121
0.885642, 0.207808
0.907228, 0.219673
0.0821132, 0.237824
0.10445, 0.22686
0.126731, 0.217005
0.148924, 0.208144
0.170947, 0.200107
0.19274, 0.19274
0.214268, 0.185903
0.235528, 0.179477
0.256553, 0.173382
0.27741, 0.167581
0.298185, 0.162089
0.318964, 0.156956
0.339817, 0.152246
0.360791, 0.148025
0.381906, 0.144347
0.403161, 0.141252
0.424543, 0.138762
0.446028, 0.136892
0.467587, 0.135644
0.489191, 0.13502
0.510809, 0.13502
0.532413, 0.135644
0.553972, 0.136892
0.575457, 0.138762
0.596839, 0.141252
0.618094, 0.144347
0.639209, 0.148025
0.660183, 0.152246
0.681036, 0.156956
0.701815, 0.162089
0.72259, 0.167581
0.743447, 0.173382
0.764472, 0.179477
0.785732, 0.185903
0.80726, 0.19274
0.829053, 0.200107
0.851076, 0.208144
0.873269, 0.217005
0.89555, 0.22686
0.917887, 0.237824
0.0724203, 0.255964
0.0954695, 0.245887
0.118432, 0.236839
0.141236, 0.228687
0.163756, 0.221227
0.185903, 0.214268
0.207633, 0.207633
0.22897, 0.201193
0.250014, 0.194898
0.270921, 0.188787
0.291854, 0.182967
0.312942, 0.177564
0.334261, 0.172688
0.355834, 0.168418
0.377644, 0.164794
0.399654, 0.161824
0.421816, 0.159495
0.444086, 0.157781
0.466426, 0.156657
0.488805, 0.1561
0.511195, 0.1561
0.533574, 0.156657
0.555914, 0.157781
0.578184, 0.159495
0.600346, 0.161824
0.622356, 0.164794
0.644166, 0.168418
0.665739, 0.172688
0.687058, 0.177564
0.708146, 0.182967
0.729079, 0.188787
0.749986, 0.194898
0.77103, 0.201193
0.792367, 0.207633
0.814097, 0.214268
0.836244, 0.221227
0.858764, 0.228687
0.881568, 0.236839
0.90453, 0.245887
0.92758, 0.255964
0.0636264, 0.274094
0.087348, 0.264884
0.110937, 0.256616
0.134267, 0.249129
0.157156, 0.24218
0.179477, 0.235528
0.201193, 0.22897
0.222407, 0.222407
0.243355, 0.215889
0.264319, 0.209585
0.285529, 0.203704
0.307113, 0.198423
0.329094, 0.193851
0.351425, 0.190026
0.374021, 0.186924
0.396795, 0.184488
0.419675, 0.182649
0.442607, 0.181338
0.465561, 0.180498
0.48852, 0.180088
0.51148, 0.180088
0.534439, 0.180498
0.557393, 0.181338
0.580325, 0.182649
0.603205, 0.184488
0.625979, 0.186924
0.648575, 0.190026
0.670906, 0.193851
0.692887, 0.198423
0.714471, 0.203704
0.735681, 0.209585
0.756645, 0.215889
0.777593, 0.222407
0.798807, 0.22897
0.820523, 0.235528
0.842844, 0.24218
0.865733, 0.249129
0.889063, 0.256616
0.912652, 0.264884
0.936374, 0.274094
0.0556752, 0.292213
0.0800266, 0.283848
0.104184, 0.276332
0.12795, 0.26947
0.151071, 0.262973
0.173382, 0.256553
0.194898, 0.250014
0.215889, 0.243355
0.236784, 0.236784
0.257982, 0.230606
0.27972, 0.225095
0.302045, 0.220411
0.324868, 0.216595
0.348039, 0.213591
0.371407, 0.211298
0.394853, 0.2096
0.418299, 0.208389
0.441701, 0.207569
0.465049, 0.207065
0.488355, 0.206827
0.511645, 0.206827
0.534951, 0.207065
0.558299, 0.207569
0.581701, 0.208389
0.605147, 0.2096
0.628593, 0.211298
0.651961, 0.213591
0.675132, 0.216595
0.697955, 0.220411
0.72028, 0.225095
0.742018, 0.230606
0.763216, 0.236784
0.784111, 0.243355
0.805102, 0.250014
0.826618, 0.256553
0.848929, 0.262973
0.87205, 0.26947
0.895816, 0.276332
0.919973, 0.283848
0.944325, 0.292213
0.0485195, 0.310322
0.0734557, 0.30278
0.0981198, 0.295986
0.122229, 0.289716
0.145445, 0.283629
0.167581, 0.27741
0.188787, 0.270921
0.209585, 0.264319
0.230606, 0.257982
0.252306, 0.252306
0.274832, 0.247549
0.298073, 0.24378
0.321801, 0.24093
0.345779, 0.238863
0.369821, 0.23743
0.393798, 0.236485
0.417638, 0.235896
0.441319, 0.235554
0.464856, 0.235374
0.488297, 0.235298
0.511703, 0.235298
0.535144, 0.235374
0.558681, 0.235554
0.582362, 0.235896
0.606202, 0.236485
0.630179, 0.23743
0.654221, 0.238863
0.678199, 0.24093
0.701927, 0.24378
0.725168, 0.247549
0.747694, 0.252306
0.769394, 0.257982
0.790415, 0.264319
0.811213, 0.270921
0.832419, 0.27741
0.854555, 0.283629
0.877771, 0.289716
0.90188, 0.295986
0.926544, 0.30278
0.951481, 0.310322
0.0421196, 0.328421
0.0675934, 0.321678
0.0927021, 0.315583
0.117064, 0.309878
0.140248, 0.304183
0.162089, 0.298185
0.182967, 0.291854
0.203704, 0.285529
0.225095, 0.27972
0.247549, 0.274832
0.271027, 0.271027
0.295234, 0.268256
0.319829, 0.26637
0.344527, 0.265193
0.369124, 0.26455
0.393489, 0.264277
0.417566, 0.264229
0.441359, 0.264289
0.464917, 0.264374
0.488323, 0.264428
0.511677, 0.264428
0.535083, 0.264374
0.558641, 0.264289
0.582434, 0.264229
0.606511, 0.264277
0.630876, 0.26455
0.655473, 0.265193
0.680171, 0.26637
0.704766, 0.268256
0.728973, 0.271027
0.752451, 0.274832
0.774905, 0.27972
0.796296, 0.285529
0.817033, 0.291854
0.837911, 0.298185
0.859752, 0.304183
0.882936, 0.309878
0.907298, 0.315583
0.932407, 0.321678
0.95788, 0.328421
0.036442, 0.34651
0.0624038, 0.340543
0.0878955, 0.335126
0.112426, 0.329973
0.135472, 0.324677
0.156956, 0.318964
0.177564, 0.312942
0.198423, 0.307113
0.220411, 0.302045
0.24378, 0.298073
0.268256, 0.295234
0.293392, 0.293392
0.318777, 0.292362
0.344093, 0.291947
0.369119, 0.291951
0.393733, 0.292194
0.417902, 0.292522
0.441668, 0.292826
0.465126, 0.293044
0.488396, 0.293155
0.511604, 0.293155
0.534874, 0.293044
0.558332, 0.292826
0.582098, 0.292522
0.606267, 0.292194
0.630881, 0.291951
0.655907, 0.291947
0.681223, 0.292362
0.706608, 0.293392
0.731744, 0.295234
0.75622, 0.298073
0.779589, 0.302045
0.801577, 0.307113
0.822436, 0.312942
0.843044, 0.318964
0.864528, 0.324677
0.887574, 0.329973
0.912105, 0.335126
0.937596, 0.340543
0.963558, 0.34651
0.0314583, 0.36459
0.057857, 0.359379
0.0836719, 0.354622
0.108296, 0.350016
0.13113, 0.345152
0.152246, 0.339817
0.172688, 0.334261
0.193851, 0.329094
0.216595, 0.324868
0.24093, 0.321801
0.26637, 0.319829
0.292362, 0.318777
0.318441, 0.318441
0.344255, 0.318604
0.369568, 0.319041
0.394269, 0.319545
0.418373, 0.319957
0.441996, 0.320203
0.465304, 0.320297
0.48845, 0.320313
0.51155, 0.320313
0.534696, 0.320297
0.558004, 0.320203
0.581627, 0.319957
0.605731, 0.319545
0.630432, 0.319041
0.655745, 0.318604
0.681559, 0.318441
0.707638, 0.318777
0.73363, 0.319829
0.75907, 0.321801
0.783405, 0.324868
0.806149, 0.329094
0.827312, 0.334261
0.847754, 0.339817
0.86887, 0.345152
0.891704, 0.350016
0.916328, 0.354622
0.942143, 0.359379
0.968542, 0.36459
0.0271448, 0.382662
0.0539277, 0.378187
0.0800096, 0.374077
0.104667, 0.370027
0.127247, 0.365643
0.148025, 0.360791
0.168418, 0.355834
0.190026, 0.351425
0.213591, 0.348039
0.238863, 0.345779
0.265193, 0.344527
0.291947, 0.344093
0.318604, 0.344255
0.344764, 0.344764
0.370167, 0.345344
0.394728, 0.345737
0.41856, 0.345775
0.441933, 0.345467
0.465146, 0.345011
0.488372, 0.344687
0.511628, 0.344687
0.534854, 0.345011
0.558067, 0.345467
0.58144, 0.345775
0.605272, 0.345737
0.629833, 0.345344
0.655236, 0.344764
0.681396, 0.344255
0.708053, 0.344093
0.734807, 0.344527
0.761137, 0.345779
0.786409, 0.348039
0.809974, 0.351425
0.831582, 0.355834
0.851975, 0.360791
0.872753, 0.365643
0.895333, 0.370027
0.91999, 0.374077
0.946072, 0.378187
0.972855, 0.382662
0.0234816, 0.400727
0.050595, 0.39697
0.0768921, 0.393499
0.101538, 0.390019
0.123852, 0.386175
0.144347, 0.381906
0.164794, 0.377644
0.186924, 0.374021
0.211298, 0.371407
0.23743, 0.369821
0.26455, 0.369124
0.291951, 0.369119
0.319041, 0.369568
0.345344, 0.370167
0.370554, 0.370554
0.394635, 0.370383
0.417912, 0.369497
0.440968, 0.368103
0.4643, 0.366708
0.488039, 0.365848
0.511961, 0.365848
0.5357, 0.366708
0.559032, 0.368103
0.582088, 0.369497
0.605365, 0.370383
0.629446, 0.370554
0.654656, 0.370167
0.680959, 0.369568
0.708049, 0.369119
0.73545, 0.369124
0.76257, 0.369821
0.788702, 0.371407
0.813076, 0.374021
0.835206, 0.377644
0.855653, 0.381906
0.876148, 0.386175
0.898462, 0.390019
0.923108, 0.393499
0.949405, 0.39697
0.976518, 0.400727
0.0204526, 0.418785
0.047842, 0.415732
0.0743076, 0.412894
0.0989142, 0.410005
0.120976, 0.406761
0.141252, 0.403161
0.161824, 0.399654
0.184488, 0.396795
0.2096, 0.394853
0.236485, 0.393798
0.264277, 0.393489
0.292194, 0.393733
0.319545, 0.394269
0.345737, 0.394728
0.370383, 0.394635
0.393567, 0.393567
0.416044, 0.391497
0.438859, 0.388942
0.462664, 0.386677
0.487427, 0.385366
0.512573, 0.385366
0.537336, 0.386677
0.561141, 0.388942
0.583956, 0.391497
0.606433, 0.393567
0.629617, 0.394635
0.654263, 0.394728
0.680455, 0.394269
0.707806, 0.393733
0.735723, 0.393489
0.763515, 0.393798
0.7904, 0.394853
0.815512, 0.396795
0.838176, 0.399654
0.858748, 0.403161
0.879024, 0.406761
0.901086, 0.410005
0.925692, 0.412894
0.952158, 0.415732
0.979547, 0.418785
0.0180445, 0.436839
0.0456549, 0.434477
0.0722477, 0.43227
0.0968024, 0.429994
0.118645, 0.427405
0.138762, 0.424543
0.159495, 0.421816
0.182649, 0.419675
0.208389, 0.418299
0.235896, 0.417638
0.264229, 0.417566
0.292522, 0.417902
0.319957, 0.418373
0.345775, 0.41856
0.369497, 0.417912
0.391497, 0.416044
0.413163, 0.413163
0.435979, 0.410022
0.460597, 0.407465
0.486685, 0.406067
0.513315, 0.406067
0.539403, 0.407465
0.564021, 0.410022
0.586837, 0.413163
0.608503, 0.416044
0.630503, 0.417912
0.654225, 0.41856
0.680043, 0.418373
0.707478, 0.417902
0.735771, 0.417566
0.764104, 0.417638
0.791611, 0.418299
0.817351, 0.419675
0.840505, 0.421816
0.861238, 0.424543
0.881355, 0.427405
0.903198, 0.429994
0.927752, 0.43227
0.954345, 0.434477
0.981956, 0.436839
0.0162471, 0.454888
0.0440235, 0.453207
0.0707067, 0.451631
0.0952103, 0.449988
0.116879, 0.448103
0.136892, 0.446028
0.157781, 0.444086
0.181338, 0.442607
0.207569, 0.441701
0.235554, 0.441319
0.264289, 0.441359
0.292826, 0.441668
0.320203, 0.441996
0.345467, 0.441933
0.368103, 0.440968
0.388942, 0.438859
0.410022, 0.435979
0.43312, 0.43312
0.458695, 0.43098
0.48603, 0.429879
0.51397, 0.429879
0.541305, 0.43098
0.56688, 0.43312
0.589978, 0.435979
0.611058, 0.438859
0.631897, 0.440968
0.654533, 0.441933
0.679797, 0.441996
0.707174, 0.441668
0.735711, 0.441359
0.764446, 0.441319
0.792431, 0.441701
0.818662, 0.442607
0.842219, 0.444086
0.863108, 0.446028
0.883121, 0.448103
0.90479, 0.449988
0.929293, 0.451631
0.955977, 0.453207
0.983753, 0.454888
0.0150529, 0.472934
0.0429399, 0.471928
0.069681, 0.470982
0.0941446, 0.469989
0.115693, 0.468844
0.135644, 0.467587
0.156657, 0.466426
0.180498, 0.465561
0.207065, 0.465049
0.235374, 0.464856
0.264374, 0.464917
0.293044, 0.465126
0.320297, 0.465304
0.345011, 0.465146
0.366708, 0.4643
0.386677, 0.462664
0.407465, 0.460597
0.43098, 0.458695
0.457362, 0.457362
0.485585, 0.4567
0.514415, 0.4567
0.542638, 0.457362
0.56902, 0.458695
0.592535, 0.460597
0.613323, 0.462664
0.633292, 0.4643
0.654989, 0.465146
0.679703, 0.465304
0.706956, 0.465126
0.735626, 0.464917
0.764626, 0.464856
0.792935, 0.465049
0.819502, 0.465561
0.843343, 0.466426
0.864356, 0.467587
0.884307, 0.468844
0.905855, 0.469989
0.930319, 0.470982
0.95706, 0.471928
0.984947, 0.472934
0.0144571, 0.490978
0.0423994, 0.490643
0.0691686, 0.490328
0.0936104, 0.489996
0.115098, 0.489612
0.13502, 0.489191
0.1561, 0.488805
0.180088, 0.48852
0.206827, 0.488355
0.235298, 0.488297
0.264428, 0.488323
0.293155, 0.488396
0.320313, 0.48845
0.344687, 0.488372
0.365848, 0.488039
0.385366, 0.487427
0.406067, 0.486685
0.429879, 0.48603
0.4567, 0.485585
0.485367, 0.485367
0.514633, 0.485367
0.5433, 0.485585
0.570121, 0.48603
0.593933, 0.486685
0.614634, 0.487427
0.634152, 0.488039
0.655313, 0.488372
0.679687, 0.48845
0.706845, 0.488396
0.735572, 0.488323
0.764702, 0.488297
0.793173, 0.488355
0.819912, 0.48852
0.8439, 0.488805
0.86498, 0.489191
0.884902, 0.489612
0.90639, 0.489996
0.930831, 0.490328
0.957601, 0.490643
0.985543, 0.490978
0.0144571, 0.509022
0.0423994, 0.509357
0.0691686, 0.509672
0.0936104, 0.510004
0.115098, 0.510388
0.13502, 0.510809
0.1561, 0.511195
0.180088, 0.51148
0.206827, 0.511645
0.235298, 0.511703
0.264428, 0.511677
0.293155, 0.511604
0.320313, 0.51155
0.344687, 0.511628
0.365848, 0.511961
0.385366, 0.512573
0.406067, 0.513315
0.429879, 0.51397
0.4567, 0.514415
0.485367, 0.514633
0.514633, 0.514633
0.5433, 0.514415
0.570121, 0.51397
0.593933, 0.513315
0.614634, 0.512573
0.634152, 0.511961
0.655313, 0.511628
0.679687, 0.51155
0.706845, 0.511604
0.735572, 0.511677
0.764702, 0.511703
0.793173, 0.511645
0.819912, 0.51148
0.8439, 0.511195
0.86498, 0.510809
0.884902, 0.510388
0.90639, 0.510004
0.930831, 0.509672
0.957601, 0.509357
0.985543, 0.509022
0.0150529, 0.527066
0.0429399, 0.528072
0.069681, 0.529018
0.0941446, 0.530011
0.115693, 0.531156
0.135644, 0.532413
0.156657, 0.533574
0.180498, 0.534439
0.207065, 0.534951
0.235374, 0.535144
0.264374, 0.535083
0.293044, 0.534874
0.320297, 0.534696
0.345011, 0.534854
0.366708, 0.5357
0.386677, 0.537336
0.407465, 0.539403
0.43098, 0.541305
0.457362, 0.542638
0.485585, 0.5433
0.514415, 0.5433
0.542638, 0.542638
0.56902, 0.541305
0.592535, 0.539403
0.613323, 0.537336
0.633292, 0.5357
0.654989, 0.534854
0.679703, 0.534696
0.706956, 0.534874
0.735626, 0.535083
0.764626, 0.535144
0.792935, 0.534951
0.819502, 0.534439
0.843343, 0.533574
0.864356, 0.532413
0.884307, 0.531156
0.905855, 0.530011
0.930319, 0.529018
0.95706, 0.528072
0.984947, 0.527066
0.0162471, 0.545112
0.0440235, 0.546793
0.0707067, 0.548369
0.0952103, 0.550012
0.116879, 0.551897
0.136892, 0.553972
0.157781, 0.555914
0.181338, 0.557393
0.207569, 0.558299
0.235554, 0.558681
0.264289, 0.558641
0.292826, 0.558332
0.320203, 0.558004
0.345467, 0.558067
0.368103, 0.559032
0.388942, 0.561141
0.410022, 0.564021
0.43312, 0.56688
0.458695, 0.56902
0.48603, 0.570121
0.51397, 0.570121
0.541305, 0.56902
0.56688, 0.56688
0.589978, 0.564021
0.611058, 0.561141
0.631897, 0.559032
0.654533, 0.558067
0.679797, 0.558004
0.707174, 0.558332
0.735711, 0.558641
0.764446, 0.558681
0.792431, 0.558299
0.818662, 0.557393
0.842219, 0.555914
0.863108, 0.553972
0.883121, 0.551897
0.90479, 0.550012
0.929293, 0.548369
0.955977, 0.546793
0.983753, 0.545112
0.0180445, 0.563161
0.0456549, 0.565523
0.0722477, 0.56773
0.0968024, 0.570006
0.118645, 0.572595
0.138762, 0.575457
0.159495, 0.578184
0.182649, 0.580325
0.208389, 0.581701
0.235896, 0.582362
0.264229, 0.582434
0.292522, 0.582098
0.319957, 0.581627
0.345775, 0.58144
0.369497, 0.582088
0.391497, 0.583956
0.413163, 0.586837
0.435979, 0.589978
0.460597, 0.592535
0.486685, 0.593933
0.513315, 0.593933
0.539403, 0.592535
0.564021, 0.589978
0.586837, 0.586837
0.608503, 0.583956
0.630503, 0.582088
0.654225, 0.58144
0.680043, 0.581627
0.707478, 0.582098
0.735771, 0.582434
0.764104, 0.582362
0.791611, 0.581701
0.817351, 0.580325
0.840505, 0.578184
0.861238, 0.575457
0.881355, 0.572595
0.903198, 0.570006
0.927752, 0.56773
0.954345, 0.565523
0.981956, 0.563161
0.0204526, 0.581215
0.047842, 0.584268
0.0743076, 0.587106
0.0989142, 0.589995
0.120976, 0.593239
0.141252, 0.596839
0.161824, 0.600346
0.184488, 0.603205
0.2096, 0.605147
0.236485, 0.606202
0.264277, 0.606511
0.292194, 0.606267
0.319545, 0.605731
0.345737, 0.605272
0.370383, 0.605365
0.393567, 0.606433
0.416044, 0.608503
0.438859, 0.611058
0.462664, 0.613323
0.487427, 0.614634
0.512573, 0.614634
0.537336, 0.613323
0.561141, 0.611058
0.583956, 0.608503
0.606433, 0.606433
0.629617, 0.605365
0.654263, 0.605272
0.680455, 0.605731
0.707806, 0.606267
0.735723, 0.606511
0.763515, 0.606202
0.7904, 0.605147
0.815512, 0.603205
0.838176, 0.600346
0.858748, 0.596839
0.879024, 0.593239
0.901086, 0.589995
0.925692, 0.587106
0.952158, 0.584268
0.979547, 0.581215
0.0234816, 0.599273
0.050595, 0.60303
0.0768921, 0.606501
0.101538, 0.609981
0.123852, 0.613825
0.144347, 0.618094
0.164794, 0.622356
0.186924, 0.625979
0.211298, 0.628593
0.23743, 0.630179
0.26455, 0.630876
0.291951, 0.630881
0.319041, 0.630432
0.345344, 0.629833
0.370554, 0.629446
0.394635, 0.629617
0.417912, 0.630503
0.440968, 0.631897
0.4643, 0.633292
0.488039, 0.634152
0.511961, 0.634152
0.5357, 0.633292
0.559032, 0.631897
0.582088, 0.630503
0.605365, 0.629617
0.629446, 0.629446
0.654656, 0.629833
0.680959, 0.630432
0.708049, 0.630881
0.73545, 0.630876
0.76257, 0.630179
0.788702, 0.628593
0.813076, 0.625979
0.835206, 0.622356
0.855653, 0.618094
0.876148, 0.613825
0.898462, 0.609981
0.923108, 0.606501
0.949405, 0.60303
0.976518, 0.599273
0.0271448, 0.617338
0.0539277, 0.621813
0.0800096, 0.625923
0.104667, 0.629973
0.127247, 0.634357
0.148025, 0.639209
0.168418, 0.644166
0.190026, 0.648575
0.213591, 0.651961
0.238863, 0.654221
0.265193, 0.655473
0.291947, 0.655907
0.318604, 0.655745
0.344764, 0.655236
0.370167, 0.654656
0.394728, 0.654263
0.41856, 0.654225
0.441933, 0.654533
0.465146, 0.654989
0.488372, 0.655313
0.511628, 0.655313
0.534854, 0.654989
0.558067, 0.654533
0.58144, 0.654225
0.605272, 0.654263
0.629833, 0.654656
0.655236, 0.655236
0.681396, 0.655745
0.708053, 0.655907
0.734807, 0.655473
0.761137, 0.654221
0.786409, 0.651961
0.809974, 0.648575
0.831582, 0.644166
0.851975, 0.639209
0.872753, 0.634357
0.895333, 0.629973
0.91999, 0.625923
0.946072, 0.621813
0.972855, 0.617338
0.0314583, 0.63541
0.057857, 0.640621
0.0836719, 0.645378
0.108296, 0.649984
0.13113, 0.654848
0.152246, 0.660183
0.172688, 0.665739
0.193851, 0.670906
0.216595, 0.675132
0.24093, 0.678199
0.26637, 0.680171
0.292362, 0.681223
0.318441, 0.681559
0.344255, 0.681396
0.369568, 0.680959
0.394269, 0.680455
0.418373, 0.680043
0.441996, 0.679797
0.465304, 0.679703
0.48845, 0.679687
0.51155, 0.679687
0.534696, 0.679703
0.558004, 0.679797
0.581627, 0.680043
0.605731, 0.680455
0.630432, 0.680959
0.655745, 0.681396
0.681559, 0.681559
0.707638, 0.681223
0.73363, 0.680171
0.75907, 0.678199
0.783405, 0.675132
0.806149, 0.670906
0.827312, 0.665739
0.847754, 0.660183
0.86887, 0.654848
0.891704, 0.649984
0.916328, 0.645378
0.942143, 0.640621
0.968542, 0.63541
0.036442, 0.65349
0.0624038, 0.659457
0.0878955, 0.664874
0.112426, 0.670027
0.135472, 0.675323
0.156956, 0.681036
0.177564, 0.687058
0.198423, 0.692887
0.220411, 0.697955
0.24378, 0.701927
0.268256, 0.704766
0.293392, 0.706608
0.318777, 0.707638
0.344093, 0.708053
0.369119, 0.708049
0.393733, 0.707806
0.417902, 0.707478
0.441668, 0.707174
0.465126, 0.706956
0.488396, 0.706845
0.511604, 0.706845
0.534874, 0.706956
0.558332, 0.707174
0.582098, 0.707478
0.606267, 0.707806
0.630881, 0.708049
0.655907, 0.708053
0.681223, 0.707638
0.706608, 0.706608
0.731744, 0.704766
0.75622, 0.701927
0.779589, 0.697955
0.801577, 0.692887
0.822436, 0.687058
0.843044, 0.681036
0.864528, 0.675323
0.887574, 0.670027
0.912105, 0.664874
0.937596, 0.659457
0.963558, 0.65349
0.0421196, 0.671579
0.0675934, 0.678322
0.0927021, 0.684417
0.117064, 0.690122
0.140248, 0.695817
0.162089, 0.701815
0.182967, 0.708146
0.203704, 0.714471
0.225095, 0.72028
0.247549, 0.725168
0.271027, 0.728973
0.295234, 0.731744
0.319829, 0.73363
0.344527, 0.734807
0.369124, 0.73545
0.393489, 0.735723
0.417566, 0.735771
0.441359, 0.735711
0.464917, 0.735626
0.488323, 0.735572
0.511677, 0.735572
0.535083, 0.735626
0.558641, 0.735711
0.582434, 0.735771
0.606511, 0.735723
0.630876, 0.73545
0.655473, 0.734807
0.680171, 0.73363
0.704766, 0.731744
0.728973, 0.728973
0.752451, 0.725168
0.774905, 0.72028
0.796296, 0.714471
0.817033, 0.708146
0.837911, 0.701815
0.859752, 0.695817
0.882936, 0.690122
0.907298, 0.684417
0.932407, 0.678322
0.95788, 0.671579
0.0485195, 0.689678
0.0734557, 0.69722
0.0981198, 0.704014
0.122229, 0.710284
0.145445, 0.716371
0.167581, 0.72259
0.188787, 0.729079
0.209585, 0.735681
0.230606, 0.742018
0.252306, 0.747694
0.274832, 0.752451
0.298073, 0.75622
0.321801, 0.75907
0.345779, 0.761137
0.369821, 0.76257
0.393798, 0.763515
0.417638, 0.764104
0.441319, 0.764446
0.464856, 0.764626
0.488297, 0.764702
0.511703, 0.764702
0.535144, 0.764626
0.558681, 0.764446
0.582362, 0.764104
0.606202, 0.763515
0.630179, 0.76257
0.654221, 0.761137
0.678199, 0.75907
0.701927, 0.75622
0.725168, 0.752451
0.747694, 0.747694
0.769394, 0.742018
0.790415, 0.735681
0.811213, 0.729079
0.832419, 0.72259
0.854555, 0.716371
0.877771, 0.710284
0.90188, 0.704014
0.926544, 0.69722
0.951481, 0.689678
0.0556752, 0.707787
0.0800266, 0.716152
0.104184, 0.723668
0.12795, 0.73053
0.151071, 0.737027
0.173382, 0.743447
0.194898, 0.749986
0.215889, 0.756645
0.236784, 0.763216
0.257982, 0.769394
0.27972, 0.774905
0.302045, 0.779589
0.324868, 0.783405
0.348039, 0.786409
0.371407, 0.788702
0.394853, 0.7904
0.418299, 0.791611
0.441701, 0.792431
0.465049, 0.792935
0.488355, 0.793173
0.511645, 0.793173
0.534951, 0.792935
0.558299, 0.792431
0.581701, 0.791611
0.605147, 0.7904
0.628593, 0.788702
0.651961, 0.786409
0.675132, 0.783405
0.697955, 0.779589
0.72028, 0.774905
0.742018, 0.769394
0.763216, 0.763216
0.784111, 0.756645
0.805102, 0.749986
0.826618, 0.743447
0.848929, 0.737027
0.87205, 0.73053
0.895816, 0.723668
0.919973, 0.716152
0.944325, 0.707787
0.0636264, 0.725906
0.087348, 0.735116
0.110937, 0.743384
0.134267, 0.750871
0.157156, 0.75782
0.179477, 0.764472
0.201193, 0.77103
0.222407, 0.777593
0.243355, 0.784111
0.264319, 0.790415
0.285529, 0.796296
0.307113, 0.801577
0.329094, 0.806149
0.351425, 0.809974
0.374021, 0.813076
0.396795, 0.815512
0.419675, 0.817351
0.442607, 0.818662
0.465561, 0.819502
0.48852, 0.819912
0.51148, 0.819912
0.534439, 0.819502
0.557393, 0.818662
0.580325, 0.817351
0.603205, 0.815512
0.625979, 0.813076
0.648575, 0.809974
0.670906, 0.806149
0.692887, 0.801577
0.714471, 0.796296
0.735681, 0.790415
0.756645, 0.784111
0.777593, 0.777593
0.798807, 0.77103
0.820523, 0.764472
0.842844, 0.75782
0.865733, 0.750871
0.889063, 0.743384
0.912652, 0.735116
0.936374, 0.725906
0.0724203, 0.744036
0.0954695, 0.754113
0.118432, 0.763161
0.141236, 0.771313
0.163756, 0.778773
0.185903, 0.785732
0.207633, 0.792367
0.22897, 0.798807
0.250014, 0.805102
0.270921, 0.811213
0.291854, 0.817033
0.312942, 0.822436
0.334261, 0.827312
0.355834, 0.831582
0.377644, 0.835206
0.399654, 0.838176
0.421816, 0.840505
0.444086, 0.842219
0.466426, 0.843343
0.488805, 0.8439
0.511195, 0.8439
0.533574, 0.843343
0.555914, 0.842219
0.578184, 0.840505
0.600346, 0.838176
0.622356, 0.835206
0.644166, 0.831582
0.665739, 0.827312
0.687058, 0.822436
0.708146, 0.817033
0.729079, 0.811213
0.749986, 0.805102
0.77103, 0.798807
0.792367, 0.792367
0.814097, 0.785732
0.836244, 0.778773
0.858764, 0.771313
0.881568, 0.763161
0.90453, 0.754113
0.92758, 0.744036
0.0821132, 0.762176
0.10445, 0.77314
0.126731, 0.782995
0.148924, 0.791856
0.170947, 0.799893
0.19274, 0.80726
0.214268, 0.814097
0.235528, 0.820523
0.256553, 0.826618
0.27741, 0.832419
0.298185, 0.837911
0.318964, 0.843044
0.339817, 0.847754
0.360791, 0.851975
0.381906, 0.855653
0.403161, 0.858748
0.424543, 0.861238
0.446028, 0.863108
0.467587, 0.864356
0.489191, 0.86498
0.510809, 0.86498
0.532413, 0.864356
0.553972, 0.863108
0.575457, 0.861238
0.596839, 0.858748
0.618094, 0.855653
0.639209, 0.851975
0.660183, 0.847754
0.681036, 0.843044
0.701815, 0.837911
0.72259, 0.832419
0.743447, 0.826618
0.764472, 0.820523
0.785732, 0.814097
0.80726, 0.80726
0.829053, 0.799893
0.851076, 0.791856
0.873269, 0.782995
0.89555, 0.77314
0.917887, 0.762176
0.0927723, 0.780327
0.114358, 0.792192
0.135907, 0.802879
0.157414, 0.812491
0.178828, 0.821172
0.200107, 0.829053
0.221227, 0.836244
0.24218, 0.842844
0.262973, 0.848929
0.283629, 0.854555
0.304183, 0.859752
0.324677, 0.864528
0.345152, 0.86887
0.365643, 0.872753
0.386175, 0.876148
0.406761, 0.879024
0.427405, 0.881355
0.448103, 0.883121
0.468844, 0.884307
0.489612, 0.884902
0.510388, 0.884902
0.531156, 0.884307
0.551897, 0.883121
0.572595, 0.881355
0.593239, 0.879024
0.613825, 0.876148
0.634357, 0.872753
0.654848, 0.86887
0.675323, 0.864528
0.695817, 0.859752
0.716371, 0.854555
0.737027, 0.848929
0.75782, 0.842844
0.778773, 0.836244
0.799893, 0.829053
0.821172, 0.821172
0.842586, 0.812491
0.864093, 0.802879
0.885642, 0.792192
0.907228, 0.780327
0.104479, 0.798486
0.125277, 0.811264
0.146047, 0.822801
0.166802, 0.833198
0.187509, 0.842586
0.208144, 0.851076
0.228687, 0.858764
0.249129, 0.865733
0.26947, 0.87205
0.289716, 0.877771
0.309878, 0.882936
0.329973, 0.887574
0.350016, 0.891704
0.370027, 0.895333
0.390019, 0.898462
0.410005, 0.901086
0.429994, 0.903198
0.449988, 0.90479
0.469989, 0.905855
0.489996, 0.90639
0.510004, 0.90639
0.530011, 0.905855
0.550012, 0.90479
0.570006, 0.903198
0.589995, 0.901086
0.609981, 0.898462
0.629973, 0.895333
0.649984, 0.891704
0.670027, 0.887574
0.690122, 0.882936
0.710284, 0.877771
0.73053, 0.87205
0.750871, 0.865733
0.771313, 0.858764
0.791856, 0.851076
0.812491, 0.842586
0.833198, 0.833198
0.853953, 0.822801
0.874723, 0.811264
0.895521, 0.798486
0.117334, 0.816652
0.137306, 0.830347
0.157256, 0.842744
0.177199, 0.853953
0.197121, 0.864093
0.217005, 0.873269
0.236839, 0.881568
0.256616, 0.889063
0.276332, 0.895816
0.295986, 0.90188
0.315583, 0.907298
0.335126, 0.912105
0.354622, 0.916328
0.374077, 0.91999
0.393499, 0.923108
0.412894, 0.925692
0.43227, 0.927752
0.451631, 0.929293
0.470982, 0.930319
0.490328, 0.930831
0.509672, 0.930831
0.529018, 0.930319
0.548369, 0.929293
0.56773, 0.927752
0.587106, 0.925692
0.606501, 0.923108
0.625923, 0.91999
0.645378, 0.916328
0.664874, 0.912105
0.684417, 0.907298
0.704014, 0.90188
0.723668, 0.895816
0.743384, 0.889063
0.763161, 0.881568
0.782995, 0.873269
0.802879, 0.864093
0.822801, 0.853953
0.842744, 0.842744
0.862694, 0.830347
0.882666, 0.816652
0.13146, 0.834821
0.150569, 0.849431
0.169653, 0.862694
0.188736, 0.874723
0.207808, 0.885642
0.22686, 0.89555
0.245887, 0.90453
0.264884, 0.912652
0.283848, 0.919973
0.30278, 0.926544
0.321678, 0.932407
0.340543, 0.937596
0.359379, 0.942143
0.378187, 0.946072
0.39697, 0.949405
0.415732, 0.952158
0.434477, 0.954345
0.453207, 0.955977
0.471928, 0.95706
0.490643, 0.957601
0.509357, 0.957601
0.528072, 0.95706
0.546793, 0.955977
0.565523, 0.954345
0.584268, 0.952158
0.60303, 0.949405
0.621813, 0.946072
0.640621, 0.942143
0.659457, 0.937596
0.678322, 0.932407
0.69722, 0.926544
0.716152, 0.919973
0.735116, 0.912652
0.754113, 0.90453
0.77314, 0.89555
0.792192, 0.885642
0.811264, 0.874723
0.830347, 0.862694
0.849431, 0.849431
0.86854, 0.834821
0.14701, 0.85299
0.165179, 0.86854
0.183348, 0.882666
0.201514, 0.895521
0.219673, 0.907228
0.237824, 0.917887
0.255964, 0.92758
0.274094, 0.936374
0.292213, 0.944325
0.310322, 0.951481
0.328421, 0.95788
0.34651, 0.963558
0.36459, 0.968542
0.382662, 0.972855
0.400727, 0.976518
0.418785, 0.979547
0.436839, 0.981956
0.454888, 0.983753
0.472934, 0.984947
0.490978, 0.985543
0.509022, 0.985543
0.527066, 0.984947
0.545112, 0.983753
0.563161, 0.981956
0.581215, 0.979547
0.599273, 0.976518
0.617338, 0.972855
0.63541, 0.968542
0.65349, 0.963558
0.671579, 0.95788
0.689678, 0.951481
0.707787, 0.944325
0.725906, 0.936374
0.744036, 0.92758
0.762176, 0.917887
0.780327, 0.907228
0.798486, 0.895521
0.816652, 0.882666
0.834821, 0.86854
0.85299, 0.85299
