0.146447, 0.146447
0.164124, 0.129612
0.181802, 0.114319
0.19948, 0.100391
0.217157, 0.0876894
0.234835, 0.0761044
0.252513, 0.0655463
0.27019, 0.055942
0.287868, 0.0472307
0.305546, 0.0393619
0.323223, 0.0322928
0.340901, 0.0259879
0.358579, 0.0204168
0.376256, 0.0155544
0.393934, 0.0113795
0.411612, 0.00787451
0.429289, 0.00502525
0.446967, 0.00282045
0.464645, 0.00125157
0.482322, 0.000312598
0.5, 0
0.517678, 0.000312598
0.535355, 0.00125157
0.553033, 0.00282045
0.570711, 0.00502525
0.588388, 0.00787451
0.606066, 0.0113795
0.623744, 0.0155544
0.641421, 0.0204168
0.659099, 0.0259879
0.676777, 0.0322928
0.694454, 0.0393619
0.712132, 0.0472307
0.72981, 0.055942
0.747487, 0.0655463
0.765165, 0.0761044
0.782843, 0.0876894
0.80052, 0.100391
0.818198, 0.114319
0.835876, 0.129612
0.853553, 0.146447
0.129612, 0.164124
0.148406, 0.148406
0.167047, 0.134042
0.18569, 0.121005
0.204327, 0.109157
0.222952, 0.0983885
0.241562, 0.088609
0.260151, 0.0797437
0.278719, 0.0717295
0.297264, 0.0645134
0.315785, 0.0580503
0.334283, 0.0523019
0.352759, 0.0472357
0.371214, 0.0428242
0.38965, 0.0390441
0.408068, 0.0358763
0.426473, 0.033305
0.444865, 0.0313177
0.463248, 0.0299048
0.481626, 0.0290597
0.5, 0.0287784
0.518374, 0.0290597
0.536752, 0.0299048
0.555135, 0.0313177
0.573527, 0.033305
0.591932, 0.0358763
0.61035, 0.0390441
0.628786, 0.0428242
0.647241, 0.0472357
0.665717, 0.0523019
0.684215, 0.0580503
0.702736, 0.0645134
0.721281, 0.0717295
0.739849, 0.0797437
0.758438, 0.088609
0.777048, 0.0983885
0.795673, 0.109157
0.81431, 0.121005
0.832953, 0.134042
0.851594, 0.148406
0.870388, 0.164124
0.114319, 0.181802
0.134042, 0.167047
0.153588, 0.153588
0.173125, 0.141403
0.192654, 0.130371
0.21216, 0.12038
0.231633, 0.111337
0.251064, 0.103164
0.270448, 0.0957954
0.289784, 0.0891741
0.30907, 0.083253
0.328308, 0.0779918
0.347501, 0.0733573
0.366653, 0.0693218
0.385769, 0.0658628
0.404854, 0.0629624
0.423914, 0.0606064
0.442953, 0.0587842
0.461977, 0.0574878
0.480991, 0.056712
0.5, 0.0564538
0.519009, 0.056712
0.538023, 0.0574878
0.557047, 0.0587842
0.576086, 0.0606064
0.595146, 0.0629624
0.614231, 0.0658628
0.633347, 0.0693218
0.652499, 0.0733573
0.671692, 0.0779918
0.69093, 0.083253
0.710216, 0.0891741
0.729552, 0.0957954
0.748936, 0.103164
0.768367, 0.111337
0.78784, 0.12038
0.807346, 0.130371
0.826875, 0.141403
0.846412, 0.153588
0.865958, 0.167047
0.885681, 0.181802
0.100391, 0.19948
0.121005, 0.18569
0.141403, 0.173125
0.161792, 0.161792
0.182161, 0.151567
0.202484, 0.142331
0.222743, 0.133985
0.242924, 0.126443
0.263022, 0.119633
0.283035, 0.113493
0.302967, 0.107976
0.322828, 0.103041
0.342626, 0.0986597
0.362374, 0.0948117
0.382083, 0.0914837
0.401764, 0.0886685
0.421426, 0.0863631
0.441076, 0.0845675
0.46072, 0.0832829
0.480361, 0.0825113
0.5, 0.0822539
0.519639, 0.0825113
0.53928, 0.0832829
0.558924, 0.0845675
0.578574, 0.0863631
0.598236, 0.0886685
0.617917, 0.0914837
0.637626, 0.0948117
0.657374, 0.0986597
0.677172, 0.103041
0.697033, 0.107976
0.716965, 0.113493
0.736978, 0.119633
0.757076, 0.126443
0.777257, 0.133985
0.797516, 0.142331
0.817839, 0.151567
0.838208, 0.161792
0.858597, 0.173125
0.878995, 0.18569
0.899609, 0.19948
0.0876894, 0.217157
0.109157, 0.204327
0.130371, 0.192654
0.151567, 0.182161
0.172713, 0.172713
0.19377, 0.16418
0.214708, 0.156446
0.235508, 0.149412
0.256168, 0.142995
0.276695, 0.137127
0.297108, 0.13176
0.317433, 0.126864
0.337697, 0.122427
0.357931, 0.118452
0.37816, 0.114951
0.398402, 0.111943
0.41867, 0.109449
0.438968, 0.107488
0.459294, 0.106075
0.479641, 0.105222
0.5, 0.104937
0.520359, 0.105222
0.540706, 0.106075
0.561032, 0.107488
0.58133, 0.109449
0.601598, 0.111943
0.62184, 0.114951
0.642069, 0.118452
0.662303, 0.122427
0.682567, 0.126864
0.702892, 0.13176
0.723305, 0.137127
0.743832, 0.142995
0.764492, 0.149412
0.785292, 0.156446
0.80623, 0.16418
0.827287, 0.172713
0.848433, 0.182161
0.869629, 0.192654
0.890843, 0.204327
0.912311, 0.217157
0.0761044, 0.234835
0.0983885, 0.222952
0.12038, 0.21216
0.142331, 0.202484
0.16418, 0.19377
0.185863, 0.185863
0.207336, 0.178623
0.228579, 0.171928
0.249597, 0.165677
0.270423, 0.159803
0.291109, 0.154276
0.311722, 0.149101
0.332328, 0.144312
0.352979, 0.139959
0.373715, 0.136093
0.394552, 0.132759
0.415493, 0.129994
0.436529, 0.127822
0.457642, 0.126261
0.478807, 0.125321
0.5, 0.125007
0.521193, 0.125321
0.542358, 0.126261
0.563471, 0.127822
0.584507, 0.129994
0.605448, 0.132759
0.626285, 0.136093
0.647021, 0.139959
0.667672, 0.144312
0.688278, 0.149101
0.708891, 0.154276
0.729577, 0.159803
0.750403, 0.165677
0.771421, 0.171928
0.792664, 0.178623
0.814137, 0.185863
0.83582, 0.19377
0.857669, 0.202484
0.87962, 0.21216
0.901612, 0.222952
0.923896, 0.234835
0.0655463, 0.252513
0.088609, 0.241562
0.111337, 0.231633
0.133985, 0.222743
0.156446, 0.214708
0.178623, 0.207336
0.200453, 0.200453
0.221916, 0.193904
0.24305, 0.187586
0.263949, 0.181464
0.284742, 0.175574
0.305556, 0.170001
0.326494, 0.164845
0.347617, 0.160197
0.368945, 0.156123
0.390472, 0.152667
0.412173, 0.149846
0.434013, 0.147664
0.455954, 0.146116
0.477961, 0.145193
0.5, 0.144886
0.522039, 0.145193
0.544046, 0.146116
0.565987, 0.147664
0.587827, 0.149846
0.609528, 0.152667
0.631055, 0.156123
0.652383, 0.160197
0.673506, 0.164845
0.694444, 0.170001
0.715258, 0.175574
0.736051, 0.181464
0.75695, 0.187586
0.778084, 0.193904
0.799547, 0.200453
0.821377, 0.207336
0.843554, 0.214708
0.866015, 0.222743
0.888663, 0.231633
0.911391, 0.241562
0.934454, 0.252513
0.055942, 0.27019
0.0797437, 0.260151
0.103164, 0.251064
0.126443, 0.242924
0.149412, 0.235508
0.171928, 0.228579
0.193904, 0.221916
0.215349, 0.215349
0.236387, 0.208817
0.257234, 0.202385
0.278119, 0.196203
0.29922, 0.190441
0.320634, 0.185242
0.342386, 0.180702
0.364445, 0.176861
0.386752, 0.173718
0.40924, 0.17124
0.43185, 0.169381
0.454534, 0.168093
0.477258, 0.167338
0.5, 0.167089
0.522742, 0.167338
0.545466, 0.168093
0.56815, 0.169381
0.59076, 0.17124
0.613248, 0.173718
0.635555, 0.176861
0.657614, 0.180702
0.679366, 0.185242
0.70078, 0.190441
0.721881, 0.196203
0.742766, 0.202385
0.763613, 0.208817
0.784651, 0.215349
0.806096, 0.221916
0.828072, 0.228579
0.850588, 0.235508
0.873557, 0.242924
0.896836, 0.251064
0.920256, 0.260151
0.944058, 0.27019
0.0472307, 0.287868
0.0717295, 0.278719
0.0957954, 0.270448
0.119633, 0.263022
0.142995, 0.256168
0.165677, 0.249597
0.187586, 0.24305
0.208817, 0.236387
0.229664, 0.229664
0.250501, 0.223092
0.271637, 0.216933
0.293247, 0.211412
0.315369, 0.206669
0.337934, 0.202749
0.360825, 0.199617
0.38392, 0.197193
0.40712, 0.195377
0.430354, 0.194077
0.453585, 0.19321
0.476799, 0.192715
0.5, 0.192554
0.523201, 0.192715
0.546415, 0.19321
0.569646, 0.194077
0.59288, 0.195377
0.61608, 0.197193
0.639175, 0.199617
0.662066, 0.202749
0.684631, 0.206669
0.706753, 0.211412
0.728363, 0.216933
0.749499, 0.223092
0.770336, 0.229664
0.791183, 0.236387
0.812414, 0.24305
0.834323, 0.249597
0.857005, 0.256168
0.880367, 0.263022
0.904205, 0.270448
0.92827, 0.278719
0.952769, 0.287868
0.0393619, 0.305546
0.0645134, 0.297264
0.0891741, 0.289784
0.113493, 0.283035
0.137127, 0.276695
0.159803, 0.270423
0.181464, 0.263949
0.202385, 0.257234
0.223092, 0.250501
0.244105, 0.244105
0.265759, 0.238385
0.288151, 0.233562
0.311182, 0.229701
0.334654, 0.226739
0.358365, 0.224551
0.382152, 0.222996
0.405906, 0.221933
0.429569, 0.221241
0.453123, 0.220821
0.476587, 0.220598
0.5, 0.220529
0.523413, 0.220598
0.546877, 0.220821
0.570431, 0.221241
0.594094, 0.221933
0.617848, 0.222996
0.641635, 0.224551
0.665346, 0.226739
0.688818, 0.229701
0.711849, 0.233562
0.734241, 0.238385
0.755895, 0.244105
0.776908, 0.250501
0.797615, 0.257234
0.818536, 0.263949
0.840197, 0.270423
0.862873, 0.276695
0.886507, 0.283035
0.910826, 0.289784
0.935487, 0.297264
0.960638, 0.305546
0.0322928, 0.323223
0.0580503, 0.315785
0.083253, 0.30907
0.107976, 0.302967
0.13176, 0.297108
0.154276, 0.291109
0.175574, 0.284742
0.196203, 0.278119
0.216933, 0.271637
0.238385, 0.265759
0.260836, 0.260836
0.284207, 0.256998
0.308222, 0.254187
0.332573, 0.25225
0.357007, 0.25101
0.381348, 0.25029
0.40549, 0.249933
0.429395, 0.249799
0.453075, 0.249782
0.476584, 0.249802
0.5, 0.249814
0.523416, 0.249802
0.546925, 0.249782
0.570605, 0.249799
0.59451, 0.249933
0.618652, 0.25029
0.642993, 0.25101
0.667427, 0.25225
0.691778, 0.254187
0.715793, 0.256998
0.739164, 0.260836
0.761615, 0.265759
0.783067, 0.271637
0.803797, 0.278119
0.824426, 0.284742
0.845724, 0.291109
0.86824, 0.297108
0.892024, 0.302967
0.916747, 0.30907
0.94195, 0.315785
0.967707, 0.323223
0.0259879, 0.340901
0.0523019, 0.334283
0.0779918, 0.328308
0.103041, 0.322828
0.126864, 0.317433
0.149101, 0.311722
0.170001, 0.305556
0.190441, 0.29922
0.211412, 0.293247
0.233562, 0.288151
0.256998, 0.284207
0.281413, 0.281413
0.306381, 0.279615
0.331525, 0.278615
0.356566, 0.278209
0.38132, 0.278203
0.405696, 0.27842
0.429681, 0.278718
0.453327, 0.278992
0.476727, 0.279177
0.5, 0.279242
0.523273, 0.279177
0.546673, 0.278992
0.570319, 0.278718
0.594304, 0.27842
0.61868, 0.278203
0.643434, 0.278209
0.668475, 0.278615
0.693619, 0.279615
0.718587, 0.281413
0.743002, 0.284207
0.766438, 0.288151
0.788588, 0.293247
0.809559, 0.29922
0.829999, 0.305556
0.850899, 0.311722
0.873136, 0.317433
0.896959, 0.322828
0.922008, 0.328308
0.947698, 0.334283
0.974012, 0.340901
0.0204168, 0.358579
0.0472357, 0.352759
0.0733573, 0.347501
0.0986597, 0.342626
0.122427, 0.337697
0.144312, 0.332328
0.164845, 0.326494
0.185242, 0.320634
0.206669, 0.315369
0.229701, 0.311182
0.254187, 0.308222
0.279615, 0.306381
0.305458, 0.305458
0.331291, 0.305233
0.356811, 0.305478
0.38183, 0.305976
0.40628, 0.306533
0.430198, 0.307014
0.453694, 0.307349
0.476913, 0.307533
0.5, 0.307589
0.523087, 0.307533
0.546306, 0.307349
0.569802, 0.307014
0.59372, 0.306533
0.61817, 0.305976
0.643189, 0.305478
0.668709, 0.305233
0.694542, 0.305458
0.720385, 0.306381
0.745813, 0.308222
0.770299, 0.311182
0.793331, 0.315369
0.814758, 0.320634
0.835155, 0.326494
0.855688, 0.332328
0.877573, 0.337697
0.90134, 0.342626
0.926643, 0.347501
0.952764, 0.352759
0.979583, 0.358579
0.0155544, 0.376256
0.0428242, 0.371214
0.0693218, 0.366653
0.0948117, 0.362374
0.118452, 0.357931
0.139959, 0.352979
0.160197, 0.347617
0.180702, 0.342386
0.202749, 0.337934
0.226739, 0.334654
0.25225, 0.332573
0.278615, 0.331525
0.305233, 0.331291
0.331629, 0.331629
0.357466, 0.332275
0.382557, 0.332966
0.40688, 0.333483
0.43057, 0.333711
0.453853, 0.333679
0.476952, 0.333541
0.5, 0.33347
0.523048, 0.333541
0.546147, 0.333679
0.56943, 0.333711
0.59312, 0.333483
0.617443, 0.332966
0.642534, 0.332275
0.668371, 0.331629
0.694767, 0.331291
0.721385, 0.331525
0.74775, 0.332573
0.773261, 0.334654
0.797251, 0.337934
0.819298, 0.342386
0.839803, 0.347617
0.860041, 0.352979
0.881548, 0.357931
0.905188, 0.362374
0.930678, 0.366653
0.957176, 0.371214
0.984446, 0.376256
0.0113795, 0.393934
0.0390441, 0.38965
0.0658628, 0.385769
0.0914837, 0.382083
0.114951, 0.37816
0.136093, 0.373715
0.156123, 0.368945
0.176861, 0.364445
0.199617, 0.360825
0.224551, 0.358365
0.25101, 0.357007
0.278209, 0.356566
0.305478, 0.356811
0.332275, 0.357466
0.358206, 0.358206
0.383082, 0.358686
0.406975, 0.358632
0.430232, 0.357995
0.453318, 0.357029
0.476563, 0.356179
0.5, 0.355844
0.523437, 0.356179
0.546682, 0.357029
0.569768, 0.357995
0.593025, 0.358632
0.616918, 0.358686
0.641794, 0.358206
0.667725, 0.357466
0.694522, 0.356811
0.721791, 0.356566
0.74899, 0.357007
0.775449, 0.358365
0.800383, 0.360825
0.823139, 0.364445
0.843877, 0.368945
0.863907, 0.373715
0.885049, 0.37816
0.908516, 0.382083
0.934137, 0.385769
0.960956, 0.38965
0.988621, 0.393934
0.00787451, 0.411612
0.0358763, 0.408068
0.0629624, 0.404854
0.0886685, 0.401764
0.111943, 0.398402
0.132759, 0.394552
0.152667, 0.390472
0.173718, 0.386752
0.197193, 0.38392
0.222996, 0.382152
0.25029, 0.381348
0.278203, 0.38132
0.305976, 0.38183
0.332966, 0.382557
0.358686, 0.383082
0.382936, 0.382936
0.406009, 0.381825
0.428674, 0.379903
0.451744, 0.377759
0.475587, 0.37611
0.5, 0.375495
0.524413, 0.37611
0.548256, 0.377759
0.571326, 0.379903
0.593991, 0.381825
0.617064, 0.382936
0.641314, 0.383082
0.667034, 0.382557
0.694024, 0.38183
0.721797, 0.38132
0.74971, 0.381348
0.777004, 0.382152
0.802807, 0.38392
0.826282, 0.386752
0.847333, 0.390472
0.867241, 0.394552
0.888057, 0.398402
0.911332, 0.401764
0.937038, 0.404854
0.964124, 0.408068
0.992125, 0.411612
0.00502525, 0.429289
0.033305, 0.426473
0.0606064, 0.423914
0.0863631, 0.421426
0.109449, 0.41867
0.129994, 0.415493
0.149846, 0.412173
0.17124, 0.40924
0.195377, 0.40712
0.221933, 0.405906
0.249933, 0.40549
0.27842, 0.405696
0.306533, 0.40628
0.333483, 0.40688
0.358632, 0.406975
0.381825, 0.406009
0.403808, 0.403808
0.425938, 0.400823
0.449297, 0.397861
0.474163, 0.395732
0.5, 0.394966
0.525837, 0.395732
0.550703, 0.397861
0.574062, 0.400823
0.596192, 0.403808
0.618175, 0.406009
0.641368, 0.406975
0.666517, 0.40688
0.693467, 0.40628
0.72158, 0.405696
0.750067, 0.40549
0.778067, 0.405906
0.804623, 0.40712
0.82876, 0.40924
0.850154, 0.412173
0.870006, 0.415493
0.890551, 0.41867
0.913637, 0.421426
0.939394, 0.423914
0.966695, 0.426473
0.994975, 0.429289
0.00282045, 0.446967
0.0313177, 0.444865
0.0587842, 0.442953
0.0845675, 0.441076
0.107488, 0.438968
0.127822, 0.436529
0.147664, 0.434013
0.169381, 0.43185
0.194077, 0.430354
0.221241, 0.429569
0.249799, 0.429395
0.278718, 0.429681
0.307014, 0.430198
0.333711, 0.43057
0.357995, 0.430232
0.379903, 0.428674
0.400823, 0.425938
0.422629, 0.422629
0.446556, 0.419603
0.47265, 0.417576
0.5, 0.416878
0.52735, 0.417576
0.553444, 0.419603
0.577371, 0.422629
0.599177, 0.425938
0.620097, 0.428674
0.642005, 0.430232
0.666289, 0.43057
0.692986, 0.430198
0.721282, 0.429681
0.750201, 0.429395
0.778759, 0.429569
0.805923, 0.430354
0.830619, 0.43185
0.852336, 0.434013
0.872178, 0.436529
0.892512, 0.438968
0.915433, 0.441076
0.941216, 0.442953
0.968682, 0.444865
0.99718, 0.446967
0.00125157, 0.464645
0.0299048, 0.463248
0.0574878, 0.461977
0.0832829, 0.46072
0.106075, 0.459294
0.126261, 0.457642
0.146116, 0.455954
0.168093, 0.454534
0.19321, 0.453585
0.220821, 0.453123
0.249782, 0.453075
0.278992, 0.453327
0.307349, 0.453694
0.333679, 0.453853
0.357029, 0.453318
0.377759, 0.451744
0.397861, 0.449297
0.419603, 0.446556
0.444244, 0.444244
0.471448, 0.4428
0.5, 0.442319
0.528552, 0.4428
0.555756, 0.444244
0.580397, 0.446556
0.602139, 0.449297
0.622241, 0.451744
0.642971, 0.453318
0.666321, 0.453853
0.692651, 0.453694
0.721008, 0.453327
0.750218, 0.453075
0.779179, 0.453123
0.80679, 0.453585
0.831907, 0.454534
0.853884, 0.455954
0.873739, 0.457642
0.893925, 0.459294
0.916717, 0.46072
0.942512, 0.461977
0.970095, 0.463248
0.998748, 0.464645
0.000312598, 0.482322
0.0290597, 0.481626
0.056712, 0.480991
0.0825113, 0.480361
0.105222, 0.479641
0.125321, 0.478807
0.145193, 0.477961
0.167338, 0.477258
0.192715, 0.476799
0.220598, 0.476587
0.249802, 0.476584
0.279177, 0.476727
0.307533, 0.476913
0.333541, 0.476952
0.356179, 0.476563
0.37611, 0.475587
0.395732, 0.474163
0.417576, 0.47265
0.4428, 0.471448
0.470727, 0.470727
0.5, 0.47049
0.529273, 0.470727
0.5572, 0.471448
0.582424, 0.47265
0.604268, 0.474163
0.62389, 0.475587
0.643821, 0.476563
0.666459, 0.476952
0.692467, 0.476913
0.720823, 0.476727
0.750198, 0.476584
0.779402, 0.476587
0.807285, 0.476799
0.832662, 0.477258
0.854807, 0.477961
0.874679, 0.478807
0.894778, 0.479641
0.917489, 0.480361
0.943288, 0.480991
0.97094, 0.481626
0.999687, 0.482322
0, 0.5
0.0287784, 0.5
0.0564538, 0.5
0.0822539, 0.5
0.104937, 0.5
0.125007, 0.5
0.144886, 0.5
0.167089, 0.5
0.192554, 0.5
0.220529, 0.5
0.249814, 0.5
0.279242, 0.5
0.307589, 0.5
0.33347, 0.5
0.355844, 0.5
0.375495, 0.5
0.394966, 0.5
0.416878, 0.5
0.442319, 0.5
0.47049, 0.5
0.5, 0.5
0.52951, 0.5
0.557681, 0.5
0.583122, 0.5
0.605034, 0.5
0.624505, 0.5
0.644156, 0.5
0.66653, 0.5
0.692411, 0.5
0.720758, 0.5
0.750186, 0.5
0.779471, 0.5
0.807446, 0.5
0.832911, 0.5
0.855114, 0.5
0.874993, 0.5
0.895063, 0.5
0.917746, 0.5
0.943546, 0.5
0.971222, 0.5
1, 0.5
0.000312598, 0.517678
0.0290597, 0.518374
0.056712, 0.519009
0.0825113, 0.519639
0.105222, 0.520359
0.125321, 0.521193
0.145193, 0.522039
0.167338, 0.522742
0.192715, 0.523201
0.220598, 0.523413
0.249802, 0.523416
0.279177, 0.523273
0.307533, 0.523087
0.333541, 0.523048
0.356179, 0.523437
0.37611, 0.524413
0.395732, 0.525837
0.417576, 0.52735
0.4428, 0.528552
0.470727, 0.529273
0.5, 0.52951
0.529273, 0.529273
0.5572, 0.528552
0.582424, 0.52735
0.604268, 0.525837
0.62389, 0.524413
0.643821, 0.523437
0.666459, 0.523048
0.692467, 0.523087
0.720823, 0.523273
0.750198, 0.523416
0.779402, 0.523413
0.807285, 0.523201
0.832662, 0.522742
0.854807, 0.522039
0.874679, 0.521193
0.894778, 0.520359
0.917489, 0.519639
0.943288, 0.519009
0.97094, 0.518374
0.999687, 0.517678
0.00125157, 0.535355
0.0299048, 0.536752
0.0574878, 0.538023
0.0832829, 0.53928
0.106075, 0.540706
0.126261, 0.542358
0.146116, 0.544046
0.168093, 0.545466
0.19321, 0.546415
0.220821, 0.546877
0.249782, 0.546925
0.278992, 0.546673
0.307349, 0.546306
0.333679, 0.546147
0.357029, 0.546682
0.377759, 0.548256
0.397861, 0.550703
0.419603, 0.553444
0.444244, 0.555756
0.471448, 0.5572
0.5, 0.557681
0.528552, 0.5572
0.555756, 0.555756
0.580397, 0.553444
0.602139, 0.550703
0.622241, 0.548256
0.642971, 0.546682
0.666321, 0.546147
0.692651, 0.546306
0.721008, 0.546673
0.750218, 0.546925
0.779179, 0.546877
0.80679, 0.546415
0.831907, 0.545466
0.853884, 0.544046
0.873739, 0.542358
0.893925, 0.540706
0.916717, 0.53928
0.942512, 0.538023
0.970095, 0.536752
0.998748, 0.535355
0.00282045, 0.553033
0.0313177, 0.555135
0.0587842, 0.557047
0.0845675, 0.558924
0.107488, 0.561032
0.127822, 0.563471
0.147664, 0.565987
0.169381, 0.56815
0.194077, 0.569646
0.221241, 0.570431
0.249799, 0.570605
0.278718, 0.570319
0.307014, 0.569802
0.333711, 0.56943
0.357995, 0.569768
0.379903, 0.571326
0.400823, 0.574062
0.422629, 0.577371
0.446556, 0.580397
0.47265, 0.582424
0.5, 0.583122
0.52735, 0.582424
0.553444, 0.580397
0.577371, 0.577371
0.599177, 0.574062
0.620097, 0.571326
0.642005, 0.569768
0.666289, 0.56943
0.692986, 0.569802
0.721282, 0.570319
0.750201, 0.570605
0.778759, 0.570431
0.805923, 0.569646
0.830619, 0.56815
0.852336, 0.565987
0.872178, 0.563471
0.892512, 0.561032
0.915433, 0.558924
0.941216, 0.557047
0.968682, 0.555135
0.99718, 0.553033
0.00502525, 0.570711
0.033305, 0.573527
0.0606064, 0.576086
0.0863631, 0.578574
0.109449, 0.58133
0.129994, 0.584507
0.149846, 0.587827
0.17124, 0.59076
0.195377, 0.59288
0.221933, 0.594094
0.249933, 0.59451
0.27842, 0.594304
0.306533, 0.59372
0.333483, 0.59312
0.358632, 0.593025
0.381825, 0.593991
0.403808, 0.596192
0.425938, 0.599177
0.449297, 0.602139
0.474163, 0.604268
0.5, 0.605034
0.525837, 0.604268
0.550703, 0.602139
0.574062, 0.599177
0.596192, 0.596192
0.618175, 0.593991
0.641368, 0.593025
0.666517, 0.59312
0.693467, 0.59372
0.72158, 0.594304
0.750067, 0.59451
0.778067, 0.594094
0.804623, 0.59288
0.82876, 0.59076
0.850154, 0.587827
0.870006, 0.584507
0.890551, 0.58133
0.913637, 0.578574
0.939394, 0.576086
0.966695, 0.573527
0.994975, 0.570711
0.00787451, 0.588388
0.0358763, 0.591932
0.0629624, 0.595146
0.0886685, 0.598236
0.111943, 0.601598
0.132759, 0.605448
0.152667, 0.609528
0.173718, 0.613248
0.197193, 0.61608
0.222996, 0.617848
0.25029, 0.618652
0.278203, 0.61868
0.305976, 0.61817
0.332966, 0.617443
0.358686, 0.616918
0.382936, 0.617064
0.406009, 0.618175
0.428674, 0.620097
0.451744, 0.622241
0.475587, 0.62389
0.5, 0.624505
0.524413, 0.62389
0.548256, 0.622241
0.571326, 0.620097
0.593991, 0.618175
0.617064, 0.617064
0.641314, 0.616918
0.667034, 0.617443
0.694024, 0.61817
0.721797, 0.61868
0.74971, 0.618652
0.777004, 0.617848
0.802807, 0.61608
0.826282, 0.613248
0.847333, 0.609528
0.867241, 0.605448
0.888057, 0.601598
0.911332, 0.598236
0.937038, 0.595146
0.964124, 0.591932
0.992125, 0.588388
0.0113795, 0.606066
0.0390441, 0.61035
0.0658628, 0.614231
0.0914837, 0.617917
0.114951, 0.62184
0.136093, 0.626285
0.156123, 0.631055
0.176861, 0.635555
0.199617, 0.639175
0.224551, 0.641635
0.25101, 0.642993
0.278209, 0.643434
0.305478, 0.643189
0.332275, 0.642534
0.358206, 0.641794
0.383082, 0.641314
0.406975, 0.641368
0.430232, 0.642005
0.453318, 0.642971
0.476563, 0.643821
0.5, 0.644156
0.523437, 0.643821
0.546682, 0.642971
0.569768, 0.642005
0.593025, 0.641368
0.616918, 0.641314
0.641794, 0.641794
0.667725, 0.642534
0.694522, 0.643189
0.721791, 0.643434
0.74899, 0.642993
0.775449, 0.641635
0.800383, 0.639175
0.823139, 0.635555
0.843877, 0.631055
0.863907, 0.626285
0.885049, 0.62184
0.908516, 0.617917
0.934137, 0.614231
0.960956, 0.61035
0.988621, 0.606066
0.0155544, 0.623744
0.0428242, 0.628786
0.0693218, 0.633347
0.0948117, 0.637626
0.118452, 0.642069
0.139959, 0.647021
0.160197, 0.652383
0.180702, 0.657614
0.202749, 0.662066
0.226739, 0.665346
0.25225, 0.667427
0.278615, 0.668475
0.305233, 0.668709
0.331629, 0.668371
0.357466, 0.667725
0.382557, 0.667034
0.40688, 0.666517
0.43057, 0.666289
0.453853, 0.666321
0.476952, 0.666459
0.5, 0.66653
0.523048, 0.666459
0.546147, 0.666321
0.56943, 0.666289
0.59312, 0.666517
0.617443, 0.667034
0.642534, 0.667725
0.668371, 0.668371
0.694767, 0.668709
0.721385, 0.668475
0.74775, 0.667427
0.773261, 0.665346
0.797251, 0.662066
0.819298, 0.657614
0.839803, 0.652383
0.860041, 0.647021
0.881548, 0.642069
0.905188, 0.637626
0.930678, 0.633347
0.957176, 0.628786
0.984446, 0.623744
0.0204168, 0.641421
0.0472357, 0.647241
0.0733573, 0.652499
0.0986597, 0.657374
0.122427, 0.662303
0.144312, 0.667672
0.164845, 0.673506
0.185242, 0.679366
0.206669, 0.684631
0.229701, 0.688818
0.254187, 0.691778
0.279615, 0.693619
0.305458, 0.694542
0.331291, 0.694767
0.356811, 0.694522
0.38183, 0.694024
0.40628, 0.693467
0.430198, 0.692986
0.453694, 0.692651
0.476913, 0.692467
0.5, 0.692411
0.523087, 0.692467
0.546306, 0.692651
0.569802, 0.692986
0.59372, 0.693467
0.61817, 0.694024
0.643189, 0.694522
0.668709, 0.694767
0.694542, 0.694542
0.720385, 0.693619
0.745813, 0.691778
0.770299, 0.688818
0.793331, 0.684631
0.814758, 0.679366
0.835155, 0.673506
0.855688, 0.667672
0.877573, 0.662303
0.90134, 0.657374
0.926643, 0.652499
0.952764, 0.647241
0.979583, 0.641421
0.0259879, 0.659099
0.0523019, 0.665717
0.0779918, 0.671692
0.103041, 0.677172
0.126864, 0.682567
0.149101, 0.688278
0.170001, 0.694444
0.190441, 0.70078
0.211412, 0.706753
0.233562, 0.711849
0.256998, 0.715793
0.281413, 0.718587
0.306381, 0.720385
0.331525, 0.721385
0.356566, 0.721791
0.38132, 0.721797
0.405696, 0.72158
0.429681, 0.721282
0.453327, 0.721008
0.476727, 0.720823
0.5, 0.720758
0.523273, 0.720823
0.546673, 0.721008
0.570319, 0.721282
0.594304, 0.72158
0.61868, 0.721797
0.643434, 0.721791
0.668475, 0.721385
0.693619, 0.720385
0.718587, 0.718587
0.743002, 0.715793
0.766438, 0.711849
0.788588, 0.706753
0.809559, 0.70078
0.829999, 0.694444
0.850899, 0.688278
0.873136, 0.682567
0.896959, 0.677172
0.922008, 0.671692
0.947698, 0.665717
0.974012, 0.659099
0.0322928, 0.676777
0.0580503, 0.684215
0.083253, 0.69093
0.107976, 0.697033
0.13176, 0.702892
0.154276, 0.708891
0.175574, 0.715258
0.196203, 0.721881
0.216933, 0.728363
0.238385, 0.734241
0.260836, 0.739164
0.284207, 0.743002
0.308222, 0.745813
0.332573, 0.74775
0.357007, 0.74899
0.381348, 0.74971
0.40549, 0.750067
0.429395, 0.750201
0.453075, 0.750218
0.476584, 0.750198
0.5, 0.750186
0.523416, 0.750198
0.546925, 0.750218
0.570605, 0.750201
0.59451, 0.750067
0.618652, 0.74971
0.642993, 0.74899
0.667427, 0.74775
0.691778, 0.745813
0.715793, 0.743002
0.739164, 0.739164
0.761615, 0.734241
0.783067, 0.728363
0.803797, 0.721881
0.824426, 0.715258
0.845724, 0.708891
0.86824, 0.702892
0.892024, 0.697033
0.916747, 0.69093
0.94195, 0.684215
0.967707, 0.676777
0.0393619, 0.694454
0.0645134, 0.702736
0.0891741, 0.710216
0.113493, 0.716965
0.137127, 0.723305
0.159803, 0.729577
0.181464, 0.736051
0.202385, 0.742766
0.223092, 0.749499
0.244105, 0.755895
0.265759, 0.761615
0.288151, 0.766438
0.311182, 0.770299
0.334654, 0.773261
0.358365, 0.775449
0.382152, 0.777004
0.405906, 0.778067
0.429569, 0.778759
0.453123, 0.779179
0.476587, 0.779402
0.5, 0.779471
0.523413, 0.779402
0.546877, 0.779179
0.570431, 0.778759
0.594094, 0.778067
0.617848, 0.777004
0.641635, 0.775449
0.665346, 0.773261
0.688818, 0.770299
0.711849, 0.766438
0.734241, 0.761615
0.755895, 0.755895
0.776908, 0.749499
0.797615, 0.742766
0.818536, 0.736051
0.840197, 0.729577
0.862873, 0.723305
0.886507, 0.716965
0.910826, 0.710216
0.935487, 0.702736
0.960638, 0.694454
0.0472307, 0.712132
0.0717295, 0.721281
0.0957954, 0.729552
0.119633, 0.736978
0.142995, 0.743832
0.165677, 0.750403
0.187586, 0.75695
0.208817, 0.763613
0.229664, 0.770336
0.250501, 0.776908
0.271637, 0.783067
0.293247, 0.788588
0.315369, 0.793331
0.337934, 0.797251
0.360825, 0.800383
0.38392, 0.802807
0.40712, 0.804623
0.430354, 0.805923
0.453585, 0.80679
0.476799, 0.807285
0.5, 0.807446
0.523201, 0.807285
0.546415, 0.80679
0.569646, 0.805923
0.59288, 0.804623
0.61608, 0.802807
0.639175, 0.800383
0.662066, 0.797251
0.684631, 0.793331
0.706753, 0.788588
0.728363, 0.783067
0.749499, 0.776908
0.770336, 0.770336
0.791183, 0.763613
0.812414, 0.75695
0.834323, 0.750403
0.857005, 0.743832
0.880367, 0.736978
0.904205, 0.729552
0.92827, 0.721281
0.952769, 0.712132
0.055942, 0.72981
0.0797437, 0.739849
0.103164, 0.748936
0.126443, 0.757076
0.149412, 0.764492
0.171928, 0.771421
0.193904, 0.778084
0.215349, 0.784651
0.236387, 0.791183
0.257234, 0.797615
0.278119, 0.803797
0.29922, 0.809559
0.320634, 0.814758
0.342386, 0.819298
0.364445, 0.823139
0.386752, 0.826282
0.40924, 0.82876
0.43185, 0.830619
0.454534, 0.831907
0.477258, 0.832662
0.5, 0.832911
0.522742, 0.832662
0.545466, 0.831907
0.56815, 0.830619
0.59076, 0.82876
0.613248, 0.826282
0.635555, 0.823139
0.657614, 0.819298
0.679366, 0.814758
0.70078, 0.809559
0.721881, 0.803797
0.742766, 0.797615
0.763613, 0.791183
0.784651, 0.784651
0.806096, 0.778084
0.828072, 0.771421
0.850588, 0.764492
0.873557, 0.757076
0.896836, 0.748936
0.920256, 0.739849
0.944058, 0.72981
0.0655463, 0.747487
0.088609, 0.758438
0.111337, 0.768367
0.133985, 0.777257
0.156446, 0.785292
0.178623, 0.792664
0.200453, 0.799547
0.221916, 0.806096
0.24305, 0.812414
0.263949, 0.818536
0.284742, 0.824426
0.305556, 0.829999
0.326494, 0.835155
0.347617, 0.839803
0.368945, 0.843877
0.390472, 0.847333
0.412173, 0.850154
0.434013, 0.852336
0.455954, 0.853884
0.477961, 0.854807
0.5, 0.855114
0.522039, 0.854807
0.544046, 0.853884
0.565987, 0.852336
0.587827, 0.850154
0.609528, 0.847333
0.631055, 0.843877
0.652383, 0.839803
0.673506, 0.835155
0.694444, 0.829999
0.715258, 0.824426
0.736051, 0.818536
0.75695, 0.812414
0.778084, 0.806096
0.799547, 0.799547
0.821377, 0.792664
0.843554, 0.785292
0.866015, 0.777257
0.888663, 0.768367
0.911391, 0.758438
0.934454, 0.747487
0.0761044, 0.765165
0.0983885, 0.777048
0.12038, 0.78784
0.142331, 0.797516
0.16418, 0.80623
0.185863, 0.814137
0.207336, 0.821377
0.228579, 0.828072
0.249597, 0.834323
0.270423, 0.840197
0.291109, 0.845724
0.311722, 0.850899
0.332328, 0.855688
0.352979, 0.860041
0.373715, 0.863907
0.394552, 0.867241
0.415493, 0.870006
0.436529, 0.872178
0.457642, 0.873739
0.478807, 0.874679
0.5, 0.874993
0.521193, 0.874679
0.542358, 0.873739
0.563471, 0.872178
0.584507, 0.870006
0.605448, 0.867241
0.626285, 0.863907
0.647021, 0.860041
0.667672, 0.855688
0.688278, 0.850899
0.708891, 0.845724
0.729577, 0.840197
0.750403, 0.834323
0.771421, 0.828072
0.792664, 0.821377
0.814137, 0.814137
0.83582, 0.80623
0.857669, 0.797516
0.87962, 0.78784
0.901612, 0.777048
0.923896, 0.765165
0.0876894, 0.782843
0.109157, 0.795673
0.130371, 0.807346
0.151567, 0.817839
0.172713, 0.827287
0.19377, 0.83582
0.214708, 0.843554
0.235508, 0.850588
0.256168, 0.857005
0.276695, 0.862873
0.297108, 0.86824
0.317433, 0.873136
0.337697, 0.877573
0.357931, 0.881548
0.37816, 0.885049
0.398402, 0.888057
0.41867, 0.890551
0.438968, 0.892512
0.459294, 0.893925
0.479641, 0.894778
0.5, 0.895063
0.520359, 0.894778
0.540706, 0.893925
0.561032, 0.892512
0.58133, 0.890551
0.601598, 0.888057
0.62184, 0.885049
0.642069, 0.881548
0.662303, 0.877573
0.682567, 0.873136
0.702892, 0.86824
0.723305, 0.862873
0.743832, 0.857005
0.764492, 0.850588
0.785292, 0.843554
0.80623, 0.83582
0.827287, 0.827287
0.848433, 0.817839
0.869629, 0.807346
0.890843, 0.795673
0.912311, 0.782843
0.100391, 0.80052
0.121005, 0.81431
0.141403, 0.826875
0.161792, 0.838208
0.182161, 0.848433
0.202484, 0.857669
0.222743, 0.866015
0.242924, 0.873557
0.263022, 0.880367
0.283035, 0.886507
0.302967, 0.892024
0.322828, 0.896959
0.342626, 0.90134
0.362374, 0.905188
0.382083, 0.908516
0.401764, 0.911332
0.421426, 0.913637
0.441076, 0.915433
0.46072, 0.916717
0.480361, 0.917489
0.5, 0.917746
0.519639, 0.917489
0.53928, 0.916717
0.558924, 0.915433
0.578574, 0.913637
0.598236, 0.911332
0.617917, 0.908516
0.637626, 0.905188
0.657374, 0.90134
0.677172, 0.896959
0.697033, 0.892024
0.716965, 0.886507
0.736978, 0.880367
0.757076, 0.873557
0.777257, 0.866015
0.797516, 0.857669
0.817839, 0.848433
0.838208, 0.838208
0.858597, 0.826875
0.878995, 0.81431
0.899609, 0.80052
0.114319, 0.818198
0.134042, 0.832953
0.153588, 0.846412
0.173125, 0.858597
0.192654, 0.869629
0.21216, 0.87962
0.231633, 0.888663
0.251064, 0.896836
0.270448, 0.904205
0.289784, 0.910826
0.30907, 0.916747
0.328308, 0.922008
0.347501, 0.926643
0.366653, 0.930678
0.385769, 0.934137
0.404854, 0.937038
0.423914, 0.939394
0.442953, 0.941216
0.461977, 0.942512
0.480991, 0.943288
0.5, 0.943546
0.519009, 0.943288
0.538023, 0.942512
0.557047, 0.941216
0.576086, 0.939394
0.595146, 0.937038
0.614231, 0.934137
0.633347, 0.930678
0.652499, 0.926643
0.671692, 0.922008
0.69093, 0.916747
0.710216, 0.910826
0.729552, 0.904205
0.748936, 0.896836
0.768367, 0.888663
0.78784, 0.87962
0.807346, 0.869629
0.826875, 0.858597
0.846412, 0.846412
0.865958, 0.832953
0.885681, 0.818198
0.129612, 0.835876
0.148406, 0.851594
0.167047, 0.865958
0.18569, 0.878995
0.204327, 0.890843
0.222952, 0.901612
0.241562, 0.911391
0.260151, 0.920256
0.278719, 0.92827
0.297264, 0.935487
0.315785, 0.94195
0.334283, 0.947698
0.352759, 0.952764
0.371214, 0.957176
0.38965, 0.960956
0.408068, 0.964124
0.426473, 0.966695
0.444865, 0.968682
0.463248, 0.970095
0.481626, 0.97094
0.5, 0.971222
0.518374, 0.97094
0.536752, 0.970095
0.555135, 0.968682
0.573527, 0.966695
0.591932, 0.964124
0.61035, 0.960956
0.628786, 0.957176
0.647241, 0.952764
0.665717, 0.947698
0.684215, 0.94195
0.702736, 0.935487
0.721281, 0.92827
0.739849, 0.920256
0.758438, 0.911391
0.777048, 0.901612
0.795673, 0.890843
0.81431, 0.878995
0.832953, 0.865958
0.851594, 0.851594
0.870388, 0.835876
0.146447, 0.853553
0.164124, 0.870388
0.181802, 0.885681
0.19948, 0.899609
0.217157, 0.912311
0.234835, 0.923896
0.252513, 0.934454
0.27019, 0.944058
0.287868, 0.952769
0.305546, 0.960638
0.323223, 0.967707
0.340901, 0.974012
0.358579, 0.979583
0.376256, 0.984446
0.393934, 0.988621
0.411612, 0.992125
0.429289, 0.994975
0.446967, 0.99718
0.464645, 0.998748
0.482322, 0.999687
0.5, 1
0.517678, 0.999687
0.535355, 0.998748
0.553033, 0.99718
0.570711, 0.994975
0.588388, 0.992125
0.606066, 0.988621
0.623744, 0.984446
0.641421, 0.979583
0.659099, 0.974012
0.676777, 0.967707
0.694454, 0.960638
0.712132, 0.952769
0.72981, 0.944058
0.747487, 0.934454
0.765165, 0.923896
0.782843, 0.912311
0.80052, 0.899609
0.818198, 0.885681
0.835876, 0.870388
0.853553, 0.853553
0.147022, 0.147022
0.165194, 0.131477
0.183367, 0.117358
0.201535, 0.10451
0.219697, 0.0928092
0.237849, 0.0821567
0.25599, 0.0724705
0.274121, 0.063683
0.292241, 0.055738
0.310349, 0.0485882
0.328447, 0.0421939
0.346534, 0.0365214
0.364613, 0.0315424
0.382683, 0.0272331
0.400745, 0.0235736
0.4188, 0.0205477
0.436851, 0.0181421
0.454896, 0.0163467
0.472939, 0.0151538
0.49098, 0.0145586
0.50902, 0.0145586
0.527061, 0.0151538
0.545104, 0.0163467
0.563149, 0.0181421
0.5812, 0.0205477
0.599255, 0.0235736
0.617317, 0.0272331
0.635387, 0.0315424
0.653466, 0.0365214
0.671553, 0.0421939
0.689651, 0.0485882
0.707759, 0.055738
0.725879, 0.063683
0.74401, 0.0724705
0.762151, 0.0821567
0.780303, 0.0928092
0.798465, 0.10451
0.816633, 0.117358
0.834806, 0.131477
0.852978, 0.147022
0.131477, 0.165194
0.150602, 0.150602
0.169695, 0.137353
0.188787, 0.125339
0.207866, 0.114436
0.226925, 0.104545
0.245956, 0.0955821
0.264956, 0.0874777
0.283923, 0.0801731
0.302854, 0.0736183
0.32175, 0.0677712
0.340612, 0.0625957
0.359443, 0.0580617
0.378245, 0.0541438
0.397021, 0.050821
0.415775, 0.0480762
0.434511, 0.0458959
0.453232, 0.0442694
0.471944, 0.0431893
0.490649, 0.0426504
0.509351, 0.0426504
0.528056, 0.0431893
0.546768, 0.0442694
0.565489, 0.0458959
0.584225, 0.0480762
0.602979, 0.050821
0.621755, 0.0541438
0.640557, 0.0580617
0.659388, 0.0625957
0.67825, 0.0677712
0.697146, 0.0736183
0.716077, 0.0801731
0.735044, 0.0874777
0.754044, 0.0955821
0.773075, 0.104545
0.792134, 0.114436
0.811213, 0.125339
0.830305, 0.137353
0.849398, 0.150602
0.868523, 0.165194
0.117358, 0.183367
0.137353, 0.169695
0.157319, 0.157319
0.177278, 0.146134
0.197213, 0.136018
0.217108, 0.126867
0.236949, 0.118594
0.256731, 0.111123
0.276449, 0.104393
0.296103, 0.0983505
0.315695, 0.092952
0.335232, 0.0881621
0.354719, 0.0839528
0.374164, 0.0803023
0.393574, 0.0771943
0.412957, 0.0746173
0.432319, 0.0725629
0.451667, 0.0710258
0.471004, 0.0700026
0.490335, 0.0694914
0.509665, 0.0694914
0.528996, 0.0700026
0.548333, 0.0710258
0.567681, 0.0725629
0.587043, 0.0746173
0.606426, 0.0771943
0.625836, 0.0803023
0.645281, 0.0839528
0.664768, 0.0881621
0.684305, 0.092952
0.703897, 0.0983505
0.723551, 0.104393
0.743269, 0.111123
0.763051, 0.118594
0.782892, 0.126867
0.802787, 0.136018
0.822722, 0.146134
0.842681, 0.157319
0.862647, 0.169695
0.882642, 0.183367
0.10451, 0.201535
0.125339, 0.188787
0.146134, 0.177278
0.16691, 0.16691
0.187636, 0.157553
0.208284, 0.149094
0.228837, 0.141435
0.249283, 0.134492
0.269623, 0.128197
0.289863, 0.122494
0.310015, 0.117342
0.330097, 0.11271
0.350126, 0.108584
0.370121, 0.104955
0.390098, 0.101824
0.410069, 0.0991966
0.430042, 0.0970809
0.450022, 0.0954851
0.470009, 0.0944167
0.490002, 0.0938811
0.509998, 0.0938811
0.529991, 0.0944167
0.549978, 0.0954851
0.569958, 0.0970809
0.589931, 0.0991966
0.609902, 0.101824
0.629879, 0.104955
0.649874, 0.108584
0.669903, 0.11271
0.689985, 0.117342
0.710137, 0.122494
0.730377, 0.128197
0.750717, 0.134492
0.771163, 0.141435
0.791716, 0.149094
0.812364, 0.157553
0.83309, 0.16691
0.853866, 0.177278
0.874661, 0.188787
0.89549, 0.201535
0.0928092, 0.219697
0.114436, 0.207866
0.136018, 0.197213
0.157553, 0.187636
0.178989, 0.178989
0.200283, 0.171141
0.22141, 0.163976
0.242359, 0.157395
0.263141, 0.15132
0.28378, 0.145694
0.304314, 0.140489
0.324786, 0.135699
0.34524, 0.131338
0.365711, 0.127434
0.386225, 0.124019
0.406797, 0.121124
0.42743, 0.118776
0.448119, 0.116997
0.468853, 0.115802
0.489614, 0.115203
0.510386, 0.115203
0.531147, 0.115802
0.551881, 0.116997
0.57257, 0.118776
0.593203, 0.121124
0.613775, 0.124019
0.634289, 0.127434
0.65476, 0.131338
0.675214, 0.135699
0.695686, 0.140489
0.71622, 0.145694
0.736859, 0.15132
0.757641, 0.157395
0.77859, 0.163976
0.799717, 0.171141
0.821011, 0.178989
0.842447, 0.187636
0.863982, 0.197213
0.885564, 0.207866
0.907191, 0.219697
0.0821567, 0.237849
0.104545, 0.226925
0.126867, 0.217108
0.149094, 0.208284
0.171141, 0.200283
0.192944, 0.192944
0.214468, 0.186123
0.235711, 0.179699
0.256709, 0.173591
0.277533, 0.167765
0.298274, 0.162239
0.319022, 0.157066
0.33985, 0.152316
0.360804, 0.148057
0.381905, 0.144344
0.403152, 0.141217
0.424531, 0.138702
0.446016, 0.136811
0.467578, 0.13555
0.489188, 0.13492
0.510812, 0.13492
0.532422, 0.13555
0.553984, 0.136811
0.575469, 0.138702
0.596848, 0.141217
0.618095, 0.144344
0.639196, 0.148057
0.66015, 0.152316
0.680978, 0.157066
0.701726, 0.162239
0.722467, 0.167765
0.743291, 0.173591
0.764289, 0.179699
0.785532, 0.186123
0.807056, 0.192944
0.828859, 0.200283
0.850906, 0.208284
0.873133, 0.217108
0.895455, 0.226925
0.917843, 0.237849
0.0724705, 0.25599
0.0955821, 0.245956
0.118594, 0.236949
0.141435, 0.228837
0.163976, 0.22141
0.186123, 0.214468
0.207832, 0.207832
0.229131, 0.20137
0.250127, 0.195036
0.270986, 0.188875
0.291875, 0.183
0.312929, 0.17754
0.334222, 0.17261
0.355778, 0.16829
0.377581, 0.164621
0.399591, 0.161614
0.42176, 0.159255
0.444043, 0.15752
0.466399, 0.156382
0.488795, 0.155818
0.511205, 0.155818
0.533601, 0.156382
0.555957, 0.15752
0.57824, 0.159255
0.600409, 0.161614
0.622419, 0.164621
0.644222, 0.16829
0.665778, 0.17261
0.687071, 0.17754
0.708125, 0.183
0.729014, 0.188875
0.749873, 0.195036
0.770869, 0.20137
0.792168, 0.207832
0.813877, 0.214468
0.836024, 0.22141
0.858565, 0.228837
0.881406, 0.236949
0.904418, 0.245956
0.92753, 0.25599
0.063683, 0.274121
0.0874777, 0.264956
0.111123, 0.256731
0.134492, 0.249283
0.157395, 0.242359
0.179699, 0.235711
0.20137, 0.229131
0.222522, 0.222522
0.243404, 0.215943
0.264309, 0.209572
0.28547, 0.203622
0.307018, 0.198275
0.328977, 0.193643
0.3513, 0.189768
0.373901, 0.186627
0.396689, 0.184165
0.419589, 0.182308
0.442544, 0.180987
0.465523, 0.180142
0.488507, 0.17973
0.511493, 0.17973
0.534477, 0.180142
0.557456, 0.180987
0.580411, 0.182308
0.603311, 0.184165
0.626099, 0.186627
0.6487, 0.189768
0.671023, 0.193643
0.692982, 0.198275
0.71453, 0.203622
0.735691, 0.209572
0.756596, 0.215943
0.777478, 0.222522
0.79863, 0.229131
0.820301, 0.235711
0.842605, 0.242359
0.865508, 0.249283
0.888877, 0.256731
0.912522, 0.264956
0.936317, 0.274121
0.055738, 0.292241
0.0801731, 0.283923
0.104393, 0.276449
0.128197, 0.269623
0.15132, 0.263141
0.173591, 0.256709
0.195036, 0.250127
0.215943, 0.243404
0.236759, 0.236759
0.25789, 0.230504
0.279578, 0.224918
0.301874, 0.220171
0.32469, 0.216308
0.347871, 0.213276
0.371261, 0.210971
0.394736, 0.209275
0.41821, 0.208072
0.44164, 0.207263
0.465014, 0.206768
0.488343, 0.206535
0.511657, 0.206535
0.534986, 0.206768
0.55836, 0.207263
0.58179, 0.208072
0.605264, 0.209275
0.628739, 0.210971
0.652129, 0.213276
0.67531, 0.216308
0.698126, 0.220171
0.720422, 0.224918
0.74211, 0.230504
0.763241, 0.236759
0.784057, 0.243404
0.804964, 0.250127
0.826409, 0.256709
0.84868, 0.263141
0.871803, 0.269623
0.895607, 0.276449
0.919827, 0.283923
0.944262, 0.292241
0.0485882, 0.310349
0.0736183, 0.302854
0.0983505, 0.296103
0.122494, 0.289863
0.145694, 0.28378
0.167765, 0.277533
0.188875, 0.270986
0.209572, 0.264309
0.230504, 0.25789
0.252135, 0.252135
0.27462, 0.247312
0.297854, 0.243501
0.321599, 0.240636
0.345612, 0.238579
0.369693, 0.237171
0.393708, 0.236259
0.41758, 0.235706
0.441285, 0.235396
0.464839, 0.235239
0.488292, 0.235176
0.511708, 0.235176
0.535161, 0.235239
0.558715, 0.235396
0.58242, 0.235706
0.606292, 0.236259
0.630307, 0.237171
0.654388, 0.238579
0.678401, 0.240636
0.702146, 0.243501
0.72538, 0.247312
0.747865, 0.252135
0.769496, 0.25789
0.790428, 0.264309
0.811125, 0.270986
0.832235, 0.277533
0.854306, 0.28378
0.877506, 0.289863
0.901649, 0.296103
0.926382, 0.302854
0.951412, 0.310349
0.0421939, 0.328447
0.0677712, 0.32175
0.092952, 0.315695
0.117342, 0.310015
0.140489, 0.304314
0.162239, 0.298274
0.183, 0.291875
0.203622, 0.28547
0.224918, 0.279578
0.247312, 0.27462
0.270774, 0.270774
0.295004, 0.267996
0.319647, 0.266133
0.344402, 0.265002
0.369051, 0.264417
0.393458, 0.264206
0.417563, 0.264216
0.441368, 0.264325
0.464928, 0.264444
0.488328, 0.264517
0.511672, 0.264517
0.535072, 0.264444
0.558632, 0.264325
0.582437, 0.264216
0.606542, 0.264206
0.630949, 0.264417
0.655598, 0.265002
0.680353, 0.266133
0.704996, 0.267996
0.729226, 0.270774
0.752688, 0.27462
0.775082, 0.279578
0.796378, 0.28547
0.817, 0.291875
0.837761, 0.298274
0.859511, 0.304314
0.882658, 0.310015
0.907048, 0.315695
0.932229, 0.32175
0.957806, 0.328447
0.0365214, 0.346534
0.0625957, 0.340612
0.0881621, 0.335232
0.11271, 0.330097
0.135699, 0.324786
0.157066, 0.319022
0.17754, 0.312929
0.198275, 0.307018
0.220171, 0.301874
0.243501, 0.297854
0.267996, 0.295004
0.29319, 0.29319
0.318651, 0.292217
0.344041, 0.291877
0.369129, 0.291965
0.393782, 0.292288
0.417968, 0.292686
0.44173, 0.293044
0.46517, 0.293299
0.488412, 0.293428
0.511588, 0.293428
0.53483, 0.293299
0.55827, 0.293044
0.582032, 0.292686
0.606218, 0.292288
0.630871, 0.291965
0.655959, 0.291877
0.681349, 0.292217
0.70681, 0.29319
0.732004, 0.295004
0.756499, 0.297854
0.779829, 0.301874
0.801725, 0.307018
0.82246, 0.312929
0.842934, 0.319022
0.864301, 0.324786
0.88729, 0.330097
0.911838, 0.335232
0.937404, 0.340612
0.963479, 0.346534
0.0315424, 0.364613
0.0580617, 0.359443
0.0839528, 0.354719
0.108584, 0.350126
0.131338, 0.34524
0.152316, 0.33985
0.17261, 0.334222
0.193643, 0.328977
0.216308, 0.32469
0.240636, 0.321599
0.266133, 0.319647
0.292217, 0.318651
0.318397, 0.318397
0.344298, 0.318653
0.369672, 0.319184
0.394403, 0.319771
0.418506, 0.320247
0.442104, 0.320535
0.465373, 0.320652
0.488474, 0.320678
0.511526, 0.320678
0.534627, 0.320652
0.557896, 0.320535
0.581494, 0.320247
0.605597, 0.319771
0.630328, 0.319184
0.655702, 0.318653
0.681603, 0.318397
0.707783, 0.318651
0.733867, 0.319647
0.759364, 0.321599
0.783692, 0.32469
0.806357, 0.328977
0.82739, 0.334222
0.847684, 0.33985
0.868662, 0.34524
0.891416, 0.350126
0.916047, 0.354719
0.941938, 0.359443
0.968458, 0.364613
0.0272331, 0.382683
0.0541438, 0.378245
0.0803023, 0.374164
0.104955, 0.370121
0.127434, 0.365711
0.148057, 0.360804
0.16829, 0.355778
0.189768, 0.3513
0.213276, 0.347871
0.238579, 0.345612
0.265002, 0.344402
0.291877, 0.344041
0.318653, 0.344298
0.344905, 0.344905
0.37036, 0.345574
0.394928, 0.34603
0.418732, 0.3461
0.442058, 0.345797
0.465218, 0.345332
0.488396, 0.345
0.511604, 0.345
0.534782, 0.345332
0.557942, 0.345797
0.581268, 0.3461
0.605072, 0.34603
0.62964, 0.345574
0.655095, 0.344905
0.681347, 0.344298
0.708123, 0.344041
0.734998, 0.344402
0.761421, 0.345612
0.786724, 0.347871
0.810232, 0.3513
0.83171, 0.355778
0.851943, 0.360804
0.872566, 0.365711
0.895045, 0.370121
0.919698, 0.374164
0.945856, 0.378245
0.972767, 0.382683
0.0235736, 0.400745
0.050821, 0.397021
0.0771943, 0.393574
0.101824, 0.390098
0.124019, 0.386225
0.144344, 0.381905
0.164621, 0.377581
0.186627, 0.373901
0.210971, 0.371261
0.237171, 0.369693
0.264417, 0.369051
0.291965, 0.369129
0.319184, 0.369672
0.345574, 0.37036
0.370811, 0.370811
0.394861, 0.370661
0.418075, 0.369755
0.441065, 0.368318
0.464347, 0.36688
0.488052, 0.365995
0.511948, 0.365995
0.535653, 0.36688
0.558935, 0.368318
0.581925, 0.369755
0.605139, 0.370661
0.629189, 0.370811
0.654426, 0.37036
0.680816, 0.369672
0.708035, 0.369129
0.735583, 0.369051
0.762829, 0.369693
0.789029, 0.371261
0.813373, 0.373901
0.835379, 0.377581
0.855656, 0.381905
0.875981, 0.386225
0.898176, 0.390098
0.922806, 0.393574
0.949179, 0.397021
0.976426, 0.400745
0.0205477, 0.4188
0.0480762, 0.415775
0.0746173, 0.412957
0.0991966, 0.410069
0.121124, 0.406797
0.141217, 0.403152
0.161614, 0.399591
0.184165, 0.396689
0.209275, 0.394736
0.236259, 0.393708
0.264206, 0.393458
0.292288, 0.393782
0.319771, 0.394403
0.34603, 0.394928
0.370661, 0.394861
0.393766, 0.393766
0.416149, 0.391631
0.438893, 0.389
0.462662, 0.386666
0.487422, 0.385313
0.512578, 0.385313
0.537338, 0.386666
0.561107, 0.389
0.583851, 0.391631
0.606234, 0.393766
0.629339, 0.394861
0.65397, 0.394928
0.680229, 0.394403
0.707712, 0.393782
0.735794, 0.393458
0.763741, 0.393708
0.790725, 0.394736
0.815835, 0.396689
0.838386, 0.399591
0.858783, 0.403152
0.878876, 0.406797
0.900803, 0.410069
0.925383, 0.412957
0.951924, 0.415775
0.979452, 0.4188
0.0181421, 0.436851
0.0458959, 0.434511
0.0725629, 0.432319
0.0970809, 0.430042
0.118776, 0.42743
0.138702, 0.424531
0.159255, 0.42176
0.182308, 0.419589
0.208072, 0.41821
0.235706, 0.41758
0.264216, 0.417563
0.292686, 0.417968
0.320247, 0.418506
0.3461, 0.418732
0.369755, 0.418075
0.391631, 0.416149
0.413181, 0.413181
0.43592, 0.409937
0.460521, 0.407282
0.486651, 0.405825
0.513349, 0.405825
0.539479, 0.407282
0.56408, 0.409937
0.586819, 0.413181
0.608369, 0.416149
0.630245, 0.418075
0.6539, 0.418732
0.679753, 0.418506
0.707314, 0.417968
0.735784, 0.417563
0.764294, 0.41758
0.791928, 0.41821
0.817692, 0.419589
0.840745, 0.42176
0.861298, 0.424531
0.881224, 0.42743
0.902919, 0.430042
0.927437, 0.432319
0.954104, 0.434511
0.981858, 0.436851
0.0163467, 0.454896
0.0442694, 0.453232
0.0710258, 0.451667
0.0954851, 0.450022
0.116997, 0.448119
0.136811, 0.446016
0.15752, 0.444043
0.180987, 0.442544
0.207263, 0.44164
0.235396, 0.441285
0.264325, 0.441368
0.293044, 0.44173
0.320535, 0.442104
0.345797, 0.442058
0.368318, 0.441065
0.389, 0.438893
0.409937, 0.43592
0.432946, 0.432946
0.45853, 0.430703
0.485963, 0.429543
0.514037, 0.429543
0.54147, 0.430703
0.567054, 0.432946
0.590063, 0.43592
0.611, 0.438893
0.631682, 0.441065
0.654203, 0.442058
0.679465, 0.442104
0.706956, 0.44173
0.735675, 0.441368
0.764604, 0.441285
0.792737, 0.44164
0.819013, 0.442544
0.84248, 0.444043
0.863189, 0.446016
0.883003, 0.448119
0.904515, 0.450022
0.928974, 0.451667
0.955731, 0.453232
0.983653, 0.454896
0.0151538, 0.472939
0.0431893, 0.471944
0.0700026, 0.471004
0.0944167, 0.470009
0.115802, 0.468853
0.13555, 0.467578
0.156382, 0.466399
0.180142, 0.465523
0.206768, 0.465014
0.235239, 0.464839
0.264444, 0.464928
0.293299, 0.46517
0.320652, 0.465373
0.345332, 0.465218
0.36688, 0.464347
0.386666, 0.462662
0.407282, 0.460521
0.430703, 0.45853
0.457124, 0.457124
0.485493, 0.456423
0.514507, 0.456423
0.542876, 0.457124
0.569297, 0.45853
0.592718, 0.460521
0.613334, 0.462662
0.63312, 0.464347
0.654668, 0.465218
0.679348, 0.465373
0.706701, 0.46517
0.735556, 0.464928
0.764761, 0.464839
0.793232, 0.465014
0.819858, 0.465523
0.843618, 0.466399
0.86445, 0.467578
0.884198, 0.468853
0.905583, 0.470009
0.929997, 0.471004
0.956811, 0.471944
0.984846, 0.472939
0.0145586, 0.49098
0.0426504, 0.490649
0.0694914, 0.490335
0.0938811, 0.490002
0.115203, 0.489614
0.13492, 0.489188
0.155818, 0.488795
0.17973, 0.488507
0.206535, 0.488343
0.235176, 0.488292
0.264517, 0.488328
0.293428, 0.488412
0.320678, 0.488474
0.345, 0.488396
0.365995, 0.488052
0.385313, 0.487422
0.405825, 0.486651
0.429543, 0.485963
0.456423, 0.485493
0.485262, 0.485262
0.514738, 0.485262
0.543577, 0.485493
0.570457, 0.485963
0.594175, 0.486651
0.614687, 0.487422
0.634005, 0.488052
0.655, 0.488396
0.679322, 0.488474
0.706572, 0.488412
0.735483, 0.488328
0.764824, 0.488292
0.793465, 0.488343
0.82027, 0.488507
0.844182, 0.488795
0.86508, 0.489188
0.884797, 0.489614
0.906119, 0.490002
0.930509, 0.490335
0.95735, 0.490649
0.985441, 0.49098
0.0145586, 0.50902
0.0426504, 0.509351
0.0694914, 0.509665
0.0938811, 0.509998
0.115203, 0.510386
0.13492, 0.510812
0.155818, 0.511205
0.17973, 0.511493
0.206535, 0.511657
0.235176, 0.511708
0.264517, 0.511672
0.293428, 0.511588
0.320678, 0.511526
0.345, 0.511604
0.365995, 0.511948
0.385313, 0.512578
0.405825, 0.513349
0.429543, 0.514037
0.456423, 0.514507
0.485262, 0.514738
0.514738, 0.514738
0.543577, 0.514507
0.570457, 0.514037
0.594175, 0.513349
0.614687, 0.512578
0.634005, 0.511948
0.655, 0.511604
0.679322, 0.511526
0.706572, 0.511588
0.735483, 0.511672
0.764824, 0.511708
0.793465, 0.511657
0.82027, 0.511493
0.844182, 0.511205
0.86508, 0.510812
0.884797, 0.510386
0.906119, 0.509998
0.930509, 0.509665
0.95735, 0.509351
0.985441, 0.50902
0.0151538, 0.527061
0.0431893, 0.528056
0.0700026, 0.528996
0.0944167, 0.529991
0.115802, 0.531147
0.13555, 0.532422
0.156382, 0.533601
0.180142, 0.534477
0.206768, 0.534986
0.235239, 0.535161
0.264444, 0.535072
0.293299, 0.53483
0.320652, 0.534627
0.345332, 0.534782
0.36688, 0.535653
0.386666, 0.537338
0.407282, 0.539479
0.430703, 0.54147
0.457124, 0.542876
0.485493, 0.543577
0.514507, 0.543577
0.542876, 0.542876
0.569297, 0.54147
0.592718, 0.539479
0.613334, 0.537338
0.63312, 0.535653
0.654668, 0.534782
0.679348, 0.534627
0.706701, 0.53483
0.735556, 0.535072
0.764761, 0.535161
0.793232, 0.534986
0.819858, 0.534477
0.843618, 0.533601
0.86445, 0.532422
0.884198, 0.531147
0.905583, 0.529991
0.929997, 0.528996
0.956811, 0.528056
0.984846, 0.527061
0.0163467, 0.545104
0.0442694, 0.546768
0.0710258, 0.548333
0.0954851, 0.549978
0.116997, 0.551881
0.136811, 0.553984
0.15752, 0.555957
0.180987, 0.557456
0.207263, 0.55836
0.235396, 0.558715
0.264325, 0.558632
0.293044, 0.55827
0.320535, 0.557896
0.345797, 0.557942
0.368318, 0.558935
0.389, 0.561107
0.409937, 0.56408
0.432946, 0.567054
0.45853, 0.569297
0.485963, 0.570457
0.514037, 0.570457
0.54147, 0.569297
0.567054, 0.567054
0.590063, 0.56408
0.611, 0.561107
0.631682, 0.558935
0.654203, 0.557942
0.679465, 0.557896
0.706956, 0.55827
0.735675, 0.558632
0.764604, 0.558715
0.792737, 0.55836
0.819013, 0.557456
0.84248, 0.555957
0.863189, 0.553984
0.883003, 0.551881
0.904515, 0.549978
0.928974, 0.548333
0.955731, 0.546768
0.983653, 0.545104
0.0181421, 0.563149
0.0458959, 0.565489
0.0725629, 0.567681
0.0970809, 0.569958
0.118776, 0.57257
0.138702, 0.575469
0.159255, 0.57824
0.182308, 0.580411
0.208072, 0.58179
0.235706, 0.58242
0.264216, 0.582437
0.292686, 0.582032
0.320247, 0.581494
0.3461, 0.581268
0.369755, 0.581925
0.391631, 0.583851
0.413181, 0.586819
0.43592, 0.590063
0.460521, 0.592718
0.486651, 0.594175
0.513349, 0.594175
0.539479, 0.592718
0.56408, 0.590063
0.586819, 0.586819
0.608369, 0.583851
0.630245, 0.581925
0.6539, 0.581268
0.679753, 0.581494
0.707314, 0.582032
0.735784, 0.582437
0.764294, 0.58242
0.791928, 0.58179
0.817692, 0.580411
0.840745, 0.57824
0.861298, 0.575469
0.881224, 0.57257
0.902919, 0.569958
0.927437, 0.567681
0.954104, 0.565489
0.981858, 0.563149
0.0205477, 0.5812
0.0480762, 0.584225
0.0746173, 0.587043
0.0991966, 0.589931
0.121124, 0.593203
0.141217, 0.596848
0.161614, 0.600409
0.184165, 0.603311
0.209275, 0.605264
0.236259, 0.606292
0.264206, 0.606542
0.292288, 0.606218
0.319771, 0.605597
0.34603, 0.605072
0.370661, 0.605139
0.393766, 0.606234
0.416149, 0.608369
0.438893, 0.611
0.462662, 0.613334
0.487422, 0.614687
0.512578, 0.614687
0.537338, 0.613334
0.561107, 0.611
0.583851, 0.608369
0.606234, 0.606234
0.629339, 0.605139
0.65397, 0.605072
0.680229, 0.605597
0.707712, 0.606218
0.735794, 0.606542
0.763741, 0.606292
0.790725, 0.605264
0.815835, 0.603311
0.838386, 0.600409
0.858783, 0.596848
0.878876, 0.593203
0.900803, 0.589931
0.925383, 0.587043
0.951924, 0.584225
0.979452, 0.5812
0.0235736, 0.599255
0.050821, 0.602979
0.0771943, 0.606426
0.101824, 0.609902
0.124019, 0.613775
0.144344, 0.618095
0.164621, 0.622419
0.186627, 0.626099
0.210971, 0.628739
0.237171, 0.630307
0.264417, 0.630949
0.291965, 0.630871
0.319184, 0.630328
0.345574, 0.62964
0.370811, 0.629189
0.394861, 0.629339
0.418075, 0.630245
0.441065, 0.631682
0.464347, 0.63312
0.488052, 0.634005
0.511948, 0.634005
0.535653, 0.63312
0.558935, 0.631682
0.581925, 0.630245
0.605139, 0.629339
0.629189, 0.629189
0.654426, 0.62964
0.680816, 0.630328
0.708035, 0.630871
0.735583, 0.630949
0.762829, 0.630307
0.789029, 0.628739
0.813373, 0.626099
0.835379, 0.622419
0.855656, 0.618095
0.875981, 0.613775
0.898176, 0.609902
0.922806, 0.606426
0.949179, 0.602979
0.976426, 0.599255
0.0272331, 0.617317
0.0541438, 0.621755
0.0803023, 0.625836
0.104955, 0.629879
0.127434, 0.634289
0.148057, 0.639196
0.16829, 0.644222
0.189768, 0.6487
0.213276, 0.652129
0.238579, 0.654388
0.265002, 0.655598
0.291877, 0.655959
0.318653, 0.655702
0.344905, 0.655095
0.37036, 0.654426
0.394928, 0.65397
0.418732, 0.6539
0.442058, 0.654203
0.465218, 0.654668
0.488396, 0.655
0.511604, 0.655
0.534782, 0.654668
0.557942, 0.654203
0.581268, 0.6539
0.605072, 0.65397
0.62964, 0.654426
0.655095, 0.655095
0.681347, 0.655702
0.708123, 0.655959
0.734998, 0.655598
0.761421, 0.654388
0.786724, 0.652129
0.810232, 0.6487
0.83171, 0.644222
0.851943, 0.639196
0.872566, 0.634289
0.895045, 0.629879
0.919698, 0.625836
0.945856, 0.621755
0.972767, 0.617317
0.0315424, 0.635387
0.0580617, 0.640557
0.0839528, 0.645281
0.108584, 0.649874
0.131338, 0.65476
0.152316, 0.66015
0.17261, 0.665778
0.193643, 0.671023
0.216308, 0.67531
0.240636, 0.678401
0.266133, 0.680353
0.292217, 0.681349
0.318397, 0.681603
0.344298, 0.681347
0.369672, 0.680816
0.394403, 0.680229
0.418506, 0.679753
0.442104, 0.679465
0.465373, 0.679348
0.488474, 0.679322
0.511526, 0.679322
0.534627, 0.679348
0.557896, 0.679465
0.581494, 0.679753
0.605597, 0.680229
0.630328, 0.680816
0.655702, 0.681347
0.681603, 0.681603
0.707783, 0.681349
0.733867, 0.680353
0.759364, 0.678401
0.783692, 0.67531
0.806357, 0.671023
0.82739, 0.665778
0.847684, 0.66015
0.868662, 0.65476
0.891416, 0.649874
0.916047, 0.645281
0.941938, 0.640557
0.968458, 0.635387
0.0365214, 0.653466
0.0625957, 0.659388
0.0881621, 0.664768
0.11271, 0.669903
0.135699, 0.675214
0.157066, 0.680978
0.17754, 0.687071
0.198275, 0.692982
0.220171, 0.698126
0.243501, 0.702146
0.267996, 0.704996
0.29319, 0.70681
0.318651, 0.707783
0.344041, 0.708123
0.369129, 0.708035
0.393782, 0.707712
0.417968, 0.707314
0.44173, 0.706956
0.46517, 0.706701
0.488412, 0.706572
0.511588, 0.706572
0.53483, 0.706701
0.55827, 0.706956
0.582032, 0.707314
0.606218, 0.707712
0.630871, 0.708035
0.655959, 0.708123
0.681349, 0.707783
0.70681, 0.70681
0.732004, 0.704996
0.756499, 0.702146
0.779829, 0.698126
0.801725, 0.692982
0.82246, 0.687071
0.842934, 0.680978
0.864301, 0.675214
0.88729, 0.669903
0.911838, 0.664768
0.937404, 0.659388
0.963479, 0.653466
0.0421939, 0.671553
0.0677712, 0.67825
0.092952, 0.684305
0.117342, 0.689985
0.140489, 0.695686
0.162239, 0.701726
0.183, 0.708125
0.203622, 0.71453
0.224918, 0.720422
0.247312, 0.72538
0.270774, 0.729226
0.295004, 0.732004
0.319647, 0.733867
0.344402, 0.734998
0.369051, 0.735583
0.393458, 0.735794
0.417563, 0.735784
0.441368, 0.735675
0.464928, 0.735556
0.488328, 0.735483
0.511672, 0.735483
0.535072, 0.735556
0.558632, 0.735675
0.582437, 0.735784
0.606542, 0.735794
0.630949, 0.735583
0.655598, 0.734998
0.680353, 0.733867
0.704996, 0.732004
0.729226, 0.729226
0.752688, 0.72538
0.775082, 0.720422
0.796378, 0.71453
0.817, 0.708125
0.837761, 0.701726
0.859511, 0.695686
0.882658, 0.689985
0.907048, 0.684305
0.932229, 0.67825
0.957806, 0.671553
0.0485882, 0.689651
0.0736183, 0.697146
0.0983505, 0.703897
0.122494, 0.710137
0.145694, 0.71622
0.167765, 0.722467
0.188875, 0.729014
0.209572, 0.735691
0.230504, 0.74211
0.252135, 0.747865
0.27462, 0.752688
0.297854, 0.756499
0.321599, 0.759364
0.345612, 0.761421
0.369693, 0.762829
0.393708, 0.763741
0.41758, 0.764294
0.441285, 0.764604
0.464839, 0.764761
0.488292, 0.764824
0.511708, 0.764824
0.535161, 0.764761
0.558715, 0.764604
0.58242, 0.764294
0.606292, 0.763741
0.630307, 0.762829
0.654388, 0.761421
0.678401, 0.759364
0.702146, 0.756499
0.72538, 0.752688
0.747865, 0.747865
0.769496, 0.74211
0.790428, 0.735691
0.811125, 0.729014
0.832235, 0.722467
0.854306, 0.71622
0.877506, 0.710137
0.901649, 0.703897
0.926382, 0.697146
0.951412, 0.689651
0.055738, 0.707759
0.0801731, 0.716077
0.104393, 0.723551
0.128197, 0.730377
0.15132, 0.736859
0.173591, 0.743291
0.195036, 0.749873
0.215943, 0.756596
0.236759, 0.763241
0.25789, 0.769496
0.279578, 0.775082
0.301874, 0.779829
0.32469, 0.783692
0.347871, 0.786724
0.371261, 0.789029
0.394736, 0.790725
0.41821, 0.791928
0.44164, 0.792737
0.465014, 0.793232
0.488343, 0.793465
0.511657, 0.793465
0.534986, 0.793232
0.55836, 0.792737
0.58179, 0.791928
0.605264, 0.790725
0.628739, 0.789029
0.652129, 0.786724
0.67531, 0.783692
0.698126, 0.779829
0.720422, 0.775082
0.74211, 0.769496
0.763241, 0.763241
0.784057, 0.756596
0.804964, 0.749873
0.826409, 0.743291
0.84868, 0.736859
0.871803, 0.730377
0.895607, 0.723551
0.919827, 0.716077
0.944262, 0.707759
0.063683, 0.725879
0.0874777, 0.735044
0.111123, 0.743269
0.134492, 0.750717
0.157395, 0.757641
0.179699, 0.764289
0.20137, 0.770869
0.222522, 0.777478
0.243404, 0.784057
0.264309, 0.790428
0.28547, 0.796378
0.307018, 0.801725
0.328977, 0.806357
0.3513, 0.810232
0.373901, 0.813373
0.396689, 0.815835
0.419589, 0.817692
0.442544, 0.819013
0.465523, 0.819858
0.488507, 0.82027
0.511493, 0.82027
0.534477, 0.819858
0.557456, 0.819013
0.580411, 0.817692
0.603311, 0.815835
0.626099, 0.813373
0.6487, 0.810232
0.671023, 0.806357
0.692982, 0.801725
0.71453, 0.796378
0.735691, 0.790428
0.756596, 0.784057
0.777478, 0.777478
0.79863, 0.770869
0.820301, 0.764289
0.842605, 0.757641
0.865508, 0.750717
0.888877, 0.743269
0.912522, 0.735044
0.936317, 0.725879
0.0724705, 0.74401
0.0955821, 0.754044
0.118594, 0.763051
0.141435, 0.771163
0.163976, 0.77859
0.186123, 0.785532
0.207832, 0.792168
0.229131, 0.79863
0.250127, 0.804964
0.270986, 0.811125
0.291875, 0.817
0.312929, 0.82246
0.334222, 0.82739
0.355778, 0.83171
0.377581, 0.835379
0.399591, 0.838386
0.42176, 0.840745
0.444043, 0.84248
0.466399, 0.843618
0.488795, 0.844182
0.511205, 0.844182
0.533601, 0.843618
0.555957, 0.84248
0.57824, 0.840745
0.600409, 0.838386
0.622419, 0.835379
0.644222, 0.83171
0.665778, 0.82739
0.687071, 0.82246
0.708125, 0.817
0.729014, 0.811125
0.749873, 0.804964
0.770869, 0.79863
0.792168, 0.792168
0.813877, 0.785532
0.836024, 0.77859
0.858565, 0.771163
0.881406, 0.763051
0.904418, 0.754044
0.92753, 0.74401
0.0821567, 0.762151
0.104545, 0.773075
0.126867, 0.782892
0.149094, 0.791716
0.171141, 0.799717
0.192944, 0.807056
0.214468, 0.813877
0.235711, 0.820301
0.256709, 0.826409
0.277533, 0.832235
0.298274, 0.837761
0.319022, 0.842934
0.33985, 0.847684
0.360804, 0.851943
0.381905, 0.855656
0.403152, 0.858783
0.424531, 0.861298
0.446016, 0.863189
0.467578, 0.86445
0.489188, 0.86508
0.510812, 0.86508
0.532422, 0.86445
0.553984, 0.863189
0.575469, 0.861298
0.596848, 0.858783
0.618095, 0.855656
0.639196, 0.851943
0.66015, 0.847684
0.680978, 0.842934
0.701726, 0.837761
0.722467, 0.832235
0.743291, 0.826409
0.764289, 0.820301
0.785532, 0.813877
0.807056, 0.807056
0.828859, 0.799717
0.850906, 0.791716
0.873133, 0.782892
0.895455, 0.773075
0.917843, 0.762151
0.0928092, 0.780303
0.114436, 0.792134
0.136018, 0.802787
0.157553, 0.812364
0.178989, 0.821011
0.200283, 0.828859
0.22141, 0.836024
0.242359, 0.842605
0.263141, 0.84868
0.28378, 0.854306
0.304314, 0.859511
0.324786, 0.864301
0.34524, 0.868662
0.365711, 0.872566
0.386225, 0.875981
0.406797, 0.878876
0.42743, 0.881224
0.448119, 0.883003
0.468853, 0.884198
0.489614, 0.884797
0.510386, 0.884797
0.531147, 0.884198
0.551881, 0.883003
0.57257, 0.881224
0.593203, 0.878876
0.613775, 0.875981
0.634289, 0.872566
0.65476, 0.868662
0.675214, 0.864301
0.695686, 0.859511
0.71622, 0.854306
0.736859, 0.84868
0.757641, 0.842605
0.77859, 0.836024
0.799717, 0.828859
0.821011, 0.821011
0.842447, 0.812364
0.863982, 0.802787
0.885564, 0.792134
0.907191, 0.780303
0.10451, 0.798465
0.125339, 0.811213
0.146134, 0.822722
0.16691, 0.83309
0.187636, 0.842447
0.208284, 0.850906
0.228837, 0.858565
0.249283, 0.865508
0.269623, 0.871803
0.289863, 0.877506
0.310015, 0.882658
0.330097, 0.88729
0.350126, 0.891416
0.370121, 0.895045
0.390098, 0.898176
0.410069, 0.900803
0.430042, 0.902919
0.450022, 0.904515
0.470009, 0.905583
0.490002, 0.906119
0.509998, 0.906119
0.529991, 0.905583
0.549978, 0.904515
0.569958, 0.902919
0.589931, 0.900803
0.609902, 0.898176
0.629879, 0.895045
0.649874, 0.891416
0.669903, 0.88729
0.689985, 0.882658
0.710137, 0.877506
0.730377, 0.871803
0.750717, 0.865508
0.771163, 0.858565
0.791716, 0.850906
0.812364, 0.842447
0.83309, 0.83309
0.853866, 0.822722
0.874661, 0.811213
0.89549, 0.798465
0.117358, 0.816633
0.137353, 0.830305
0.157319, 0.842681
0.177278, 0.853866
0.197213, 0.863982
0.217108, 0.873133
0.236949, 0.881406
0.256731, 0.888877
0.276449, 0.895607
0.296103, 0.901649
0.315695, 0.907048
0.335232, 0.911838
0.354719, 0.916047
0.374164, 0.919698
0.393574, 0.922806
0.412957, 0.925383
0.432319, 0.927437
0.451667, 0.928974
0.471004, 0.929997
0.490335, 0.930509
0.509665, 0.930509
0.528996, 0.929997
0.548333, 0.928974
0.567681, 0.927437
0.587043, 0.925383
0.606426, 0.922806
0.625836, 0.919698
0.645281, 0.916047
0.664768, 0.911838
0.684305, 0.907048
0.703897, 0.901649
0.723551, 0.895607
0.743269, 0.888877
0.763051, 0.881406
0.782892, 0.873133
0.802787, 0.863982
0.822722, 0.853866
0.842681, 0.842681
0.862647, 0.830305
0.882642, 0.816633
0.131477, 0.834806
0.150602, 0.849398
0.169695, 0.862647
0.188787, 0.874661
0.207866, 0.885564
0.226925, 0.895455
0.245956, 0.904418
0.264956, 0.912522
0.283923, 0.919827
0.302854, 0.926382
0.32175, 0.932229
0.340612, 0.937404
0.359443, 0.941938
0.378245, 0.945856
0.397021, 0.949179
0.415775, 0.951924
0.434511, 0.954104
0.453232, 0.955731
0.471944, 0.956811
0.490649, 0.95735
0.509351, 0.95735
0.528056, 0.956811
0.546768, 0.955731
0.565489, 0.954104
0.584225, 0.951924
0.602979, 0.949179
0.621755, 0.945856
0.640557, 0.941938
0.659388, 0.937404
0.67825, 0.932229
0.697146, 0.926382
0.716077, 0.919827
0.735044, 0.912522
0.754044, 0.904418
0.773075, 0.895455
0.792134, 0.885564
0.811213, 0.874661
0.830305, 0.862647
0.849398, 0.849398
0.868523, 0.834806
0.147022, 0.852978
0.165194, 0.868523
0.183367, 0.882642
0.201535, 0.89549
0.219697, 0.907191
0.237849, 0.917843
0.25599, 0.92753
0.274121, 0.936317
0.292241, 0.944262
0.310349, 0.951412
0.328447, 0.957806
0.346534, 0.963479
0.364613, 0.968458
0.382683, 0.972767
0.400745, 0.976426
0.4188, 0.979452
0.436851, 0.981858
0.454896, 0.983653
0.472939, 0.984846
0.49098, 0.985441
0.50902, 0.985441
0.527061, 0.984846
0.545104, 0.983653
0.563149, 0.981858
0.5812, 0.979452
0.599255, 0.976426
0.617317, 0.972767
0.635387, 0.968458
0.653466, 0.963479
0.671553, 0.957806
0.689651, 0.951412
0.707759, 0.944262
0.725879, 0.936317
0.74401, 0.92753
0.762151, 0.917843
0.780303, 0.907191
0.798465, 0.89549
0.816633, 0.882642
0.834806, 0.868523
0.852978, 0.852978
