0.146447, 0.146447
0.164124, 0.129612
0.181802, 0.114319
0.19948, 0.100391
0.217157, 0.0876894
0.234835, 0.0761044
0.252513, 0.0655463
0.27019, 0.055942
0.287868, 0.0472307
0.305546, 0.0393619
0.323223, 0.0322928
0.340901, 0.0259879
0.358579, 0.0204168
0.376256, 0.0155544
0.393934, 0.0113795
0.411612, 0.00787451
0.429289, 0.00502525
0.446967, 0.00282045
0.464645, 0.00125157
0.482322, 0.000312598
0.5, 0
0.517678, 0.000312598
0.535355, 0.00125157
0.553033, 0.00282045
0.570711, 0.00502525
0.588388, 0.00787451
0.606066, 0.0113795
0.623744, 0.0155544
0.641421, 0.0204168
0.659099, 0.0259879
0.676777, 0.0322928
0.694454, 0.0393619
0.712132, 0.0472307
0.72981, 0.055942
0.747487, 0.0655463
0.765165, 0.0761044
0.782843, 0.0876894
0.80052, 0.100391
0.818198, 0.114319
0.835876, 0.129612
0.853553, 0.146447
0.129612, 0.164124
0.148429, 0.148429
0.167077, 0.134075
0.185725, 0.121048
0.204368, 0.109212
0.222998, 0.0984558
0.24161, 0.0886887
0.260202, 0.079836
0.278772, 0.0718344
0.297317, 0.0646307
0.315838, 0.0581796
0.334334, 0.0524427
0.352807, 0.0473873
0.371258, 0.0429855
0.389689, 0.0392143
0.408103, 0.0360541
0.426501, 0.0334892
0.444887, 0.0315069
0.463263, 0.0300977
0.481633, 0.0292548
0.5, 0.0289743
0.518367, 0.0292548
0.536737, 0.0300977
0.555113, 0.0315069
0.573499, 0.0334892
0.591897, 0.0360541
0.610311, 0.0392143
0.628742, 0.0429855
0.647193, 0.0473873
0.665666, 0.0524427
0.684162, 0.0581796
0.702683, 0.0646307
0.721228, 0.0718344
0.739798, 0.079836
0.75839, 0.0886887
0.777002, 0.0984558
0.795632, 0.109212
0.814275, 0.121048
0.832923, 0.134075
0.851571, 0.148429
0.870388, 0.164124
0.114319, 0.181802
0.134075, 0.167077
0.153637, 0.153637
0.173186, 0.141471
0.192725, 0.130458
0.212241, 0.120488
0.231721, 0.111467
0.251158, 0.103317
0.270546, 0.0959697
0.289882, 0.0893697
0.309167, 0.0834688
0.328402, 0.0782266
0.34759, 0.0736094
0.366735, 0.0695894
0.385842, 0.0661439
0.404917, 0.0632549
0.423965, 0.0609082
0.442992, 0.0590932
0.462003, 0.0578019
0.481004, 0.0570292
0.5, 0.056772
0.518996, 0.0570292
0.537997, 0.0578019
0.557008, 0.0590932
0.576035, 0.0609082
0.595083, 0.0632549
0.614158, 0.0661439
0.633265, 0.0695894
0.65241, 0.0736094
0.671598, 0.0782266
0.690833, 0.0834688
0.710118, 0.0893697
0.729454, 0.0959697
0.748842, 0.103317
0.768279, 0.111467
0.787759, 0.120488
0.807275, 0.130458
0.826814, 0.141471
0.846363, 0.153637
0.865925, 0.167077
0.885681, 0.181802
0.100391, 0.19948
0.121048, 0.185725
0.141471, 0.173186
0.161878, 0.161878
0.182264, 0.15168
0.202602, 0.142473
0.222872, 0.134157
0.243061, 0.126643
0.263162, 0.11986
0.283174, 0.113744
0.303103, 0.108248
0.322956, 0.103331
0.342744, 0.0989636
0.36248, 0.0951262
0.382175, 0.0918058
0.401842, 0.0889956
0.421489, 0.0866933
0.441123, 0.0848993
0.460752, 0.0836156
0.480376, 0.0828442
0.5, 0.0825869
0.519624, 0.0828442
0.539248, 0.0836156
0.558877, 0.0848993
0.578511, 0.0866933
0.598158, 0.0889956
0.617825, 0.0918058
0.63752, 0.0951262
0.657256, 0.0989636
0.677044, 0.103331
0.696897, 0.108248
0.716826, 0.113744
0.736838, 0.11986
0.756939, 0.126643
0.777128, 0.134157
0.797398, 0.142473
0.817736, 0.15168
0.838122, 0.161878
0.858529, 0.173186
0.878952, 0.185725
0.899609, 0.19948
0.0876894, 0.217157
0.109212, 0.204368
0.130458, 0.192725
0.15168, 0.182264
0.17285, 0.17285
0.193926, 0.164351
0.214875, 0.156649
0.235681, 0.149643
0.25634, 0.143248
0.27686, 0.137396
0.297261, 0.132037
0.317569, 0.127142
0.337815, 0.122701
0.358031, 0.118717
0.378241, 0.115204
0.398466, 0.112184
0.418719, 0.109678
0.439002, 0.107706
0.459316, 0.106285
0.479652, 0.105427
0.5, 0.10514
0.520348, 0.105427
0.540684, 0.106285
0.560998, 0.107706
0.581281, 0.109678
0.601534, 0.112184
0.621759, 0.115204
0.641969, 0.118717
0.662185, 0.122701
0.682431, 0.127142
0.702739, 0.132037
0.72314, 0.137396
0.74366, 0.143248
0.764319, 0.149643
0.785125, 0.156649
0.806074, 0.164351
0.82715, 0.17285
0.84832, 0.182264
0.869542, 0.192725
0.890788, 0.204368
0.912311, 0.217157
0.0761044, 0.234835
0.0984558, 0.222998
0.120488, 0.212241
0.142473, 0.202602
0.164351, 0.193926
0.186053, 0.186053
0.207535, 0.178842
0.228775, 0.172165
0.24978, 0.165921
0.270583, 0.160041
0.291243, 0.154496
0.311828, 0.149295
0.332406, 0.144476
0.353034, 0.140091
0.37375, 0.136193
0.394573, 0.132831
0.415504, 0.130041
0.436534, 0.127849
0.457643, 0.126274
0.478807, 0.125325
0.5, 0.125008
0.521193, 0.125325
0.542357, 0.126274
0.563466, 0.127849
0.584496, 0.130041
0.605427, 0.132831
0.62625, 0.136193
0.646966, 0.140091
0.667594, 0.144476
0.688172, 0.149295
0.708757, 0.154496
0.729417, 0.160041
0.75022, 0.165921
0.771225, 0.172165
0.792465, 0.178842
0.813947, 0.186053
0.835649, 0.193926
0.857527, 0.202602
0.879512, 0.212241
0.901544, 0.222998
0.923896, 0.234835
0.0655463, 0.252513
0.0886887, 0.24161
0.111467, 0.231721
0.134157, 0.222872
0.156649, 0.214875
0.178842, 0.207535
0.200669, 0.200669
0.222113, 0.194121
0.243213, 0.187785
0.264071, 0.181628
0.284822, 0.175693
0.305598, 0.17007
0.326505, 0.164864
0.347603, 0.160168
0.368916, 0.15605
0.390436, 0.152554
0.412136, 0.1497
0.43398, 0.147493
0.45593, 0.145926
0.477948, 0.144991
0.5, 0.14468
0.522052, 0.144991
0.54407, 0.145926
0.56602, 0.147493
0.587864, 0.1497
0.609564, 0.152554
0.631084, 0.15605
0.652397, 0.160168
0.673495, 0.164864
0.694402, 0.17007
0.715178, 0.175693
0.735929, 0.181628
0.756787, 0.187785
0.777887, 0.194121
0.799331, 0.200669
0.821158, 0.207535
0.843351, 0.214875
0.865843, 0.222872
0.888533, 0.231721
0.911311, 0.24161
0.934454, 0.252513
0.055942, 0.27019
0.079836, 0.260202
0.103317, 0.251158
0.126643, 0.243061
0.149643, 0.235681
0.172165, 0.228775
0.194121, 0.222113
0.215522, 0.215522
0.236503, 0.208945
0.257291, 0.202455
0.278123, 0.196209
0.299181, 0.190381
0.320563, 0.18512
0.342296, 0.180521
0.364347, 0.17663
0.386656, 0.173445
0.409155, 0.170935
0.431782, 0.169053
0.454486, 0.167751
0.477234, 0.166987
0.5, 0.166735
0.522766, 0.166987
0.545514, 0.167751
0.568218, 0.169053
0.590845, 0.170935
0.613344, 0.173445
0.635653, 0.17663
0.657704, 0.180521
0.679437, 0.18512
0.700819, 0.190381
0.721877, 0.196209
0.742709, 0.202455
0.763497, 0.208945
0.784478, 0.215522
0.805879, 0.222113
0.827835, 0.228775
0.850357, 0.235681
0.873357, 0.243061
0.896683, 0.251158
0.920164, 0.260202
0.944058, 0.27019
0.0472307, 0.287868
0.0718344, 0.278772
0.0959697, 0.270546
0.11986, 0.263162
0.143248, 0.25634
0.165921, 0.24978
0.187785, 0.243213
0.208945, 0.236503
0.229715, 0.229715
0.250479, 0.223069
0.271555, 0.216833
0.293122, 0.211238
0.315217, 0.20643
0.337774, 0.202458
0.360673, 0.19929
0.383786, 0.196843
0.40701, 0.195017
0.430271, 0.193714
0.45353, 0.192847
0.476772, 0.192354
0.5, 0.192194
0.523228, 0.192354
0.54647, 0.192847
0.569729, 0.193714
0.59299, 0.195017
0.616214, 0.196843
0.639327, 0.19929
0.662226, 0.202458
0.684783, 0.20643
0.706878, 0.211238
0.728445, 0.216833
0.749521, 0.223069
0.770285, 0.229715
0.791055, 0.236503
0.812215, 0.243213
0.834079, 0.24978
0.856752, 0.25634
0.88014, 0.263162
0.90403, 0.270546
0.928166, 0.278772
0.952769, 0.287868
0.0393619, 0.305546
0.0646307, 0.297317
0.0893697, 0.289882
0.113744, 0.283174
0.137396, 0.27686
0.160041, 0.270583
0.181628, 0.264071
0.202455, 0.257291
0.223069, 0.250479
0.244, 0.244
0.265592, 0.2382
0.28795, 0.233309
0.310973, 0.229402
0.33446, 0.226417
0.358199, 0.224228
0.38202, 0.222685
0.405809, 0.221644
0.429502, 0.220975
0.453082, 0.220575
0.476568, 0.220366
0.5, 0.220302
0.523432, 0.220366
0.546918, 0.220575
0.570498, 0.220975
0.594191, 0.221644
0.61798, 0.222685
0.641801, 0.224228
0.66554, 0.226417
0.689027, 0.229402
0.71205, 0.233309
0.734408, 0.2382
0.756, 0.244
0.776931, 0.250479
0.797545, 0.257291
0.818372, 0.264071
0.839959, 0.270583
0.862604, 0.27686
0.886256, 0.283174
0.91063, 0.289882
0.935369, 0.297317
0.960638, 0.305546
0.0322928, 0.323223
0.0581796, 0.315838
0.0834688, 0.309167
0.108248, 0.303103
0.132037, 0.297261
0.154496, 0.291243
0.175693, 0.284822
0.196209, 0.278123
0.216833, 0.271555
0.2382, 0.265592
0.260599, 0.260599
0.28396, 0.256719
0.307997, 0.253898
0.33239, 0.251979
0.356873, 0.250775
0.38126, 0.250104
0.40544, 0.249798
0.42937, 0.249711
0.453066, 0.249731
0.476581, 0.249776
0.5, 0.249796
0.523419, 0.249776
0.546934, 0.249731
0.57063, 0.249711
0.59456, 0.249798
0.61874, 0.250104
0.643127, 0.250775
0.66761, 0.251979
0.692003, 0.253898
0.71604, 0.256719
0.739401, 0.260599
0.7618, 0.265592
0.783167, 0.271555
0.803791, 0.278123
0.824307, 0.284822
0.845504, 0.291243
0.867963, 0.297261
0.891752, 0.303103
0.916531, 0.309167
0.94182, 0.315838
0.967707, 0.323223
0.0259879, 0.340901
0.0524427, 0.334334
0.0782266, 0.328402
0.103331, 0.322956
0.127142, 0.317569
0.149295, 0.311828
0.17007, 0.305598
0.190381, 0.299181
0.211238, 0.293122
0.233309, 0.28795
0.256719, 0.28396
0.281158, 0.281158
0.306182, 0.279389
0.331394, 0.278444
0.356501, 0.278108
0.381308, 0.278178
0.405717, 0.278469
0.429717, 0.27883
0.453361, 0.279151
0.476747, 0.279366
0.5, 0.279441
0.523253, 0.279366
0.546639, 0.279151
0.570283, 0.27883
0.594283, 0.278469
0.618692, 0.278178
0.643499, 0.278108
0.668606, 0.278444
0.693818, 0.279389
0.718842, 0.281158
0.743281, 0.28396
0.766691, 0.28795
0.788762, 0.293122
0.809619, 0.299181
0.82993, 0.305598
0.850705, 0.311828
0.872858, 0.317569
0.896669, 0.322956
0.921773, 0.328402
0.947557, 0.334334
0.974012, 0.340901
0.0204168, 0.358579
0.0473873, 0.352807
0.0736094, 0.34759
0.0989636, 0.342744
0.122701, 0.337815
0.144476, 0.332406
0.164864, 0.326505
0.18512, 0.320563
0.20643, 0.315217
0.229402, 0.310973
0.253898, 0.307997
0.279389, 0.306182
0.30532, 0.30532
0.331244, 0.305177
0.356839, 0.305517
0.38191, 0.306107
0.406384, 0.306747
0.430299, 0.307292
0.453772, 0.307671
0.476955, 0.30788
0.5, 0.307944
0.523045, 0.30788
0.546228, 0.307671
0.569701, 0.307292
0.593616, 0.306747
0.61809, 0.306107
0.643161, 0.305517
0.668756, 0.305177
0.69468, 0.30532
0.720611, 0.306182
0.746102, 0.307997
0.770598, 0.310973
0.79357, 0.315217
0.81488, 0.320563
0.835136, 0.326505
0.855524, 0.332406
0.877299, 0.337815
0.901036, 0.342744
0.926391, 0.34759
0.952613, 0.352807
0.979583, 0.358579
0.0155544, 0.376256
0.0429855, 0.371258
0.0695894, 0.366735
0.0951262, 0.36248
0.118717, 0.358031
0.140091, 0.353034
0.160168, 0.347603
0.180521, 0.342296
0.202458, 0.337774
0.226417, 0.33446
0.251979, 0.33239
0.278444, 0.331394
0.305177, 0.331244
0.331681, 0.331681
0.357597, 0.332429
0.38273, 0.333211
0.407056, 0.333797
0.430719, 0.334065
0.453957, 0.334051
0.477004, 0.333917
0.5, 0.333846
0.522996, 0.333917
0.546043, 0.334051
0.569281, 0.334065
0.592944, 0.333797
0.61727, 0.333211
0.642403, 0.332429
0.668319, 0.331681
0.694823, 0.331244
0.721556, 0.331394
0.748021, 0.33239
0.773583, 0.33446
0.797542, 0.337774
0.819479, 0.342296
0.839832, 0.347603
0.859909, 0.353034
0.881283, 0.358031
0.904874, 0.36248
0.930411, 0.366735
0.957014, 0.371258
0.984446, 0.376256
0.0113795, 0.393934
0.0392143, 0.389689
0.0661439, 0.385842
0.0918058, 0.382175
0.115204, 0.378241
0.136193, 0.37375
0.15605, 0.368916
0.17663, 0.364347
0.19929, 0.360673
0.224228, 0.358199
0.250775, 0.356873
0.278108, 0.356501
0.305517, 0.356839
0.332429, 0.357597
0.358432, 0.358432
0.383323, 0.358977
0.407185, 0.35895
0.430384, 0.358303
0.45341, 0.357309
0.476605, 0.356433
0.5, 0.356087
0.523395, 0.356433
0.54659, 0.357309
0.569616, 0.358303
0.592815, 0.35895
0.616677, 0.358977
0.641568, 0.358432
0.667571, 0.357597
0.694483, 0.356839
0.721892, 0.356501
0.749225, 0.356873
0.775772, 0.358199
0.80071, 0.360673
0.82337, 0.364347
0.84395, 0.368916
0.863807, 0.37375
0.884796, 0.378241
0.908194, 0.382175
0.933856, 0.385842
0.960786, 0.389689
0.988621, 0.393934
0.00787451, 0.411612
0.0360541, 0.408103
0.0632549, 0.404917
0.0889956, 0.401842
0.112184, 0.398466
0.132831, 0.394573
0.152554, 0.390436
0.173445, 0.386656
0.196843, 0.383786
0.222685, 0.38202
0.250104, 0.38126
0.278178, 0.381308
0.306107, 0.38191
0.333211, 0.38273
0.358977, 0.383323
0.3832, 0.3832
0.406197, 0.38206
0.428779, 0.380079
0.451787, 0.37787
0.475599, 0.376171
0.5, 0.375537
0.524401, 0.376171
0.548213, 0.37787
0.571221, 0.380079
0.593803, 0.38206
0.6168, 0.3832
0.641023, 0.383323
0.666789, 0.38273
0.693893, 0.38191
0.721822, 0.381308
0.749896, 0.38126
0.777315, 0.38202
0.803157, 0.383786
0.826555, 0.386656
0.847446, 0.390436
0.867169, 0.394573
0.887816, 0.398466
0.911004, 0.401842
0.936745, 0.404917
0.963946, 0.408103
0.992125, 0.411612
0.00502525, 0.429289
0.0334892, 0.426501
0.0609082, 0.423965
0.0866933, 0.421489
0.109678, 0.418719
0.130041, 0.415504
0.1497, 0.412136
0.170935, 0.409155
0.195017, 0.40701
0.221644, 0.405809
0.249798, 0.40544
0.278469, 0.405717
0.306747, 0.406384
0.333797, 0.407056
0.35895, 0.407185
0.38206, 0.406197
0.403928, 0.403928
0.42596, 0.400853
0.449265, 0.397799
0.474127, 0.395596
0.5, 0.394801
0.525873, 0.395596
0.550735, 0.397799
0.57404, 0.400853
0.596072, 0.403928
0.61794, 0.406197
0.64105, 0.407185
0.666203, 0.407056
0.693253, 0.406384
0.721531, 0.405717
0.750202, 0.40544
0.778356, 0.405809
0.804983, 0.40701
0.829065, 0.409155
0.8503, 0.412136
0.869959, 0.415504
0.890322, 0.418719
0.913307, 0.421489
0.939092, 0.423965
0.966511, 0.426501
0.994975, 0.429289
0.00282045, 0.446967
0.0315069, 0.444887
0.0590932, 0.442992
0.0848993, 0.441123
0.107706, 0.439002
0.127849, 0.436534
0.147493, 0.43398
0.169053, 0.431782
0.193714, 0.430271
0.220975, 0.429502
0.249711, 0.42937
0.27883, 0.429717
0.307292, 0.430299
0.334065, 0.430719
0.358303, 0.430384
0.380079, 0.428779
0.400853, 0.42596
0.422544, 0.422544
0.44642, 0.419401
0.472551, 0.417284
0.5, 0.416551
0.527449, 0.417284
0.55358, 0.419401
0.577456, 0.422544
0.599147, 0.42596
0.619921, 0.428779
0.641697, 0.430384
0.665935, 0.430719
0.692708, 0.430299
0.72117, 0.429717
0.750289, 0.42937
0.779025, 0.429502
0.806286, 0.430271
0.830947, 0.431782
0.852507, 0.43398
0.872151, 0.436534
0.892294, 0.439002
0.915101, 0.441123
0.940907, 0.442992
0.968493, 0.444887
0.99718, 0.446967
0.00125157, 0.464645
0.0300977, 0.463263
0.0578019, 0.462003
0.0836156, 0.460752
0.106285, 0.459316
0.126274, 0.457643
0.145926, 0.45593
0.167751, 0.454486
0.192847, 0.45353
0.220575, 0.453082
0.249731, 0.453066
0.279151, 0.453361
0.307671, 0.453772
0.334051, 0.453957
0.357309, 0.45341
0.37787, 0.451787
0.397799, 0.449265
0.419401, 0.44642
0.444001, 0.444001
0.471288, 0.442481
0.5, 0.441973
0.528712, 0.442481
0.555999, 0.444001
0.580599, 0.44642
0.602201, 0.449265
0.62213, 0.451787
0.642691, 0.45341
0.665949, 0.453957
0.692329, 0.453772
0.720849, 0.453361
0.750269, 0.453066
0.779425, 0.453082
0.807153, 0.45353
0.832249, 0.454486
0.854074, 0.45593
0.873726, 0.457643
0.893715, 0.459316
0.916384, 0.460752
0.942198, 0.462003
0.969902, 0.463263
0.998748, 0.464645
0.000312598, 0.482322
0.0292548, 0.481633
0.0570292, 0.481004
0.0828442, 0.480376
0.105427, 0.479652
0.125325, 0.478807
0.144991, 0.477948
0.166987, 0.477234
0.192354, 0.476772
0.220366, 0.476568
0.249776, 0.476581
0.279366, 0.476747
0.30788, 0.476955
0.333917, 0.477004
0.356433, 0.476605
0.376171, 0.475599
0.395596, 0.474127
0.417284, 0.472551
0.442481, 0.471288
0.470527, 0.470527
0.5, 0.470277
0.529473, 0.470527
0.557519, 0.471288
0.582716, 0.472551
0.604404, 0.474127
0.623829, 0.475599
0.643567, 0.476605
0.666083, 0.477004
0.69212, 0.476955
0.720634, 0.476747
0.750224, 0.476581
0.779634, 0.476568
0.807646, 0.476772
0.833013, 0.477234
0.855009, 0.477948
0.874675, 0.478807
0.894573, 0.479652
0.917156, 0.480376
0.942971, 0.481004
0.970745, 0.481633
0.999687, 0.482322
0, 0.5
0.0289743, 0.5
0.056772, 0.5
0.0825869, 0.5
0.10514, 0.5
0.125008, 0.5
0.14468, 0.5
0.166735, 0.5
0.192194, 0.5
0.220302, 0.5
0.249796, 0.5
0.279441, 0.5
0.307944, 0.5
0.333846, 0.5
0.356087, 0.5
0.375537, 0.5
0.394801, 0.5
0.416551, 0.5
0.441973, 0.5
0.470277, 0.5
0.5, 0.5
0.529723, 0.5
0.558027, 0.5
0.583449, 0.5
0.605199, 0.5
0.624463, 0.5
0.643913, 0.5
0.666154, 0.5
0.692056, 0.5
0.720559, 0.5
0.750204, 0.5
0.779698, 0.5
0.807806, 0.5
0.833265, 0.5
0.85532, 0.5
0.874992, 0.5
0.89486, 0.5
0.917413, 0.5
0.943228, 0.5
0.971026, 0.5
1, 0.5
0.000312598, 0.517678
0.0292548, 0.518367
0.0570292, 0.518996
0.0828442, 0.519624
0.105427, 0.520348
0.125325, 0.521193
0.144991, 0.522052
0.166987, 0.522766
0.192354, 0.523228
0.220366, 0.523432
0.249776, 0.523419
0.279366, 0.523253
0.30788, 0.523045
0.333917, 0.522996
0.356433, 0.523395
0.376171, 0.524401
0.395596, 0.525873
0.417284, 0.527449
0.442481, 0.528712
0.470527, 0.529473
0.5, 0.529723
0.529473, 0.529473
0.557519, 0.528712
0.582716, 0.527449
0.604404, 0.525873
0.623829, 0.524401
0.643567, 0.523395
0.666083, 0.522996
0.69212, 0.523045
0.720634, 0.523253
0.750224, 0.523419
0.779634, 0.523432
0.807646, 0.523228
0.833013, 0.522766
0.855009, 0.522052
0.874675, 0.521193
0.894573, 0.520348
0.917156, 0.519624
0.942971, 0.518996
0.970745, 0.518367
0.999687, 0.517678
0.00125157, 0.535355
0.0300977, 0.536737
0.0578019, 0.537997
0.0836156, 0.539248
0.106285, 0.540684
0.126274, 0.542357
0.145926, 0.54407
0.167751, 0.545514
0.192847, 0.54647
0.220575, 0.546918
0.249731, 0.546934
0.279151, 0.546639
0.307671, 0.546228
0.334051, 0.546043
0.357309, 0.54659
0.37787, 0.548213
0.397799, 0.550735
0.419401, 0.55358
0.444001, 0.555999
0.471288, 0.557519
0.5, 0.558027
0.528712, 0.557519
0.555999, 0.555999
0.580599, 0.55358
0.602201, 0.550735
0.62213, 0.548213
0.642691, 0.54659
0.665949, 0.546043
0.692329, 0.546228
0.720849, 0.546639
0.750269, 0.546934
0.779425, 0.546918
0.807153, 0.54647
0.832249, 0.545514
0.854074, 0.54407
0.873726, 0.542357
0.893715, 0.540684
0.916384, 0.539248
0.942198, 0.537997
0.969902, 0.536737
0.998748, 0.535355
0.00282045, 0.553033
0.0315069, 0.555113
0.0590932, 0.557008
0.0848993, 0.558877
0.107706, 0.560998
0.127849, 0.563466
0.147493, 0.56602
0.169053, 0.568218
0.193714, 0.569729
0.220975, 0.570498
0.249711, 0.57063
0.27883, 0.570283
0.307292, 0.569701
0.334065, 0.569281
0.358303, 0.569616
0.380079, 0.571221
0.400853, 0.57404
0.422544, 0.577456
0.44642, 0.580599
0.472551, 0.582716
0.5, 0.583449
0.527449, 0.582716
0.55358, 0.580599
0.577456, 0.577456
0.599147, 0.57404
0.619921, 0.571221
0.641697, 0.569616
0.665935, 0.569281
0.692708, 0.569701
0.72117, 0.570283
0.750289, 0.57063
0.779025, 0.570498
0.806286, 0.569729
0.830947, 0.568218
0.852507, 0.56602
0.872151, 0.563466
0.892294, 0.560998
0.915101, 0.558877
0.940907, 0.557008
0.968493, 0.555113
0.99718, 0.553033
0.00502525, 0.570711
0.0334892, 0.573499
0.0609082, 0.576035
0.0866933, 0.578511
0.109678, 0.581281
0.130041, 0.584496
0.1497, 0.587864
0.170935, 0.590845
0.195017, 0.59299
0.221644, 0.594191
0.249798, 0.59456
0.278469, 0.594283
0.306747, 0.593616
0.333797, 0.592944
0.35895, 0.592815
0.38206, 0.593803
0.403928, 0.596072
0.42596, 0.599147
0.449265, 0.602201
0.474127, 0.604404
0.5, 0.605199
0.525873, 0.604404
0.550735, 0.602201
0.57404, 0.599147
0.596072, 0.596072
0.61794, 0.593803
0.64105, 0.592815
0.666203, 0.592944
0.693253, 0.593616
0.721531, 0.594283
0.750202, 0.59456
0.778356, 0.594191
0.804983, 0.59299
0.829065, 0.590845
0.8503, 0.587864
0.869959, 0.584496
0.890322, 0.581281
0.913307, 0.578511
0.939092, 0.576035
0.966511, 0.573499
0.994975, 0.570711
0.00787451, 0.588388
0.0360541, 0.591897
0.0632549, 0.595083
0.0889956, 0.598158
0.112184, 0.601534
0.132831, 0.605427
0.152554, 0.609564
0.173445, 0.613344
0.196843, 0.616214
0.222685, 0.61798
0.250104, 0.61874
0.278178, 0.618692
0.306107, 0.61809
0.333211, 0.61727
0.358977, 0.616677
0.3832, 0.6168
0.406197, 0.61794
0.428779, 0.619921
0.451787, 0.62213
0.475599, 0.623829
0.5, 0.624463
0.524401, 0.623829
0.548213, 0.62213
0.571221, 0.619921
0.593803, 0.61794
0.6168, 0.6168
0.641023, 0.616677
0.666789, 0.61727
0.693893, 0.61809
0.721822, 0.618692
0.749896, 0.61874
0.777315, 0.61798
0.803157, 0.616214
0.826555, 0.613344
0.847446, 0.609564
0.867169, 0.605427
0.887816, 0.601534
0.911004, 0.598158
0.936745, 0.595083
0.963946, 0.591897
0.992125, 0.588388
0.0113795, 0.606066
0.0392143, 0.610311
0.0661439, 0.614158
0.0918058, 0.617825
0.115204, 0.621759
0.136193, 0.62625
0.15605, 0.631084
0.17663, 0.635653
0.19929, 0.639327
0.224228, 0.641801
0.250775, 0.643127
0.278108, 0.643499
0.305517, 0.643161
0.332429, 0.642403
0.358432, 0.641568
0.383323, 0.641023
0.407185, 0.64105
0.430384, 0.641697
0.45341, 0.642691
0.476605, 0.643567
0.5, 0.643913
0.523395, 0.643567
0.54659, 0.642691
0.569616, 0.641697
0.592815, 0.64105
0.616677, 0.641023
0.641568, 0.641568
0.667571, 0.642403
0.694483, 0.643161
0.721892, 0.643499
0.749225, 0.643127
0.775772, 0.641801
0.80071, 0.639327
0.82337, 0.635653
0.84395, 0.631084
0.863807, 0.62625
0.884796, 0.621759
0.908194, 0.617825
0.933856, 0.614158
0.960786, 0.610311
0.988621, 0.606066
0.0155544, 0.623744
0.0429855, 0.628742
0.0695894, 0.633265
0.0951262, 0.63752
0.118717, 0.641969
0.140091, 0.646966
0.160168, 0.652397
0.180521, 0.657704
0.202458, 0.662226
0.226417, 0.66554
0.251979, 0.66761
0.278444, 0.668606
0.305177, 0.668756
0.331681, 0.668319
0.357597, 0.667571
0.38273, 0.666789
0.407056, 0.666203
0.430719, 0.665935
0.453957, 0.665949
0.477004, 0.666083
0.5, 0.666154
0.522996, 0.666083
0.546043, 0.665949
0.569281, 0.665935
0.592944, 0.666203
0.61727, 0.666789
0.642403, 0.667571
0.668319, 0.668319
0.694823, 0.668756
0.721556, 0.668606
0.748021, 0.66761
0.773583, 0.66554
0.797542, 0.662226
0.819479, 0.657704
0.839832, 0.652397
0.859909, 0.646966
0.881283, 0.641969
0.904874, 0.63752
0.930411, 0.633265
0.957014, 0.628742
0.984446, 0.623744
0.0204168, 0.641421
0.0473873, 0.647193
0.0736094, 0.65241
0.0989636, 0.657256
0.122701, 0.662185
0.144476, 0.667594
0.164864, 0.673495
0.18512, 0.679437
0.20643, 0.684783
0.229402, 0.689027
0.253898, 0.692003
0.279389, 0.693818
0.30532, 0.69468
0.331244, 0.694823
0.356839, 0.694483
0.38191, 0.693893
0.406384, 0.693253
0.430299, 0.692708
0.453772, 0.692329
0.476955, 0.69212
0.5, 0.692056
0.523045, 0.69212
0.546228, 0.692329
0.569701, 0.692708
0.593616, 0.693253
0.61809, 0.693893
0.643161, 0.694483
0.668756, 0.694823
0.69468, 0.69468
0.720611, 0.693818
0.746102, 0.692003
0.770598, 0.689027
0.79357, 0.684783
0.81488, 0.679437
0.835136, 0.673495
0.855524, 0.667594
0.877299, 0.662185
0.901036, 0.657256
0.926391, 0.65241
0.952613, 0.647193
0.979583, 0.641421
0.0259879, 0.659099
0.0524427, 0.665666
0.0782266, 0.671598
0.103331, 0.677044
0.127142, 0.682431
0.149295, 0.688172
0.17007, 0.694402
0.190381, 0.700819
0.211238, 0.706878
0.233309, 0.71205
0.256719, 0.71604
0.281158, 0.718842
0.306182, 0.720611
0.331394, 0.721556
0.356501, 0.721892
0.381308, 0.721822
0.405717, 0.721531
0.429717, 0.72117
0.453361, 0.720849
0.476747, 0.720634
0.5, 0.720559
0.523253, 0.720634
0.546639, 0.720849
0.570283, 0.72117
0.594283, 0.721531
0.618692, 0.721822
0.643499, 0.721892
0.668606, 0.721556
0.693818, 0.720611
0.718842, 0.718842
0.743281, 0.71604
0.766691, 0.71205
0.788762, 0.706878
0.809619, 0.700819
0.82993, 0.694402
0.850705, 0.688172
0.872858, 0.682431
0.896669, 0.677044
0.921773, 0.671598
0.947557, 0.665666
0.974012, 0.659099
0.0322928, 0.676777
0.0581796, 0.684162
0.0834688, 0.690833
0.108248, 0.696897
0.132037, 0.702739
0.154496, 0.708757
0.175693, 0.715178
0.196209, 0.721877
0.216833, 0.728445
0.2382, 0.734408
0.260599, 0.739401
0.28396, 0.743281
0.307997, 0.746102
0.33239, 0.748021
0.356873, 0.749225
0.38126, 0.749896
0.40544, 0.750202
0.42937, 0.750289
0.453066, 0.750269
0.476581, 0.750224
0.5, 0.750204
0.523419, 0.750224
0.546934, 0.750269
0.57063, 0.750289
0.59456, 0.750202
0.61874, 0.749896
0.643127, 0.749225
0.66761, 0.748021
0.692003, 0.746102
0.71604, 0.743281
0.739401, 0.739401
0.7618, 0.734408
0.783167, 0.728445
0.803791, 0.721877
0.824307, 0.715178
0.845504, 0.708757
0.867963, 0.702739
0.891752, 0.696897
0.916531, 0.690833
0.94182, 0.684162
0.967707, 0.676777
0.0393619, 0.694454
0.0646307, 0.702683
0.0893697, 0.710118
0.113744, 0.716826
0.137396, 0.72314
0.160041, 0.729417
0.181628, 0.735929
0.202455, 0.742709
0.223069, 0.749521
0.244, 0.756
0.265592, 0.7618
0.28795, 0.766691
0.310973, 0.770598
0.33446, 0.773583
0.358199, 0.775772
0.38202, 0.777315
0.405809, 0.778356
0.429502, 0.779025
0.453082, 0.779425
0.476568, 0.779634
0.5, 0.779698
0.523432, 0.779634
0.546918, 0.779425
0.570498, 0.779025
0.594191, 0.778356
0.61798, 0.777315
0.641801, 0.775772
0.66554, 0.773583
0.689027, 0.770598
0.71205, 0.766691
0.734408, 0.7618
0.756, 0.756
0.776931, 0.749521
0.797545, 0.742709
0.818372, 0.735929
0.839959, 0.729417
0.862604, 0.72314
0.886256, 0.716826
0.91063, 0.710118
0.935369, 0.702683
0.960638, 0.694454
0.0472307, 0.712132
0.0718344, 0.721228
0.0959697, 0.729454
0.11986, 0.736838
0.143248, 0.74366
0.165921, 0.75022
0.187785, 0.756787
0.208945, 0.763497
0.229715, 0.770285
0.250479, 0.776931
0.271555, 0.783167
0.293122, 0.788762
0.315217, 0.79357
0.337774, 0.797542
0.360673, 0.80071
0.383786, 0.803157
0.40701, 0.804983
0.430271, 0.806286
0.45353, 0.807153
0.476772, 0.807646
0.5, 0.807806
0.523228, 0.807646
0.54647, 0.807153
0.569729, 0.806286
0.59299, 0.804983
0.616214, 0.803157
0.639327, 0.80071
0.662226, 0.797542
0.684783, 0.79357
0.706878, 0.788762
0.728445, 0.783167
0.749521, 0.776931
0.770285, 0.770285
0.791055, 0.763497
0.812215, 0.756787
0.834079, 0.75022
0.856752, 0.74366
0.88014, 0.736838
0.90403, 0.729454
0.928166, 0.721228
0.952769, 0.712132
0.055942, 0.72981
0.079836, 0.739798
0.103317, 0.748842
0.126643, 0.756939
0.149643, 0.764319
0.172165, 0.771225
0.194121, 0.777887
0.215522, 0.784478
0.236503, 0.791055
0.257291, 0.797545
0.278123, 0.803791
0.299181, 0.809619
0.320563, 0.81488
0.342296, 0.819479
0.364347, 0.82337
0.386656, 0.826555
0.409155, 0.829065
0.431782, 0.830947
0.454486, 0.832249
0.477234, 0.833013
0.5, 0.833265
0.522766, 0.833013
0.545514, 0.832249
0.568218, 0.830947
0.590845, 0.829065
0.613344, 0.826555
0.635653, 0.82337
0.657704, 0.819479
0.679437, 0.81488
0.700819, 0.809619
0.721877, 0.803791
0.742709, 0.797545
0.763497, 0.791055
0.784478, 0.784478
0.805879, 0.777887
0.827835, 0.771225
0.850357, 0.764319
0.873357, 0.756939
0.896683, 0.748842
0.920164, 0.739798
0.944058, 0.72981
0.0655463, 0.747487
0.0886887, 0.75839
0.111467, 0.768279
0.134157, 0.777128
0.156649, 0.785125
0.178842, 0.792465
0.200669, 0.799331
0.222113, 0.805879
0.243213, 0.812215
0.264071, 0.818372
0.284822, 0.824307
0.305598, 0.82993
0.326505, 0.835136
0.347603, 0.839832
0.368916, 0.84395
0.390436, 0.847446
0.412136, 0.8503
0.43398, 0.852507
0.45593, 0.854074
0.477948, 0.855009
0.5, 0.85532
0.522052, 0.855009
0.54407, 0.854074
0.56602, 0.852507
0.587864, 0.8503
0.609564, 0.847446
0.631084, 0.84395
0.652397, 0.839832
0.673495, 0.835136
0.694402, 0.82993
0.715178, 0.824307
0.735929, 0.818372
0.756787, 0.812215
0.777887, 0.805879
0.799331, 0.799331
0.821158, 0.792465
0.843351, 0.785125
0.865843, 0.777128
0.888533, 0.768279
0.911311, 0.75839
0.934454, 0.747487
0.0761044, 0.765165
0.0984558, 0.777002
0.120488, 0.787759
0.142473, 0.797398
0.164351, 0.806074
0.186053, 0.813947
0.207535, 0.821158
0.228775, 0.827835
0.24978, 0.834079
0.270583, 0.839959
0.291243, 0.845504
0.311828, 0.850705
0.332406, 0.855524
0.353034, 0.859909
0.37375, 0.863807
0.394573, 0.867169
0.415504, 0.869959
0.436534, 0.872151
0.457643, 0.873726
0.478807, 0.874675
0.5, 0.874992
0.521193, 0.874675
0.542357, 0.873726
0.563466, 0.872151
0.584496, 0.869959
0.605427, 0.867169
0.62625, 0.863807
0.646966, 0.859909
0.667594, 0.855524
0.688172, 0.850705
0.708757, 0.845504
0.729417, 0.839959
0.75022, 0.834079
0.771225, 0.827835
0.792465, 0.821158
0.813947, 0.813947
0.835649, 0.806074
0.857527, 0.797398
0.879512, 0.787759
0.901544, 0.777002
0.923896, 0.765165
0.0876894, 0.782843
0.109212, 0.795632
0.130458, 0.807275
0.15168, 0.817736
0.17285, 0.82715
0.193926, 0.835649
0.214875, 0.843351
0.235681, 0.850357
0.25634, 0.856752
0.27686, 0.862604
0.297261, 0.867963
0.317569, 0.872858
0.337815, 0.877299
0.358031, 0.881283
0.378241, 0.884796
0.398466, 0.887816
0.418719, 0.890322
0.439002, 0.892294
0.459316, 0.893715
0.479652, 0.894573
0.5, 0.89486
0.520348, 0.894573
0.540684, 0.893715
0.560998, 0.892294
0.581281, 0.890322
0.601534, 0.887816
0.621759, 0.884796
0.641969, 0.881283
0.662185, 0.877299
0.682431, 0.872858
0.702739, 0.867963
0.72314, 0.862604
0.74366, 0.856752
0.764319, 0.850357
0.785125, 0.843351
0.806074, 0.835649
0.82715, 0.82715
0.84832, 0.817736
0.869542, 0.807275
0.890788, 0.795632
0.912311, 0.782843
0.100391, 0.80052
0.121048, 0.814275
0.141471, 0.826814
0.161878, 0.838122
0.182264, 0.84832
0.202602, 0.857527
0.222872, 0.865843
0.243061, 0.873357
0.263162, 0.88014
0.283174, 0.886256
0.303103, 0.891752
0.322956, 0.896669
0.342744, 0.901036
0.36248, 0.904874
0.382175, 0.908194
0.401842, 0.911004
0.421489, 0.913307
0.441123, 0.915101
0.460752, 0.916384
0.480376, 0.917156
0.5, 0.917413
0.519624, 0.917156
0.539248, 0.916384
0.558877, 0.915101
0.578511, 0.913307
0.598158, 0.911004
0.617825, 0.908194
0.63752, 0.904874
0.657256, 0.901036
0.677044, 0.896669
0.696897, 0.891752
0.716826, 0.886256
0.736838, 0.88014
0.756939, 0.873357
0.777128, 0.865843
0.797398, 0.857527
0.817736, 0.84832
0.838122, 0.838122
0.858529, 0.826814
0.878952, 0.814275
0.899609, 0.80052
0.114319, 0.818198
0.134075, 0.832923
0.153637, 0.846363
0.173186, 0.858529
0.192725, 0.869542
0.212241, 0.879512
0.231721, 0.888533
0.251158, 0.896683
0.270546, 0.90403
0.289882, 0.91063
0.309167, 0.916531
0.328402, 0.921773
0.34759, 0.926391
0.366735, 0.930411
0.385842, 0.933856
0.404917, 0.936745
0.423965, 0.939092
0.442992, 0.940907
0.462003, 0.942198
0.481004, 0.942971
0.5, 0.943228
0.518996, 0.942971
0.537997, 0.942198
0.557008, 0.940907
0.576035, 0.939092
0.595083, 0.936745
0.614158, 0.933856
0.633265, 0.930411
0.65241, 0.926391
0.671598, 0.921773
0.690833, 0.916531
0.710118, 0.91063
0.729454, 0.90403
0.748842, 0.896683
0.768279, 0.888533
0.787759, 0.879512
0.807275, 0.869542
0.826814, 0.858529
0.846363, 0.846363
0.865925, 0.832923
0.885681, 0.818198
0.129612, 0.835876
0.148429, 0.851571
0.167077, 0.865925
0.185725, 0.878952
0.204368, 0.890788
0.222998, 0.901544
0.24161, 0.911311
0.260202, 0.920164
0.278772, 0.928166
0.297317, 0.935369
0.315838, 0.94182
0.334334, 0.947557
0.352807, 0.952613
0.371258, 0.957014
0.389689, 0.960786
0.408103, 0.963946
0.426501, 0.966511
0.444887, 0.968493
0.463263, 0.969902
0.481633, 0.970745
0.5, 0.971026
0.518367, 0.970745
0.536737, 0.969902
0.555113, 0.968493
0.573499, 0.966511
0.591897, 0.963946
0.610311, 0.960786
0.628742, 0.957014
0.647193, 0.952613
0.665666, 0.947557
0.684162, 0.94182
0.702683, 0.935369
0.721228, 0.928166
0.739798, 0.920164
0.75839, 0.911311
0.777002, 0.901544
0.795632, 0.890788
0.814275, 0.878952
0.832923, 0.865925
0.851571, 0.851571
0.870388, 0.835876
0.146447, 0.853553
0.164124, 0.870388
0.181802, 0.885681
0.19948, 0.899609
0.217157, 0.912311
0.234835, 0.923896
0.252513, 0.934454
0.27019, 0.944058
0.287868, 0.952769
0.305546, 0.960638
0.323223, 0.967707
0.340901, 0.974012
0.358579, 0.979583
0.376256, 0.984446
0.393934, 0.988621
0.411612, 0.992125
0.429289, 0.994975
0.446967, 0.99718
0.464645, 0.998748
0.482322, 0.999687
0.5, 1
0.517678, 0.999687
0.535355, 0.998748
0.553033, 0.99718
0.570711, 0.994975
0.588388, 0.992125
0.606066, 0.988621
0.623744, 0.984446
0.641421, 0.979583
0.659099, 0.974012
0.676777, 0.967707
0.694454, 0.960638
0.712132, 0.952769
0.72981, 0.944058
0.747487, 0.934454
0.765165, 0.923896
0.782843, 0.912311
0.80052, 0.899609
0.818198, 0.885681
0.835876, 0.870388
0.853553, 0.853553
0.147035, 0.147035
0.16521, 0.131496
0.183386, 0.117383
0.201557, 0.104541
0.219721, 0.0928474
0.237875, 0.0822018
0.256018, 0.0725223
0.274149, 0.0637414
0.292268, 0.0558027
0.310376, 0.0486589
0.328473, 0.0422702
0.34656, 0.0366029
0.364636, 0.0316287
0.382704, 0.0273237
0.400763, 0.023668
0.418816, 0.0206452
0.436863, 0.0182422
0.454905, 0.0164488
0.472945, 0.0152572
0.490982, 0.0146627
0.509018, 0.0146627
0.527055, 0.0152572
0.545095, 0.0164488
0.563137, 0.0182422
0.581184, 0.0206452
0.599237, 0.023668
0.617296, 0.0273237
0.635364, 0.0316287
0.65344, 0.0366029
0.671527, 0.0422702
0.689624, 0.0486589
0.707732, 0.0558027
0.725851, 0.0637414
0.743982, 0.0725223
0.762125, 0.0822018
0.780279, 0.0928474
0.798443, 0.104541
0.816614, 0.117383
0.83479, 0.131496
0.852965, 0.147035
0.131496, 0.16521
0.150636, 0.150636
0.169739, 0.137402
0.188839, 0.125403
0.207926, 0.114517
0.226991, 0.104643
0.246028, 0.0956981
0.265031, 0.0876113
0.283999, 0.0803238
0.30293, 0.0737855
0.321824, 0.0679538
0.340683, 0.0627926
0.359509, 0.0582716
0.378305, 0.0543653
0.397074, 0.0510525
0.415819, 0.0483162
0.434546, 0.0461426
0.453258, 0.0445212
0.471959, 0.0434445
0.490654, 0.0429073
0.509346, 0.0429073
0.528041, 0.0434445
0.546742, 0.0445212
0.565454, 0.0461426
0.584181, 0.0483162
0.602926, 0.0510525
0.621695, 0.0543653
0.640491, 0.0582716
0.659317, 0.0627926
0.678176, 0.0679538
0.69707, 0.0737855
0.716001, 0.0803238
0.734969, 0.0876113
0.753972, 0.0956981
0.773009, 0.104643
0.792074, 0.114517
0.811161, 0.125403
0.830261, 0.137402
0.849364, 0.150636
0.868504, 0.16521
0.117383, 0.183386
0.137402, 0.169739
0.157385, 0.157385
0.177359, 0.146223
0.197307, 0.136132
0.217213, 0.127007
0.237063, 0.11876
0.256849, 0.111314
0.276569, 0.104608
0.296221, 0.0985868
0.31581, 0.0932077
0.33534, 0.0884346
0.354818, 0.0842396
0.374253, 0.0806009
0.393651, 0.0775024
0.413021, 0.0749326
0.43237, 0.0728836
0.451703, 0.0713504
0.471026, 0.0703296
0.490343, 0.0698196
0.509657, 0.0698196
0.528974, 0.0703296
0.548297, 0.0713504
0.56763, 0.0728836
0.586979, 0.0749326
0.606349, 0.0775024
0.625747, 0.0806009
0.645182, 0.0842396
0.66466, 0.0884346
0.68419, 0.0932077
0.703779, 0.0985868
0.723431, 0.104608
0.743151, 0.111314
0.762937, 0.11876
0.782787, 0.127007
0.802693, 0.136132
0.822641, 0.146223
0.842615, 0.157385
0.862598, 0.169739
0.882617, 0.183386
0.104541, 0.201557
0.125403, 0.188839
0.146223, 0.177359
0.167021, 0.167021
0.187766, 0.157696
0.208429, 0.149268
0.22899, 0.141639
0.24944, 0.134723
0.269779, 0.12845
0.290012, 0.122764
0.310155, 0.117624
0.330223, 0.113
0.350238, 0.108876
0.370217, 0.105246
0.390177, 0.102113
0.410132, 0.0994815
0.43009, 0.0973615
0.450056, 0.0957618
0.47003, 0.0946905
0.490009, 0.0941534
0.509991, 0.0941534
0.52997, 0.0946905
0.549944, 0.0957618
0.56991, 0.0973615
0.589868, 0.0994815
0.609823, 0.102113
0.629783, 0.105246
0.649762, 0.108876
0.669777, 0.113
0.689845, 0.117624
0.709988, 0.122764
0.730221, 0.12845
0.75056, 0.134723
0.77101, 0.141639
0.791571, 0.149268
0.812234, 0.157696
0.832979, 0.167021
0.853777, 0.177359
0.874597, 0.188839
0.895459, 0.201557
0.0928474, 0.219721
0.114517, 0.207926
0.136132, 0.197307
0.157696, 0.187766
0.179155, 0.179155
0.200464, 0.171339
0.221596, 0.164201
0.242542, 0.157639
0.263313, 0.151573
0.283934, 0.145947
0.304447, 0.140733
0.324896, 0.135927
0.345328, 0.131547
0.365779, 0.127622
0.386276, 0.124185
0.406834, 0.121271
0.427456, 0.118906
0.448136, 0.117114
0.468862, 0.11591
0.489617, 0.115306
0.510383, 0.115306
0.531138, 0.11591
0.551864, 0.117114
0.572544, 0.118906
0.593166, 0.121271
0.613724, 0.124185
0.634221, 0.127622
0.654672, 0.131547
0.675104, 0.135927
0.695553, 0.140733
0.716066, 0.145947
0.736687, 0.151573
0.757458, 0.157639
0.778404, 0.164201
0.799536, 0.171339
0.820845, 0.179155
0.842304, 0.187766
0.863868, 0.197307
0.885483, 0.207926
0.907153, 0.219721
0.0822018, 0.237875
0.104643, 0.226991
0.127007, 0.217213
0.149268, 0.208429
0.171339, 0.200464
0.193153, 0.193153
0.214672, 0.186348
0.235897, 0.179925
0.256867, 0.173802
0.277657, 0.167949
0.298363, 0.162388
0.31908, 0.157176
0.339882, 0.152386
0.360817, 0.148088
0.381904, 0.14434
0.403143, 0.141183
0.424518, 0.138642
0.446004, 0.136731
0.46757, 0.135457
0.489185, 0.13482
0.510815, 0.13482
0.53243, 0.135457
0.553996, 0.136731
0.575482, 0.138642
0.596857, 0.141183
0.618096, 0.14434
0.639183, 0.148088
0.660118, 0.152386
0.68092, 0.157176
0.701637, 0.162388
0.722343, 0.167949
0.743133, 0.173802
0.764103, 0.179925
0.785328, 0.186348
0.806847, 0.193153
0.828661, 0.200464
0.850732, 0.208429
0.872993, 0.217213
0.895357, 0.226991
0.917798, 0.237875
0.0725223, 0.256018
0.0956981, 0.246028
0.11876, 0.237063
0.141639, 0.22899
0.164201, 0.221596
0.186348, 0.214672
0.208034, 0.208034
0.229293, 0.201549
0.25024, 0.195173
0.27105, 0.188962
0.291897, 0.183031
0.312915, 0.177516
0.334182, 0.172533
0.355722, 0.168162
0.377517, 0.164449
0.399528, 0.161404
0.421705, 0.159016
0.444, 0.157259
0.466372, 0.156106
0.488786, 0.155536
0.511214, 0.155536
0.533628, 0.156106
0.556, 0.157259
0.578295, 0.159016
0.600472, 0.161404
0.622483, 0.164449
0.644278, 0.168162
0.665818, 0.172533
0.687085, 0.177516
0.708103, 0.183031
0.72895, 0.188962
0.74976, 0.195173
0.770707, 0.201549
0.791966, 0.208034
0.813652, 0.214672
0.835799, 0.221596
0.858361, 0.22899
0.88124, 0.237063
0.904302, 0.246028
0.927478, 0.256018
0.0637414, 0.274149
0.0876113, 0.265031
0.111314, 0.256849
0.134723, 0.24944
0.157639, 0.242542
0.179925, 0.235897
0.201549, 0.229293
0.222637, 0.222637
0.243453, 0.215997
0.264299, 0.209559
0.285412, 0.203541
0.306923, 0.198127
0.32886, 0.193435
0.351175, 0.189508
0.37378, 0.186328
0.396582, 0.183838
0.419501, 0.181963
0.44248, 0.180632
0.465484, 0.179781
0.488494, 0.179367
0.511506, 0.179367
0.534516, 0.179781
0.55752, 0.180632
0.580499, 0.181963
0.603418, 0.183838
0.62622, 0.186328
0.648825, 0.189508
0.67114, 0.193435
0.693077, 0.198127
0.714588, 0.203541
0.735701, 0.209559
0.756547, 0.215997
0.777363, 0.222637
0.798451, 0.229293
0.820075, 0.235897
0.842361, 0.242542
0.865277, 0.24944
0.888686, 0.256849
0.912389, 0.265031
0.936259, 0.274149
0.0558027, 0.292268
0.0803238, 0.283999
0.104608, 0.276569
0.12845, 0.269779
0.151573, 0.263313
0.173802, 0.256867
0.195173, 0.25024
0.215997, 0.243453
0.236734, 0.236734
0.257799, 0.230402
0.279436, 0.224741
0.301703, 0.219929
0.324511, 0.216017
0.347702, 0.212956
0.371114, 0.21064
0.394616, 0.208944
0.41812, 0.207749
0.441578, 0.20695
0.464978, 0.206465
0.488332, 0.206237
0.511668, 0.206237
0.535022, 0.206465
0.558422, 0.20695
0.58188, 0.207749
0.605384, 0.208944
0.628886, 0.21064
0.652298, 0.212956
0.675489, 0.216017
0.698297, 0.219929
0.720564, 0.224741
0.742201, 0.230402
0.763266, 0.236734
0.784003, 0.243453
0.804827, 0.25024
0.826198, 0.256867
0.848427, 0.263313
0.87155, 0.269779
0.895392, 0.276569
0.919676, 0.283999
0.944197, 0.292268
0.0486589, 0.310376
0.0737855, 0.30293
0.0985868, 0.296221
0.122764, 0.290012
0.145947, 0.283934
0.167949, 0.277657
0.188962, 0.27105
0.209559, 0.264299
0.230402, 0.257799
0.251963, 0.251963
0.274407, 0.247072
0.297631, 0.243219
0.321395, 0.240338
0.345441, 0.238289
0.369563, 0.236905
0.393616, 0.236027
0.41752, 0.235511
0.441249, 0.235233
0.464821, 0.235101
0.488286, 0.235051
0.511714, 0.235051
0.535179, 0.235101
0.558751, 0.235233
0.58248, 0.235511
0.606384, 0.236027
0.630437, 0.236905
0.654559, 0.238289
0.678605, 0.240338
0.702369, 0.243219
0.725593, 0.247072
0.748037, 0.251963
0.769598, 0.257799
0.790441, 0.264299
0.811038, 0.27105
0.832051, 0.277657
0.854053, 0.283934
0.877236, 0.290012
0.901413, 0.296221
0.926215, 0.30293
0.951341, 0.310376
0.0422702, 0.328473
0.0679538, 0.321824
0.0932077, 0.31581
0.117624, 0.310155
0.140733, 0.304447
0.162388, 0.298363
0.183031, 0.291897
0.203541, 0.285412
0.224741, 0.279436
0.247072, 0.274407
0.270518, 0.270518
0.294771, 0.267732
0.319461, 0.265892
0.344273, 0.264806
0.368976, 0.264281
0.393426, 0.264133
0.417559, 0.264203
0.441378, 0.264361
0.464939, 0.264515
0.488332, 0.264606
0.511668, 0.264606
0.535061, 0.264515
0.558622, 0.264361
0.582441, 0.264203
0.606574, 0.264133
0.631024, 0.264281
0.655727, 0.264806
0.680539, 0.265892
0.705229, 0.267732
0.729482, 0.270518
0.752928, 0.274407
0.775259, 0.279436
0.796459, 0.285412
0.816969, 0.291897
0.837612, 0.298363
0.859267, 0.304447
0.882376, 0.310155
0.906792, 0.31581
0.932046, 0.321824
0.95773, 0.328473
0.0366029, 0.34656
0.0627926, 0.340683
0.0884346, 0.33534
0.113, 0.330223
0.135927, 0.324896
0.157176, 0.31908
0.177516, 0.312915
0.198127, 0.306923
0.219929, 0.301703
0.243219, 0.297631
0.267732, 0.294771
0.292984, 0.292984
0.318522, 0.292069
0.343988, 0.291806
0.369138, 0.291978
0.393832, 0.292383
0.418035, 0.292853
0.441794, 0.293266
0.465214, 0.293558
0.488428, 0.293705
0.511572, 0.293705
0.534786, 0.293558
0.558206, 0.293266
0.581965, 0.292853
0.606168, 0.292383
0.630862, 0.291978
0.656012, 0.291806
0.681478, 0.292069
0.707016, 0.292984
0.732268, 0.294771
0.756781, 0.297631
0.780071, 0.301703
0.801873, 0.306923
0.822484, 0.312915
0.842824, 0.31908
0.864073, 0.324896
0.887, 0.330223
0.911565, 0.33534
0.937207, 0.340683
0.963397, 0.34656
0.0316287, 0.364636
0.0582716, 0.359509
0.0842396, 0.354818
0.108876, 0.350238
0.131547, 0.345328
0.152386, 0.339882
0.172533, 0.334182
0.193435, 0.32886
0.216017, 0.324511
0.240338, 0.321395
0.265892, 0.319461
0.292069, 0.318522
0.31835, 0.31835
0.344341, 0.318703
0.369778, 0.31933
0.394538, 0.320001
0.41864, 0.320542
0.442214, 0.320872
0.465443, 0.321012
0.488498, 0.321047
0.511502, 0.321047
0.534557, 0.321012
0.557786, 0.320872
0.58136, 0.320542
0.605462, 0.320001
0.630222, 0.31933
0.655659, 0.318703
0.68165, 0.31835
0.707931, 0.318522
0.734108, 0.319461
0.759662, 0.321395
0.783983, 0.324511
0.806565, 0.32886
0.827467, 0.334182
0.847614, 0.339882
0.868453, 0.345328
0.891124, 0.350238
0.91576, 0.354818
0.941728, 0.359509
0.968371, 0.364636
0.0273237, 0.382704
0.0543653, 0.378305
0.0806009, 0.374253
0.105246, 0.370217
0.127622, 0.365779
0.148088, 0.360817
0.168162, 0.355722
0.189508, 0.351175
0.212956, 0.347702
0.238289, 0.345441
0.264806, 0.344273
0.291806, 0.343988
0.318703, 0.344341
0.345049, 0.345049
0.370556, 0.345807
0.395132, 0.346327
0.418906, 0.346428
0.442184, 0.346129
0.465291, 0.345655
0.48842, 0.345314
0.51158, 0.345314
0.534709, 0.345655
0.557816, 0.346129
0.581094, 0.346428
0.604868, 0.346327
0.629444, 0.345807
0.654951, 0.345049
0.681297, 0.344341
0.708194, 0.343988
0.735194, 0.344273
0.761711, 0.345441
0.787044, 0.347702
0.810492, 0.351175
0.831838, 0.355722
0.851912, 0.360817
0.872378, 0.365779
0.894754, 0.370217
0.919399, 0.374253
0.945635, 0.378305
0.972676, 0.382704
0.023668, 0.400763
0.0510525, 0.397074
0.0775024, 0.393651
0.102113, 0.390177
0.124185, 0.386276
0.14434, 0.381904
0.164449, 0.377517
0.186328, 0.37378
0.21064, 0.371114
0.236905, 0.369563
0.264281, 0.368976
0.291978, 0.369138
0.31933, 0.369778
0.345807, 0.370556
0.37107, 0.37107
0.395089, 0.370941
0.418238, 0.370013
0.441163, 0.368533
0.464394, 0.367054
0.488066, 0.366143
0.511934, 0.366143
0.535606, 0.367054
0.558837, 0.368533
0.581762, 0.370013
0.604911, 0.370941
0.62893, 0.37107
0.654193, 0.370556
0.68067, 0.369778
0.708022, 0.369138
0.735719, 0.368976
0.763095, 0.369563
0.78936, 0.371114
0.813672, 0.37378
0.835551, 0.377517
0.85566, 0.381904
0.875815, 0.386276
0.897887, 0.390177
0.922498, 0.393651
0.948947, 0.397074
0.976332, 0.400763
0.0206452, 0.418816
0.0483162, 0.415819
0.0749326, 0.413021
0.0994815, 0.410132
0.121271, 0.406834
0.141183, 0.403143
0.161404, 0.399528
0.183838, 0.396582
0.208944, 0.394616
0.236027, 0.393616
0.264133, 0.393426
0.292383, 0.393832
0.320001, 0.394538
0.346327, 0.395132
0.370941, 0.395089
0.393965, 0.393965
0.416254, 0.391766
0.438927, 0.389059
0.462662, 0.386659
0.487417, 0.385265
0.512583, 0.385265
0.537338, 0.386659
0.561073, 0.389059
0.583746, 0.391766
0.606035, 0.393965
0.629059, 0.395089
0.653673, 0.395132
0.679999, 0.394538
0.707617, 0.393832
0.735867, 0.393426
0.763973, 0.393616
0.791056, 0.394616
0.816162, 0.396582
0.838596, 0.399528
0.858817, 0.403143
0.878729, 0.406834
0.900519, 0.410132
0.925067, 0.413021
0.951684, 0.415819
0.979355, 0.418816
0.0182422, 0.436863
0.0461426, 0.434546
0.0728836, 0.43237
0.0973615, 0.43009
0.118906, 0.427456
0.138642, 0.424518
0.159016, 0.421705
0.181963, 0.419501
0.207749, 0.41812
0.235511, 0.41752
0.264203, 0.417559
0.292853, 0.418035
0.320542, 0.41864
0.346428, 0.418906
0.370013, 0.418238
0.391766, 0.416254
0.413201, 0.413201
0.435863, 0.409856
0.460447, 0.407103
0.486618, 0.405586
0.513382, 0.405586
0.539553, 0.407103
0.564137, 0.409856
0.586799, 0.413201
0.608234, 0.416254
0.629987, 0.418238
0.653572, 0.418906
0.679458, 0.41864
0.707147, 0.418035
0.735797, 0.417559
0.764489, 0.41752
0.792251, 0.41812
0.818037, 0.419501
0.840984, 0.421705
0.861358, 0.424518
0.881094, 0.427456
0.902639, 0.43009
0.927116, 0.43237
0.953857, 0.434546
0.981758, 0.436863
0.0164488, 0.454905
0.0445212, 0.453258
0.0713504, 0.451703
0.0957618, 0.450056
0.117114, 0.448136
0.136731, 0.446004
0.157259, 0.444
0.180632, 0.44248
0.20695, 0.441578
0.235233, 0.441249
0.264361, 0.441378
0.293266, 0.441794
0.320872, 0.442214
0.346129, 0.442184
0.368533, 0.441163
0.389059, 0.438927
0.409856, 0.435863
0.432775, 0.432775
0.458365, 0.430426
0.485897, 0.429205
0.514103, 0.429205
0.541635, 0.430426
0.567225, 0.432775
0.590144, 0.435863
0.610941, 0.438927
0.631467, 0.441163
0.653871, 0.442184
0.679128, 0.442214
0.706734, 0.441794
0.735639, 0.441378
0.764767, 0.441249
0.79305, 0.441578
0.819368, 0.44248
0.842741, 0.444
0.863269, 0.446004
0.882886, 0.448136
0.904238, 0.450056
0.92865, 0.451703
0.955479, 0.453258
0.983551, 0.454905
0.0152572, 0.472945
0.0434445, 0.471959
0.0703296, 0.471026
0.0946905, 0.47003
0.11591, 0.468862
0.135457, 0.46757
0.156106, 0.466372
0.179781, 0.465484
0.206465, 0.464978
0.235101, 0.464821
0.264515, 0.464939
0.293558, 0.465214
0.321012, 0.465443
0.345655, 0.465291
0.367054, 0.464394
0.386659, 0.462662
0.407103, 0.460447
0.430426, 0.458365
0.456883, 0.456883
0.4854, 0.456143
0.5146, 0.456143
0.543117, 0.456883
0.569574, 0.458365
0.592897, 0.460447
0.613341, 0.462662
0.632946, 0.464394
0.654345, 0.465291
0.678988, 0.465443
0.706442, 0.465214
0.735485, 0.464939
0.764899, 0.464821
0.793535, 0.464978
0.820219, 0.465484
0.843894, 0.466372
0.864543, 0.46757
0.88409, 0.468862
0.905309, 0.47003
0.92967, 0.471026
0.956556, 0.471959
0.984743, 0.472945
0.0146627, 0.490982
0.0429073, 0.490654
0.0698196, 0.490343
0.0941534, 0.490009
0.115306, 0.489617
0.13482, 0.489185
0.155536, 0.488786
0.179367, 0.488494
0.206237, 0.488332
0.235051, 0.488286
0.264606, 0.488332
0.293705, 0.488428
0.321047, 0.488498
0.345314, 0.48842
0.366143, 0.488066
0.385265, 0.487417
0.405586, 0.486618
0.429205, 0.485897
0.456143, 0.4854
0.485156, 0.485156
0.514844, 0.485156
0.543857, 0.4854
0.570795, 0.485897
0.594414, 0.486618
0.614735, 0.487417
0.633857, 0.488066
0.654686, 0.48842
0.678953, 0.488498
0.706295, 0.488428
0.735394, 0.488332
0.764949, 0.488286
0.793763, 0.488332
0.820633, 0.488494
0.844464, 0.488786
0.86518, 0.489185
0.884694, 0.489617
0.905847, 0.490009
0.93018, 0.490343
0.957093, 0.490654
0.985337, 0.490982
0.0146627, 0.509018
0.0429073, 0.509346
0.0698196, 0.509657
0.0941534, 0.509991
0.115306, 0.510383
0.13482, 0.510815
0.155536, 0.511214
0.179367, 0.511506
0.206237, 0.511668
0.235051, 0.511714
0.264606, 0.511668
0.293705, 0.511572
0.321047, 0.511502
0.345314, 0.51158
0.366143, 0.511934
0.385265, 0.512583
0.405586, 0.513382
0.429205, 0.514103
0.456143, 0.5146
0.485156, 0.514844
0.514844, 0.514844
0.543857, 0.5146
0.570795, 0.514103
0.594414, 0.513382
0.614735, 0.512583
0.633857, 0.511934
0.654686, 0.51158
0.678953, 0.511502
0.706295, 0.511572
0.735394, 0.511668
0.764949, 0.511714
0.793763, 0.511668
0.820633, 0.511506
0.844464, 0.511214
0.86518, 0.510815
0.884694, 0.510383
0.905847, 0.509991
0.93018, 0.509657
0.957093, 0.509346
0.985337, 0.509018
0.0152572, 0.527055
0.0434445, 0.528041
0.0703296, 0.528974
0.0946905, 0.52997
0.11591, 0.531138
0.135457, 0.53243
0.156106, 0.533628
0.179781, 0.534516
0.206465, 0.535022
0.235101, 0.535179
0.264515, 0.535061
0.293558, 0.534786
0.321012, 0.534557
0.345655, 0.534709
0.367054, 0.535606
0.386659, 0.537338
0.407103, 0.539553
0.430426, 0.541635
0.456883, 0.543117
0.4854, 0.543857
0.5146, 0.543857
0.543117, 0.543117
0.569574, 0.541635
0.592897, 0.539553
0.613341, 0.537338
0.632946, 0.535606
0.654345, 0.534709
0.678988, 0.534557
0.706442, 0.534786
0.735485, 0.535061
0.764899, 0.535179
0.793535, 0.535022
0.820219, 0.534516
0.843894, 0.533628
0.864543, 0.53243
0.88409, 0.531138
0.905309, 0.52997
0.92967, 0.528974
0.956556, 0.528041
0.984743, 0.527055
0.0164488, 0.545095
0.0445212, 0.546742
0.0713504, 0.548297
0.0957618, 0.549944
0.117114, 0.551864
0.136731, 0.553996
0.157259, 0.556
0.180632, 0.55752
0.20695, 0.558422
0.235233, 0.558751
0.264361, 0.558622
0.293266, 0.558206
0.320872, 0.557786
0.346129, 0.557816
0.368533, 0.558837
0.389059, 0.561073
0.409856, 0.564137
0.432775, 0.567225
0.458365, 0.569574
0.485897, 0.570795
0.514103, 0.570795
0.541635, 0.569574
0.567225, 0.567225
0.590144, 0.564137
0.610941, 0.561073
0.631467, 0.558837
0.653871, 0.557816
0.679128, 0.557786
0.706734, 0.558206
0.735639, 0.558622
0.764767, 0.558751
0.79305, 0.558422
0.819368, 0.55752
0.842741, 0.556
0.863269, 0.553996
0.882886, 0.551864
0.904238, 0.549944
0.92865, 0.548297
0.955479, 0.546742
0.983551, 0.545095
0.0182422, 0.563137
0.0461426, 0.565454
0.0728836, 0.56763
0.0973615, 0.56991
0.118906, 0.572544
0.138642, 0.575482
0.159016, 0.578295
0.181963, 0.580499
0.207749, 0.58188
0.235511, 0.58248
0.264203, 0.582441
0.292853, 0.581965
0.320542, 0.58136
0.346428, 0.581094
0.370013, 0.581762
0.391766, 0.583746
0.413201, 0.586799
0.435863, 0.590144
0.460447, 0.592897
0.486618, 0.594414
0.513382, 0.594414
0.539553, 0.592897
0.564137, 0.590144
0.586799, 0.586799
0.608234, 0.583746
0.629987, 0.581762
0.653572, 0.581094
0.679458, 0.58136
0.707147, 0.581965
0.735797, 0.582441
0.764489, 0.58248
0.792251, 0.58188
0.818037, 0.580499
0.840984, 0.578295
0.861358, 0.575482
0.881094, 0.572544
0.902639, 0.56991
0.927116, 0.56763
0.953857, 0.565454
0.981758, 0.563137
0.0206452, 0.581184
0.0483162, 0.584181
0.0749326, 0.586979
0.0994815, 0.589868
0.121271, 0.593166
0.141183, 0.596857
0.161404, 0.600472
0.183838, 0.603418
0.208944, 0.605384
0.236027, 0.606384
0.264133, 0.606574
0.292383, 0.606168
0.320001, 0.605462
0.346327, 0.604868
0.370941, 0.604911
0.393965, 0.606035
0.416254, 0.608234
0.438927, 0.610941
0.462662, 0.613341
0.487417, 0.614735
0.512583, 0.614735
0.537338, 0.613341
0.561073, 0.610941
0.583746, 0.608234
0.606035, 0.606035
0.629059, 0.604911
0.653673, 0.604868
0.679999, 0.605462
0.707617, 0.606168
0.735867, 0.606574
0.763973, 0.606384
0.791056, 0.605384
0.816162, 0.603418
0.838596, 0.600472
0.858817, 0.596857
0.878729, 0.593166
0.900519, 0.589868
0.925067, 0.586979
0.951684, 0.584181
0.979355, 0.581184
0.023668, 0.599237
0.0510525, 0.602926
0.0775024, 0.606349
0.102113, 0.609823
0.124185, 0.613724
0.14434, 0.618096
0.164449, 0.622483
0.186328, 0.62622
0.21064, 0.628886
0.236905, 0.630437
0.264281, 0.631024
0.291978, 0.630862
0.31933, 0.630222
0.345807, 0.629444
0.37107, 0.62893
0.395089, 0.629059
0.418238, 0.629987
0.441163, 0.631467
0.464394, 0.632946
0.488066, 0.633857
0.511934, 0.633857
0.535606, 0.632946
0.558837, 0.631467
0.581762, 0.629987
0.604911, 0.629059
0.62893, 0.62893
0.654193, 0.629444
0.68067, 0.630222
0.708022, 0.630862
0.735719, 0.631024
0.763095, 0.630437
0.78936, 0.628886
0.813672, 0.62622
0.835551, 0.622483
0.85566, 0.618096
0.875815, 0.613724
0.897887, 0.609823
0.922498, 0.606349
0.948947, 0.602926
0.976332, 0.599237
0.0273237, 0.617296
0.0543653, 0.621695
0.0806009, 0.625747
0.105246, 0.629783
0.127622, 0.634221
0.148088, 0.639183
0.168162, 0.644278
0.189508, 0.648825
0.212956, 0.652298
0.238289, 0.654559
0.264806, 0.655727
0.291806, 0.656012
0.318703, 0.655659
0.345049, 0.654951
0.370556, 0.654193
0.395132, 0.653673
0.418906, 0.653572
0.442184, 0.653871
0.465291, 0.654345
0.48842, 0.654686
0.51158, 0.654686
0.534709, 0.654345
0.557816, 0.653871
0.581094, 0.653572
0.604868, 0.653673
0.629444, 0.654193
0.654951, 0.654951
0.681297, 0.655659
0.708194, 0.656012
0.735194, 0.655727
0.761711, 0.654559
0.787044, 0.652298
0.810492, 0.648825
0.831838, 0.644278
0.851912, 0.639183
0.872378, 0.634221
0.894754, 0.629783
0.919399, 0.625747
0.945635, 0.621695
0.972676, 0.617296
0.0316287, 0.635364
0.0582716, 0.640491
0.0842396, 0.645182
0.108876, 0.649762
0.131547, 0.654672
0.152386, 0.660118
0.172533, 0.665818
0.193435, 0.67114
0.216017, 0.675489
0.240338, 0.678605
0.265892, 0.680539
0.292069, 0.681478
0.31835, 0.68165
0.344341, 0.681297
0.369778, 0.68067
0.394538, 0.679999
0.41864, 0.679458
0.442214, 0.679128
0.465443, 0.678988
0.488498, 0.678953
0.511502, 0.678953
0.534557, 0.678988
0.557786, 0.679128
0.58136, 0.679458
0.605462, 0.679999
0.630222, 0.68067
0.655659, 0.681297
0.68165, 0.68165
0.707931, 0.681478
0.734108, 0.680539
0.759662, 0.678605
0.783983, 0.675489
0.806565, 0.67114
0.827467, 0.665818
0.847614, 0.660118
0.868453, 0.654672
0.891124, 0.649762
0.91576, 0.645182
0.941728, 0.640491
0.968371, 0.635364
0.0366029, 0.65344
0.0627926, 0.659317
0.0884346, 0.66466
0.113, 0.669777
0.135927, 0.675104
0.157176, 0.68092
0.177516, 0.687085
0.198127, 0.693077
0.219929, 0.698297
0.243219, 0.702369
0.267732, 0.705229
0.292984, 0.707016
0.318522, 0.707931
0.343988, 0.708194
0.369138, 0.708022
0.393832, 0.707617
0.418035, 0.707147
0.441794, 0.706734
0.465214, 0.706442
0.488428, 0.706295
0.511572, 0.706295
0.534786, 0.706442
0.558206, 0.706734
0.581965, 0.707147
0.606168, 0.707617
0.630862, 0.708022
0.656012, 0.708194
0.681478, 0.707931
0.707016, 0.707016
0.732268, 0.705229
0.756781, 0.702369
0.780071, 0.698297
0.801873, 0.693077
0.822484, 0.687085
0.842824, 0.68092
0.864073, 0.675104
0.887, 0.669777
0.911565, 0.66466
0.937207, 0.659317
0.963397, 0.65344
0.0422702, 0.671527
0.0679538, 0.678176
0.0932077, 0.68419
0.117624, 0.689845
0.140733, 0.695553
0.162388, 0.701637
0.183031, 0.708103
0.203541, 0.714588
0.224741, 0.720564
0.247072, 0.725593
0.270518, 0.729482
0.294771, 0.732268
0.319461, 0.734108
0.344273, 0.735194
0.368976, 0.735719
0.393426, 0.735867
0.417559, 0.735797
0.441378, 0.735639
0.464939, 0.735485
0.488332, 0.735394
0.511668, 0.735394
0.535061, 0.735485
0.558622, 0.735639
0.582441, 0.735797
0.606574, 0.735867
0.631024, 0.735719
0.655727, 0.735194
0.680539, 0.734108
0.705229, 0.732268
0.729482, 0.729482
0.752928, 0.725593
0.775259, 0.720564
0.796459, 0.714588
0.816969, 0.708103
0.837612, 0.701637
0.859267, 0.695553
0.882376, 0.689845
0.906792, 0.68419
0.932046, 0.678176
0.95773, 0.671527
0.0486589, 0.689624
0.0737855, 0.69707
0.0985868, 0.703779
0.122764, 0.709988
0.145947, 0.716066
0.167949, 0.722343
0.188962, 0.72895
0.209559, 0.735701
0.230402, 0.742201
0.251963, 0.748037
0.274407, 0.752928
0.297631, 0.756781
0.321395, 0.759662
0.345441, 0.761711
0.369563, 0.763095
0.393616, 0.763973
0.41752, 0.764489
0.441249, 0.764767
0.464821, 0.764899
0.488286, 0.764949
0.511714, 0.764949
0.535179, 0.764899
0.558751, 0.764767
0.58248, 0.764489
0.606384, 0.763973
0.630437, 0.763095
0.654559, 0.761711
0.678605, 0.759662
0.702369, 0.756781
0.725593, 0.752928
0.748037, 0.748037
0.769598, 0.742201
0.790441, 0.735701
0.811038, 0.72895
0.832051, 0.722343
0.854053, 0.716066
0.877236, 0.709988
0.901413, 0.703779
0.926215, 0.69707
0.951341, 0.689624
0.0558027, 0.707732
0.0803238, 0.716001
0.104608, 0.723431
0.12845, 0.730221
0.151573, 0.736687
0.173802, 0.743133
0.195173, 0.74976
0.215997, 0.756547
0.236734, 0.763266
0.257799, 0.769598
0.279436, 0.775259
0.301703, 0.780071
0.324511, 0.783983
0.347702, 0.787044
0.371114, 0.78936
0.394616, 0.791056
0.41812, 0.792251
0.441578, 0.79305
0.464978, 0.793535
0.488332, 0.793763
0.511668, 0.793763
0.535022, 0.793535
0.558422, 0.79305
0.58188, 0.792251
0.605384, 0.791056
0.628886, 0.78936
0.652298, 0.787044
0.675489, 0.783983
0.698297, 0.780071
0.720564, 0.775259
0.742201, 0.769598
0.763266, 0.763266
0.784003, 0.756547
0.804827, 0.74976
0.826198, 0.743133
0.848427, 0.736687
0.87155, 0.730221
0.895392, 0.723431
0.919676, 0.716001
0.944197, 0.707732
0.0637414, 0.725851
0.0876113, 0.734969
0.111314, 0.743151
0.134723, 0.75056
0.157639, 0.757458
0.179925, 0.764103
0.201549, 0.770707
0.222637, 0.777363
0.243453, 0.784003
0.264299, 0.790441
0.285412, 0.796459
0.306923, 0.801873
0.32886, 0.806565
0.351175, 0.810492
0.37378, 0.813672
0.396582, 0.816162
0.419501, 0.818037
0.44248, 0.819368
0.465484, 0.820219
0.488494, 0.820633
0.511506, 0.820633
0.534516, 0.820219
0.55752, 0.819368
0.580499, 0.818037
0.603418, 0.816162
0.62622, 0.813672
0.648825, 0.810492
0.67114, 0.806565
0.693077, 0.801873
0.714588, 0.796459
0.735701, 0.790441
0.756547, 0.784003
0.777363, 0.777363
0.798451, 0.770707
0.820075, 0.764103
0.842361, 0.757458
0.865277, 0.75056
0.888686, 0.743151
0.912389, 0.734969
0.936259, 0.725851
0.0725223, 0.743982
0.0956981, 0.753972
0.11876, 0.762937
0.141639, 0.77101
0.164201, 0.778404
0.186348, 0.785328
0.208034, 0.791966
0.229293, 0.798451
0.25024, 0.804827
0.27105, 0.811038
0.291897, 0.816969
0.312915, 0.822484
0.334182, 0.827467
0.355722, 0.831838
0.377517, 0.835551
0.399528, 0.838596
0.421705, 0.840984
0.444, 0.842741
0.466372, 0.843894
0.488786, 0.844464
0.511214, 0.844464
0.533628, 0.843894
0.556, 0.842741
0.578295, 0.840984
0.600472, 0.838596
0.622483, 0.835551
0.644278, 0.831838
0.665818, 0.827467
0.687085, 0.822484
0.708103, 0.816969
0.72895, 0.811038
0.74976, 0.804827
0.770707, 0.798451
0.791966, 0.791966
0.813652, 0.785328
0.835799, 0.778404
0.858361, 0.77101
0.88124, 0.762937
0.904302, 0.753972
0.927478, 0.743982
0.0822018, 0.762125
0.104643, 0.773009
0.127007, 0.782787
0.149268, 0.791571
0.171339, 0.799536
0.193153, 0.806847
0.214672, 0.813652
0.235897, 0.820075
0.256867, 0.826198
0.277657, 0.832051
0.298363, 0.837612
0.31908, 0.842824
0.339882, 0.847614
0.360817, 0.851912
0.381904, 0.85566
0.403143, 0.858817
0.424518, 0.861358
0.446004, 0.863269
0.46757, 0.864543
0.489185, 0.86518
0.510815, 0.86518
0.53243, 0.864543
0.553996, 0.863269
0.575482, 0.861358
0.596857, 0.858817
0.618096, 0.85566
0.639183, 0.851912
0.660118, 0.847614
0.68092, 0.842824
0.701637, 0.837612
0.722343, 0.832051
0.743133, 0.826198
0.764103, 0.820075
0.785328, 0.813652
0.806847, 0.806847
0.828661, 0.799536
0.850732, 0.791571
0.872993, 0.782787
0.895357, 0.773009
0.917798, 0.762125
0.0928474, 0.780279
0.114517, 0.792074
0.136132, 0.802693
0.157696, 0.812234
0.179155, 0.820845
0.200464, 0.828661
0.221596, 0.835799
0.242542, 0.842361
0.263313, 0.848427
0.283934, 0.854053
0.304447, 0.859267
0.324896, 0.864073
0.345328, 0.868453
0.365779, 0.872378
0.386276, 0.875815
0.406834, 0.878729
0.427456, 0.881094
0.448136, 0.882886
0.468862, 0.88409
0.489617, 0.884694
0.510383, 0.884694
0.531138, 0.88409
0.551864, 0.882886
0.572544, 0.881094
0.593166, 0.878729
0.613724, 0.875815
0.634221, 0.872378
0.654672, 0.868453
0.675104, 0.864073
0.695553, 0.859267
0.716066, 0.854053
0.736687, 0.848427
0.757458, 0.842361
0.778404, 0.835799
0.799536, 0.828661
0.820845, 0.820845
0.842304, 0.812234
0.863868, 0.802693
0.885483, 0.792074
0.907153, 0.780279
0.104541, 0.798443
0.125403, 0.811161
0.146223, 0.822641
0.167021, 0.832979
0.187766, 0.842304
0.208429, 0.850732
0.22899, 0.858361
0.24944, 0.865277
0.269779, 0.87155
0.290012, 0.877236
0.310155, 0.882376
0.330223, 0.887
0.350238, 0.891124
0.370217, 0.894754
0.390177, 0.897887
0.410132, 0.900519
0.43009, 0.902639
0.450056, 0.904238
0.47003, 0.905309
0.490009, 0.905847
0.509991, 0.905847
0.52997, 0.905309
0.549944, 0.904238
0.56991, 0.902639
0.589868, 0.900519
0.609823, 0.897887
0.629783, 0.894754
0.649762, 0.891124
0.669777, 0.887
0.689845, 0.882376
0.709988, 0.877236
0.730221, 0.87155
0.75056, 0.865277
0.77101, 0.858361
0.791571, 0.850732
0.812234, 0.842304
0.832979, 0.832979
0.853777, 0.822641
0.874597, 0.811161
0.895459, 0.798443
0.117383, 0.816614
0.137402, 0.830261
0.157385, 0.842615
0.177359, 0.853777
0.197307, 0.863868
0.217213, 0.872993
0.237063, 0.88124
0.256849, 0.888686
0.276569, 0.895392
0.296221, 0.901413
0.31581, 0.906792
0.33534, 0.911565
0.354818, 0.91576
0.374253, 0.919399
0.393651, 0.922498
0.413021, 0.925067
0.43237, 0.927116
0.451703, 0.92865
0.471026, 0.92967
0.490343, 0.93018
0.509657, 0.93018
0.528974, 0.92967
0.548297, 0.92865
0.56763, 0.927116
0.586979, 0.925067
0.606349, 0.922498
0.625747, 0.919399
0.645182, 0.91576
0.66466, 0.911565
0.68419, 0.906792
0.703779, 0.901413
0.723431, 0.895392
0.743151, 0.888686
0.762937, 0.88124
0.782787, 0.872993
0.802693, 0.863868
0.822641, 0.853777
0.842615, 0.842615
0.862598, 0.830261
0.882617, 0.816614
0.131496, 0.83479
0.150636, 0.849364
0.169739, 0.862598
0.188839, 0.874597
0.207926, 0.885483
0.226991, 0.895357
0.246028, 0.904302
0.265031, 0.912389
0.283999, 0.919676
0.30293, 0.926215
0.321824, 0.932046
0.340683, 0.937207
0.359509, 0.941728
0.378305, 0.945635
0.397074, 0.948947
0.415819, 0.951684
0.434546, 0.953857
0.453258, 0.955479
0.471959, 0.956556
0.490654, 0.957093
0.509346, 0.957093
0.528041, 0.956556
0.546742, 0.955479
0.565454, 0.953857
0.584181, 0.951684
0.602926, 0.948947
0.621695, 0.945635
0.640491, 0.941728
0.659317, 0.937207
0.678176, 0.932046
0.69707, 0.926215
0.716001, 0.919676
0.734969, 0.912389
0.753972, 0.904302
0.773009, 0.895357
0.792074, 0.885483
0.811161, 0.874597
0.830261, 0.862598
0.849364, 0.849364
0.868504, 0.83479
0.147035, 0.852965
0.16521, 0.868504
0.183386, 0.882617
0.201557, 0.895459
0.219721, 0.907153
0.237875, 0.917798
0.256018, 0.927478
0.274149, 0.936259
0.292268, 0.944197
0.310376, 0.951341
0.328473, 0.95773
0.34656, 0.963397
0.364636, 0.968371
0.382704, 0.972676
0.400763, 0.976332
0.418816, 0.979355
0.436863, 0.981758
0.454905, 0.983551
0.472945, 0.984743
0.490982, 0.985337
0.509018, 0.985337
0.527055, 0.984743
0.545095, 0.983551
0.563137, 0.981758
0.581184, 0.979355
0.599237, 0.976332
0.617296, 0.972676
0.635364, 0.968371
0.65344, 0.963397
0.671527, 0.95773
0.689624, 0.951341
0.707732, 0.944197
0.725851, 0.936259
0.743982, 0.927478
0.762125, 0.917798
0.780279, 0.907153
0.798443, 0.895459
0.816614, 0.882617
0.83479, 0.868504
0.852965, 0.852965
