0.146447, 0.146447
0.164124, 0.129612
0.181802, 0.114319
0.19948, 0.100391
0.217157, 0.0876894
0.234835, 0.0761044
0.252513, 0.0655463
0.27019, 0.055942
0.287868, 0.0472307
0.305546, 0.0393619
0.323223, 0.0322928
0.340901, 0.0259879
0.358579, 0.0204168
0.376256, 0.0155544
0.393934, 0.0113795
0.411612, 0.00787451
0.429289, 0.00502525
0.446967, 0.00282045
0.464645, 0.00125157
0.482322, 0.000312598
0.5, 0
0.517678, 0.000312598
0.535355, 0.00125157
0.553033, 0.00282045
0.570711, 0.00502525
0.588388, 0.00787451
0.606066, 0.0113795
0.623744, 0.0155544
0.641421, 0.0204168
0.659099, 0.0259879
0.676777, 0.0322928
0.694454, 0.0393619
0.712132, 0.0472307
0.72981, 0.055942
0.747487, 0.0655463
0.765165, 0.0761044
0.782843, 0.0876894
0.80052, 0.100391
0.818198, 0.114319
0.835876, 0.129612
0.853553, 0.146447
0.129612, 0.164124
0.148453, 0.148453
0.167107, 0.134109
0.185762, 0.121094
0.20441, 0.10927
0.223044, 0.0985254
0.24166, 0.088771
0.260255, 0.079931
0.278826, 0.0719421
0.297371, 0.064751
0.315891, 0.058312
0.334386, 0.0525867
0.352856, 0.047542
0.371303, 0.0431502
0.389729, 0.0393879
0.408137, 0.0362354
0.426529, 0.0336769
0.444909, 0.0316997
0.463278, 0.0302942
0.481641, 0.0294536
0.5, 0.0291738
0.518359, 0.0294536
0.536722, 0.0302942
0.555091, 0.0316997
0.573471, 0.0336769
0.591863, 0.0362354
0.610271, 0.0393879
0.628697, 0.0431502
0.647144, 0.047542
0.665614, 0.0525867
0.684109, 0.058312
0.702629, 0.064751
0.721174, 0.0719421
0.739745, 0.079931
0.75834, 0.088771
0.776956, 0.0985254
0.79559, 0.10927
0.814238, 0.121094
0.832893, 0.134109
0.851547, 0.148453
0.870388, 0.164124
0.114319, 0.181802
0.134109, 0.167107
0.153688, 0.153688
0.173249, 0.141541
0.1928, 0.130549
0.212324, 0.1206
0.231812, 0.111601
0.251254, 0.103473
0.270645, 0.0961479
0.289983, 0.0895694
0.309266, 0.0836888
0.328498, 0.0784656
0.34768, 0.0738658
0.366818, 0.0698612
0.385916, 0.0664293
0.404981, 0.0635517
0.424017, 0.0612143
0.443032, 0.0594065
0.46203, 0.0581204
0.481018, 0.0573507
0.5, 0.0570945
0.518982, 0.0573507
0.53797, 0.0581204
0.556968, 0.0594065
0.575983, 0.0612143
0.595019, 0.0635517
0.614084, 0.0664293
0.633182, 0.0698612
0.65232, 0.0738658
0.671502, 0.0784656
0.690734, 0.0836888
0.710017, 0.0895694
0.729355, 0.0961479
0.748746, 0.103473
0.768188, 0.111601
0.787676, 0.1206
0.8072, 0.130549
0.826751, 0.141541
0.846312, 0.153688
0.865891, 0.167107
0.885681, 0.181802
0.100391, 0.19948
0.121094, 0.185762
0.141541, 0.173249
0.161968, 0.161968
0.18237, 0.151797
0.202723, 0.14262
0.223004, 0.134332
0.2432, 0.126847
0.263304, 0.12009
0.283316, 0.113999
0.30324, 0.108524
0.323086, 0.103624
0.342864, 0.0992707
0.362587, 0.0954437
0.382269, 0.0921305
0.40192, 0.0893251
0.421552, 0.0870255
0.441171, 0.085233
0.460783, 0.0839499
0.480392, 0.0831788
0.5, 0.0829215
0.519608, 0.0831788
0.539217, 0.0839499
0.558829, 0.085233
0.578448, 0.0870255
0.59808, 0.0893251
0.617731, 0.0921305
0.637413, 0.0954437
0.657136, 0.0992707
0.676914, 0.103624
0.69676, 0.108524
0.716684, 0.113999
0.736696, 0.12009
0.7568, 0.126847
0.776996, 0.134332
0.797277, 0.14262
0.81763, 0.151797
0.838032, 0.161968
0.858459, 0.173249
0.878906, 0.185762
0.899609, 0.19948
0.0876894, 0.217157
0.10927, 0.20441
0.130549, 0.1928
0.151797, 0.18237
0.172991, 0.172991
0.194084, 0.164525
0.215046, 0.156855
0.235857, 0.149878
0.256515, 0.143505
0.277027, 0.137667
0.297414, 0.132316
0.317706, 0.127422
0.337934, 0.122976
0.35813, 0.118982
0.378322, 0.115457
0.39853, 0.112424
0.418767, 0.109905
0.439037, 0.107922
0.459338, 0.106493
0.479663, 0.10563
0.5, 0.105342
0.520337, 0.10563
0.540662, 0.106493
0.560963, 0.107922
0.581233, 0.109905
0.60147, 0.112424
0.621678, 0.115457
0.64187, 0.118982
0.662066, 0.122976
0.682294, 0.127422
0.702586, 0.132316
0.722973, 0.137667
0.743485, 0.143505
0.764143, 0.149878
0.784954, 0.156855
0.805916, 0.164525
0.827009, 0.172991
0.848203, 0.18237
0.869451, 0.1928
0.89073, 0.20441
0.912311, 0.217157
0.0761044, 0.234835
0.0985254, 0.223044
0.1206, 0.212324
0.14262, 0.202723
0.164525, 0.194084
0.186247, 0.186247
0.207737, 0.179064
0.228973, 0.172405
0.249963, 0.166167
0.270744, 0.16028
0.291376, 0.154716
0.311932, 0.149489
0.332484, 0.144639
0.353089, 0.140221
0.373786, 0.136292
0.394594, 0.132902
0.415515, 0.130087
0.436539, 0.127876
0.457645, 0.126286
0.478808, 0.125329
0.5, 0.125009
0.521192, 0.125329
0.542355, 0.126286
0.563461, 0.127876
0.584485, 0.130087
0.605406, 0.132902
0.626214, 0.136292
0.646911, 0.140221
0.667516, 0.144639
0.688068, 0.149489
0.708624, 0.154716
0.729256, 0.16028
0.750037, 0.166167
0.771027, 0.172405
0.792263, 0.179064
0.813753, 0.186247
0.835475, 0.194084
0.85738, 0.202723
0.8794, 0.212324
0.901475, 0.223044
0.923896, 0.234835
0.0655463, 0.252513
0.088771, 0.24166
0.111601, 0.231812
0.134332, 0.223004
0.156855, 0.215046
0.179064, 0.207737
0.200888, 0.200888
0.22231, 0.194339
0.243376, 0.187983
0.264193, 0.181791
0.284901, 0.175811
0.30564, 0.170139
0.326515, 0.164883
0.347591, 0.16014
0.368888, 0.155978
0.3904, 0.152443
0.412099, 0.149557
0.433947, 0.147323
0.455905, 0.145738
0.477935, 0.144791
0.5, 0.144477
0.522065, 0.144791
0.544095, 0.145738
0.566053, 0.147323
0.587901, 0.149557
0.6096, 0.152443
0.631112, 0.155978
0.652409, 0.16014
0.673485, 0.164883
0.69436, 0.170139
0.715099, 0.175811
0.735807, 0.181791
0.756624, 0.187983
0.77769, 0.194339
0.799112, 0.200888
0.820936, 0.207737
0.843145, 0.215046
0.865668, 0.223004
0.888399, 0.231812
0.911229, 0.24166
0.934454, 0.252513
0.055942, 0.27019
0.079931, 0.260255
0.103473, 0.251254
0.126847, 0.2432
0.149878, 0.235857
0.172405, 0.228973
0.194339, 0.22231
0.215695, 0.215695
0.236619, 0.209072
0.257348, 0.202524
0.278127, 0.196214
0.299142, 0.190322
0.320493, 0.184998
0.342206, 0.180342
0.364249, 0.1764
0.386561, 0.173174
0.40907, 0.170631
0.431713, 0.168726
0.454439, 0.167408
0.47721, 0.166635
0.5, 0.166381
0.52279, 0.166635
0.545561, 0.167408
0.568287, 0.168726
0.59093, 0.170631
0.613439, 0.173174
0.635751, 0.1764
0.657794, 0.180342
0.679507, 0.184998
0.700858, 0.190322
0.721873, 0.196214
0.742652, 0.202524
0.763381, 0.209072
0.784305, 0.215695
0.805661, 0.22231
0.827595, 0.228973
0.850122, 0.235857
0.873153, 0.2432
0.896527, 0.251254
0.920069, 0.260255
0.944058, 0.27019
0.0472307, 0.287868
0.0719421, 0.278826
0.0961479, 0.270645
0.12009, 0.263304
0.143505, 0.256515
0.166167, 0.249963
0.187983, 0.243376
0.209072, 0.236619
0.229764, 0.229764
0.250458, 0.223045
0.271475, 0.216734
0.292997, 0.211066
0.315066, 0.206192
0.337615, 0.202168
0.36052, 0.198962
0.383651, 0.196492
0.406899, 0.194655
0.430188, 0.193347
0.453475, 0.192481
0.476744, 0.19199
0.5, 0.19183
0.523256, 0.19199
0.546525, 0.192481
0.569812, 0.193347
0.593101, 0.194655
0.616349, 0.196492
0.63948, 0.198962
0.662385, 0.202168
0.684934, 0.206192
0.707003, 0.211066
0.728525, 0.216734
0.749542, 0.223045
0.770236, 0.229764
0.790928, 0.236619
0.812017, 0.243376
0.833833, 0.249963
0.856495, 0.256515
0.87991, 0.263304
0.903852, 0.270645
0.928058, 0.278826
0.952769, 0.287868
0.0393619, 0.305546
0.064751, 0.297371
0.0895694, 0.289983
0.113999, 0.283316
0.137667, 0.277027
0.16028, 0.270744
0.181791, 0.264193
0.202524, 0.257348
0.223045, 0.250458
0.243896, 0.243896
0.265427, 0.238016
0.287749, 0.233057
0.310763, 0.229102
0.334264, 0.226094
0.358031, 0.223902
0.381887, 0.222371
0.40571, 0.22135
0.429434, 0.220705
0.45304, 0.220325
0.476548, 0.22013
0.5, 0.220071
0.523452, 0.22013
0.54696, 0.220325
0.570566, 0.220705
0.59429, 0.22135
0.618113, 0.222371
0.641969, 0.223902
0.665736, 0.226094
0.689237, 0.229102
0.712251, 0.233057
0.734573, 0.238016
0.756104, 0.243896
0.776955, 0.250458
0.797476, 0.257348
0.818209, 0.264193
0.83972, 0.270744
0.862333, 0.277027
0.886001, 0.283316
0.910431, 0.289983
0.935249, 0.297371
0.960638, 0.305546
0.0322928, 0.323223
0.058312, 0.315891
0.0836888, 0.309266
0.108524, 0.30324
0.132316, 0.297414
0.154716, 0.291376
0.175811, 0.284901
0.196214, 0.278127
0.216734, 0.271475
0.238016, 0.265427
0.260362, 0.260362
0.283711, 0.256439
0.307769, 0.253606
0.332204, 0.251704
0.356737, 0.250538
0.38117, 0.249915
0.405388, 0.24966
0.429345, 0.249621
0.453056, 0.249679
0.476579, 0.249748
0.5, 0.249776
0.523421, 0.249748
0.546944, 0.249679
0.570655, 0.249621
0.594612, 0.24966
0.61883, 0.249915
0.643263, 0.250538
0.667796, 0.251704
0.692231, 0.253606
0.716289, 0.256439
0.739638, 0.260362
0.761984, 0.265427
0.783266, 0.271475
0.803786, 0.278127
0.824189, 0.284901
0.845284, 0.291376
0.867684, 0.297414
0.891476, 0.30324
0.916311, 0.309266
0.941688, 0.315891
0.967707, 0.323223
0.0259879, 0.340901
0.0525867, 0.334386
0.0784656, 0.328498
0.103624, 0.323086
0.127422, 0.317706
0.149489, 0.311932
0.170139, 0.30564
0.190322, 0.299142
0.211066, 0.292997
0.233057, 0.287749
0.256439, 0.283711
0.280901, 0.280901
0.30598, 0.279159
0.331262, 0.278269
0.356434, 0.278005
0.381294, 0.278152
0.405738, 0.278518
0.429753, 0.278942
0.453395, 0.279313
0.476767, 0.279557
0.5, 0.279642
0.523233, 0.279557
0.546605, 0.279313
0.570247, 0.278942
0.594262, 0.278518
0.618706, 0.278152
0.643566, 0.278005
0.668738, 0.278269
0.69402, 0.279159
0.719099, 0.280901
0.743561, 0.283711
0.766943, 0.287749
0.788934, 0.292997
0.809678, 0.299142
0.829861, 0.30564
0.850511, 0.311932
0.872578, 0.317706
0.896376, 0.323086
0.921534, 0.328498
0.947413, 0.334386
0.974012, 0.340901
0.0204168, 0.358579
0.047542, 0.352856
0.0738658, 0.34768
0.0992707, 0.342864
0.122976, 0.337934
0.144639, 0.332484
0.164883, 0.326515
0.184998, 0.320493
0.206192, 0.315066
0.229102, 0.310763
0.253606, 0.307769
0.279159, 0.30598
0.305179, 0.305179
0.331195, 0.305121
0.356868, 0.305555
0.381991, 0.306239
0.406489, 0.306962
0.430401, 0.307572
0.45385, 0.307996
0.476997, 0.30823
0.5, 0.308302
0.523003, 0.30823
0.54615, 0.307996
0.569599, 0.307572
0.593511, 0.306962
0.618009, 0.306239
0.643132, 0.305555
0.668805, 0.305121
0.694821, 0.305179
0.720841, 0.30598
0.746394, 0.307769
0.770898, 0.310763
0.793808, 0.315066
0.815002, 0.320493
0.835117, 0.326515
0.855361, 0.332484
0.877024, 0.337934
0.900729, 0.342864
0.926134, 0.34768
0.952458, 0.352856
0.979583, 0.358579
0.0155544, 0.376256
0.0431502, 0.371303
0.0698612, 0.366818
0.0954437, 0.362587
0.118982, 0.35813
0.140221, 0.353089
0.16014, 0.347591
0.180342, 0.342206
0.202168, 0.337615
0.226094, 0.334264
0.251704, 0.332204
0.278269, 0.331262
0.305121, 0.331195
0.331733, 0.331733
0.35773, 0.332585
0.382904, 0.333459
0.407233, 0.334112
0.430868, 0.334421
0.454061, 0.334423
0.477057, 0.334293
0.5, 0.334222
0.522943, 0.334293
0.545939, 0.334423
0.569132, 0.334421
0.592767, 0.334112
0.617096, 0.333459
0.64227, 0.332585
0.668267, 0.331733
0.694879, 0.331195
0.721731, 0.331262
0.748296, 0.332204
0.773906, 0.334264
0.797832, 0.337615
0.819658, 0.342206
0.83986, 0.347591
0.859779, 0.353089
0.881018, 0.35813
0.904556, 0.362587
0.930139, 0.366818
0.95685, 0.371303
0.984446, 0.376256
0.0113795, 0.393934
0.0393879, 0.389729
0.0664293, 0.385916
0.0921305, 0.382269
0.115457, 0.378322
0.136292, 0.373786
0.155978, 0.368888
0.1764, 0.364249
0.198962, 0.36052
0.223902, 0.358031
0.250538, 0.356737
0.278005, 0.356434
0.305555, 0.356868
0.332585, 0.35773
0.358659, 0.358659
0.383566, 0.35927
0.407396, 0.359269
0.430537, 0.358611
0.453502, 0.357588
0.476646, 0.356684
0.5, 0.356328
0.523354, 0.356684
0.546498, 0.357588
0.569463, 0.358611
0.592604, 0.359269
0.616434, 0.35927
0.641341, 0.358659
0.667415, 0.35773
0.694445, 0.356868
0.721995, 0.356434
0.749462, 0.356737
0.776098, 0.358031
0.801038, 0.36052
0.8236, 0.364249
0.844022, 0.368888
0.863708, 0.373786
0.884543, 0.378322
0.907869, 0.382269
0.933571, 0.385916
0.960612, 0.389729
0.988621, 0.393934
0.00787451, 0.411612
0.0362354, 0.408137
0.0635517, 0.404981
0.0893251, 0.40192
0.112424, 0.39853
0.132902, 0.394594
0.152443, 0.3904
0.173174, 0.386561
0.196492, 0.383651
0.222371, 0.381887
0.249915, 0.38117
0.278152, 0.381294
0.306239, 0.381991
0.333459, 0.382904
0.35927, 0.383566
0.383464, 0.383464
0.406384, 0.382295
0.428883, 0.380253
0.451831, 0.377982
0.475611, 0.376234
0.5, 0.375582
0.524389, 0.376234
0.548169, 0.377982
0.571117, 0.380253
0.593616, 0.382295
0.616536, 0.383464
0.64073, 0.383566
0.666541, 0.382904
0.693761, 0.381991
0.721848, 0.381294
0.750085, 0.38117
0.777629, 0.381887
0.803508, 0.383651
0.826826, 0.386561
0.847557, 0.3904
0.867098, 0.394594
0.887576, 0.39853
0.910675, 0.40192
0.936448, 0.404981
0.963765, 0.408137
0.992125, 0.411612
0.00502525, 0.429289
0.0336769, 0.426529
0.0612143, 0.424017
0.0870255, 0.421552
0.109905, 0.418767
0.130087, 0.415515
0.149557, 0.412099
0.170631, 0.40907
0.194655, 0.406899
0.22135, 0.40571
0.24966, 0.405388
0.278518, 0.405738
0.306962, 0.406489
0.334112, 0.407233
0.359269, 0.407396
0.382295, 0.406384
0.404048, 0.404048
0.425984, 0.400886
0.449235, 0.397741
0.474094, 0.395465
0.5, 0.394642
0.525906, 0.395465
0.550765, 0.397741
0.574016, 0.400886
0.595952, 0.404048
0.617705, 0.406384
0.640731, 0.407396
0.665888, 0.407233
0.693038, 0.406489
0.721482, 0.405738
0.75034, 0.405388
0.77865, 0.40571
0.805345, 0.406899
0.829369, 0.40907
0.850443, 0.412099
0.869913, 0.415515
0.890095, 0.418767
0.912974, 0.421552
0.938786, 0.424017
0.966323, 0.426529
0.994975, 0.429289
0.00282045, 0.446967
0.0316997, 0.444909
0.0594065, 0.443032
0.085233, 0.441171
0.107922, 0.439037
0.127876, 0.436539
0.147323, 0.433947
0.168726, 0.431713
0.193347, 0.430188
0.220705, 0.429434
0.249621, 0.429345
0.278942, 0.429753
0.307572, 0.430401
0.334421, 0.430868
0.358611, 0.430537
0.380253, 0.428883
0.400886, 0.425984
0.422464, 0.422464
0.446289, 0.419205
0.472454, 0.416996
0.5, 0.416229
0.527546, 0.416996
0.553711, 0.419205
0.577536, 0.422464
0.599114, 0.425984
0.619747, 0.428883
0.641389, 0.430537
0.665579, 0.430868
0.692428, 0.430401
0.721058, 0.429753
0.750379, 0.429345
0.779295, 0.429434
0.806653, 0.430188
0.831274, 0.431713
0.852677, 0.433947
0.872124, 0.436539
0.892078, 0.439037
0.914767, 0.441171
0.940594, 0.443032
0.9683, 0.444909
0.99718, 0.446967
0.00125157, 0.464645
0.0302942, 0.463278
0.0581204, 0.46203
0.0839499, 0.460783
0.106493, 0.459338
0.126286, 0.457645
0.145738, 0.455905
0.167408, 0.454439
0.192481, 0.453475
0.220325, 0.45304
0.249679, 0.453056
0.279313, 0.453395
0.307996, 0.45385
0.334423, 0.454061
0.357588, 0.453502
0.377982, 0.451831
0.397741, 0.449235
0.419205, 0.446289
0.44376, 0.44376
0.471129, 0.442162
0.5, 0.441628
0.528871, 0.442162
0.55624, 0.44376
0.580795, 0.446289
0.602259, 0.449235
0.622018, 0.451831
0.642412, 0.453502
0.665577, 0.454061
0.692004, 0.45385
0.720687, 0.453395
0.750321, 0.453056
0.779675, 0.45304
0.807519, 0.453475
0.832592, 0.454439
0.854262, 0.455905
0.873714, 0.457645
0.893507, 0.459338
0.91605, 0.460783
0.94188, 0.46203
0.969706, 0.463278
0.998748, 0.464645
0.000312598, 0.482322
0.0294536, 0.481641
0.0573507, 0.481018
0.0831788, 0.480392
0.10563, 0.479663
0.125329, 0.478808
0.144791, 0.477935
0.166635, 0.47721
0.19199, 0.476744
0.22013, 0.476548
0.249748, 0.476579
0.279557, 0.476767
0.30823, 0.476997
0.334293, 0.477057
0.356684, 0.476646
0.376234, 0.475611
0.395465, 0.474094
0.416996, 0.472454
0.442162, 0.471129
0.470326, 0.470326
0.5, 0.470063
0.529674, 0.470326
0.557838, 0.471129
0.583004, 0.472454
0.604535, 0.474094
0.623766, 0.475611
0.643316, 0.476646
0.665707, 0.477057
0.69177, 0.476997
0.720443, 0.476767
0.750252, 0.476579
0.77987, 0.476548
0.80801, 0.476744
0.833365, 0.47721
0.855209, 0.477935
0.874671, 0.478808
0.89437, 0.479663
0.916821, 0.480392
0.942649, 0.481018
0.970546, 0.481641
0.999687, 0.482322
0, 0.5
0.0291738, 0.5
0.0570945, 0.5
0.0829215, 0.5
0.105342, 0.5
0.125009, 0.5
0.144477, 0.5
0.166381, 0.5
0.19183, 0.5
0.220071, 0.5
0.249776, 0.5
0.279642, 0.5
0.308302, 0.5
0.334222, 0.5
0.356328, 0.5
0.375582, 0.5
0.394642, 0.5
0.416229, 0.5
0.441628, 0.5
0.470063, 0.5
0.5, 0.5
0.529937, 0.5
0.558372, 0.5
0.583771, 0.5
0.605358, 0.5
0.624418, 0.5
0.643672, 0.5
0.665778, 0.5
0.691698, 0.5
0.720358, 0.5
0.750224, 0.5
0.779929, 0.5
0.80817, 0.5
0.833619, 0.5
0.855523, 0.5
0.874991, 0.5
0.894658, 0.5
0.917079, 0.5
0.942906, 0.5
0.970826, 0.5
1, 0.5
0.000312598, 0.517678
0.0294536, 0.518359
0.0573507, 0.518982
0.0831788, 0.519608
0.10563, 0.520337
0.125329, 0.521192
0.144791, 0.522065
0.166635, 0.52279
0.19199, 0.523256
0.22013, 0.523452
0.249748, 0.523421
0.279557, 0.523233
0.30823, 0.523003
0.334293, 0.522943
0.356684, 0.523354
0.376234, 0.524389
0.395465, 0.525906
0.416996, 0.527546
0.442162, 0.528871
0.470326, 0.529674
0.5, 0.529937
0.529674, 0.529674
0.557838, 0.528871
0.583004, 0.527546
0.604535, 0.525906
0.623766, 0.524389
0.643316, 0.523354
0.665707, 0.522943
0.69177, 0.523003
0.720443, 0.523233
0.750252, 0.523421
0.77987, 0.523452
0.80801, 0.523256
0.833365, 0.52279
0.855209, 0.522065
0.874671, 0.521192
0.89437, 0.520337
0.916821, 0.519608
0.942649, 0.518982
0.970546, 0.518359
0.999687, 0.517678
0.00125157, 0.535355
0.0302942, 0.536722
0.0581204, 0.53797
0.0839499, 0.539217
0.106493, 0.540662
0.126286, 0.542355
0.145738, 0.544095
0.167408, 0.545561
0.192481, 0.546525
0.220325, 0.54696
0.249679, 0.546944
0.279313, 0.546605
0.307996, 0.54615
0.334423, 0.545939
0.357588, 0.546498
0.377982, 0.548169
0.397741, 0.550765
0.419205, 0.553711
0.44376, 0.55624
0.471129, 0.557838
0.5, 0.558372
0.528871, 0.557838
0.55624, 0.55624
0.580795, 0.553711
0.602259, 0.550765
0.622018, 0.548169
0.642412, 0.546498
0.665577, 0.545939
0.692004, 0.54615
0.720687, 0.546605
0.750321, 0.546944
0.779675, 0.54696
0.807519, 0.546525
0.832592, 0.545561
0.854262, 0.544095
0.873714, 0.542355
0.893507, 0.540662
0.91605, 0.539217
0.94188, 0.53797
0.969706, 0.536722
0.998748, 0.535355
0.00282045, 0.553033
0.0316997, 0.555091
0.0594065, 0.556968
0.085233, 0.558829
0.107922, 0.560963
0.127876, 0.563461
0.147323, 0.566053
0.168726, 0.568287
0.193347, 0.569812
0.220705, 0.570566
0.249621, 0.570655
0.278942, 0.570247
0.307572, 0.569599
0.334421, 0.569132
0.358611, 0.569463
0.380253, 0.571117
0.400886, 0.574016
0.422464, 0.577536
0.446289, 0.580795
0.472454, 0.583004
0.5, 0.583771
0.527546, 0.583004
0.553711, 0.580795
0.577536, 0.577536
0.599114, 0.574016
0.619747, 0.571117
0.641389, 0.569463
0.665579, 0.569132
0.692428, 0.569599
0.721058, 0.570247
0.750379, 0.570655
0.779295, 0.570566
0.806653, 0.569812
0.831274, 0.568287
0.852677, 0.566053
0.872124, 0.563461
0.892078, 0.560963
0.914767, 0.558829
0.940594, 0.556968
0.9683, 0.555091
0.99718, 0.553033
0.00502525, 0.570711
0.0336769, 0.573471
0.0612143, 0.575983
0.0870255, 0.578448
0.109905, 0.581233
0.130087, 0.584485
0.149557, 0.587901
0.170631, 0.59093
0.194655, 0.593101
0.22135, 0.59429
0.24966, 0.594612
0.278518, 0.594262
0.306962, 0.593511
0.334112, 0.592767
0.359269, 0.592604
0.382295, 0.593616
0.404048, 0.595952
0.425984, 0.599114
0.449235, 0.602259
0.474094, 0.604535
0.5, 0.605358
0.525906, 0.604535
0.550765, 0.602259
0.574016, 0.599114
0.595952, 0.595952
0.617705, 0.593616
0.640731, 0.592604
0.665888, 0.592767
0.693038, 0.593511
0.721482, 0.594262
0.75034, 0.594612
0.77865, 0.59429
0.805345, 0.593101
0.829369, 0.59093
0.850443, 0.587901
0.869913, 0.584485
0.890095, 0.581233
0.912974, 0.578448
0.938786, 0.575983
0.966323, 0.573471
0.994975, 0.570711
0.00787451, 0.588388
0.0362354, 0.591863
0.0635517, 0.595019
0.0893251, 0.59808
0.112424, 0.60147
0.132902, 0.605406
0.152443, 0.6096
0.173174, 0.613439
0.196492, 0.616349
0.222371, 0.618113
0.249915, 0.61883
0.278152, 0.618706
0.306239, 0.618009
0.333459, 0.617096
0.35927, 0.616434
0.383464, 0.616536
0.406384, 0.617705
0.428883, 0.619747
0.451831, 0.622018
0.475611, 0.623766
0.5, 0.624418
0.524389, 0.623766
0.548169, 0.622018
0.571117, 0.619747
0.593616, 0.617705
0.616536, 0.616536
0.64073, 0.616434
0.666541, 0.617096
0.693761, 0.618009
0.721848, 0.618706
0.750085, 0.61883
0.777629, 0.618113
0.803508, 0.616349
0.826826, 0.613439
0.847557, 0.6096
0.867098, 0.605406
0.887576, 0.60147
0.910675, 0.59808
0.936448, 0.595019
0.963765, 0.591863
0.992125, 0.588388
0.0113795, 0.606066
0.0393879, 0.610271
0.0664293, 0.614084
0.0921305, 0.617731
0.115457, 0.621678
0.136292, 0.626214
0.155978, 0.631112
0.1764, 0.635751
0.198962, 0.63948
0.223902, 0.641969
0.250538, 0.643263
0.278005, 0.643566
0.305555, 0.643132
0.332585, 0.64227
0.358659, 0.641341
0.383566, 0.64073
0.407396, 0.640731
0.430537, 0.641389
0.453502, 0.642412
0.476646, 0.643316
0.5, 0.643672
0.523354, 0.643316
0.546498, 0.642412
0.569463, 0.641389
0.592604, 0.640731
0.616434, 0.64073
0.641341, 0.641341
0.667415, 0.64227
0.694445, 0.643132
0.721995, 0.643566
0.749462, 0.643263
0.776098, 0.641969
0.801038, 0.63948
0.8236, 0.635751
0.844022, 0.631112
0.863708, 0.626214
0.884543, 0.621678
0.907869, 0.617731
0.933571, 0.614084
0.960612, 0.610271
0.988621, 0.606066
0.0155544, 0.623744
0.0431502, 0.628697
0.0698612, 0.633182
0.0954437, 0.637413
0.118982, 0.64187
0.140221, 0.646911
0.16014, 0.652409
0.180342, 0.657794
0.202168, 0.662385
0.226094, 0.665736
0.251704, 0.667796
0.278269, 0.668738
0.305121, 0.668805
0.331733, 0.668267
0.35773, 0.667415
0.382904, 0.666541
0.407233, 0.665888
0.430868, 0.665579
0.454061, 0.665577
0.477057, 0.665707
0.5, 0.665778
0.522943, 0.665707
0.545939, 0.665577
0.569132, 0.665579
0.592767, 0.665888
0.617096, 0.666541
0.64227, 0.667415
0.668267, 0.668267
0.694879, 0.668805
0.721731, 0.668738
0.748296, 0.667796
0.773906, 0.665736
0.797832, 0.662385
0.819658, 0.657794
0.83986, 0.652409
0.859779, 0.646911
0.881018, 0.64187
0.904556, 0.637413
0.930139, 0.633182
0.95685, 0.628697
0.984446, 0.623744
0.0204168, 0.641421
0.047542, 0.647144
0.0738658, 0.65232
0.0992707, 0.657136
0.122976, 0.662066
0.144639, 0.667516
0.164883, 0.673485
0.184998, 0.679507
0.206192, 0.684934
0.229102, 0.689237
0.253606, 0.692231
0.279159, 0.69402
0.305179, 0.694821
0.331195, 0.694879
0.356868, 0.694445
0.381991, 0.693761
0.406489, 0.693038
0.430401, 0.692428
0.45385, 0.692004
0.476997, 0.69177
0.5, 0.691698
0.523003, 0.69177
0.54615, 0.692004
0.569599, 0.692428
0.593511, 0.693038
0.618009, 0.693761
0.643132, 0.694445
0.668805, 0.694879
0.694821, 0.694821
0.720841, 0.69402
0.746394, 0.692231
0.770898, 0.689237
0.793808, 0.684934
0.815002, 0.679507
0.835117, 0.673485
0.855361, 0.667516
0.877024, 0.662066
0.900729, 0.657136
0.926134, 0.65232
0.952458, 0.647144
0.979583, 0.641421
0.0259879, 0.659099
0.0525867, 0.665614
0.0784656, 0.671502
0.103624, 0.676914
0.127422, 0.682294
0.149489, 0.688068
0.170139, 0.69436
0.190322, 0.700858
0.211066, 0.707003
0.233057, 0.712251
0.256439, 0.716289
0.280901, 0.719099
0.30598, 0.720841
0.331262, 0.721731
0.356434, 0.721995
0.381294, 0.721848
0.405738, 0.721482
0.429753, 0.721058
0.453395, 0.720687
0.476767, 0.720443
0.5, 0.720358
0.523233, 0.720443
0.546605, 0.720687
0.570247, 0.721058
0.594262, 0.721482
0.618706, 0.721848
0.643566, 0.721995
0.668738, 0.721731
0.69402, 0.720841
0.719099, 0.719099
0.743561, 0.716289
0.766943, 0.712251
0.788934, 0.707003
0.809678, 0.700858
0.829861, 0.69436
0.850511, 0.688068
0.872578, 0.682294
0.896376, 0.676914
0.921534, 0.671502
0.947413, 0.665614
0.974012, 0.659099
0.0322928, 0.676777
0.058312, 0.684109
0.0836888, 0.690734
0.108524, 0.69676
0.132316, 0.702586
0.154716, 0.708624
0.175811, 0.715099
0.196214, 0.721873
0.216734, 0.728525
0.238016, 0.734573
0.260362, 0.739638
0.283711, 0.743561
0.307769, 0.746394
0.332204, 0.748296
0.356737, 0.749462
0.38117, 0.750085
0.405388, 0.75034
0.429345, 0.750379
0.453056, 0.750321
0.476579, 0.750252
0.5, 0.750224
0.523421, 0.750252
0.546944, 0.750321
0.570655, 0.750379
0.594612, 0.75034
0.61883, 0.750085
0.643263, 0.749462
0.667796, 0.748296
0.692231, 0.746394
0.716289, 0.743561
0.739638, 0.739638
0.761984, 0.734573
0.783266, 0.728525
0.803786, 0.721873
0.824189, 0.715099
0.845284, 0.708624
0.867684, 0.702586
0.891476, 0.69676
0.916311, 0.690734
0.941688, 0.684109
0.967707, 0.676777
0.0393619, 0.694454
0.064751, 0.702629
0.0895694, 0.710017
0.113999, 0.716684
0.137667, 0.722973
0.16028, 0.729256
0.181791, 0.735807
0.202524, 0.742652
0.223045, 0.749542
0.243896, 0.756104
0.265427, 0.761984
0.287749, 0.766943
0.310763, 0.770898
0.334264, 0.773906
0.358031, 0.776098
0.381887, 0.777629
0.40571, 0.77865
0.429434, 0.779295
0.45304, 0.779675
0.476548, 0.77987
0.5, 0.779929
0.523452, 0.77987
0.54696, 0.779675
0.570566, 0.779295
0.59429, 0.77865
0.618113, 0.777629
0.641969, 0.776098
0.665736, 0.773906
0.689237, 0.770898
0.712251, 0.766943
0.734573, 0.761984
0.756104, 0.756104
0.776955, 0.749542
0.797476, 0.742652
0.818209, 0.735807
0.83972, 0.729256
0.862333, 0.722973
0.886001, 0.716684
0.910431, 0.710017
0.935249, 0.702629
0.960638, 0.694454
0.0472307, 0.712132
0.0719421, 0.721174
0.0961479, 0.729355
0.12009, 0.736696
0.143505, 0.743485
0.166167, 0.750037
0.187983, 0.756624
0.209072, 0.763381
0.229764, 0.770236
0.250458, 0.776955
0.271475, 0.783266
0.292997, 0.788934
0.315066, 0.793808
0.337615, 0.797832
0.36052, 0.801038
0.383651, 0.803508
0.406899, 0.805345
0.430188, 0.806653
0.453475, 0.807519
0.476744, 0.80801
0.5, 0.80817
0.523256, 0.80801
0.546525, 0.807519
0.569812, 0.806653
0.593101, 0.805345
0.616349, 0.803508
0.63948, 0.801038
0.662385, 0.797832
0.684934, 0.793808
0.707003, 0.788934
0.728525, 0.783266
0.749542, 0.776955
0.770236, 0.770236
0.790928, 0.763381
0.812017, 0.756624
0.833833, 0.750037
0.856495, 0.743485
0.87991, 0.736696
0.903852, 0.729355
0.928058, 0.721174
0.952769, 0.712132
0.055942, 0.72981
0.079931, 0.739745
0.103473, 0.748746
0.126847, 0.7568
0.149878, 0.764143
0.172405, 0.771027
0.194339, 0.77769
0.215695, 0.784305
0.236619, 0.790928
0.257348, 0.797476
0.278127, 0.803786
0.299142, 0.809678
0.320493, 0.815002
0.342206, 0.819658
0.364249, 0.8236
0.386561, 0.826826
0.40907, 0.829369
0.431713, 0.831274
0.454439, 0.832592
0.47721, 0.833365
0.5, 0.833619
0.52279, 0.833365
0.545561, 0.832592
0.568287, 0.831274
0.59093, 0.829369
0.613439, 0.826826
0.635751, 0.8236
0.657794, 0.819658
0.679507, 0.815002
0.700858, 0.809678
0.721873, 0.803786
0.742652, 0.797476
0.763381, 0.790928
0.784305, 0.784305
0.805661, 0.77769
0.827595, 0.771027
0.850122, 0.764143
0.873153, 0.7568
0.896527, 0.748746
0.920069, 0.739745
0.944058, 0.72981
0.0655463, 0.747487
0.088771, 0.75834
0.111601, 0.768188
0.134332, 0.776996
0.156855, 0.784954
0.179064, 0.792263
0.200888, 0.799112
0.22231, 0.805661
0.243376, 0.812017
0.264193, 0.818209
0.284901, 0.824189
0.30564, 0.829861
0.326515, 0.835117
0.347591, 0.83986
0.368888, 0.844022
0.3904, 0.847557
0.412099, 0.850443
0.433947, 0.852677
0.455905, 0.854262
0.477935, 0.855209
0.5, 0.855523
0.522065, 0.855209
0.544095, 0.854262
0.566053, 0.852677
0.587901, 0.850443
0.6096, 0.847557
0.631112, 0.844022
0.652409, 0.83986
0.673485, 0.835117
0.69436, 0.829861
0.715099, 0.824189
0.735807, 0.818209
0.756624, 0.812017
0.77769, 0.805661
0.799112, 0.799112
0.820936, 0.792263
0.843145, 0.784954
0.865668, 0.776996
0.888399, 0.768188
0.911229, 0.75834
0.934454, 0.747487
0.0761044, 0.765165
0.0985254, 0.776956
0.1206, 0.787676
0.14262, 0.797277
0.164525, 0.805916
0.186247, 0.813753
0.207737, 0.820936
0.228973, 0.827595
0.249963, 0.833833
0.270744, 0.83972
0.291376, 0.845284
0.311932, 0.850511
0.332484, 0.855361
0.353089, 0.859779
0.373786, 0.863708
0.394594, 0.867098
0.415515, 0.869913
0.436539, 0.872124
0.457645, 0.873714
0.478808, 0.874671
0.5, 0.874991
0.521192, 0.874671
0.542355, 0.873714
0.563461, 0.872124
0.584485, 0.869913
0.605406, 0.867098
0.626214, 0.863708
0.646911, 0.859779
0.667516, 0.855361
0.688068, 0.850511
0.708624, 0.845284
0.729256, 0.83972
0.750037, 0.833833
0.771027, 0.827595
0.792263, 0.820936
0.813753, 0.813753
0.835475, 0.805916
0.85738, 0.797277
0.8794, 0.787676
0.901475, 0.776956
0.923896, 0.765165
0.0876894, 0.782843
0.10927, 0.79559
0.130549, 0.8072
0.151797, 0.81763
0.172991, 0.827009
0.194084, 0.835475
0.215046, 0.843145
0.235857, 0.850122
0.256515, 0.856495
0.277027, 0.862333
0.297414, 0.867684
0.317706, 0.872578
0.337934, 0.877024
0.35813, 0.881018
0.378322, 0.884543
0.39853, 0.887576
0.418767, 0.890095
0.439037, 0.892078
0.459338, 0.893507
0.479663, 0.89437
0.5, 0.894658
0.520337, 0.89437
0.540662, 0.893507
0.560963, 0.892078
0.581233, 0.890095
0.60147, 0.887576
0.621678, 0.884543
0.64187, 0.881018
0.662066, 0.877024
0.682294, 0.872578
0.702586, 0.867684
0.722973, 0.862333
0.743485, 0.856495
0.764143, 0.850122
0.784954, 0.843145
0.805916, 0.835475
0.827009, 0.827009
0.848203, 0.81763
0.869451, 0.8072
0.89073, 0.79559
0.912311, 0.782843
0.100391, 0.80052
0.121094, 0.814238
0.141541, 0.826751
0.161968, 0.838032
0.18237, 0.848203
0.202723, 0.85738
0.223004, 0.865668
0.2432, 0.873153
0.263304, 0.87991
0.283316, 0.886001
0.30324, 0.891476
0.323086, 0.896376
0.342864, 0.900729
0.362587, 0.904556
0.382269, 0.907869
0.40192, 0.910675
0.421552, 0.912974
0.441171, 0.914767
0.460783, 0.91605
0.480392, 0.916821
0.5, 0.917079
0.519608, 0.916821
0.539217, 0.91605
0.558829, 0.914767
0.578448, 0.912974
0.59808, 0.910675
0.617731, 0.907869
0.637413, 0.904556
0.657136, 0.900729
0.676914, 0.896376
0.69676, 0.891476
0.716684, 0.886001
0.736696, 0.87991
0.7568, 0.873153
0.776996, 0.865668
0.797277, 0.85738
0.81763, 0.848203
0.838032, 0.838032
0.858459, 0.826751
0.878906, 0.814238
0.899609, 0.80052
0.114319, 0.818198
0.134109, 0.832893
0.153688, 0.846312
0.173249, 0.858459
0.1928, 0.869451
0.212324, 0.8794
0.231812, 0.888399
0.251254, 0.896527
0.270645, 0.903852
0.289983, 0.910431
0.309266, 0.916311
0.328498, 0.921534
0.34768, 0.926134
0.366818, 0.930139
0.385916, 0.933571
0.404981, 0.936448
0.424017, 0.938786
0.443032, 0.940594
0.46203, 0.94188
0.481018, 0.942649
0.5, 0.942906
0.518982, 0.942649
0.53797, 0.94188
0.556968, 0.940594
0.575983, 0.938786
0.595019, 0.936448
0.614084, 0.933571
0.633182, 0.930139
0.65232, 0.926134
0.671502, 0.921534
0.690734, 0.916311
0.710017, 0.910431
0.729355, 0.903852
0.748746, 0.896527
0.768188, 0.888399
0.787676, 0.8794
0.8072, 0.869451
0.826751, 0.858459
0.846312, 0.846312
0.865891, 0.832893
0.885681, 0.818198
0.129612, 0.835876
0.148453, 0.851547
0.167107, 0.865891
0.185762, 0.878906
0.20441, 0.89073
0.223044, 0.901475
0.24166, 0.911229
0.260255, 0.920069
0.278826, 0.928058
0.297371, 0.935249
0.315891, 0.941688
0.334386, 0.947413
0.352856, 0.952458
0.371303, 0.95685
0.389729, 0.960612
0.408137, 0.963765
0.426529, 0.966323
0.444909, 0.9683
0.463278, 0.969706
0.481641, 0.970546
0.5, 0.970826
0.518359, 0.970546
0.536722, 0.969706
0.555091, 0.9683
0.573471, 0.966323
0.591863, 0.963765
0.610271, 0.960612
0.628697, 0.95685
0.647144, 0.952458
0.665614, 0.947413
0.684109, 0.941688
0.702629, 0.935249
0.721174, 0.928058
0.739745, 0.920069
0.75834, 0.911229
0.776956, 0.901475
0.79559, 0.89073
0.814238, 0.878906
0.832893, 0.865891
0.851547, 0.851547
0.870388, 0.835876
0.146447, 0.853553
0.164124, 0.870388
0.181802, 0.885681
0.19948, 0.899609
0.217157, 0.912311
0.234835, 0.923896
0.252513, 0.934454
0.27019, 0.944058
0.287868, 0.952769
0.305546, 0.960638
0.323223, 0.967707
0.340901, 0.974012
0.358579, 0.979583
0.376256, 0.984446
0.393934, 0.988621
0.411612, 0.992125
0.429289, 0.994975
0.446967, 0.99718
0.464645, 0.998748
0.482322, 0.999687
0.5, 1
0.517678, 0.999687
0.535355, 0.998748
0.553033, 0.99718
0.570711, 0.994975
0.588388, 0.992125
0.606066, 0.988621
0.623744, 0.984446
0.641421, 0.979583
0.659099, 0.974012
0.676777, 0.967707
0.694454, 0.960638
0.712132, 0.952769
0.72981, 0.944058
0.747487, 0.934454
0.765165, 0.923896
0.782843, 0.912311
0.80052, 0.899609
0.818198, 0.885681
0.835876, 0.870388
0.853553, 0.853553
0.147048, 0.147048
0.165227, 0.131516
0.183406, 0.117409
0.20158, 0.104574
0.219746, 0.092887
0.237902, 0.0822482
0.256046, 0.0725756
0.274177, 0.0638014
0.292297, 0.0558692
0.310405, 0.0487315
0.3285, 0.0423485
0.346585, 0.0366866
0.36466, 0.0317172
0.382725, 0.0274165
0.400782, 0.0237646
0.418832, 0.0207451
0.436875, 0.0183448
0.454914, 0.0165533
0.47295, 0.0153631
0.490984, 0.0147692
0.509016, 0.0147692
0.52705, 0.0153631
0.545086, 0.0165533
0.563125, 0.0183448
0.581168, 0.0207451
0.599218, 0.0237646
0.617275, 0.0274165
0.63534, 0.0317172
0.653415, 0.0366866
0.6715, 0.0423485
0.689595, 0.0487315
0.707703, 0.0558692
0.725823, 0.0638014
0.743954, 0.0725756
0.762098, 0.0822482
0.780254, 0.092887
0.79842, 0.104574
0.816594, 0.117409
0.834773, 0.131516
0.852952, 0.147048
0.131516, 0.165227
0.150673, 0.150673
0.169785, 0.137453
0.188894, 0.12547
0.207989, 0.114601
0.22706, 0.104745
0.246101, 0.0958176
0.265108, 0.0877487
0.284077, 0.0804787
0.303008, 0.0739571
0.3219, 0.0681411
0.340756, 0.0629946
0.359577, 0.0584868
0.378366, 0.0545921
0.397127, 0.0512895
0.415865, 0.0485617
0.434582, 0.046395
0.453284, 0.0447787
0.471975, 0.0437054
0.490659, 0.04317
0.509341, 0.04317
0.528025, 0.0437054
0.546716, 0.0447787
0.565418, 0.046395
0.584135, 0.0485617
0.602873, 0.0512895
0.621634, 0.0545921
0.640423, 0.0584868
0.659244, 0.0629946
0.6781, 0.0681411
0.696992, 0.0739571
0.715923, 0.0804787
0.734892, 0.0877487
0.753899, 0.0958176
0.77294, 0.104745
0.792011, 0.114601
0.811106, 0.12547
0.830215, 0.137453
0.849327, 0.150673
0.868484, 0.165227
0.117409, 0.183406
0.137453, 0.169785
0.157454, 0.157454
0.177443, 0.146316
0.197405, 0.13625
0.217321, 0.127152
0.237179, 0.11893
0.256971, 0.11151
0.276692, 0.104828
0.296343, 0.0988286
0.315927, 0.093469
0.33545, 0.0887129
0.35492, 0.0845322
0.374343, 0.0809052
0.39373, 0.0778161
0.413086, 0.0752535
0.432421, 0.0732099
0.45174, 0.0716803
0.471048, 0.070662
0.49035, 0.0701531
0.50965, 0.0701531
0.528952, 0.070662
0.54826, 0.0716803
0.567579, 0.0732099
0.586914, 0.0752535
0.60627, 0.0778161
0.625657, 0.0809052
0.64508, 0.0845322
0.66455, 0.0887129
0.684073, 0.093469
0.703657, 0.0988286
0.723308, 0.104828
0.743029, 0.11151
0.762821, 0.11893
0.782679, 0.127152
0.802595, 0.13625
0.822557, 0.146316
0.842546, 0.157454
0.862547, 0.169785
0.882591, 0.183406
0.104574, 0.20158
0.12547, 0.188894
0.146316, 0.177443
0.167135, 0.167135
0.187899, 0.157843
0.208577, 0.149447
0.229147, 0.141848
0.249601, 0.134959
0.269938, 0.128708
0.290165, 0.12304
0.310296, 0.117911
0.330351, 0.113293
0.35035, 0.109172
0.370313, 0.105541
0.390258, 0.102404
0.410197, 0.0997687
0.43014, 0.0976439
0.45009, 0.0960401
0.47005, 0.0949657
0.490016, 0.0944269
0.509984, 0.0944269
0.52995, 0.0949657
0.54991, 0.0960401
0.56986, 0.0976439
0.589803, 0.0997687
0.609742, 0.102404
0.629687, 0.105541
0.64965, 0.109172
0.669649, 0.113293
0.689704, 0.117911
0.709835, 0.12304
0.730062, 0.128708
0.750399, 0.134959
0.770853, 0.141848
0.791423, 0.149447
0.812101, 0.157843
0.832865, 0.167135
0.853684, 0.177443
0.87453, 0.188894
0.895426, 0.20158
0.092887, 0.219746
0.114601, 0.207989
0.13625, 0.197405
0.157843, 0.187899
0.179324, 0.179324
0.200648, 0.171542
0.221786, 0.164431
0.242728, 0.157888
0.263487, 0.15183
0.28409, 0.146203
0.304581, 0.140979
0.325007, 0.136157
0.345416, 0.131757
0.365847, 0.12781
0.386327, 0.124352
0.40687, 0.121417
0.427481, 0.119036
0.448152, 0.117231
0.468871, 0.116018
0.48962, 0.115409
0.51038, 0.115409
0.531129, 0.116018
0.551848, 0.117231
0.572519, 0.119036
0.59313, 0.121417
0.613673, 0.124352
0.634153, 0.12781
0.654584, 0.131757
0.674993, 0.136157
0.695419, 0.140979
0.71591, 0.146203
0.736513, 0.15183
0.757272, 0.157888
0.778214, 0.164431
0.799352, 0.171542
0.820676, 0.179324
0.842157, 0.187899
0.86375, 0.197405
0.885399, 0.207989
0.907113, 0.219746
0.0822482, 0.237902
0.104745, 0.22706
0.127152, 0.217321
0.149447, 0.208577
0.171542, 0.200648
0.193366, 0.193366
0.21488, 0.186576
0.236085, 0.180153
0.257025, 0.174015
0.277781, 0.168134
0.298453, 0.162537
0.319139, 0.157285
0.339915, 0.152455
0.360829, 0.14812
0.381903, 0.144337
0.403134, 0.141149
0.424506, 0.138583
0.445992, 0.136653
0.467562, 0.135365
0.489182, 0.134721
0.510818, 0.134721
0.532438, 0.135365
0.554008, 0.136653
0.575494, 0.138583
0.596866, 0.141149
0.618097, 0.144337
0.639171, 0.14812
0.660085, 0.152455
0.680861, 0.157285
0.701547, 0.162537
0.722219, 0.168134
0.742975, 0.174015
0.763915, 0.180153
0.78512, 0.186576
0.806634, 0.193366
0.828458, 0.200648
0.850553, 0.208577
0.872848, 0.217321
0.895255, 0.22706
0.917752, 0.237902
0.0725756, 0.256046
0.0958176, 0.246101
0.11893, 0.237179
0.141848, 0.229147
0.164431, 0.221786
0.186576, 0.21488
0.208238, 0.208238
0.229456, 0.201728
0.250354, 0.195312
0.271114, 0.189049
0.291918, 0.183063
0.312901, 0.177492
0.334143, 0.172455
0.355666, 0.168035
0.377454, 0.164278
0.399465, 0.161195
0.421649, 0.158776
0.443957, 0.156997
0.466345, 0.15583
0.488777, 0.155252
0.511223, 0.155252
0.533655, 0.15583
0.556043, 0.156997
0.578351, 0.158776
0.600535, 0.161195
0.622546, 0.164278
0.644334, 0.168035
0.665857, 0.172455
0.687099, 0.177492
0.708082, 0.183063
0.728886, 0.189049
0.749646, 0.195312
0.770544, 0.201728
0.791762, 0.208238
0.813424, 0.21488
0.835569, 0.221786
0.858152, 0.229147
0.88107, 0.237179
0.904182, 0.246101
0.927424, 0.256046
0.0638014, 0.274177
0.0877487, 0.265108
0.11151, 0.256971
0.134959, 0.249601
0.157888, 0.242728
0.180153, 0.236085
0.201728, 0.229456
0.222752, 0.222752
0.243502, 0.216051
0.264288, 0.209546
0.285353, 0.20346
0.306828, 0.19798
0.328743, 0.193226
0.35105, 0.189248
0.373659, 0.186027
0.396474, 0.183508
0.419413, 0.181615
0.442415, 0.180272
0.465444, 0.179415
0.488481, 0.178999
0.511519, 0.178999
0.534556, 0.179415
0.557585, 0.180272
0.580587, 0.181615
0.603526, 0.183508
0.626341, 0.186027
0.64895, 0.189248
0.671257, 0.193226
0.693172, 0.19798
0.714647, 0.20346
0.735712, 0.209546
0.756498, 0.216051
0.777248, 0.222752
0.798272, 0.229456
0.819847, 0.236085
0.842112, 0.242728
0.865041, 0.249601
0.88849, 0.256971
0.912251, 0.265108
0.936199, 0.274177
0.0558692, 0.292297
0.0804787, 0.284077
0.104828, 0.276692
0.128708, 0.269938
0.15183, 0.263487
0.174015, 0.257025
0.195312, 0.250354
0.216051, 0.243502
0.236709, 0.236709
0.257707, 0.2303
0.279294, 0.224564
0.30153, 0.219686
0.324329, 0.215725
0.34753, 0.212633
0.370964, 0.210303
0.394495, 0.208607
0.418028, 0.207419
0.441515, 0.206631
0.464941, 0.206156
0.48832, 0.205934
0.51168, 0.205934
0.535059, 0.206156
0.558485, 0.206631
0.581972, 0.207419
0.605505, 0.208607
0.629036, 0.210303
0.65247, 0.212633
0.675671, 0.215725
0.69847, 0.219686
0.720706, 0.224564
0.742293, 0.2303
0.763291, 0.236709
0.783949, 0.243502
0.804688, 0.250354
0.825985, 0.257025
0.84817, 0.263487
0.871292, 0.269938
0.895172, 0.276692
0.919521, 0.284077
0.944131, 0.292297
0.0487315, 0.310405
0.0739571, 0.303008
0.0988286, 0.296343
0.12304, 0.290165
0.146203, 0.28409
0.168134, 0.277781
0.189049, 0.271114
0.209546, 0.264288
0.2303, 0.257707
0.25179, 0.25179
0.274192, 0.246831
0.297406, 0.242933
0.321186, 0.240036
0.345267, 0.237993
0.369429, 0.236634
0.393522, 0.235791
0.417459, 0.235311
0.441213, 0.235067
0.464803, 0.234959
0.488281, 0.234922
0.511719, 0.234922
0.535197, 0.234959
0.558787, 0.235067
0.582541, 0.235311
0.606478, 0.235791
0.630571, 0.236634
0.654733, 0.237993
0.678814, 0.240036
0.702594, 0.242933
0.725808, 0.246831
0.74821, 0.25179
0.7697, 0.257707
0.790454, 0.264288
0.810951, 0.271114
0.831866, 0.277781
0.853797, 0.28409
0.87696, 0.290165
0.901171, 0.296343
0.926043, 0.303008
0.951268, 0.310405
0.0423485, 0.3285
0.0681411, 0.3219
0.093469, 0.315927
0.117911, 0.310296
0.140979, 0.304581
0.162537, 0.298453
0.183063, 0.291918
0.20346, 0.285353
0.224564, 0.279294
0.246831, 0.274192
0.270258, 0.270258
0.294533, 0.267462
0.319271, 0.265645
0.344141, 0.264606
0.368899, 0.26414
0.393394, 0.264057
0.417556, 0.264188
0.441388, 0.264397
0.46495, 0.264587
0.488337, 0.264696
0.511663, 0.264696
0.53505, 0.264587
0.558612, 0.264397
0.582444, 0.264188
0.606606, 0.264057
0.631101, 0.26414
0.655859, 0.264606
0.680729, 0.265645
0.705467, 0.267462
0.729742, 0.270258
0.753169, 0.274192
0.775436, 0.279294
0.79654, 0.285353
0.816937, 0.291918
0.837463, 0.298453
0.859021, 0.304581
0.882089, 0.310296
0.906531, 0.315927
0.931859, 0.3219
0.957651, 0.3285
0.0366866, 0.346585
0.0629946, 0.340756
0.0887129, 0.33545
0.113293, 0.330351
0.136157, 0.325007
0.157285, 0.319139
0.177492, 0.312901
0.19798, 0.306828
0.219686, 0.30153
0.242933, 0.297406
0.267462, 0.294533
0.292774, 0.292774
0.318389, 0.291917
0.343934, 0.291732
0.369147, 0.29199
0.393883, 0.292479
0.418103, 0.293022
0.441858, 0.293492
0.465259, 0.293821
0.488444, 0.293987
0.511556, 0.293987
0.534741, 0.293821
0.558142, 0.293492
0.581897, 0.293022
0.606117, 0.292479
0.630853, 0.29199
0.656066, 0.291732
0.681611, 0.291917
0.707226, 0.292774
0.732538, 0.294533
0.757067, 0.297406
0.780314, 0.30153
0.80202, 0.306828
0.822508, 0.312901
0.842715, 0.319139
0.863843, 0.325007
0.886707, 0.330351
0.911287, 0.33545
0.937005, 0.340756
0.963313, 0.346585
0.0317172, 0.36466
0.0584868, 0.359577
0.0845322, 0.35492
0.109172, 0.35035
0.131757, 0.345416
0.152455, 0.339915
0.172455, 0.334143
0.193226, 0.328743
0.215725, 0.324329
0.240036, 0.321186
0.265645, 0.319271
0.291917, 0.318389
0.318302, 0.318302
0.344384, 0.318753
0.369886, 0.319478
0.394676, 0.320235
0.418777, 0.320841
0.442325, 0.321213
0.465514, 0.321376
0.488522, 0.321421
0.511478, 0.321421
0.534486, 0.321376
0.557675, 0.321213
0.581223, 0.320841
0.605324, 0.320235
0.630114, 0.319478
0.655616, 0.318753
0.681698, 0.318302
0.708083, 0.318389
0.734355, 0.319271
0.759964, 0.321186
0.784275, 0.324329
0.806774, 0.328743
0.827545, 0.334143
0.847545, 0.339915
0.868243, 0.345416
0.890828, 0.35035
0.915468, 0.35492
0.941513, 0.359577
0.968283, 0.36466
0.0274165, 0.382725
0.0545921, 0.378366
0.0809052, 0.374343
0.105541, 0.370313
0.12781, 0.365847
0.14812, 0.360829
0.168035, 0.355666
0.189248, 0.35105
0.212633, 0.34753
0.237993, 0.345267
0.264606, 0.344141
0.291732, 0.343934
0.318753, 0.344384
0.345196, 0.345196
0.370756, 0.346044
0.395338, 0.346628
0.419082, 0.34676
0.44231, 0.346464
0.465365, 0.34598
0.488443, 0.345629
0.511557, 0.345629
0.534635, 0.34598
0.55769, 0.346464
0.580918, 0.34676
0.604662, 0.346628
0.629244, 0.346044
0.654804, 0.345196
0.681247, 0.344384
0.708268, 0.343934
0.735394, 0.344141
0.762007, 0.345267
0.787367, 0.34753
0.810752, 0.35105
0.831965, 0.355666
0.85188, 0.360829
0.87219, 0.365847
0.894459, 0.370313
0.919095, 0.374343
0.945408, 0.378366
0.972583, 0.382725
0.0237646, 0.400782
0.0512895, 0.397127
0.0778161, 0.39373
0.102404, 0.390258
0.124352, 0.386327
0.144337, 0.381903
0.164278, 0.377454
0.186027, 0.373659
0.210303, 0.370964
0.236634, 0.369429
0.26414, 0.368899
0.29199, 0.369147
0.319478, 0.369886
0.346044, 0.370756
0.371334, 0.371334
0.395319, 0.371223
0.418402, 0.370273
0.44126, 0.368749
0.464442, 0.367227
0.48808, 0.366292
0.51192, 0.366292
0.535558, 0.367227
0.55874, 0.368749
0.581598, 0.370273
0.604681, 0.371223
0.628666, 0.371334
0.653956, 0.370756
0.680522, 0.369886
0.70801, 0.369147
0.73586, 0.368899
0.763366, 0.369429
0.789697, 0.370964
0.813973, 0.373659
0.835722, 0.377454
0.855663, 0.381903
0.875648, 0.386327
0.897596, 0.390258
0.922184, 0.39373
0.94871, 0.397127
0.976235, 0.400782
0.0207451, 0.418832
0.0485617, 0.415865
0.0752535, 0.413086
0.0997687, 0.410197
0.121417, 0.40687
0.141149, 0.403134
0.161195, 0.399465
0.183508, 0.396474
0.208607, 0.394495
0.235791, 0.393522
0.264057, 0.393394
0.292479, 0.393883
0.320235, 0.394676
0.346628, 0.395338
0.371223, 0.395319
0.394165, 0.394165
0.416359, 0.391901
0.438963, 0.389121
0.462662, 0.386655
0.487413, 0.385221
0.512587, 0.385221
0.537338, 0.386655
0.561037, 0.389121
0.583641, 0.391901
0.605835, 0.394165
0.628777, 0.395319
0.653372, 0.395338
0.679765, 0.394676
0.707521, 0.393883
0.735943, 0.393394
0.764209, 0.393522
0.791393, 0.394495
0.816492, 0.396474
0.838805, 0.399465
0.858851, 0.403134
0.878583, 0.40687
0.900231, 0.410197
0.924746, 0.413086
0.951438, 0.415865
0.979255, 0.418832
0.0183448, 0.436875
0.046395, 0.434582
0.0732099, 0.432421
0.0976439, 0.43014
0.119036, 0.427481
0.138583, 0.424506
0.158776, 0.421649
0.181615, 0.419413
0.207419, 0.418028
0.235311, 0.417459
0.264188, 0.417556
0.293022, 0.418103
0.320841, 0.418777
0.34676, 0.419082
0.370273, 0.418402
0.391901, 0.416359
0.413223, 0.413223
0.43581, 0.409779
0.460374, 0.40693
0.486585, 0.405351
0.513415, 0.405351
0.539626, 0.40693
0.56419, 0.409779
0.586777, 0.413223
0.608099, 0.416359
0.629727, 0.418402
0.65324, 0.419082
0.679159, 0.418777
0.706978, 0.418103
0.735812, 0.417556
0.764689, 0.417459
0.792581, 0.418028
0.818385, 0.419413
0.841224, 0.421649
0.861417, 0.424506
0.880964, 0.427481
0.902356, 0.43014
0.92679, 0.432421
0.953605, 0.434582
0.981655, 0.436875
0.0165533, 0.454914
0.0447787, 0.453284
0.0716803, 0.45174
0.0960401, 0.45009
0.117231, 0.448152
0.136653, 0.445992
0.156997, 0.443957
0.180272, 0.442415
0.206631, 0.441515
0.235067, 0.441213
0.264397, 0.441388
0.293492, 0.441858
0.321213, 0.442325
0.346464, 0.44231
0.368749, 0.44126
0.389121, 0.438963
0.409779, 0.43581
0.432607, 0.432607
0.4582, 0.43015
0.485829, 0.428867
0.514171, 0.428867
0.5418, 0.43015
0.567393, 0.432607
0.590221, 0.43581
0.610879, 0.438963
0.631251, 0.44126
0.653536, 0.44231
0.678787, 0.442325
0.706508, 0.441858
0.735603, 0.441388
0.764933, 0.441213
0.793369, 0.441515
0.819728, 0.442415
0.843003, 0.443957
0.863347, 0.445992
0.882769, 0.448152
0.90396, 0.45009
0.92832, 0.45174
0.955221, 0.453284
0.983447, 0.454914
0.0153631, 0.47295
0.0437054, 0.471975
0.070662, 0.471048
0.0949657, 0.47005
0.116018, 0.468871
0.135365, 0.467562
0.15583, 0.466345
0.179415, 0.465444
0.206156, 0.464941
0.234959, 0.464803
0.264587, 0.46495
0.293821, 0.465259
0.321376, 0.465514
0.34598, 0.465365
0.367227, 0.464442
0.386655, 0.462662
0.40693, 0.460374
0.43015, 0.4582
0.456641, 0.456641
0.485305, 0.455859
0.514695, 0.455859
0.543359, 0.456641
0.56985, 0.4582
0.59307, 0.460374
0.613345, 0.462662
0.632773, 0.464442
0.65402, 0.465365
0.678624, 0.465514
0.706179, 0.465259
0.735413, 0.46495
0.765041, 0.464803
0.793844, 0.464941
0.820585, 0.465444
0.84417, 0.466345
0.864635, 0.467562
0.883982, 0.468871
0.905034, 0.47005
0.929338, 0.471048
0.956295, 0.471975
0.984637, 0.47295
0.0147692, 0.490984
0.04317, 0.490659
0.0701531, 0.49035
0.0944269, 0.490016
0.115409, 0.48962
0.134721, 0.489182
0.155252, 0.488777
0.178999, 0.488481
0.205934, 0.48832
0.234922, 0.488281
0.264696, 0.488337
0.293987, 0.488444
0.321421, 0.488522
0.345629, 0.488443
0.366292, 0.48808
0.385221, 0.487413
0.405351, 0.486585
0.428867, 0.485829
0.455859, 0.485305
0.485047, 0.485047
0.514953, 0.485047
0.544141, 0.485305
0.571133, 0.485829
0.594649, 0.486585
0.614779, 0.487413
0.633708, 0.48808
0.654371, 0.488443
0.678579, 0.488522
0.706013, 0.488444
0.735304, 0.488337
0.765078, 0.488281
0.794066, 0.48832
0.821001, 0.488481
0.844748, 0.488777
0.865279, 0.489182
0.884591, 0.48962
0.905573, 0.490016
0.929847, 0.49035
0.95683, 0.490659
0.985231, 0.490984
0.0147692, 0.509016
0.04317, 0.509341
0.0701531, 0.50965
0.0944269, 0.509984
0.115409, 0.51038
0.134721, 0.510818
0.155252, 0.511223
0.178999, 0.511519
0.205934, 0.51168
0.234922, 0.511719
0.264696, 0.511663
0.293987, 0.511556
0.321421, 0.511478
0.345629, 0.511557
0.366292, 0.51192
0.385221, 0.512587
0.405351, 0.513415
0.428867, 0.514171
0.455859, 0.514695
0.485047, 0.514953
0.514953, 0.514953
0.544141, 0.514695
0.571133, 0.514171
0.594649, 0.513415
0.614779, 0.512587
0.633708, 0.51192
0.654371, 0.511557
0.678579, 0.511478
0.706013, 0.511556
0.735304, 0.511663
0.765078, 0.511719
0.794066, 0.51168
0.821001, 0.511519
0.844748, 0.511223
0.865279, 0.510818
0.884591, 0.51038
0.905573, 0.509984
0.929847, 0.50965
0.95683, 0.509341
0.985231, 0.509016
0.0153631, 0.52705
0.0437054, 0.528025
0.070662, 0.528952
0.0949657, 0.52995
0.116018, 0.531129
0.135365, 0.532438
0.15583, 0.533655
0.179415, 0.534556
0.206156, 0.535059
0.234959, 0.535197
0.264587, 0.53505
0.293821, 0.534741
0.321376, 0.534486
0.34598, 0.534635
0.367227, 0.535558
0.386655, 0.537338
0.40693, 0.539626
0.43015, 0.5418
0.456641, 0.543359
0.485305, 0.544141
0.514695, 0.544141
0.543359, 0.543359
0.56985, 0.5418
0.59307, 0.539626
0.613345, 0.537338
0.632773, 0.535558
0.65402, 0.534635
0.678624, 0.534486
0.706179, 0.534741
0.735413, 0.53505
0.765041, 0.535197
0.793844, 0.535059
0.820585, 0.534556
0.84417, 0.533655
0.864635, 0.532438
0.883982, 0.531129
0.905034, 0.52995
0.929338, 0.528952
0.956295, 0.528025
0.984637, 0.52705
0.0165533, 0.545086
0.0447787, 0.546716
0.0716803, 0.54826
0.0960401, 0.54991
0.117231, 0.551848
0.136653, 0.554008
0.156997, 0.556043
0.180272, 0.557585
0.206631, 0.558485
0.235067, 0.558787
0.264397, 0.558612
0.293492, 0.558142
0.321213, 0.557675
0.346464, 0.55769
0.368749, 0.55874
0.389121, 0.561037
0.409779, 0.56419
0.432607, 0.567393
0.4582, 0.56985
0.485829, 0.571133
0.514171, 0.571133
0.5418, 0.56985
0.567393, 0.567393
0.590221, 0.56419
0.610879, 0.561037
0.631251, 0.55874
0.653536, 0.55769
0.678787, 0.557675
0.706508, 0.558142
0.735603, 0.558612
0.764933, 0.558787
0.793369, 0.558485
0.819728, 0.557585
0.843003, 0.556043
0.863347, 0.554008
0.882769, 0.551848
0.90396, 0.54991
0.92832, 0.54826
0.955221, 0.546716
0.983447, 0.545086
0.0183448, 0.563125
0.046395, 0.565418
0.0732099, 0.567579
0.0976439, 0.56986
0.119036, 0.572519
0.138583, 0.575494
0.158776, 0.578351
0.181615, 0.580587
0.207419, 0.581972
0.235311, 0.582541
0.264188, 0.582444
0.293022, 0.581897
0.320841, 0.581223
0.34676, 0.580918
0.370273, 0.581598
0.391901, 0.583641
0.413223, 0.586777
0.43581, 0.590221
0.460374, 0.59307
0.486585, 0.594649
0.513415, 0.594649
0.539626, 0.59307
0.56419, 0.590221
0.586777, 0.586777
0.608099, 0.583641
0.629727, 0.581598
0.65324, 0.580918
0.679159, 0.581223
0.706978, 0.581897
0.735812, 0.582444
0.764689, 0.582541
0.792581, 0.581972
0.818385, 0.580587
0.841224, 0.578351
0.861417, 0.575494
0.880964, 0.572519
0.902356, 0.56986
0.92679, 0.567579
0.953605, 0.565418
0.981655, 0.563125
0.0207451, 0.581168
0.0485617, 0.584135
0.0752535, 0.586914
0.0997687, 0.589803
0.121417, 0.59313
0.141149, 0.596866
0.161195, 0.600535
0.183508, 0.603526
0.208607, 0.605505
0.235791, 0.606478
0.264057, 0.606606
0.292479, 0.606117
0.320235, 0.605324
0.346628, 0.604662
0.371223, 0.604681
0.394165, 0.605835
0.416359, 0.608099
0.438963, 0.610879
0.462662, 0.613345
0.487413, 0.614779
0.512587, 0.614779
0.537338, 0.613345
0.561037, 0.610879
0.583641, 0.608099
0.605835, 0.605835
0.628777, 0.604681
0.653372, 0.604662
0.679765, 0.605324
0.707521, 0.606117
0.735943, 0.606606
0.764209, 0.606478
0.791393, 0.605505
0.816492, 0.603526
0.838805, 0.600535
0.858851, 0.596866
0.878583, 0.59313
0.900231, 0.589803
0.924746, 0.586914
0.951438, 0.584135
0.979255, 0.581168
0.0237646, 0.599218
0.0512895, 0.602873
0.0778161, 0.60627
0.102404, 0.609742
0.124352, 0.613673
0.144337, 0.618097
0.164278, 0.622546
0.186027, 0.626341
0.210303, 0.629036
0.236634, 0.630571
0.26414, 0.631101
0.29199, 0.630853
0.319478, 0.630114
0.346044, 0.629244
0.371334, 0.628666
0.395319, 0.628777
0.418402, 0.629727
0.44126, 0.631251
0.464442, 0.632773
0.48808, 0.633708
0.51192, 0.633708
0.535558, 0.632773
0.55874, 0.631251
0.581598, 0.629727
0.604681, 0.628777
0.628666, 0.628666
0.653956, 0.629244
0.680522, 0.630114
0.70801, 0.630853
0.73586, 0.631101
0.763366, 0.630571
0.789697, 0.629036
0.813973, 0.626341
0.835722, 0.622546
0.855663, 0.618097
0.875648, 0.613673
0.897596, 0.609742
0.922184, 0.60627
0.94871, 0.602873
0.976235, 0.599218
0.0274165, 0.617275
0.0545921, 0.621634
0.0809052, 0.625657
0.105541, 0.629687
0.12781, 0.634153
0.14812, 0.639171
0.168035, 0.644334
0.189248, 0.64895
0.212633, 0.65247
0.237993, 0.654733
0.264606, 0.655859
0.291732, 0.656066
0.318753, 0.655616
0.345196, 0.654804
0.370756, 0.653956
0.395338, 0.653372
0.419082, 0.65324
0.44231, 0.653536
0.465365, 0.65402
0.488443, 0.654371
0.511557, 0.654371
0.534635, 0.65402
0.55769, 0.653536
0.580918, 0.65324
0.604662, 0.653372
0.629244, 0.653956
0.654804, 0.654804
0.681247, 0.655616
0.708268, 0.656066
0.735394, 0.655859
0.762007, 0.654733
0.787367, 0.65247
0.810752, 0.64895
0.831965, 0.644334
0.85188, 0.639171
0.87219, 0.634153
0.894459, 0.629687
0.919095, 0.625657
0.945408, 0.621634
0.972583, 0.617275
0.0317172, 0.63534
0.0584868, 0.640423
0.0845322, 0.64508
0.109172, 0.64965
0.131757, 0.654584
0.152455, 0.660085
0.172455, 0.665857
0.193226, 0.671257
0.215725, 0.675671
0.240036, 0.678814
0.265645, 0.680729
0.291917, 0.681611
0.318302, 0.681698
0.344384, 0.681247
0.369886, 0.680522
0.394676, 0.679765
0.418777, 0.679159
0.442325, 0.678787
0.465514, 0.678624
0.488522, 0.678579
0.511478, 0.678579
0.534486, 0.678624
0.557675, 0.678787
0.581223, 0.679159
0.605324, 0.679765
0.630114, 0.680522
0.655616, 0.681247
0.681698, 0.681698
0.708083, 0.681611
0.734355, 0.680729
0.759964, 0.678814
0.784275, 0.675671
0.806774, 0.671257
0.827545, 0.665857
0.847545, 0.660085
0.868243, 0.654584
0.890828, 0.64965
0.915468, 0.64508
0.941513, 0.640423
0.968283, 0.63534
0.0366866, 0.653415
0.0629946, 0.659244
0.0887129, 0.66455
0.113293, 0.669649
0.136157, 0.674993
0.157285, 0.680861
0.177492, 0.687099
0.19798, 0.693172
0.219686, 0.69847
0.242933, 0.702594
0.267462, 0.705467
0.292774, 0.707226
0.318389, 0.708083
0.343934, 0.708268
0.369147, 0.70801
0.393883, 0.707521
0.418103, 0.706978
0.441858, 0.706508
0.465259, 0.706179
0.488444, 0.706013
0.511556, 0.706013
0.534741, 0.706179
0.558142, 0.706508
0.581897, 0.706978
0.606117, 0.707521
0.630853, 0.70801
0.656066, 0.708268
0.681611, 0.708083
0.707226, 0.707226
0.732538, 0.705467
0.757067, 0.702594
0.780314, 0.69847
0.80202, 0.693172
0.822508, 0.687099
0.842715, 0.680861
0.863843, 0.674993
0.886707, 0.669649
0.911287, 0.66455
0.937005, 0.659244
0.963313, 0.653415
0.0423485, 0.6715
0.0681411, 0.6781
0.093469, 0.684073
0.117911, 0.689704
0.140979, 0.695419
0.162537, 0.701547
0.183063, 0.708082
0.20346, 0.714647
0.224564, 0.720706
0.246831, 0.725808
0.270258, 0.729742
0.294533, 0.732538
0.319271, 0.734355
0.344141, 0.735394
0.368899, 0.73586
0.393394, 0.735943
0.417556, 0.735812
0.441388, 0.735603
0.46495, 0.735413
0.488337, 0.735304
0.511663, 0.735304
0.53505, 0.735413
0.558612, 0.735603
0.582444, 0.735812
0.606606, 0.735943
0.631101, 0.73586
0.655859, 0.735394
0.680729, 0.734355
0.705467, 0.732538
0.729742, 0.729742
0.753169, 0.725808
0.775436, 0.720706
0.79654, 0.714647
0.816937, 0.708082
0.837463, 0.701547
0.859021, 0.695419
0.882089, 0.689704
0.906531, 0.684073
0.931859, 0.6781
0.957651, 0.6715
0.0487315, 0.689595
0.0739571, 0.696992
0.0988286, 0.703657
0.12304, 0.709835
0.146203, 0.71591
0.168134, 0.722219
0.189049, 0.728886
0.209546, 0.735712
0.2303, 0.742293
0.25179, 0.74821
0.274192, 0.753169
0.297406, 0.757067
0.321186, 0.759964
0.345267, 0.762007
0.369429, 0.763366
0.393522, 0.764209
0.417459, 0.764689
0.441213, 0.764933
0.464803, 0.765041
0.488281, 0.765078
0.511719, 0.765078
0.535197, 0.765041
0.558787, 0.764933
0.582541, 0.764689
0.606478, 0.764209
0.630571, 0.763366
0.654733, 0.762007
0.678814, 0.759964
0.702594, 0.757067
0.725808, 0.753169
0.74821, 0.74821
0.7697, 0.742293
0.790454, 0.735712
0.810951, 0.728886
0.831866, 0.722219
0.853797, 0.71591
0.87696, 0.709835
0.901171, 0.703657
0.926043, 0.696992
0.951268, 0.689595
0.0558692, 0.707703
0.0804787, 0.715923
0.104828, 0.723308
0.128708, 0.730062
0.15183, 0.736513
0.174015, 0.742975
0.195312, 0.749646
0.216051, 0.756498
0.236709, 0.763291
0.257707, 0.7697
0.279294, 0.775436
0.30153, 0.780314
0.324329, 0.784275
0.34753, 0.787367
0.370964, 0.789697
0.394495, 0.791393
0.418028, 0.792581
0.441515, 0.793369
0.464941, 0.793844
0.48832, 0.794066
0.51168, 0.794066
0.535059, 0.793844
0.558485, 0.793369
0.581972, 0.792581
0.605505, 0.791393
0.629036, 0.789697
0.65247, 0.787367
0.675671, 0.784275
0.69847, 0.780314
0.720706, 0.775436
0.742293, 0.7697
0.763291, 0.763291
0.783949, 0.756498
0.804688, 0.749646
0.825985, 0.742975
0.84817, 0.736513
0.871292, 0.730062
0.895172, 0.723308
0.919521, 0.715923
0.944131, 0.707703
0.0638014, 0.725823
0.0877487, 0.734892
0.11151, 0.743029
0.134959, 0.750399
0.157888, 0.757272
0.180153, 0.763915
0.201728, 0.770544
0.222752, 0.777248
0.243502, 0.783949
0.264288, 0.790454
0.285353, 0.79654
0.306828, 0.80202
0.328743, 0.806774
0.35105, 0.810752
0.373659, 0.813973
0.396474, 0.816492
0.419413, 0.818385
0.442415, 0.819728
0.465444, 0.820585
0.488481, 0.821001
0.511519, 0.821001
0.534556, 0.820585
0.557585, 0.819728
0.580587, 0.818385
0.603526, 0.816492
0.626341, 0.813973
0.64895, 0.810752
0.671257, 0.806774
0.693172, 0.80202
0.714647, 0.79654
0.735712, 0.790454
0.756498, 0.783949
0.777248, 0.777248
0.798272, 0.770544
0.819847, 0.763915
0.842112, 0.757272
0.865041, 0.750399
0.88849, 0.743029
0.912251, 0.734892
0.936199, 0.725823
0.0725756, 0.743954
0.0958176, 0.753899
0.11893, 0.762821
0.141848, 0.770853
0.164431, 0.778214
0.186576, 0.78512
0.208238, 0.791762
0.229456, 0.798272
0.250354, 0.804688
0.271114, 0.810951
0.291918, 0.816937
0.312901, 0.822508
0.334143, 0.827545
0.355666, 0.831965
0.377454, 0.835722
0.399465, 0.838805
0.421649, 0.841224
0.443957, 0.843003
0.466345, 0.84417
0.488777, 0.844748
0.511223, 0.844748
0.533655, 0.84417
0.556043, 0.843003
0.578351, 0.841224
0.600535, 0.838805
0.622546, 0.835722
0.644334, 0.831965
0.665857, 0.827545
0.687099, 0.822508
0.708082, 0.816937
0.728886, 0.810951
0.749646, 0.804688
0.770544, 0.798272
0.791762, 0.791762
0.813424, 0.78512
0.835569, 0.778214
0.858152, 0.770853
0.88107, 0.762821
0.904182, 0.753899
0.927424, 0.743954
0.0822482, 0.762098
0.104745, 0.77294
0.127152, 0.782679
0.149447, 0.791423
0.171542, 0.799352
0.193366, 0.806634
0.21488, 0.813424
0.236085, 0.819847
0.257025, 0.825985
0.277781, 0.831866
0.298453, 0.837463
0.319139, 0.842715
0.339915, 0.847545
0.360829, 0.85188
0.381903, 0.855663
0.403134, 0.858851
0.424506, 0.861417
0.445992, 0.863347
0.467562, 0.864635
0.489182, 0.865279
0.510818, 0.865279
0.532438, 0.864635
0.554008, 0.863347
0.575494, 0.861417
0.596866, 0.858851
0.618097, 0.855663
0.639171, 0.85188
0.660085, 0.847545
0.680861, 0.842715
0.701547, 0.837463
0.722219, 0.831866
0.742975, 0.825985
0.763915, 0.819847
0.78512, 0.813424
0.806634, 0.806634
0.828458, 0.799352
0.850553, 0.791423
0.872848, 0.782679
0.895255, 0.77294
0.917752, 0.762098
0.092887, 0.780254
0.114601, 0.792011
0.13625, 0.802595
0.157843, 0.812101
0.179324, 0.820676
0.200648, 0.828458
0.221786, 0.835569
0.242728, 0.842112
0.263487, 0.84817
0.28409, 0.853797
0.304581, 0.859021
0.325007, 0.863843
0.345416, 0.868243
0.365847, 0.87219
0.386327, 0.875648
0.40687, 0.878583
0.427481, 0.880964
0.448152, 0.882769
0.468871, 0.883982
0.48962, 0.884591
0.51038, 0.884591
0.531129, 0.883982
0.551848, 0.882769
0.572519, 0.880964
0.59313, 0.878583
0.613673, 0.875648
0.634153, 0.87219
0.654584, 0.868243
0.674993, 0.863843
0.695419, 0.859021
0.71591, 0.853797
0.736513, 0.84817
0.757272, 0.842112
0.778214, 0.835569
0.799352, 0.828458
0.820676, 0.820676
0.842157, 0.812101
0.86375, 0.802595
0.885399, 0.792011
0.907113, 0.780254
0.104574, 0.79842
0.12547, 0.811106
0.146316, 0.822557
0.167135, 0.832865
0.187899, 0.842157
0.208577, 0.850553
0.229147, 0.858152
0.249601, 0.865041
0.269938, 0.871292
0.290165, 0.87696
0.310296, 0.882089
0.330351, 0.886707
0.35035, 0.890828
0.370313, 0.894459
0.390258, 0.897596
0.410197, 0.900231
0.43014, 0.902356
0.45009, 0.90396
0.47005, 0.905034
0.490016, 0.905573
0.509984, 0.905573
0.52995, 0.905034
0.54991, 0.90396
0.56986, 0.902356
0.589803, 0.900231
0.609742, 0.897596
0.629687, 0.894459
0.64965, 0.890828
0.669649, 0.886707
0.689704, 0.882089
0.709835, 0.87696
0.730062, 0.871292
0.750399, 0.865041
0.770853, 0.858152
0.791423, 0.850553
0.812101, 0.842157
0.832865, 0.832865
0.853684, 0.822557
0.87453, 0.811106
0.895426, 0.79842
0.117409, 0.816594
0.137453, 0.830215
0.157454, 0.842546
0.177443, 0.853684
0.197405, 0.86375
0.217321, 0.872848
0.237179, 0.88107
0.256971, 0.88849
0.276692, 0.895172
0.296343, 0.901171
0.315927, 0.906531
0.33545, 0.911287
0.35492, 0.915468
0.374343, 0.919095
0.39373, 0.922184
0.413086, 0.924746
0.432421, 0.92679
0.45174, 0.92832
0.471048, 0.929338
0.49035, 0.929847
0.50965, 0.929847
0.528952, 0.929338
0.54826, 0.92832
0.567579, 0.92679
0.586914, 0.924746
0.60627, 0.922184
0.625657, 0.919095
0.64508, 0.915468
0.66455, 0.911287
0.684073, 0.906531
0.703657, 0.901171
0.723308, 0.895172
0.743029, 0.88849
0.762821, 0.88107
0.782679, 0.872848
0.802595, 0.86375
0.822557, 0.853684
0.842546, 0.842546
0.862547, 0.830215
0.882591, 0.816594
0.131516, 0.834773
0.150673, 0.849327
0.169785, 0.862547
0.188894, 0.87453
0.207989, 0.885399
0.22706, 0.895255
0.246101, 0.904182
0.265108, 0.912251
0.284077, 0.919521
0.303008, 0.926043
0.3219, 0.931859
0.340756, 0.937005
0.359577, 0.941513
0.378366, 0.945408
0.397127, 0.94871
0.415865, 0.951438
0.434582, 0.953605
0.453284, 0.955221
0.471975, 0.956295
0.490659, 0.95683
0.509341, 0.95683
0.528025, 0.956295
0.546716, 0.955221
0.565418, 0.953605
0.584135, 0.951438
0.602873, 0.94871
0.621634, 0.945408
0.640423, 0.941513
0.659244, 0.937005
0.6781, 0.931859
0.696992, 0.926043
0.715923, 0.919521
0.734892, 0.912251
0.753899, 0.904182
0.77294, 0.895255
0.792011, 0.885399
0.811106, 0.87453
0.830215, 0.862547
0.849327, 0.849327
0.868484, 0.834773
0.147048, 0.852952
0.165227, 0.868484
0.183406, 0.882591
0.20158, 0.895426
0.219746, 0.907113
0.237902, 0.917752
0.256046, 0.927424
0.274177, 0.936199
0.292297, 0.944131
0.310405, 0.951268
0.3285, 0.957651
0.346585, 0.963313
0.36466, 0.968283
0.382725, 0.972583
0.400782, 0.976235
0.418832, 0.979255
0.436875, 0.981655
0.454914, 0.983447
0.47295, 0.984637
0.490984, 0.985231
0.509016, 0.985231
0.52705, 0.984637
0.545086, 0.983447
0.563125, 0.981655
0.581168, 0.979255
0.599218, 0.976235
0.617275, 0.972583
0.63534, 0.968283
0.653415, 0.963313
0.6715, 0.957651
0.689595, 0.951268
0.707703, 0.944131
0.725823, 0.936199
0.743954, 0.927424
0.762098, 0.917752
0.780254, 0.907113
0.79842, 0.895426
0.816594, 0.882591
0.834773, 0.868484
0.852952, 0.852952
