0.146447, 0.146447
0.164124, 0.129612
0.181802, 0.114319
0.19948, 0.100391
0.217157, 0.0876894
0.234835, 0.0761044
0.252513, 0.0655463
0.27019, 0.055942
0.287868, 0.0472307
0.305546, 0.0393619
0.323223, 0.0322928
0.340901, 0.0259879
0.358579, 0.0204168
0.376256, 0.0155544
0.393934, 0.0113795
0.411612, 0.00787451
0.429289, 0.00502525
0.446967, 0.00282045
0.464645, 0.00125157
0.482322, 0.000312598
0.5, 0
0.517678, 0.000312598
0.535355, 0.00125157
0.553033, 0.00282045
0.570711, 0.00502525
0.588388, 0.00787451
0.606066, 0.0113795
0.623744, 0.0155544
0.641421, 0.0204168
0.659099, 0.0259879
0.676777, 0.0322928
0.694454, 0.0393619
0.712132, 0.0472307
0.72981, 0.055942
0.747487, 0.0655463
0.765165, 0.0761044
0.782843, 0.0876894
0.80052, 0.100391
0.818198, 0.114319
0.835876, 0.129612
0.853553, 0.146447
0.129612, 0.164124
0.148478, 0.148478
0.167139, 0.134145
0.1858, 0.121141
0.204453, 0.109329
0.223092, 0.0985974
0.241712, 0.0888558
0.260309, 0.0800287
0.278881, 0.0720527
0.297427, 0.0648742
0.315946, 0.0584475
0.334438, 0.0527338
0.352906, 0.0477
0.371349, 0.0433182
0.38977, 0.0395648
0.408173, 0.0364201
0.426559, 0.0338682
0.444931, 0.0318961
0.463293, 0.0304943
0.481648, 0.0296559
0.5, 0.0293769
0.518352, 0.0296559
0.536707, 0.0304943
0.555069, 0.0318961
0.573441, 0.0338682
0.591827, 0.0364201
0.61023, 0.0395648
0.628651, 0.0433182
0.647094, 0.0477
0.665562, 0.0527338
0.684054, 0.0584475
0.702573, 0.0648742
0.721119, 0.0720527
0.739691, 0.0800287
0.758288, 0.0888558
0.776908, 0.0985974
0.795547, 0.109329
0.8142, 0.121141
0.832861, 0.134145
0.851522, 0.148478
0.870388, 0.164124
0.114319, 0.181802
0.134145, 0.167139
0.153742, 0.153742
0.173315, 0.141613
0.192876, 0.130642
0.21241, 0.120716
0.231905, 0.111739
0.251353, 0.103633
0.270747, 0.0963303
0.290085, 0.0897732
0.309367, 0.0839131
0.328595, 0.0787089
0.347772, 0.0741264
0.366902, 0.0701373
0.385991, 0.0667188
0.405045, 0.0638526
0.42407, 0.0615245
0.443073, 0.0597239
0.462058, 0.0584428
0.481032, 0.0576762
0.5, 0.057421
0.518968, 0.0576762
0.537942, 0.0584428
0.556927, 0.0597239
0.57593, 0.0615245
0.594955, 0.0638526
0.614009, 0.0667188
0.633098, 0.0701373
0.652228, 0.0741264
0.671405, 0.0787089
0.690633, 0.0839131
0.709915, 0.0897732
0.729253, 0.0963303
0.748647, 0.103633
0.768095, 0.111739
0.78759, 0.120716
0.807124, 0.130642
0.826685, 0.141613
0.846258, 0.153742
0.865855, 0.167139
0.885681, 0.181802
0.100391, 0.19948
0.121141, 0.1858
0.141613, 0.173315
0.16206, 0.16206
0.18248, 0.151918
0.202847, 0.14277
0.223139, 0.134512
0.243342, 0.127055
0.263449, 0.120325
0.28346, 0.114258
0.303379, 0.108803
0.323217, 0.103921
0.342984, 0.0995808
0.362695, 0.0957637
0.382362, 0.0924575
0.401999, 0.0896564
0.421615, 0.0873593
0.441218, 0.085568
0.460815, 0.0842853
0.480408, 0.0835142
0.5, 0.0832569
0.519592, 0.0835142
0.539185, 0.0842853
0.558782, 0.085568
0.578385, 0.0873593
0.598001, 0.0896564
0.617638, 0.0924575
0.637305, 0.0957637
0.657016, 0.0995808
0.676783, 0.103921
0.696621, 0.108803
0.71654, 0.114258
0.736551, 0.120325
0.756658, 0.127055
0.776861, 0.134512
0.797153, 0.14277
0.81752, 0.151918
0.83794, 0.16206
0.858387, 0.173315
0.878859, 0.1858
0.899609, 0.19948
0.0876894, 0.217157
0.109329, 0.204453
0.130642, 0.192876
0.151918, 0.18248
0.173134, 0.173134
0.194246, 0.164703
0.215219, 0.157065
0.236036, 0.150115
0.256691, 0.143764
0.277195, 0.137941
0.297569, 0.132597
0.317843, 0.127703
0.338052, 0.12325
0.358229, 0.119246
0.378402, 0.115709
0.398593, 0.112662
0.418814, 0.11013
0.439071, 0.108136
0.45936, 0.106699
0.479673, 0.105831
0.5, 0.105541
0.520327, 0.105831
0.54064, 0.106699
0.560929, 0.108136
0.581186, 0.11013
0.601407, 0.112662
0.621598, 0.115709
0.641771, 0.119246
0.661948, 0.12325
0.682157, 0.127703
0.702431, 0.132597
0.722805, 0.137941
0.743309, 0.143764
0.763964, 0.150115
0.784781, 0.157065
0.805754, 0.164703
0.826866, 0.173134
0.848082, 0.18248
0.869358, 0.192876
0.890671, 0.204453
0.912311, 0.217157
0.0761044, 0.234835
0.0985974, 0.223092
0.120716, 0.21241
0.14277, 0.202847
0.164703, 0.194246
0.186444, 0.186444
0.207941, 0.179288
0.229173, 0.172647
0.250148, 0.166414
0.270906, 0.160518
0.29151, 0.154936
0.312037, 0.149681
0.332561, 0.1448
0.353142, 0.14035
0.373821, 0.13639
0.394615, 0.132971
0.415526, 0.130133
0.436544, 0.127902
0.457646, 0.126299
0.478808, 0.125332
0.5, 0.12501
0.521192, 0.125332
0.542354, 0.126299
0.563456, 0.127902
0.584474, 0.130133
0.605385, 0.132971
0.626179, 0.13639
0.646858, 0.14035
0.667439, 0.1448
0.687963, 0.149681
0.70849, 0.154936
0.729094, 0.160518
0.749852, 0.166414
0.770827, 0.172647
0.792059, 0.179288
0.813556, 0.186444
0.835297, 0.194246
0.85723, 0.202847
0.879284, 0.21241
0.901403, 0.223092
0.923896, 0.234835
0.0655463, 0.252513
0.0888558, 0.241712
0.111739, 0.231905
0.134512, 0.223139
0.157065, 0.215219
0.179288, 0.207941
0.201109, 0.201109
0.222509, 0.194557
0.243539, 0.18818
0.264313, 0.181952
0.284979, 0.175927
0.30568, 0.170206
0.326525, 0.164902
0.347578, 0.160111
0.36886, 0.155907
0.390365, 0.152334
0.412062, 0.149415
0.433915, 0.147156
0.455882, 0.145552
0.477923, 0.144594
0.5, 0.144276
0.522077, 0.144594
0.544118, 0.145552
0.566085, 0.147156
0.587938, 0.149415
0.609635, 0.152334
0.63114, 0.155907
0.652422, 0.160111
0.673475, 0.164902
0.69432, 0.170206
0.715021, 0.175927
0.735687, 0.181952
0.756461, 0.18818
0.777491, 0.194557
0.798891, 0.201109
0.820712, 0.207941
0.842935, 0.215219
0.865488, 0.223139
0.888261, 0.231905
0.911144, 0.241712
0.934454, 0.252513
0.055942, 0.27019
0.0800287, 0.260309
0.103633, 0.251353
0.127055, 0.243342
0.150115, 0.236036
0.172647, 0.229173
0.194557, 0.222509
0.215867, 0.215867
0.236733, 0.209198
0.257403, 0.202591
0.278131, 0.196219
0.299104, 0.190264
0.320424, 0.184878
0.342117, 0.180165
0.364152, 0.176172
0.386466, 0.172904
0.408986, 0.170329
0.431645, 0.1684
0.454392, 0.167066
0.477185, 0.166284
0.5, 0.166027
0.522815, 0.166284
0.545608, 0.167066
0.568355, 0.1684
0.591014, 0.170329
0.613534, 0.172904
0.635848, 0.176172
0.657883, 0.180165
0.679576, 0.184878
0.700896, 0.190264
0.721869, 0.196219
0.742597, 0.202591
0.763267, 0.209198
0.784133, 0.215867
0.805443, 0.222509
0.827353, 0.229173
0.849885, 0.236036
0.872945, 0.243342
0.896367, 0.251353
0.919971, 0.260309
0.944058, 0.27019
0.0472307, 0.287868
0.0720527, 0.278881
0.0963303, 0.270747
0.120325, 0.263449
0.143764, 0.256691
0.166414, 0.250148
0.18818, 0.243539
0.209198, 0.236733
0.229813, 0.229813
0.250437, 0.223022
0.271395, 0.216636
0.292874, 0.210895
0.314916, 0.205956
0.337456, 0.201878
0.360367, 0.198633
0.383516, 0.19614
0.406788, 0.19429
0.430104, 0.192978
0.453419, 0.192112
0.476716, 0.191622
0.5, 0.191463
0.523284, 0.191622
0.546581, 0.192112
0.569896, 0.192978
0.593212, 0.19429
0.616484, 0.19614
0.639633, 0.198633
0.662544, 0.201878
0.685084, 0.205956
0.707126, 0.210895
0.728605, 0.216636
0.749563, 0.223022
0.770187, 0.229813
0.790802, 0.236733
0.81182, 0.243539
0.833586, 0.250148
0.856236, 0.256691
0.879675, 0.263449
0.90367, 0.270747
0.927947, 0.278881
0.952769, 0.287868
0.0393619, 0.305546
0.0648742, 0.297427
0.0897732, 0.290085
0.114258, 0.28346
0.137941, 0.277195
0.160518, 0.270906
0.181952, 0.264313
0.202591, 0.257403
0.223022, 0.250437
0.243794, 0.243794
0.265263, 0.237833
0.287548, 0.232805
0.310553, 0.228801
0.334067, 0.225768
0.357862, 0.223572
0.381752, 0.222053
0.405609, 0.221053
0.429365, 0.22043
0.452998, 0.220071
0.476528, 0.21989
0.5, 0.219835
0.523472, 0.21989
0.547002, 0.220071
0.570635, 0.22043
0.594391, 0.221053
0.618248, 0.222053
0.642138, 0.223572
0.665933, 0.225768
0.689447, 0.228801
0.712452, 0.232805
0.734737, 0.237833
0.756206, 0.243794
0.776978, 0.250437
0.797409, 0.257403
0.818048, 0.264313
0.839482, 0.270906
0.862059, 0.277195
0.885742, 0.28346
0.910227, 0.290085
0.935126, 0.297427
0.960638, 0.305546
0.0322928, 0.323223
0.0584475, 0.315946
0.0839131, 0.309367
0.108803, 0.303379
0.132597, 0.297569
0.154936, 0.29151
0.175927, 0.284979
0.196219, 0.278131
0.216636, 0.271395
0.237833, 0.265263
0.260126, 0.260126
0.28346, 0.256157
0.307539, 0.253312
0.332016, 0.251426
0.356599, 0.250296
0.381079, 0.249722
0.405335, 0.249519
0.429319, 0.249529
0.453046, 0.249625
0.476576, 0.249718
0.5, 0.249755
0.523424, 0.249718
0.546954, 0.249625
0.570681, 0.249529
0.594665, 0.249519
0.618921, 0.249722
0.643401, 0.250296
0.667984, 0.251426
0.692461, 0.253312
0.71654, 0.256157
0.739874, 0.260126
0.762167, 0.265263
0.783364, 0.271395
0.803781, 0.278131
0.824073, 0.284979
0.845064, 0.29151
0.867403, 0.297569
0.891197, 0.303379
0.916087, 0.309367
0.941553, 0.315946
0.967707, 0.323223
0.0259879, 0.340901
0.0527338, 0.334438
0.0787089, 0.328595
0.103921, 0.323217
0.127703, 0.317843
0.149681, 0.312037
0.170206, 0.30568
0.190264, 0.299104
0.210895, 0.292874
0.232805, 0.287548
0.256157, 0.28346
0.280641, 0.280641
0.305775, 0.278926
0.331127, 0.278091
0.356366, 0.2779
0.38128, 0.278125
0.405759, 0.278566
0.429789, 0.279056
0.453429, 0.279475
0.476788, 0.27975
0.5, 0.279845
0.523212, 0.27975
0.546571, 0.279475
0.570211, 0.279056
0.594241, 0.278566
0.61872, 0.278125
0.643634, 0.2779
0.668873, 0.278091
0.694225, 0.278926
0.719359, 0.280641
0.743843, 0.28346
0.767195, 0.287548
0.789105, 0.292874
0.809736, 0.299104
0.829794, 0.30568
0.850319, 0.312037
0.872297, 0.317843
0.896079, 0.323217
0.921291, 0.328595
0.947266, 0.334438
0.974012, 0.340901
0.0204168, 0.358579
0.0477, 0.352906
0.0741264, 0.347772
0.0995808, 0.342984
0.12325, 0.338052
0.1448, 0.332561
0.164902, 0.326525
0.184878, 0.320424
0.205956, 0.314916
0.228801, 0.310553
0.253312, 0.307539
0.278926, 0.305775
0.305036, 0.305036
0.331145, 0.305063
0.356896, 0.305593
0.382072, 0.306372
0.406594, 0.307178
0.430503, 0.307854
0.45393, 0.308323
0.47704, 0.308582
0.5, 0.308663
0.52296, 0.308582
0.54607, 0.308323
0.569497, 0.307854
0.593406, 0.307178
0.617928, 0.306372
0.643104, 0.305593
0.668855, 0.305063
0.694964, 0.305036
0.721074, 0.305775
0.746688, 0.307539
0.771199, 0.310553
0.794044, 0.314916
0.815122, 0.320424
0.835098, 0.326525
0.8552, 0.332561
0.87675, 0.338052
0.900419, 0.342984
0.925874, 0.347772
0.9523, 0.352906
0.979583, 0.358579
0.0155544, 0.376256
0.0433182, 0.371349
0.0701373, 0.366902
0.0957637, 0.362695
0.119246, 0.358229
0.14035, 0.353142
0.160111, 0.347578
0.180165, 0.342117
0.201878, 0.337456
0.225768, 0.334067
0.251426, 0.332016
0.278091, 0.331127
0.305063, 0.331145
0.331785, 0.331785
0.357864, 0.332742
0.38308, 0.333708
0.407412, 0.33443
0.431018, 0.334778
0.454166, 0.334797
0.477109, 0.334669
0.5, 0.334597
0.522891, 0.334669
0.545834, 0.334797
0.568982, 0.334778
0.592588, 0.33443
0.61692, 0.333708
0.642136, 0.332742
0.668215, 0.331785
0.694937, 0.331145
0.721909, 0.331127
0.748574, 0.332016
0.774232, 0.334067
0.798122, 0.337456
0.819835, 0.342117
0.839889, 0.347578
0.85965, 0.353142
0.880754, 0.358229
0.904236, 0.362695
0.929863, 0.366902
0.956682, 0.371349
0.984446, 0.376256
0.0113795, 0.393934
0.0395648, 0.38977
0.0667188, 0.385991
0.0924575, 0.382362
0.115709, 0.378402
0.13639, 0.373821
0.155907, 0.36886
0.176172, 0.364152
0.198633, 0.360367
0.223572, 0.357862
0.250296, 0.356599
0.2779, 0.356366
0.305593, 0.356896
0.332742, 0.357864
0.358887, 0.358887
0.38381, 0.359564
0.407606, 0.359587
0.430688, 0.358918
0.453593, 0.357865
0.476687, 0.356934
0.5, 0.356567
0.523313, 0.356934
0.546407, 0.357865
0.569312, 0.358918
0.592394, 0.359587
0.61619, 0.359564
0.641113, 0.358887
0.667258, 0.357864
0.694407, 0.356896
0.7221, 0.356366
0.749704, 0.356599
0.776428, 0.357862
0.801367, 0.360367
0.823828, 0.364152
0.844093, 0.36886
0.86361, 0.373821
0.884291, 0.378402
0.907543, 0.382362
0.933281, 0.385991
0.960435, 0.38977
0.988621, 0.393934
0.00787451, 0.411612
0.0364201, 0.408173
0.0638526, 0.405045
0.0896564, 0.401999
0.112662, 0.398593
0.132971, 0.394615
0.152334, 0.390365
0.172904, 0.386466
0.19614, 0.383516
0.222053, 0.381752
0.249722, 0.381079
0.278125, 0.38128
0.306372, 0.382072
0.333708, 0.38308
0.359564, 0.38381
0.383728, 0.383728
0.406569, 0.382527
0.428987, 0.380427
0.451876, 0.378094
0.475624, 0.3763
0.5, 0.37563
0.524376, 0.3763
0.548124, 0.378094
0.571013, 0.380427
0.593431, 0.382527
0.616272, 0.383728
0.640436, 0.38381
0.666292, 0.38308
0.693628, 0.382072
0.721875, 0.38128
0.750278, 0.381079
0.777947, 0.381752
0.80386, 0.383516
0.827096, 0.386466
0.847666, 0.390365
0.867029, 0.394615
0.887338, 0.398593
0.910344, 0.401999
0.936147, 0.405045
0.96358, 0.408173
0.992125, 0.411612
0.00502525, 0.429289
0.0338682, 0.426559
0.0615245, 0.42407
0.0873593, 0.421615
0.11013, 0.418814
0.130133, 0.415526
0.149415, 0.412062
0.170329, 0.408986
0.19429, 0.406788
0.221053, 0.405609
0.249519, 0.405335
0.278566, 0.405759
0.307178, 0.406594
0.33443, 0.407412
0.359587, 0.407606
0.382527, 0.406569
0.404167, 0.404167
0.42601, 0.400921
0.449207, 0.397687
0.474061, 0.395341
0.5, 0.39449
0.525939, 0.395341
0.550793, 0.397687
0.57399, 0.400921
0.595833, 0.404167
0.617473, 0.406569
0.640413, 0.407606
0.66557, 0.407412
0.692822, 0.406594
0.721434, 0.405759
0.750481, 0.405335
0.778947, 0.405609
0.80571, 0.406788
0.829671, 0.408986
0.850585, 0.412062
0.869867, 0.415526
0.88987, 0.418814
0.912641, 0.421615
0.938475, 0.42407
0.966132, 0.426559
0.994975, 0.429289
0.00282045, 0.446967
0.0318961, 0.444931
0.0597239, 0.443073
0.085568, 0.441218
0.108136, 0.439071
0.127902, 0.436544
0.147156, 0.433915
0.1684, 0.431645
0.192978, 0.430104
0.22043, 0.429365
0.249529, 0.429319
0.279056, 0.429789
0.307854, 0.430503
0.334778, 0.431018
0.358918, 0.430688
0.380427, 0.428987
0.400921, 0.42601
0.422389, 0.422389
0.446161, 0.419015
0.472359, 0.416714
0.5, 0.415913
0.527641, 0.416714
0.553839, 0.419015
0.577611, 0.422389
0.599079, 0.42601
0.619573, 0.428987
0.641082, 0.430688
0.665222, 0.431018
0.692146, 0.430503
0.720944, 0.429789
0.750471, 0.429319
0.77957, 0.429365
0.807022, 0.430104
0.8316, 0.431645
0.852844, 0.433915
0.872098, 0.436544
0.891864, 0.439071
0.914432, 0.441218
0.940276, 0.443073
0.968104, 0.444931
0.99718, 0.446967
0.00125157, 0.464645
0.0304943, 0.463293
0.0584428, 0.462058
0.0842853, 0.460815
0.106699, 0.45936
0.126299, 0.457646
0.145552, 0.455882
0.167066, 0.454392
0.192112, 0.453419
0.220071, 0.452998
0.249625, 0.453046
0.279475, 0.453429
0.308323, 0.45393
0.334797, 0.454166
0.357865, 0.453593
0.378094, 0.451876
0.397687, 0.449207
0.419015, 0.446161
0.443522, 0.443522
0.47097, 0.441845
0.5, 0.441282
0.52903, 0.441845
0.556478, 0.443522
0.580985, 0.446161
0.602313, 0.449207
0.621906, 0.451876
0.642135, 0.453593
0.665203, 0.454166
0.691677, 0.45393
0.720525, 0.453429
0.750375, 0.453046
0.779929, 0.452998
0.807888, 0.453419
0.832934, 0.454392
0.854448, 0.455882
0.873701, 0.457646
0.893301, 0.45936
0.915715, 0.460815
0.941557, 0.462058
0.969506, 0.463293
0.998748, 0.464645
0.000312598, 0.482322
0.0296559, 0.481648
0.0576762, 0.481032
0.0835142, 0.480408
0.105831, 0.479673
0.125332, 0.478808
0.144594, 0.477923
0.166284, 0.477185
0.191622, 0.476716
0.21989, 0.476528
0.249718, 0.476576
0.27975, 0.476788
0.308582, 0.47704
0.334669, 0.477109
0.356934, 0.476687
0.3763, 0.475624
0.395341, 0.474061
0.416714, 0.472359
0.441845, 0.47097
0.470125, 0.470125
0.5, 0.469847
0.529875, 0.470125
0.558155, 0.47097
0.583286, 0.472359
0.604659, 0.474061
0.6237, 0.475624
0.643066, 0.476687
0.665331, 0.477109
0.691418, 0.47704
0.72025, 0.476788
0.750282, 0.476576
0.78011, 0.476528
0.808378, 0.476716
0.833716, 0.477185
0.855406, 0.477923
0.874668, 0.478808
0.894169, 0.479673
0.916486, 0.480408
0.942324, 0.481032
0.970344, 0.481648
0.999687, 0.482322
0, 0.5
0.0293769, 0.5
0.057421, 0.5
0.0832569, 0.5
0.105541, 0.5
0.12501, 0.5
0.144276, 0.5
0.166027, 0.5
0.191463, 0.5
0.219835, 0.5
0.249755, 0.5
0.279845, 0.5
0.308663, 0.5
0.334597, 0.5
0.356567, 0.5
0.37563, 0.5
0.39449, 0.5
0.415913, 0.5
0.441282, 0.5
0.469847, 0.5
0.5, 0.5
0.530153, 0.5
0.558718, 0.5
0.584087, 0.5
0.60551, 0.5
0.62437, 0.5
0.643433, 0.5
0.665403, 0.5
0.691337, 0.5
0.720155, 0.5
0.750245, 0.5
0.780165, 0.5
0.808537, 0.5
0.833973, 0.5
0.855724, 0.5
0.87499, 0.5
0.894459, 0.5
0.916743, 0.5
0.942579, 0.5
0.970623, 0.5
1, 0.5
0.000312598, 0.517678
0.0296559, 0.518352
0.0576762, 0.518968
0.0835142, 0.519592
0.105831, 0.520327
0.125332, 0.521192
0.144594, 0.522077
0.166284, 0.522815
0.191622, 0.523284
0.21989, 0.523472
0.249718, 0.523424
0.27975, 0.523212
0.308582, 0.52296
0.334669, 0.522891
0.356934, 0.523313
0.3763, 0.524376
0.395341, 0.525939
0.416714, 0.527641
0.441845, 0.52903
0.470125, 0.529875
0.5, 0.530153
0.529875, 0.529875
0.558155, 0.52903
0.583286, 0.527641
0.604659, 0.525939
0.6237, 0.524376
0.643066, 0.523313
0.665331, 0.522891
0.691418, 0.52296
0.72025, 0.523212
0.750282, 0.523424
0.78011, 0.523472
0.808378, 0.523284
0.833716, 0.522815
0.855406, 0.522077
0.874668, 0.521192
0.894169, 0.520327
0.916486, 0.519592
0.942324, 0.518968
0.970344, 0.518352
0.999687, 0.517678
0.00125157, 0.535355
0.0304943, 0.536707
0.0584428, 0.537942
0.0842853, 0.539185
0.106699, 0.54064
0.126299, 0.542354
0.145552, 0.544118
0.167066, 0.545608
0.192112, 0.546581
0.220071, 0.547002
0.249625, 0.546954
0.279475, 0.546571
0.308323, 0.54607
0.334797, 0.545834
0.357865, 0.546407
0.378094, 0.548124
0.397687, 0.550793
0.419015, 0.553839
0.443522, 0.556478
0.47097, 0.558155
0.5, 0.558718
0.52903, 0.558155
0.556478, 0.556478
0.580985, 0.553839
0.602313, 0.550793
0.621906, 0.548124
0.642135, 0.546407
0.665203, 0.545834
0.691677, 0.54607
0.720525, 0.546571
0.750375, 0.546954
0.779929, 0.547002
0.807888, 0.546581
0.832934, 0.545608
0.854448, 0.544118
0.873701, 0.542354
0.893301, 0.54064
0.915715, 0.539185
0.941557, 0.537942
0.969506, 0.536707
0.998748, 0.535355
0.00282045, 0.553033
0.0318961, 0.555069
0.0597239, 0.556927
0.085568, 0.558782
0.108136, 0.560929
0.127902, 0.563456
0.147156, 0.566085
0.1684, 0.568355
0.192978, 0.569896
0.22043, 0.570635
0.249529, 0.570681
0.279056, 0.570211
0.307854, 0.569497
0.334778, 0.568982
0.358918, 0.569312
0.380427, 0.571013
0.400921, 0.57399
0.422389, 0.577611
0.446161, 0.580985
0.472359, 0.583286
0.5, 0.584087
0.527641, 0.583286
0.553839, 0.580985
0.577611, 0.577611
0.599079, 0.57399
0.619573, 0.571013
0.641082, 0.569312
0.665222, 0.568982
0.692146, 0.569497
0.720944, 0.570211
0.750471, 0.570681
0.77957, 0.570635
0.807022, 0.569896
0.8316, 0.568355
0.852844, 0.566085
0.872098, 0.563456
0.891864, 0.560929
0.914432, 0.558782
0.940276, 0.556927
0.968104, 0.555069
0.99718, 0.553033
0.00502525, 0.570711
0.0338682, 0.573441
0.0615245, 0.57593
0.0873593, 0.578385
0.11013, 0.581186
0.130133, 0.584474
0.149415, 0.587938
0.170329, 0.591014
0.19429, 0.593212
0.221053, 0.594391
0.249519, 0.594665
0.278566, 0.594241
0.307178, 0.593406
0.33443, 0.592588
0.359587, 0.592394
0.382527, 0.593431
0.404167, 0.595833
0.42601, 0.599079
0.449207, 0.602313
0.474061, 0.604659
0.5, 0.60551
0.525939, 0.604659
0.550793, 0.602313
0.57399, 0.599079
0.595833, 0.595833
0.617473, 0.593431
0.640413, 0.592394
0.66557, 0.592588
0.692822, 0.593406
0.721434, 0.594241
0.750481, 0.594665
0.778947, 0.594391
0.80571, 0.593212
0.829671, 0.591014
0.850585, 0.587938
0.869867, 0.584474
0.88987, 0.581186
0.912641, 0.578385
0.938475, 0.57593
0.966132, 0.573441
0.994975, 0.570711
0.00787451, 0.588388
0.0364201, 0.591827
0.0638526, 0.594955
0.0896564, 0.598001
0.112662, 0.601407
0.132971, 0.605385
0.152334, 0.609635
0.172904, 0.613534
0.19614, 0.616484
0.222053, 0.618248
0.249722, 0.618921
0.278125, 0.61872
0.306372, 0.617928
0.333708, 0.61692
0.359564, 0.61619
0.383728, 0.616272
0.406569, 0.617473
0.428987, 0.619573
0.451876, 0.621906
0.475624, 0.6237
0.5, 0.62437
0.524376, 0.6237
0.548124, 0.621906
0.571013, 0.619573
0.593431, 0.617473
0.616272, 0.616272
0.640436, 0.61619
0.666292, 0.61692
0.693628, 0.617928
0.721875, 0.61872
0.750278, 0.618921
0.777947, 0.618248
0.80386, 0.616484
0.827096, 0.613534
0.847666, 0.609635
0.867029, 0.605385
0.887338, 0.601407
0.910344, 0.598001
0.936147, 0.594955
0.96358, 0.591827
0.992125, 0.588388
0.0113795, 0.606066
0.0395648, 0.61023
0.0667188, 0.614009
0.0924575, 0.617638
0.115709, 0.621598
0.13639, 0.626179
0.155907, 0.63114
0.176172, 0.635848
0.198633, 0.639633
0.223572, 0.642138
0.250296, 0.643401
0.2779, 0.643634
0.305593, 0.643104
0.332742, 0.642136
0.358887, 0.641113
0.38381, 0.640436
0.407606, 0.640413
0.430688, 0.641082
0.453593, 0.642135
0.476687, 0.643066
0.5, 0.643433
0.523313, 0.643066
0.546407, 0.642135
0.569312, 0.641082
0.592394, 0.640413
0.61619, 0.640436
0.641113, 0.641113
0.667258, 0.642136
0.694407, 0.643104
0.7221, 0.643634
0.749704, 0.643401
0.776428, 0.642138
0.801367, 0.639633
0.823828, 0.635848
0.844093, 0.63114
0.86361, 0.626179
0.884291, 0.621598
0.907543, 0.617638
0.933281, 0.614009
0.960435, 0.61023
0.988621, 0.606066
0.0155544, 0.623744
0.0433182, 0.628651
0.0701373, 0.633098
0.0957637, 0.637305
0.119246, 0.641771
0.14035, 0.646858
0.160111, 0.652422
0.180165, 0.657883
0.201878, 0.662544
0.225768, 0.665933
0.251426, 0.667984
0.278091, 0.668873
0.305063, 0.668855
0.331785, 0.668215
0.357864, 0.667258
0.38308, 0.666292
0.407412, 0.66557
0.431018, 0.665222
0.454166, 0.665203
0.477109, 0.665331
0.5, 0.665403
0.522891, 0.665331
0.545834, 0.665203
0.568982, 0.665222
0.592588, 0.66557
0.61692, 0.666292
0.642136, 0.667258
0.668215, 0.668215
0.694937, 0.668855
0.721909, 0.668873
0.748574, 0.667984
0.774232, 0.665933
0.798122, 0.662544
0.819835, 0.657883
0.839889, 0.652422
0.85965, 0.646858
0.880754, 0.641771
0.904236, 0.637305
0.929863, 0.633098
0.956682, 0.628651
0.984446, 0.623744
0.0204168, 0.641421
0.0477, 0.647094
0.0741264, 0.652228
0.0995808, 0.657016
0.12325, 0.661948
0.1448, 0.667439
0.164902, 0.673475
0.184878, 0.679576
0.205956, 0.685084
0.228801, 0.689447
0.253312, 0.692461
0.278926, 0.694225
0.305036, 0.694964
0.331145, 0.694937
0.356896, 0.694407
0.382072, 0.693628
0.406594, 0.692822
0.430503, 0.692146
0.45393, 0.691677
0.47704, 0.691418
0.5, 0.691337
0.52296, 0.691418
0.54607, 0.691677
0.569497, 0.692146
0.593406, 0.692822
0.617928, 0.693628
0.643104, 0.694407
0.668855, 0.694937
0.694964, 0.694964
0.721074, 0.694225
0.746688, 0.692461
0.771199, 0.689447
0.794044, 0.685084
0.815122, 0.679576
0.835098, 0.673475
0.8552, 0.667439
0.87675, 0.661948
0.900419, 0.657016
0.925874, 0.652228
0.9523, 0.647094
0.979583, 0.641421
0.0259879, 0.659099
0.0527338, 0.665562
0.0787089, 0.671405
0.103921, 0.676783
0.127703, 0.682157
0.149681, 0.687963
0.170206, 0.69432
0.190264, 0.700896
0.210895, 0.707126
0.232805, 0.712452
0.256157, 0.71654
0.280641, 0.719359
0.305775, 0.721074
0.331127, 0.721909
0.356366, 0.7221
0.38128, 0.721875
0.405759, 0.721434
0.429789, 0.720944
0.453429, 0.720525
0.476788, 0.72025
0.5, 0.720155
0.523212, 0.72025
0.546571, 0.720525
0.570211, 0.720944
0.594241, 0.721434
0.61872, 0.721875
0.643634, 0.7221
0.668873, 0.721909
0.694225, 0.721074
0.719359, 0.719359
0.743843, 0.71654
0.767195, 0.712452
0.789105, 0.707126
0.809736, 0.700896
0.829794, 0.69432
0.850319, 0.687963
0.872297, 0.682157
0.896079, 0.676783
0.921291, 0.671405
0.947266, 0.665562
0.974012, 0.659099
0.0322928, 0.676777
0.0584475, 0.684054
0.0839131, 0.690633
0.108803, 0.696621
0.132597, 0.702431
0.154936, 0.70849
0.175927, 0.715021
0.196219, 0.721869
0.216636, 0.728605
0.237833, 0.734737
0.260126, 0.739874
0.28346, 0.743843
0.307539, 0.746688
0.332016, 0.748574
0.356599, 0.749704
0.381079, 0.750278
0.405335, 0.750481
0.429319, 0.750471
0.453046, 0.750375
0.476576, 0.750282
0.5, 0.750245
0.523424, 0.750282
0.546954, 0.750375
0.570681, 0.750471
0.594665, 0.750481
0.618921, 0.750278
0.643401, 0.749704
0.667984, 0.748574
0.692461, 0.746688
0.71654, 0.743843
0.739874, 0.739874
0.762167, 0.734737
0.783364, 0.728605
0.803781, 0.721869
0.824073, 0.715021
0.845064, 0.70849
0.867403, 0.702431
0.891197, 0.696621
0.916087, 0.690633
0.941553, 0.684054
0.967707, 0.676777
0.0393619, 0.694454
0.0648742, 0.702573
0.0897732, 0.709915
0.114258, 0.71654
0.137941, 0.722805
0.160518, 0.729094
0.181952, 0.735687
0.202591, 0.742597
0.223022, 0.749563
0.243794, 0.756206
0.265263, 0.762167
0.287548, 0.767195
0.310553, 0.771199
0.334067, 0.774232
0.357862, 0.776428
0.381752, 0.777947
0.405609, 0.778947
0.429365, 0.77957
0.452998, 0.779929
0.476528, 0.78011
0.5, 0.780165
0.523472, 0.78011
0.547002, 0.779929
0.570635, 0.77957
0.594391, 0.778947
0.618248, 0.777947
0.642138, 0.776428
0.665933, 0.774232
0.689447, 0.771199
0.712452, 0.767195
0.734737, 0.762167
0.756206, 0.756206
0.776978, 0.749563
0.797409, 0.742597
0.818048, 0.735687
0.839482, 0.729094
0.862059, 0.722805
0.885742, 0.71654
0.910227, 0.709915
0.935126, 0.702573
0.960638, 0.694454
0.0472307, 0.712132
0.0720527, 0.721119
0.0963303, 0.729253
0.120325, 0.736551
0.143764, 0.743309
0.166414, 0.749852
0.18818, 0.756461
0.209198, 0.763267
0.229813, 0.770187
0.250437, 0.776978
0.271395, 0.783364
0.292874, 0.789105
0.314916, 0.794044
0.337456, 0.798122
0.360367, 0.801367
0.383516, 0.80386
0.406788, 0.80571
0.430104, 0.807022
0.453419, 0.807888
0.476716, 0.808378
0.5, 0.808537
0.523284, 0.808378
0.546581, 0.807888
0.569896, 0.807022
0.593212, 0.80571
0.616484, 0.80386
0.639633, 0.801367
0.662544, 0.798122
0.685084, 0.794044
0.707126, 0.789105
0.728605, 0.783364
0.749563, 0.776978
0.770187, 0.770187
0.790802, 0.763267
0.81182, 0.756461
0.833586, 0.749852
0.856236, 0.743309
0.879675, 0.736551
0.90367, 0.729253
0.927947, 0.721119
0.952769, 0.712132
0.055942, 0.72981
0.0800287, 0.739691
0.103633, 0.748647
0.127055, 0.756658
0.150115, 0.763964
0.172647, 0.770827
0.194557, 0.777491
0.215867, 0.784133
0.236733, 0.790802
0.257403, 0.797409
0.278131, 0.803781
0.299104, 0.809736
0.320424, 0.815122
0.342117, 0.819835
0.364152, 0.823828
0.386466, 0.827096
0.408986, 0.829671
0.431645, 0.8316
0.454392, 0.832934
0.477185, 0.833716
0.5, 0.833973
0.522815, 0.833716
0.545608, 0.832934
0.568355, 0.8316
0.591014, 0.829671
0.613534, 0.827096
0.635848, 0.823828
0.657883, 0.819835
0.679576, 0.815122
0.700896, 0.809736
0.721869, 0.803781
0.742597, 0.797409
0.763267, 0.790802
0.784133, 0.784133
0.805443, 0.777491
0.827353, 0.770827
0.849885, 0.763964
0.872945, 0.756658
0.896367, 0.748647
0.919971, 0.739691
0.944058, 0.72981
0.0655463, 0.747487
0.0888558, 0.758288
0.111739, 0.768095
0.134512, 0.776861
0.157065, 0.784781
0.179288, 0.792059
0.201109, 0.798891
0.222509, 0.805443
0.243539, 0.81182
0.264313, 0.818048
0.284979, 0.824073
0.30568, 0.829794
0.326525, 0.835098
0.347578, 0.839889
0.36886, 0.844093
0.390365, 0.847666
0.412062, 0.850585
0.433915, 0.852844
0.455882, 0.854448
0.477923, 0.855406
0.5, 0.855724
0.522077, 0.855406
0.544118, 0.854448
0.566085, 0.852844
0.587938, 0.850585
0.609635, 0.847666
0.63114, 0.844093
0.652422, 0.839889
0.673475, 0.835098
0.69432, 0.829794
0.715021, 0.824073
0.735687, 0.818048
0.756461, 0.81182
0.777491, 0.805443
0.798891, 0.798891
0.820712, 0.792059
0.842935, 0.784781
0.865488, 0.776861
0.888261, 0.768095
0.911144, 0.758288
0.934454, 0.747487
0.0761044, 0.765165
0.0985974, 0.776908
0.120716, 0.78759
0.14277, 0.797153
0.164703, 0.805754
0.186444, 0.813556
0.207941, 0.820712
0.229173, 0.827353
0.250148, 0.833586
0.270906, 0.839482
0.29151, 0.845064
0.312037, 0.850319
0.332561, 0.8552
0.353142, 0.85965
0.373821, 0.86361
0.394615, 0.867029
0.415526, 0.869867
0.436544, 0.872098
0.457646, 0.873701
0.478808, 0.874668
0.5, 0.87499
0.521192, 0.874668
0.542354, 0.873701
0.563456, 0.872098
0.584474, 0.869867
0.605385, 0.867029
0.626179, 0.86361
0.646858, 0.85965
0.667439, 0.8552
0.687963, 0.850319
0.70849, 0.845064
0.729094, 0.839482
0.749852, 0.833586
0.770827, 0.827353
0.792059, 0.820712
0.813556, 0.813556
0.835297, 0.805754
0.85723, 0.797153
0.879284, 0.78759
0.901403, 0.776908
0.923896, 0.765165
0.0876894, 0.782843
0.109329, 0.795547
0.130642, 0.807124
0.151918, 0.81752
0.173134, 0.826866
0.194246, 0.835297
0.215219, 0.842935
0.236036, 0.849885
0.256691, 0.856236
0.277195, 0.862059
0.297569, 0.867403
0.317843, 0.872297
0.338052, 0.87675
0.358229, 0.880754
0.378402, 0.884291
0.398593, 0.887338
0.418814, 0.88987
0.439071, 0.891864
0.45936, 0.893301
0.479673, 0.894169
0.5, 0.894459
0.520327, 0.894169
0.54064, 0.893301
0.560929, 0.891864
0.581186, 0.88987
0.601407, 0.887338
0.621598, 0.884291
0.641771, 0.880754
0.661948, 0.87675
0.682157, 0.872297
0.702431, 0.867403
0.722805, 0.862059
0.743309, 0.856236
0.763964, 0.849885
0.784781, 0.842935
0.805754, 0.835297
0.826866, 0.826866
0.848082, 0.81752
0.869358, 0.807124
0.890671, 0.795547
0.912311, 0.782843
0.100391, 0.80052
0.121141, 0.8142
0.141613, 0.826685
0.16206, 0.83794
0.18248, 0.848082
0.202847, 0.85723
0.223139, 0.865488
0.243342, 0.872945
0.263449, 0.879675
0.28346, 0.885742
0.303379, 0.891197
0.323217, 0.896079
0.342984, 0.900419
0.362695, 0.904236
0.382362, 0.907543
0.401999, 0.910344
0.421615, 0.912641
0.441218, 0.914432
0.460815, 0.915715
0.480408, 0.916486
0.5, 0.916743
0.519592, 0.916486
0.539185, 0.915715
0.558782, 0.914432
0.578385, 0.912641
0.598001, 0.910344
0.617638, 0.907543
0.637305, 0.904236
0.657016, 0.900419
0.676783, 0.896079
0.696621, 0.891197
0.71654, 0.885742
0.736551, 0.879675
0.756658, 0.872945
0.776861, 0.865488
0.797153, 0.85723
0.81752, 0.848082
0.83794, 0.83794
0.858387, 0.826685
0.878859, 0.8142
0.899609, 0.80052
0.114319, 0.818198
0.134145, 0.832861
0.153742, 0.846258
0.173315, 0.858387
0.192876, 0.869358
0.21241, 0.879284
0.231905, 0.888261
0.251353, 0.896367
0.270747, 0.90367
0.290085, 0.910227
0.309367, 0.916087
0.328595, 0.921291
0.347772, 0.925874
0.366902, 0.929863
0.385991, 0.933281
0.405045, 0.936147
0.42407, 0.938475
0.443073, 0.940276
0.462058, 0.941557
0.481032, 0.942324
0.5, 0.942579
0.518968, 0.942324
0.537942, 0.941557
0.556927, 0.940276
0.57593, 0.938475
0.594955, 0.936147
0.614009, 0.933281
0.633098, 0.929863
0.652228, 0.925874
0.671405, 0.921291
0.690633, 0.916087
0.709915, 0.910227
0.729253, 0.90367
0.748647, 0.896367
0.768095, 0.888261
0.78759, 0.879284
0.807124, 0.869358
0.826685, 0.858387
0.846258, 0.846258
0.865855, 0.832861
0.885681, 0.818198
0.129612, 0.835876
0.148478, 0.851522
0.167139, 0.865855
0.1858, 0.878859
0.204453, 0.890671
0.223092, 0.901403
0.241712, 0.911144
0.260309, 0.919971
0.278881, 0.927947
0.297427, 0.935126
0.315946, 0.941553
0.334438, 0.947266
0.352906, 0.9523
0.371349, 0.956682
0.38977, 0.960435
0.408173, 0.96358
0.426559, 0.966132
0.444931, 0.968104
0.463293, 0.969506
0.481648, 0.970344
0.5, 0.970623
0.518352, 0.970344
0.536707, 0.969506
0.555069, 0.968104
0.573441, 0.966132
0.591827, 0.96358
0.61023, 0.960435
0.628651, 0.956682
0.647094, 0.9523
0.665562, 0.947266
0.684054, 0.941553
0.702573, 0.935126
0.721119, 0.927947
0.739691, 0.919971
0.758288, 0.911144
0.776908, 0.901403
0.795547, 0.890671
0.8142, 0.878859
0.832861, 0.865855
0.851522, 0.851522
0.870388, 0.835876
0.146447, 0.853553
0.164124, 0.870388
0.181802, 0.885681
0.19948, 0.899609
0.217157, 0.912311
0.234835, 0.923896
0.252513, 0.934454
0.27019, 0.944058
0.287868, 0.952769
0.305546, 0.960638
0.323223, 0.967707
0.340901, 0.974012
0.358579, 0.979583
0.376256, 0.984446
0.393934, 0.988621
0.411612, 0.992125
0.429289, 0.994975
0.446967, 0.99718
0.464645, 0.998748
0.482322, 0.999687
0.5, 1
0.517678, 0.999687
0.535355, 0.998748
0.553033, 0.99718
0.570711, 0.994975
0.588388, 0.992125
0.606066, 0.988621
0.623744, 0.984446
0.641421, 0.979583
0.659099, 0.974012
0.676777, 0.967707
0.694454, 0.960638
0.712132, 0.952769
0.72981, 0.944058
0.747487, 0.934454
0.765165, 0.923896
0.782843, 0.912311
0.80052, 0.899609
0.818198, 0.885681
0.835876, 0.870388
0.853553, 0.853553
0.147062, 0.147062
0.165244, 0.131536
0.183427, 0.117436
0.201604, 0.104607
0.219772, 0.0929278
0.237929, 0.0822961
0.256074, 0.0726305
0.274207, 0.0638631
0.292326, 0.0559374
0.310433, 0.048806
0.328528, 0.0424289
0.346612, 0.0367723
0.364684, 0.0318079
0.382747, 0.0275116
0.400801, 0.0238636
0.418848, 0.0208473
0.436888, 0.0184497
0.454924, 0.0166602
0.472956, 0.0154714
0.490985, 0.0148782
0.509015, 0.0148782
0.527044, 0.0154714
0.545076, 0.0166602
0.563112, 0.0184497
0.581152, 0.0208473
0.599199, 0.0238636
0.617253, 0.0275116
0.635316, 0.0318079
0.653388, 0.0367723
0.671472, 0.0424289
0.689567, 0.048806
0.707674, 0.0559374
0.725793, 0.0638631
0.743926, 0.0726305
0.762071, 0.0822961
0.780228, 0.0929278
0.798396, 0.104607
0.816573, 0.117436
0.834756, 0.131536
0.852938, 0.147062
0.131536, 0.165244
0.150711, 0.150711
0.169832, 0.137506
0.18895, 0.125539
0.208053, 0.114688
0.227131, 0.104849
0.246177, 0.0959405
0.265187, 0.0878898
0.284157, 0.0806375
0.303088, 0.074133
0.321978, 0.0683331
0.34083, 0.0632013
0.359645, 0.0587069
0.378428, 0.0548242
0.397182, 0.0515319
0.415911, 0.0488127
0.434619, 0.0466529
0.453311, 0.0450419
0.471991, 0.043972
0.490664, 0.0434383
0.509336, 0.0434383
0.528009, 0.043972
0.546689, 0.0450419
0.565381, 0.0466529
0.584089, 0.0488127
0.602818, 0.0515319
0.621572, 0.0548242
0.640355, 0.0587069
0.65917, 0.0632013
0.678022, 0.0683331
0.696912, 0.074133
0.715843, 0.0806375
0.734813, 0.0878898
0.753823, 0.0959405
0.772869, 0.104849
0.791947, 0.114688
0.81105, 0.125539
0.830168, 0.137506
0.849289, 0.150711
0.868464, 0.165244
0.117436, 0.183427
0.137506, 0.169832
0.157525, 0.157525
0.177529, 0.146411
0.197505, 0.136372
0.217432, 0.1273
0.237298, 0.119105
0.257095, 0.111711
0.276817, 0.105052
0.296467, 0.0990756
0.316047, 0.0937358
0.335563, 0.0889968
0.355023, 0.0848304
0.374435, 0.0812151
0.393809, 0.0781353
0.413153, 0.0755798
0.432473, 0.0735414
0.451777, 0.0720155
0.47107, 0.0709994
0.490357, 0.0704916
0.509643, 0.0704916
0.52893, 0.0709994
0.548223, 0.0720155
0.567527, 0.0735414
0.586847, 0.0755798
0.606191, 0.0781353
0.625565, 0.0812151
0.644977, 0.0848304
0.664437, 0.0889968
0.683953, 0.0937358
0.703533, 0.0990756
0.723183, 0.105052
0.742905, 0.111711
0.762702, 0.119105
0.782568, 0.1273
0.802495, 0.136372
0.822471, 0.146411
0.842475, 0.157525
0.862494, 0.169832
0.882564, 0.183427
0.104607, 0.201604
0.125539, 0.18895
0.146411, 0.177529
0.167253, 0.167253
0.188036, 0.157993
0.208728, 0.14963
0.229308, 0.142061
0.249765, 0.135199
0.270099, 0.128971
0.290319, 0.12332
0.31044, 0.118202
0.330481, 0.113591
0.350465, 0.109471
0.370411, 0.105839
0.390339, 0.102699
0.410262, 0.100058
0.430189, 0.0979281
0.450125, 0.0963198
0.47007, 0.0952422
0.490023, 0.0947016
0.509977, 0.0947016
0.52993, 0.0952422
0.549875, 0.0963198
0.569811, 0.0979281
0.589738, 0.100058
0.609661, 0.102699
0.629589, 0.105839
0.649535, 0.109471
0.669519, 0.113591
0.68956, 0.118202
0.709681, 0.12332
0.729901, 0.128971
0.750235, 0.135199
0.770692, 0.142061
0.791272, 0.14963
0.811964, 0.157993
0.832747, 0.167253
0.853589, 0.177529
0.874461, 0.18895
0.895393, 0.201604
0.0929278, 0.219772
0.114688, 0.208053
0.136372, 0.197505
0.157993, 0.188036
0.179498, 0.179498
0.200836, 0.171749
0.221979, 0.164665
0.242918, 0.15814
0.263664, 0.152091
0.284248, 0.146462
0.304716, 0.141228
0.325118, 0.136388
0.345504, 0.131967
0.365915, 0.127997
0.386378, 0.124517
0.406907, 0.121563
0.427506, 0.119165
0.448168, 0.117347
0.46888, 0.116125
0.489623, 0.115512
0.510377, 0.115512
0.53112, 0.116125
0.551832, 0.117347
0.572494, 0.119165
0.593093, 0.121563
0.613622, 0.124517
0.634085, 0.127997
0.654496, 0.131967
0.674882, 0.136388
0.695284, 0.141228
0.715752, 0.146462
0.736336, 0.152091
0.757082, 0.15814
0.778021, 0.164665
0.799164, 0.171749
0.820502, 0.179498
0.842007, 0.188036
0.863628, 0.197505
0.885312, 0.208053
0.907072, 0.219772
0.0822961, 0.237929
0.104849, 0.227131
0.1273, 0.217432
0.14963, 0.208728
0.171749, 0.200836
0.193582, 0.193582
0.21509, 0.186808
0.236276, 0.180384
0.257185, 0.17423
0.277905, 0.16832
0.298542, 0.162686
0.319197, 0.157394
0.339947, 0.152524
0.360842, 0.148151
0.381902, 0.144333
0.403125, 0.141115
0.424494, 0.138524
0.445981, 0.136574
0.467554, 0.135273
0.489179, 0.134623
0.510821, 0.134623
0.532446, 0.135273
0.554019, 0.136574
0.575506, 0.138524
0.596875, 0.141115
0.618098, 0.144333
0.639158, 0.148151
0.660053, 0.152524
0.680803, 0.157394
0.701458, 0.162686
0.722095, 0.16832
0.742815, 0.17423
0.763724, 0.180384
0.78491, 0.186808
0.806418, 0.193582
0.828251, 0.200836
0.85037, 0.208728
0.8727, 0.217432
0.895151, 0.227131
0.917704, 0.237929
0.0726305, 0.256074
0.0959405, 0.246177
0.119105, 0.237298
0.142061, 0.229308
0.164665, 0.221979
0.186808, 0.21509
0.208445, 0.208445
0.22962, 0.201909
0.250467, 0.19545
0.271178, 0.189135
0.291939, 0.183094
0.312888, 0.177468
0.334104, 0.172378
0.355611, 0.167908
0.377391, 0.164107
0.399403, 0.160986
0.421594, 0.158537
0.443914, 0.156736
0.466317, 0.155554
0.488768, 0.154969
0.511232, 0.154969
0.533683, 0.155554
0.556086, 0.156736
0.578406, 0.158537
0.600597, 0.160986
0.622609, 0.164107
0.644389, 0.167908
0.665896, 0.172378
0.687112, 0.177468
0.708061, 0.183094
0.728822, 0.189135
0.749533, 0.19545
0.77038, 0.201909
0.791555, 0.208445
0.813192, 0.21509
0.835335, 0.221979
0.857939, 0.229308
0.880895, 0.237298
0.90406, 0.246177
0.927369, 0.256074
0.0638631, 0.274207
0.0878898, 0.265187
0.111711, 0.257095
0.135199, 0.249765
0.15814, 0.242918
0.180384, 0.236276
0.201909, 0.22962
0.222866, 0.222866
0.24355, 0.216104
0.264278, 0.209533
0.285294, 0.203379
0.306734, 0.197832
0.328626, 0.193018
0.350924, 0.188986
0.373536, 0.185725
0.396364, 0.183176
0.419323, 0.181263
0.442349, 0.179908
0.465404, 0.179045
0.488468, 0.178626
0.511532, 0.178626
0.534596, 0.179045
0.557651, 0.179908
0.580677, 0.181263
0.603636, 0.183176
0.626464, 0.185725
0.649076, 0.188986
0.671374, 0.193018
0.693266, 0.197832
0.714706, 0.203379
0.735722, 0.209533
0.75645, 0.216104
0.777134, 0.222866
0.798091, 0.22962
0.819616, 0.236276
0.84186, 0.242918
0.864801, 0.249765
0.888289, 0.257095
0.91211, 0.265187
0.936137, 0.274207
0.0559374, 0.292326
0.0806375, 0.284157
0.105052, 0.276817
0.128971, 0.270099
0.152091, 0.263664
0.17423, 0.257185
0.19545, 0.250467
0.216104, 0.24355
0.236684, 0.236684
0.257615, 0.230199
0.279151, 0.224387
0.301357, 0.219442
0.324146, 0.215429
0.347356, 0.212305
0.370812, 0.209961
0.394371, 0.208264
0.417935, 0.207084
0.441451, 0.206307
0.464904, 0.205841
0.488308, 0.205624
0.511692, 0.205624
0.535096, 0.205841
0.558549, 0.206307
0.582065, 0.207084
0.605629, 0.208264
0.629188, 0.209961
0.652644, 0.212305
0.675854, 0.215429
0.698643, 0.219442
0.720849, 0.224387
0.742385, 0.230199
0.763316, 0.236684
0.783896, 0.24355
0.80455, 0.250467
0.82577, 0.257185
0.847909, 0.263664
0.871029, 0.270099
0.894948, 0.276817
0.919362, 0.284157
0.944063, 0.292326
0.048806, 0.310433
0.074133, 0.303088
0.0990756, 0.296467
0.12332, 0.290319
0.146462, 0.284248
0.16832, 0.277905
0.189135, 0.271178
0.209533, 0.264278
0.230199, 0.257615
0.251618, 0.251618
0.273975, 0.246589
0.297178, 0.242644
0.320975, 0.239728
0.34509, 0.237692
0.369293, 0.236358
0.393425, 0.235549
0.417396, 0.235107
0.441176, 0.234896
0.464784, 0.234814
0.488275, 0.23479
0.511725, 0.23479
0.535216, 0.234814
0.558824, 0.234896
0.582604, 0.235107
0.606575, 0.235549
0.630707, 0.236358
0.65491, 0.237692
0.679025, 0.239728
0.702822, 0.242644
0.726025, 0.246589
0.748382, 0.251618
0.769801, 0.257615
0.790467, 0.264278
0.810865, 0.271178
0.83168, 0.277905
0.853538, 0.284248
0.87668, 0.290319
0.900924, 0.296467
0.925867, 0.303088
0.951194, 0.310433
0.0424289, 0.328528
0.0683331, 0.321978
0.0937358, 0.316047
0.118202, 0.31044
0.141228, 0.304716
0.162686, 0.298542
0.183094, 0.291939
0.203379, 0.285294
0.224387, 0.279151
0.246589, 0.273975
0.269995, 0.269995
0.294291, 0.267189
0.319078, 0.265394
0.344007, 0.264401
0.368821, 0.263997
0.39336, 0.263979
0.417551, 0.264172
0.441398, 0.264433
0.464962, 0.264659
0.488342, 0.264787
0.511658, 0.264787
0.535038, 0.264659
0.558602, 0.264433
0.582449, 0.264172
0.60664, 0.263979
0.631179, 0.263997
0.655993, 0.264401
0.680922, 0.265394
0.705709, 0.267189
0.730005, 0.269995
0.753411, 0.273975
0.775613, 0.279151
0.796621, 0.285294
0.816906, 0.291939
0.837314, 0.298542
0.858772, 0.304716
0.881798, 0.31044
0.906264, 0.316047
0.931667, 0.321978
0.957571, 0.328528
0.0367723, 0.346612
0.0632013, 0.34083
0.0889968, 0.335563
0.113591, 0.330481
0.136388, 0.325118
0.157394, 0.319197
0.177468, 0.312888
0.197832, 0.306734
0.219442, 0.301357
0.242644, 0.297178
0.267189, 0.294291
0.292559, 0.292559
0.318254, 0.291761
0.343878, 0.291655
0.369155, 0.292002
0.393934, 0.292576
0.418172, 0.293193
0.441924, 0.293721
0.465305, 0.294088
0.48846, 0.294273
0.51154, 0.294273
0.534695, 0.294088
0.558076, 0.293721
0.581828, 0.293193
0.606066, 0.292576
0.630845, 0.292002
0.656122, 0.291655
0.681746, 0.291761
0.707441, 0.292559
0.732811, 0.294291
0.757356, 0.297178
0.780558, 0.301357
0.802168, 0.306734
0.822532, 0.312888
0.842606, 0.319197
0.863612, 0.325118
0.886409, 0.330481
0.911003, 0.335563
0.936799, 0.34083
0.963228, 0.346612
0.0318079, 0.364684
0.0587069, 0.359645
0.0848304, 0.355023
0.109471, 0.350465
0.131967, 0.345504
0.152524, 0.339947
0.172378, 0.334104
0.193018, 0.328626
0.215429, 0.324146
0.239728, 0.320975
0.265394, 0.319078
0.291761, 0.318254
0.318253, 0.318253
0.344428, 0.318803
0.369995, 0.319628
0.394816, 0.320472
0.418915, 0.321144
0.442437, 0.321559
0.465585, 0.321745
0.488546, 0.321798
0.511454, 0.321798
0.534415, 0.321745
0.557563, 0.321559
0.581085, 0.321144
0.605184, 0.320472
0.630005, 0.319628
0.655572, 0.318803
0.681747, 0.318253
0.708239, 0.318254
0.734606, 0.319078
0.760272, 0.320975
0.784571, 0.324146
0.806982, 0.328626
0.827622, 0.334104
0.847476, 0.339947
0.868033, 0.345504
0.890529, 0.350465
0.91517, 0.355023
0.941293, 0.359645
0.968192, 0.364684
0.0275116, 0.382747
0.0548242, 0.378428
0.0812151, 0.374435
0.105839, 0.370411
0.127997, 0.365915
0.148151, 0.360842
0.167908, 0.355611
0.188986, 0.350924
0.212305, 0.347356
0.237692, 0.34509
0.264401, 0.344007
0.291655, 0.343878
0.318803, 0.344428
0.345344, 0.345344
0.370958, 0.346285
0.395547, 0.346933
0.41926, 0.347095
0.442437, 0.346801
0.465439, 0.346305
0.488467, 0.345945
0.511533, 0.345945
0.534561, 0.346305
0.557563, 0.346801
0.58074, 0.347095
0.604453, 0.346933
0.629042, 0.346285
0.654656, 0.345344
0.681197, 0.344428
0.708345, 0.343878
0.735599, 0.344007
0.762308, 0.34509
0.787695, 0.347356
0.811014, 0.350924
0.832092, 0.355611
0.851849, 0.360842
0.872003, 0.365915
0.894161, 0.370411
0.918785, 0.374435
0.945176, 0.378428
0.972488, 0.382747
0.0238636, 0.400801
0.0515319, 0.397182
0.0781353, 0.393809
0.102699, 0.390339
0.124517, 0.386378
0.144333, 0.381902
0.164107, 0.377391
0.185725, 0.373536
0.209961, 0.370812
0.236358, 0.369293
0.263997, 0.368821
0.292002, 0.369155
0.319628, 0.369995
0.346285, 0.370958
0.3716, 0.3716
0.39555, 0.371508
0.418566, 0.370533
0.441358, 0.368964
0.46449, 0.367402
0.488094, 0.366442
0.511906, 0.366442
0.53551, 0.367402
0.558642, 0.368964
0.581434, 0.370533
0.60445, 0.371508
0.6284, 0.3716
0.653715, 0.370958
0.680372, 0.369995
0.707998, 0.369155
0.736003, 0.368821
0.763642, 0.369293
0.790039, 0.370812
0.814275, 0.373536
0.835893, 0.377391
0.855667, 0.381902
0.875483, 0.386378
0.897301, 0.390339
0.921865, 0.393809
0.948468, 0.397182
0.976136, 0.400801
0.0208473, 0.418848
0.0488127, 0.415911
0.0755798, 0.413153
0.100058, 0.410262
0.121563, 0.406907
0.141115, 0.403125
0.160986, 0.399403
0.183176, 0.396364
0.208264, 0.394371
0.235549, 0.393425
0.263979, 0.39336
0.292576, 0.393934
0.320472, 0.394816
0.346933, 0.395547
0.371508, 0.39555
0.394365, 0.394365
0.416465, 0.392036
0.439, 0.389184
0.462664, 0.386654
0.48741, 0.385181
0.51259, 0.385181
0.537336, 0.386654
0.561, 0.389184
0.583535, 0.392036
0.605635, 0.394365
0.628492, 0.39555
0.653067, 0.395547
0.679528, 0.394816
0.707424, 0.393934
0.736021, 0.39336
0.764451, 0.393425
0.791736, 0.394371
0.816824, 0.396364
0.839014, 0.399403
0.858885, 0.403125
0.878437, 0.406907
0.899942, 0.410262
0.92442, 0.413153
0.951187, 0.415911
0.979153, 0.418848
0.0184497, 0.436888
0.0466529, 0.434619
0.0735414, 0.432473
0.0979281, 0.430189
0.119165, 0.427506
0.138524, 0.424494
0.158537, 0.421594
0.181263, 0.419323
0.207084, 0.417935
0.235107, 0.417396
0.264172, 0.417551
0.293193, 0.418172
0.321144, 0.418915
0.347095, 0.41926
0.370533, 0.418566
0.392036, 0.416465
0.413247, 0.413247
0.43576, 0.409706
0.460305, 0.406761
0.486554, 0.405122
0.513446, 0.405122
0.539695, 0.406761
0.56424, 0.409706
0.586753, 0.413247
0.607964, 0.416465
0.629467, 0.418566
0.652905, 0.41926
0.678856, 0.418915
0.706807, 0.418172
0.735828, 0.417551
0.764893, 0.417396
0.792916, 0.417935
0.818737, 0.419323
0.841463, 0.421594
0.861476, 0.424494
0.880835, 0.427506
0.902072, 0.430189
0.926459, 0.432473
0.953347, 0.434619
0.98155, 0.436888
0.0166602, 0.454924
0.0450419, 0.453311
0.0720155, 0.451777
0.0963198, 0.450125
0.117347, 0.448168
0.136574, 0.445981
0.156736, 0.443914
0.179908, 0.442349
0.206307, 0.441451
0.234896, 0.441176
0.264433, 0.441398
0.293721, 0.441924
0.321559, 0.442437
0.346801, 0.442437
0.368964, 0.441358
0.389184, 0.439
0.409706, 0.43576
0.432443, 0.432443
0.458037, 0.429876
0.485762, 0.428529
0.514238, 0.428529
0.541963, 0.429876
0.567557, 0.432443
0.590294, 0.43576
0.610816, 0.439
0.631036, 0.441358
0.653199, 0.442437
0.678441, 0.442437
0.706279, 0.441924
0.735567, 0.441398
0.765104, 0.441176
0.793693, 0.441451
0.820092, 0.442349
0.843264, 0.443914
0.863426, 0.445981
0.882653, 0.448168
0.90368, 0.450125
0.927984, 0.451777
0.954958, 0.453311
0.98334, 0.454924
0.0154714, 0.472956
0.043972, 0.471991
0.0709994, 0.47107
0.0952422, 0.47007
0.116125, 0.46888
0.135273, 0.467554
0.155554, 0.466317
0.179045, 0.465404
0.205841, 0.464904
0.234814, 0.464784
0.264659, 0.464962
0.294088, 0.465305
0.321745, 0.465585
0.346305, 0.465439
0.367402, 0.46449
0.386654, 0.462664
0.406761, 0.460305
0.429876, 0.458037
0.456397, 0.456397
0.48521, 0.455572
0.51479, 0.455572
0.543603, 0.456397
0.570124, 0.458037
0.593239, 0.460305
0.613346, 0.462664
0.632598, 0.46449
0.653695, 0.465439
0.678255, 0.465585
0.705912, 0.465305
0.735341, 0.464962
0.765186, 0.464784
0.794159, 0.464904
0.820955, 0.465404
0.844446, 0.466317
0.864727, 0.467554
0.883875, 0.46888
0.904758, 0.47007
0.929001, 0.47107
0.956028, 0.471991
0.984529, 0.472956
0.0148782, 0.490985
0.0434383, 0.490664
0.0704916, 0.490357
0.0947016, 0.490023
0.115512, 0.489623
0.134623, 0.489179
0.154969, 0.488768
0.178626, 0.488468
0.205624, 0.488308
0.23479, 0.488275
0.264787, 0.488342
0.294273, 0.48846
0.321798, 0.488546
0.345945, 0.488467
0.366442, 0.488094
0.385181, 0.48741
0.405122, 0.486554
0.428529, 0.485762
0.455572, 0.48521
0.484937, 0.484937
0.515063, 0.484937
0.544428, 0.48521
0.571471, 0.485762
0.594878, 0.486554
0.614819, 0.48741
0.633558, 0.488094
0.654055, 0.488467
0.678202, 0.488546
0.705727, 0.48846
0.735213, 0.488342
0.76521, 0.488275
0.794376, 0.488308
0.821374, 0.488468
0.845031, 0.488768
0.865377, 0.489179
0.884488, 0.489623
0.905298, 0.490023
0.929508, 0.490357
0.956562, 0.490664
0.985122, 0.490985
0.0148782, 0.509015
0.0434383, 0.509336
0.0704916, 0.509643
0.0947016, 0.509977
0.115512, 0.510377
0.134623, 0.510821
0.154969, 0.511232
0.178626, 0.511532
0.205624, 0.511692
0.23479, 0.511725
0.264787, 0.511658
0.294273, 0.51154
0.321798, 0.511454
0.345945, 0.511533
0.366442, 0.511906
0.385181, 0.51259
0.405122, 0.513446
0.428529, 0.514238
0.455572, 0.51479
0.484937, 0.515063
0.515063, 0.515063
0.544428, 0.51479
0.571471, 0.514238
0.594878, 0.513446
0.614819, 0.51259
0.633558, 0.511906
0.654055, 0.511533
0.678202, 0.511454
0.705727, 0.51154
0.735213, 0.511658
0.76521, 0.511725
0.794376, 0.511692
0.821374, 0.511532
0.845031, 0.511232
0.865377, 0.510821
0.884488, 0.510377
0.905298, 0.509977
0.929508, 0.509643
0.956562, 0.509336
0.985122, 0.509015
0.0154714, 0.527044
0.043972, 0.528009
0.0709994, 0.52893
0.0952422, 0.52993
0.116125, 0.53112
0.135273, 0.532446
0.155554, 0.533683
0.179045, 0.534596
0.205841, 0.535096
0.234814, 0.535216
0.264659, 0.535038
0.294088, 0.534695
0.321745, 0.534415
0.346305, 0.534561
0.367402, 0.53551
0.386654, 0.537336
0.406761, 0.539695
0.429876, 0.541963
0.456397, 0.543603
0.48521, 0.544428
0.51479, 0.544428
0.543603, 0.543603
0.570124, 0.541963
0.593239, 0.539695
0.613346, 0.537336
0.632598, 0.53551
0.653695, 0.534561
0.678255, 0.534415
0.705912, 0.534695
0.735341, 0.535038
0.765186, 0.535216
0.794159, 0.535096
0.820955, 0.534596
0.844446, 0.533683
0.864727, 0.532446
0.883875, 0.53112
0.904758, 0.52993
0.929001, 0.52893
0.956028, 0.528009
0.984529, 0.527044
0.0166602, 0.545076
0.0450419, 0.546689
0.0720155, 0.548223
0.0963198, 0.549875
0.117347, 0.551832
0.136574, 0.554019
0.156736, 0.556086
0.179908, 0.557651
0.206307, 0.558549
0.234896, 0.558824
0.264433, 0.558602
0.293721, 0.558076
0.321559, 0.557563
0.346801, 0.557563
0.368964, 0.558642
0.389184, 0.561
0.409706, 0.56424
0.432443, 0.567557
0.458037, 0.570124
0.485762, 0.571471
0.514238, 0.571471
0.541963, 0.570124
0.567557, 0.567557
0.590294, 0.56424
0.610816, 0.561
0.631036, 0.558642
0.653199, 0.557563
0.678441, 0.557563
0.706279, 0.558076
0.735567, 0.558602
0.765104, 0.558824
0.793693, 0.558549
0.820092, 0.557651
0.843264, 0.556086
0.863426, 0.554019
0.882653, 0.551832
0.90368, 0.549875
0.927984, 0.548223
0.954958, 0.546689
0.98334, 0.545076
0.0184497, 0.563112
0.0466529, 0.565381
0.0735414, 0.567527
0.0979281, 0.569811
0.119165, 0.572494
0.138524, 0.575506
0.158537, 0.578406
0.181263, 0.580677
0.207084, 0.582065
0.235107, 0.582604
0.264172, 0.582449
0.293193, 0.581828
0.321144, 0.581085
0.347095, 0.58074
0.370533, 0.581434
0.392036, 0.583535
0.413247, 0.586753
0.43576, 0.590294
0.460305, 0.593239
0.486554, 0.594878
0.513446, 0.594878
0.539695, 0.593239
0.56424, 0.590294
0.586753, 0.586753
0.607964, 0.583535
0.629467, 0.581434
0.652905, 0.58074
0.678856, 0.581085
0.706807, 0.581828
0.735828, 0.582449
0.764893, 0.582604
0.792916, 0.582065
0.818737, 0.580677
0.841463, 0.578406
0.861476, 0.575506
0.880835, 0.572494
0.902072, 0.569811
0.926459, 0.567527
0.953347, 0.565381
0.98155, 0.563112
0.0208473, 0.581152
0.0488127, 0.584089
0.0755798, 0.586847
0.100058, 0.589738
0.121563, 0.593093
0.141115, 0.596875
0.160986, 0.600597
0.183176, 0.603636
0.208264, 0.605629
0.235549, 0.606575
0.263979, 0.60664
0.292576, 0.606066
0.320472, 0.605184
0.346933, 0.604453
0.371508, 0.60445
0.394365, 0.605635
0.416465, 0.607964
0.439, 0.610816
0.462664, 0.613346
0.48741, 0.614819
0.51259, 0.614819
0.537336, 0.613346
0.561, 0.610816
0.583535, 0.607964
0.605635, 0.605635
0.628492, 0.60445
0.653067, 0.604453
0.679528, 0.605184
0.707424, 0.606066
0.736021, 0.60664
0.764451, 0.606575
0.791736, 0.605629
0.816824, 0.603636
0.839014, 0.600597
0.858885, 0.596875
0.878437, 0.593093
0.899942, 0.589738
0.92442, 0.586847
0.951187, 0.584089
0.979153, 0.581152
0.0238636, 0.599199
0.0515319, 0.602818
0.0781353, 0.606191
0.102699, 0.609661
0.124517, 0.613622
0.144333, 0.618098
0.164107, 0.622609
0.185725, 0.626464
0.209961, 0.629188
0.236358, 0.630707
0.263997, 0.631179
0.292002, 0.630845
0.319628, 0.630005
0.346285, 0.629042
0.3716, 0.6284
0.39555, 0.628492
0.418566, 0.629467
0.441358, 0.631036
0.46449, 0.632598
0.488094, 0.633558
0.511906, 0.633558
0.53551, 0.632598
0.558642, 0.631036
0.581434, 0.629467
0.60445, 0.628492
0.6284, 0.6284
0.653715, 0.629042
0.680372, 0.630005
0.707998, 0.630845
0.736003, 0.631179
0.763642, 0.630707
0.790039, 0.629188
0.814275, 0.626464
0.835893, 0.622609
0.855667, 0.618098
0.875483, 0.613622
0.897301, 0.609661
0.921865, 0.606191
0.948468, 0.602818
0.976136, 0.599199
0.0275116, 0.617253
0.0548242, 0.621572
0.0812151, 0.625565
0.105839, 0.629589
0.127997, 0.634085
0.148151, 0.639158
0.167908, 0.644389
0.188986, 0.649076
0.212305, 0.652644
0.237692, 0.65491
0.264401, 0.655993
0.291655, 0.656122
0.318803, 0.655572
0.345344, 0.654656
0.370958, 0.653715
0.395547, 0.653067
0.41926, 0.652905
0.442437, 0.653199
0.465439, 0.653695
0.488467, 0.654055
0.511533, 0.654055
0.534561, 0.653695
0.557563, 0.653199
0.58074, 0.652905
0.604453, 0.653067
0.629042, 0.653715
0.654656, 0.654656
0.681197, 0.655572
0.708345, 0.656122
0.735599, 0.655993
0.762308, 0.65491
0.787695, 0.652644
0.811014, 0.649076
0.832092, 0.644389
0.851849, 0.639158
0.872003, 0.634085
0.894161, 0.629589
0.918785, 0.625565
0.945176, 0.621572
0.972488, 0.617253
0.0318079, 0.635316
0.0587069, 0.640355
0.0848304, 0.644977
0.109471, 0.649535
0.131967, 0.654496
0.152524, 0.660053
0.172378, 0.665896
0.193018, 0.671374
0.215429, 0.675854
0.239728, 0.679025
0.265394, 0.680922
0.291761, 0.681746
0.318253, 0.681747
0.344428, 0.681197
0.369995, 0.680372
0.394816, 0.679528
0.418915, 0.678856
0.442437, 0.678441
0.465585, 0.678255
0.488546, 0.678202
0.511454, 0.678202
0.534415, 0.678255
0.557563, 0.678441
0.581085, 0.678856
0.605184, 0.679528
0.630005, 0.680372
0.655572, 0.681197
0.681747, 0.681747
0.708239, 0.681746
0.734606, 0.680922
0.760272, 0.679025
0.784571, 0.675854
0.806982, 0.671374
0.827622, 0.665896
0.847476, 0.660053
0.868033, 0.654496
0.890529, 0.649535
0.91517, 0.644977
0.941293, 0.640355
0.968192, 0.635316
0.0367723, 0.653388
0.0632013, 0.65917
0.0889968, 0.664437
0.113591, 0.669519
0.136388, 0.674882
0.157394, 0.680803
0.177468, 0.687112
0.197832, 0.693266
0.219442, 0.698643
0.242644, 0.702822
0.267189, 0.705709
0.292559, 0.707441
0.318254, 0.708239
0.343878, 0.708345
0.369155, 0.707998
0.393934, 0.707424
0.418172, 0.706807
0.441924, 0.706279
0.465305, 0.705912
0.48846, 0.705727
0.51154, 0.705727
0.534695, 0.705912
0.558076, 0.706279
0.581828, 0.706807
0.606066, 0.707424
0.630845, 0.707998
0.656122, 0.708345
0.681746, 0.708239
0.707441, 0.707441
0.732811, 0.705709
0.757356, 0.702822
0.780558, 0.698643
0.802168, 0.693266
0.822532, 0.687112
0.842606, 0.680803
0.863612, 0.674882
0.886409, 0.669519
0.911003, 0.664437
0.936799, 0.65917
0.963228, 0.653388
0.0424289, 0.671472
0.0683331, 0.678022
0.0937358, 0.683953
0.118202, 0.68956
0.141228, 0.695284
0.162686, 0.701458
0.183094, 0.708061
0.203379, 0.714706
0.224387, 0.720849
0.246589, 0.726025
0.269995, 0.730005
0.294291, 0.732811
0.319078, 0.734606
0.344007, 0.735599
0.368821, 0.736003
0.39336, 0.736021
0.417551, 0.735828
0.441398, 0.735567
0.464962, 0.735341
0.488342, 0.735213
0.511658, 0.735213
0.535038, 0.735341
0.558602, 0.735567
0.582449, 0.735828
0.60664, 0.736021
0.631179, 0.736003
0.655993, 0.735599
0.680922, 0.734606
0.705709, 0.732811
0.730005, 0.730005
0.753411, 0.726025
0.775613, 0.720849
0.796621, 0.714706
0.816906, 0.708061
0.837314, 0.701458
0.858772, 0.695284
0.881798, 0.68956
0.906264, 0.683953
0.931667, 0.678022
0.957571, 0.671472
0.048806, 0.689567
0.074133, 0.696912
0.0990756, 0.703533
0.12332, 0.709681
0.146462, 0.715752
0.16832, 0.722095
0.189135, 0.728822
0.209533, 0.735722
0.230199, 0.742385
0.251618, 0.748382
0.273975, 0.753411
0.297178, 0.757356
0.320975, 0.760272
0.34509, 0.762308
0.369293, 0.763642
0.393425, 0.764451
0.417396, 0.764893
0.441176, 0.765104
0.464784, 0.765186
0.488275, 0.76521
0.511725, 0.76521
0.535216, 0.765186
0.558824, 0.765104
0.582604, 0.764893
0.606575, 0.764451
0.630707, 0.763642
0.65491, 0.762308
0.679025, 0.760272
0.702822, 0.757356
0.726025, 0.753411
0.748382, 0.748382
0.769801, 0.742385
0.790467, 0.735722
0.810865, 0.728822
0.83168, 0.722095
0.853538, 0.715752
0.87668, 0.709681
0.900924, 0.703533
0.925867, 0.696912
0.951194, 0.689567
0.0559374, 0.707674
0.0806375, 0.715843
0.105052, 0.723183
0.128971, 0.729901
0.152091, 0.736336
0.17423, 0.742815
0.19545, 0.749533
0.216104, 0.75645
0.236684, 0.763316
0.257615, 0.769801
0.279151, 0.775613
0.301357, 0.780558
0.324146, 0.784571
0.347356, 0.787695
0.370812, 0.790039
0.394371, 0.791736
0.417935, 0.792916
0.441451, 0.793693
0.464904, 0.794159
0.488308, 0.794376
0.511692, 0.794376
0.535096, 0.794159
0.558549, 0.793693
0.582065, 0.792916
0.605629, 0.791736
0.629188, 0.790039
0.652644, 0.787695
0.675854, 0.784571
0.698643, 0.780558
0.720849, 0.775613
0.742385, 0.769801
0.763316, 0.763316
0.783896, 0.75645
0.80455, 0.749533
0.82577, 0.742815
0.847909, 0.736336
0.871029, 0.729901
0.894948, 0.723183
0.919362, 0.715843
0.944063, 0.707674
0.0638631, 0.725793
0.0878898, 0.734813
0.111711, 0.742905
0.135199, 0.750235
0.15814, 0.757082
0.180384, 0.763724
0.201909, 0.77038
0.222866, 0.777134
0.24355, 0.783896
0.264278, 0.790467
0.285294, 0.796621
0.306734, 0.802168
0.328626, 0.806982
0.350924, 0.811014
0.373536, 0.814275
0.396364, 0.816824
0.419323, 0.818737
0.442349, 0.820092
0.465404, 0.820955
0.488468, 0.821374
0.511532, 0.821374
0.534596, 0.820955
0.557651, 0.820092
0.580677, 0.818737
0.603636, 0.816824
0.626464, 0.814275
0.649076, 0.811014
0.671374, 0.806982
0.693266, 0.802168
0.714706, 0.796621
0.735722, 0.790467
0.75645, 0.783896
0.777134, 0.777134
0.798091, 0.77038
0.819616, 0.763724
0.84186, 0.757082
0.864801, 0.750235
0.888289, 0.742905
0.91211, 0.734813
0.936137, 0.725793
0.0726305, 0.743926
0.0959405, 0.753823
0.119105, 0.762702
0.142061, 0.770692
0.164665, 0.778021
0.186808, 0.78491
0.208445, 0.791555
0.22962, 0.798091
0.250467, 0.80455
0.271178, 0.810865
0.291939, 0.816906
0.312888, 0.822532
0.334104, 0.827622
0.355611, 0.832092
0.377391, 0.835893
0.399403, 0.839014
0.421594, 0.841463
0.443914, 0.843264
0.466317, 0.844446
0.488768, 0.845031
0.511232, 0.845031
0.533683, 0.844446
0.556086, 0.843264
0.578406, 0.841463
0.600597, 0.839014
0.622609, 0.835893
0.644389, 0.832092
0.665896, 0.827622
0.687112, 0.822532
0.708061, 0.816906
0.728822, 0.810865
0.749533, 0.80455
0.77038, 0.798091
0.791555, 0.791555
0.813192, 0.78491
0.835335, 0.778021
0.857939, 0.770692
0.880895, 0.762702
0.90406, 0.753823
0.927369, 0.743926
0.0822961, 0.762071
0.104849, 0.772869
0.1273, 0.782568
0.14963, 0.791272
0.171749, 0.799164
0.193582, 0.806418
0.21509, 0.813192
0.236276, 0.819616
0.257185, 0.82577
0.277905, 0.83168
0.298542, 0.837314
0.319197, 0.842606
0.339947, 0.847476
0.360842, 0.851849
0.381902, 0.855667
0.403125, 0.858885
0.424494, 0.861476
0.445981, 0.863426
0.467554, 0.864727
0.489179, 0.865377
0.510821, 0.865377
0.532446, 0.864727
0.554019, 0.863426
0.575506, 0.861476
0.596875, 0.858885
0.618098, 0.855667
0.639158, 0.851849
0.660053, 0.847476
0.680803, 0.842606
0.701458, 0.837314
0.722095, 0.83168
0.742815, 0.82577
0.763724, 0.819616
0.78491, 0.813192
0.806418, 0.806418
0.828251, 0.799164
0.85037, 0.791272
0.8727, 0.782568
0.895151, 0.772869
0.917704, 0.762071
0.0929278, 0.780228
0.114688, 0.791947
0.136372, 0.802495
0.157993, 0.811964
0.179498, 0.820502
0.200836, 0.828251
0.221979, 0.835335
0.242918, 0.84186
0.263664, 0.847909
0.284248, 0.853538
0.304716, 0.858772
0.325118, 0.863612
0.345504, 0.868033
0.365915, 0.872003
0.386378, 0.875483
0.406907, 0.878437
0.427506, 0.880835
0.448168, 0.882653
0.46888, 0.883875
0.489623, 0.884488
0.510377, 0.884488
0.53112, 0.883875
0.551832, 0.882653
0.572494, 0.880835
0.593093, 0.878437
0.613622, 0.875483
0.634085, 0.872003
0.654496, 0.868033
0.674882, 0.863612
0.695284, 0.858772
0.715752, 0.853538
0.736336, 0.847909
0.757082, 0.84186
0.778021, 0.835335
0.799164, 0.828251
0.820502, 0.820502
0.842007, 0.811964
0.863628, 0.802495
0.885312, 0.791947
0.907072, 0.780228
0.104607, 0.798396
0.125539, 0.81105
0.146411, 0.822471
0.167253, 0.832747
0.188036, 0.842007
0.208728, 0.85037
0.229308, 0.857939
0.249765, 0.864801
0.270099, 0.871029
0.290319, 0.87668
0.31044, 0.881798
0.330481, 0.886409
0.350465, 0.890529
0.370411, 0.894161
0.390339, 0.897301
0.410262, 0.899942
0.430189, 0.902072
0.450125, 0.90368
0.47007, 0.904758
0.490023, 0.905298
0.509977, 0.905298
0.52993, 0.904758
0.549875, 0.90368
0.569811, 0.902072
0.589738, 0.899942
0.609661, 0.897301
0.629589, 0.894161
0.649535, 0.890529
0.669519, 0.886409
0.68956, 0.881798
0.709681, 0.87668
0.729901, 0.871029
0.750235, 0.864801
0.770692, 0.857939
0.791272, 0.85037
0.811964, 0.842007
0.832747, 0.832747
0.853589, 0.822471
0.874461, 0.81105
0.895393, 0.798396
0.117436, 0.816573
0.137506, 0.830168
0.157525, 0.842475
0.177529, 0.853589
0.197505, 0.863628
0.217432, 0.8727
0.237298, 0.880895
0.257095, 0.888289
0.276817, 0.894948
0.296467, 0.900924
0.316047, 0.906264
0.335563, 0.911003
0.355023, 0.91517
0.374435, 0.918785
0.393809, 0.921865
0.413153, 0.92442
0.432473, 0.926459
0.451777, 0.927984
0.47107, 0.929001
0.490357, 0.929508
0.509643, 0.929508
0.52893, 0.929001
0.548223, 0.927984
0.567527, 0.926459
0.586847, 0.92442
0.606191, 0.921865
0.625565, 0.918785
0.644977, 0.91517
0.664437, 0.911003
0.683953, 0.906264
0.703533, 0.900924
0.723183, 0.894948
0.742905, 0.888289
0.762702, 0.880895
0.782568, 0.8727
0.802495, 0.863628
0.822471, 0.853589
0.842475, 0.842475
0.862494, 0.830168
0.882564, 0.816573
0.131536, 0.834756
0.150711, 0.849289
0.169832, 0.862494
0.18895, 0.874461
0.208053, 0.885312
0.227131, 0.895151
0.246177, 0.90406
0.265187, 0.91211
0.284157, 0.919362
0.303088, 0.925867
0.321978, 0.931667
0.34083, 0.936799
0.359645, 0.941293
0.378428, 0.945176
0.397182, 0.948468
0.415911, 0.951187
0.434619, 0.953347
0.453311, 0.954958
0.471991, 0.956028
0.490664, 0.956562
0.509336, 0.956562
0.528009, 0.956028
0.546689, 0.954958
0.565381, 0.953347
0.584089, 0.951187
0.602818, 0.948468
0.621572, 0.945176
0.640355, 0.941293
0.65917, 0.936799
0.678022, 0.931667
0.696912, 0.925867
0.715843, 0.919362
0.734813, 0.91211
0.753823, 0.90406
0.772869, 0.895151
0.791947, 0.885312
0.81105, 0.874461
0.830168, 0.862494
0.849289, 0.849289
0.868464, 0.834756
0.147062, 0.852938
0.165244, 0.868464
0.183427, 0.882564
0.201604, 0.895393
0.219772, 0.907072
0.237929, 0.917704
0.256074, 0.927369
0.274207, 0.936137
0.292326, 0.944063
0.310433, 0.951194
0.328528, 0.957571
0.346612, 0.963228
0.364684, 0.968192
0.382747, 0.972488
0.400801, 0.976136
0.418848, 0.979153
0.436888, 0.98155
0.454924, 0.98334
0.472956, 0.984529
0.490985, 0.985122
0.509015, 0.985122
0.527044, 0.984529
0.545076, 0.98334
0.563112, 0.98155
0.581152, 0.979153
0.599199, 0.976136
0.617253, 0.972488
0.635316, 0.968192
0.653388, 0.963228
0.671472, 0.957571
0.689567, 0.951194
0.707674, 0.944063
0.725793, 0.936137
0.743926, 0.927369
0.762071, 0.917704
0.780228, 0.907072
0.798396, 0.895393
0.816573, 0.882564
0.834756, 0.868464
0.852938, 0.852938
