0.146447, 0.146447
0.164124, 0.129612
0.181802, 0.114319
0.19948, 0.100391
0.217157, 0.0876894
0.234835, 0.0761044
0.252513, 0.0655463
0.27019, 0.055942
0.287868, 0.0472307
0.305546, 0.0393619
0.323223, 0.0322928
0.340901, 0.0259879
0.358579, 0.0204168
0.376256, 0.0155544
0.393934, 0.0113795
0.411612, 0.00787451
0.429289, 0.00502525
0.446967, 0.00282045
0.464645, 0.00125157
0.482322, 0.000312598
0.5, 0
0.517678, 0.000312598
0.535355, 0.00125157
0.553033, 0.00282045
0.570711, 0.00502525
0.588388, 0.00787451
0.606066, 0.0113795
0.623744, 0.0155544
0.641421, 0.0204168
0.659099, 0.0259879
0.676777, 0.0322928
0.694454, 0.0393619
0.712132, 0.0472307
0.72981, 0.055942
0.747487, 0.0655463
0.765165, 0.0761044
0.782843, 0.0876894
0.80052, 0.100391
0.818198, 0.114319
0.835876, 0.129612
0.853553, 0.146447
0.129612, 0.164124
0.148133, 0.148133
0.166655, 0.133608
0.185178, 0.120381
0.203701, 0.10832
0.222224, 0.0973206
0.240746, 0.0872975
0.259268, 0.0781808
0.277789, 0.0699127
0.29631, 0.062445
0.31483, 0.0557371
0.333349, 0.0497547
0.351868, 0.0444692
0.370386, 0.0398563
0.388904, 0.0358959
0.40742, 0.0325712
0.425937, 0.0298686
0.444453, 0.0277774
0.462969, 0.0262894
0.481484, 0.0253988
0.5, 0.0251024
0.518516, 0.0253988
0.537031, 0.0262894
0.555547, 0.0277774
0.574063, 0.0298686
0.59258, 0.0325712
0.611096, 0.0358959
0.629614, 0.0398563
0.648132, 0.0444692
0.666651, 0.0497547
0.68517, 0.0557371
0.70369, 0.062445
0.722211, 0.0699127
0.740732, 0.0781808
0.759254, 0.0872975
0.777776, 0.0973206
0.796299, 0.10832
0.814822, 0.120381
0.833345, 0.133608
0.851867, 0.148133
0.870388, 0.164124
0.114319, 0.181802
0.133608, 0.166655
0.152899, 0.152899
0.17219, 0.140373
0.191482, 0.128953
0.210773, 0.118539
0.230063, 0.10905
0.249353, 0.10042
0.268641, 0.0925941
0.287927, 0.0855262
0.307212, 0.0791777
0.326495, 0.0735161
0.345777, 0.0685141
0.365058, 0.0641488
0.384338, 0.0604008
0.403616, 0.0572545
0.422894, 0.0546969
0.442171, 0.0527178
0.461448, 0.0513096
0.480724, 0.0504667
0.5, 0.0501862
0.519276, 0.0504667
0.538552, 0.0513096
0.557829, 0.0527178
0.577106, 0.0546969
0.596384, 0.0572545
0.615662, 0.0604008
0.634942, 0.0641488
0.654223, 0.0685141
0.673505, 0.0735161
0.692788, 0.0791777
0.712073, 0.0855262
0.731359, 0.0925941
0.750647, 0.10042
0.769937, 0.10905
0.789227, 0.118539
0.808518, 0.128953
0.82781, 0.140373
0.847101, 0.152899
0.866392, 0.166655
0.885681, 0.181802
0.100391, 0.19948
0.120381, 0.185178
0.140373, 0.17219
0.160365, 0.160365
0.180358, 0.149586
0.20035, 0.139756
0.220339, 0.130801
0.240327, 0.122656
0.260312, 0.11527
0.280295, 0.108599
0.300275, 0.102607
0.320253, 0.097262
0.340229, 0.092539
0.360203, 0.0884163
0.380176, 0.0848759
0.400148, 0.0819031
0.420119, 0.0794861
0.44009, 0.0776154
0.46006, 0.0762841
0.48003, 0.0754872
0.5, 0.0752219
0.51997, 0.0754872
0.53994, 0.0762841
0.55991, 0.0776154
0.579881, 0.0794861
0.599852, 0.0819031
0.619824, 0.0848759
0.639797, 0.0884163
0.659771, 0.092539
0.679747, 0.097262
0.699725, 0.102607
0.719705, 0.108599
0.739688, 0.11527
0.759673, 0.122656
0.779661, 0.130801
0.79965, 0.139756
0.819642, 0.149586
0.839635, 0.160365
0.859627, 0.17219
0.879619, 0.185178
0.899609, 0.19948
0.0876894, 0.217157
0.10832, 0.203701
0.128953, 0.191482
0.149586, 0.180358
0.170218, 0.170218
0.190848, 0.160972
0.211475, 0.152548
0.232098, 0.144885
0.252717, 0.137935
0.273332, 0.131656
0.293943, 0.126012
0.314552, 0.120976
0.335158, 0.116523
0.355762, 0.112633
0.376367, 0.109291
0.396971, 0.106482
0.417575, 0.104197
0.43818, 0.102428
0.458786, 0.101168
0.479393, 0.100414
0.5, 0.100163
0.520607, 0.100414
0.541214, 0.101168
0.56182, 0.102428
0.582425, 0.104197
0.603029, 0.106482
0.623633, 0.109291
0.644238, 0.112633
0.664842, 0.116523
0.685448, 0.120976
0.706057, 0.126012
0.726668, 0.131656
0.747283, 0.137935
0.767902, 0.144885
0.788525, 0.152548
0.809152, 0.160972
0.829782, 0.170218
0.850414, 0.180358
0.871047, 0.191482
0.89168, 0.203701
0.912311, 0.217157
0.0761044, 0.234835
0.0973206, 0.222224
0.118539, 0.210773
0.139756, 0.20035
0.160972, 0.190848
0.182183, 0.182183
0.203389, 0.174287
0.224589, 0.167103
0.245782, 0.160582
0.266969, 0.154686
0.28815, 0.149381
0.309329, 0.144642
0.330505, 0.140447
0.351683, 0.136778
0.372862, 0.133623
0.394045, 0.13097
0.415231, 0.128811
0.43642, 0.12714
0.457612, 0.125949
0.478805, 0.125237
0.5, 0.125
0.521195, 0.125237
0.542388, 0.125949
0.56358, 0.12714
0.584769, 0.128811
0.605955, 0.13097
0.627138, 0.133623
0.648317, 0.136778
0.669495, 0.140447
0.690671, 0.144642
0.71185, 0.149381
0.733031, 0.154686
0.754218, 0.160582
0.775411, 0.167103
0.796611, 0.174287
0.817817, 0.182183
0.839028, 0.190848
0.860244, 0.20035
0.881461, 0.210773
0.902679, 0.222224
0.923896, 0.234835
0.0655463, 0.252513
0.0872975, 0.240746
0.10905, 0.230063
0.130801, 0.220339
0.152548, 0.211475
0.174287, 0.203389
0.196018, 0.196018
0.217738, 0.189305
0.239447, 0.183206
0.261147, 0.177683
0.282841, 0.172707
0.304534, 0.168255
0.326229, 0.164312
0.34793, 0.160865
0.369639, 0.157902
0.391355, 0.155414
0.413077, 0.153392
0.434804, 0.151828
0.456534, 0.150715
0.478266, 0.15005
0.5, 0.149828
0.521734, 0.15005
0.543466, 0.150715
0.565196, 0.151828
0.586923, 0.153392
0.608645, 0.155414
0.630361, 0.157902
0.65207, 0.160865
0.673771, 0.164312
0.695466, 0.168255
0.717159, 0.172707
0.738853, 0.177683
0.760553, 0.183206
0.782262, 0.189305
0.803982, 0.196018
0.825713, 0.203389
0.847452, 0.211475
0.869199, 0.220339
0.89095, 0.230063
0.912703, 0.240746
0.934454, 0.252513
0.055942, 0.27019
0.0781808, 0.259268
0.10042, 0.249353
0.122656, 0.240327
0.144885, 0.232098
0.167103, 0.224589
0.189305, 0.217738
0.211491, 0.211491
0.233661, 0.205806
0.25582, 0.200649
0.277978, 0.196
0.300141, 0.191843
0.322317, 0.188168
0.344505, 0.184963
0.366705, 0.182214
0.388912, 0.179911
0.411126, 0.178042
0.433342, 0.176598
0.455561, 0.175572
0.47778, 0.174958
0.5, 0.174754
0.52222, 0.174958
0.544439, 0.175572
0.566658, 0.176598
0.588874, 0.178042
0.611088, 0.179911
0.633295, 0.182214
0.655495, 0.184963
0.677683, 0.188168
0.699859, 0.191843
0.722022, 0.196
0.74418, 0.200649
0.766339, 0.205806
0.788509, 0.211491
0.810695, 0.217738
0.832897, 0.224589
0.855115, 0.232098
0.877344, 0.240327
0.89958, 0.249353
0.921819, 0.259268
0.944058, 0.27019
0.0472307, 0.287868
0.0699127, 0.277789
0.0925941, 0.268641
0.11527, 0.260312
0.137935, 0.252717
0.160582, 0.245782
0.183206, 0.239447
0.205806, 0.233661
0.228386, 0.228386
0.250962, 0.223601
0.273548, 0.219293
0.296153, 0.215453
0.318777, 0.212069
0.341416, 0.209125
0.364065, 0.206605
0.38672, 0.204496
0.409376, 0.202786
0.432033, 0.201466
0.454689, 0.200529
0.477345, 0.199968
0.5, 0.199782
0.522655, 0.199968
0.545311, 0.200529
0.567967, 0.201466
0.590624, 0.202786
0.61328, 0.204496
0.635935, 0.206605
0.658584, 0.209125
0.681223, 0.212069
0.703847, 0.215453
0.726452, 0.219293
0.749038, 0.223601
0.771614, 0.228386
0.794194, 0.233661
0.816794, 0.239447
0.839418, 0.245782
0.862065, 0.252717
0.88473, 0.260312
0.907406, 0.268641
0.930087, 0.277789
0.952769, 0.287868
0.0393619, 0.305546
0.062445, 0.29631
0.0855262, 0.287927
0.108599, 0.280295
0.131656, 0.273332
0.154686, 0.266969
0.177683, 0.261147
0.200649, 0.25582
0.223601, 0.250962
0.246563, 0.246563
0.269551, 0.242617
0.292568, 0.239111
0.315604, 0.236028
0.338653, 0.23335
0.361707, 0.231061
0.384762, 0.229147
0.407816, 0.227597
0.430866, 0.2264
0.453913, 0.225551
0.476957, 0.225044
0.5, 0.224875
0.523043, 0.225044
0.546087, 0.225551
0.569134, 0.2264
0.592184, 0.227597
0.615238, 0.229147
0.638293, 0.231061
0.661347, 0.23335
0.684396, 0.236028
0.707432, 0.239111
0.730449, 0.242617
0.753437, 0.246563
0.776399, 0.250962
0.799351, 0.25582
0.822317, 0.261147
0.845314, 0.266969
0.868344, 0.273332
0.891401, 0.280295
0.914474, 0.287927
0.937555, 0.29631
0.960638, 0.305546
0.0322928, 0.323223
0.0557371, 0.31483
0.0791777, 0.307212
0.102607, 0.300275
0.126012, 0.293943
0.149381, 0.28815
0.172707, 0.282841
0.196, 0.277978
0.219293, 0.273548
0.242617, 0.269551
0.265979, 0.265979
0.28937, 0.262812
0.312778, 0.26003
0.336194, 0.257617
0.359611, 0.255556
0.383025, 0.253835
0.406432, 0.252442
0.429832, 0.251368
0.453226, 0.250606
0.476614, 0.250151
0.5, 0.249999
0.523386, 0.250151
0.546774, 0.250606
0.570168, 0.251368
0.593568, 0.252442
0.616975, 0.253835
0.640389, 0.255556
0.663806, 0.257617
0.687222, 0.26003
0.71063, 0.262812
0.734021, 0.265979
0.757383, 0.269551
0.780707, 0.273548
0.804, 0.277978
0.827293, 0.282841
0.850619, 0.28815
0.873988, 0.293943
0.897393, 0.300275
0.920822, 0.307212
0.944263, 0.31483
0.967707, 0.323223
0.0259879, 0.340901
0.0497547, 0.333349
0.0735161, 0.326495
0.097262, 0.320253
0.120976, 0.314552
0.144642, 0.309329
0.168255, 0.304534
0.191843, 0.300141
0.215453, 0.296153
0.239111, 0.292568
0.262812, 0.28937
0.286539, 0.286539
0.31028, 0.284056
0.334023, 0.281904
0.357763, 0.280069
0.381494, 0.278537
0.405213, 0.277299
0.428922, 0.276344
0.452621, 0.275667
0.476312, 0.275262
0.5, 0.275128
0.523688, 0.275262
0.547379, 0.275667
0.571078, 0.276344
0.594787, 0.277299
0.618506, 0.278537
0.642237, 0.280069
0.665977, 0.281904
0.68972, 0.284056
0.713461, 0.286539
0.737188, 0.28937
0.760889, 0.292568
0.784547, 0.296153
0.808157, 0.300141
0.831745, 0.304534
0.855358, 0.309329
0.879024, 0.314552
0.902738, 0.320253
0.926484, 0.326495
0.950245, 0.333349
0.974012, 0.340901
0.0204168, 0.358579
0.0444692, 0.351868
0.0685141, 0.345777
0.092539, 0.340229
0.116523, 0.335158
0.140447, 0.330505
0.164312, 0.326229
0.188168, 0.322317
0.212069, 0.318777
0.236028, 0.315604
0.26003, 0.312778
0.284056, 0.31028
0.308091, 0.308091
0.332124, 0.306196
0.356147, 0.304582
0.380156, 0.303235
0.404149, 0.302146
0.428126, 0.301305
0.452091, 0.300707
0.476048, 0.30035
0.5, 0.30023
0.523952, 0.30035
0.547909, 0.300707
0.571874, 0.301305
0.595851, 0.302146
0.619844, 0.303235
0.643853, 0.304582
0.667876, 0.306196
0.691909, 0.308091
0.715944, 0.31028
0.73997, 0.312778
0.763972, 0.315604
0.787931, 0.318777
0.811832, 0.322317
0.835688, 0.326229
0.859553, 0.330505
0.883477, 0.335158
0.907461, 0.340229
0.931486, 0.345777
0.955531, 0.351868
0.979583, 0.358579
0.0155544, 0.376256
0.0398563, 0.370386
0.0641488, 0.365058
0.0884163, 0.360203
0.112633, 0.355762
0.136778, 0.351683
0.160865, 0.34793
0.184963, 0.344505
0.209125, 0.341416
0.23335, 0.338653
0.257617, 0.336194
0.281904, 0.334023
0.306196, 0.332124
0.330481, 0.330481
0.35475, 0.329081
0.378999, 0.327913
0.403225, 0.326964
0.427433, 0.326226
0.451627, 0.325696
0.475815, 0.325376
0.5, 0.325269
0.524185, 0.325376
0.548373, 0.325696
0.572567, 0.326226
0.596775, 0.326964
0.621001, 0.327913
0.64525, 0.329081
0.669519, 0.330481
0.693804, 0.332124
0.718096, 0.334023
0.742383, 0.336194
0.76665, 0.338653
0.790875, 0.341416
0.815037, 0.344505
0.839135, 0.34793
0.863222, 0.351683
0.887367, 0.355762
0.911584, 0.360203
0.935851, 0.365058
0.960144, 0.370386
0.984446, 0.376256
0.0113795, 0.393934
0.0358959, 0.388904
0.0604008, 0.384338
0.0848759, 0.380176
0.109291, 0.376367
0.133623, 0.372862
0.157902, 0.369639
0.182214, 0.366705
0.206605, 0.364065
0.231061, 0.361707
0.255556, 0.359611
0.280069, 0.357763
0.304582, 0.356147
0.329081, 0.35475
0.353558, 0.353558
0.378006, 0.352557
0.402425, 0.351733
0.426822, 0.351079
0.451211, 0.350596
0.475603, 0.350296
0.5, 0.350195
0.524397, 0.350296
0.548789, 0.350596
0.573178, 0.351079
0.597575, 0.351733
0.621994, 0.352557
0.646442, 0.353558
0.670919, 0.35475
0.695418, 0.356147
0.719931, 0.357763
0.744444, 0.359611
0.768939, 0.361707
0.793395, 0.364065
0.817786, 0.366705
0.842098, 0.369639
0.866377, 0.372862
0.890709, 0.376367
0.915124, 0.380176
0.939599, 0.384338
0.964104, 0.388904
0.988621, 0.393934
0.00787451, 0.411612
0.0325712, 0.40742
0.0572545, 0.403616
0.0819031, 0.400148
0.106482, 0.396971
0.13097, 0.394045
0.155414, 0.391355
0.179911, 0.388912
0.204496, 0.38672
0.229147, 0.384762
0.253835, 0.383025
0.278537, 0.381494
0.303235, 0.380156
0.327913, 0.378999
0.352557, 0.378006
0.37716, 0.37716
0.401723, 0.376442
0.426267, 0.375846
0.450819, 0.375389
0.475399, 0.375101
0.5, 0.375003
0.524601, 0.375101
0.549181, 0.375389
0.573733, 0.375846
0.598277, 0.376442
0.62284, 0.37716
0.647443, 0.378006
0.672087, 0.378999
0.696765, 0.380156
0.721463, 0.381494
0.746165, 0.383025
0.770853, 0.384762
0.795504, 0.38672
0.820089, 0.388912
0.844586, 0.391355
0.86903, 0.394045
0.893518, 0.396971
0.918097, 0.400148
0.942746, 0.403616
0.967429, 0.40742
0.992125, 0.411612
0.00502525, 0.429289
0.0298686, 0.425937
0.0546969, 0.422894
0.0794861, 0.420119
0.104197, 0.417575
0.128811, 0.415231
0.153392, 0.413077
0.178042, 0.411126
0.202786, 0.409376
0.227597, 0.407816
0.252442, 0.406432
0.277299, 0.405213
0.302146, 0.404149
0.326964, 0.403225
0.351733, 0.402425
0.376442, 0.401723
0.401099, 0.401099
0.425752, 0.400562
0.450452, 0.400149
0.475209, 0.399894
0.5, 0.399808
0.524791, 0.399894
0.549548, 0.400149
0.574248, 0.400562
0.598901, 0.401099
0.623558, 0.401723
0.648267, 0.402425
0.673036, 0.403225
0.697854, 0.404149
0.722701, 0.405213
0.747558, 0.406432
0.772403, 0.407816
0.797214, 0.409376
0.821958, 0.411126
0.846608, 0.413077
0.871189, 0.415231
0.895803, 0.417575
0.920514, 0.420119
0.945303, 0.422894
0.970131, 0.425937
0.994975, 0.429289
0.00282045, 0.446967
0.0277774, 0.444453
0.0527178, 0.442171
0.0776154, 0.44009
0.102428, 0.43818
0.12714, 0.43642
0.151828, 0.434804
0.176598, 0.433342
0.201466, 0.432033
0.2264, 0.430866
0.251368, 0.429832
0.276344, 0.428922
0.301305, 0.428126
0.326226, 0.427433
0.351079, 0.426822
0.375846, 0.426267
0.400562, 0.425752
0.425311, 0.425311
0.450147, 0.424986
0.475056, 0.424792
0.5, 0.424728
0.524944, 0.424792
0.549853, 0.424986
0.574689, 0.425311
0.599438, 0.425752
0.624154, 0.426267
0.648921, 0.426822
0.673774, 0.427433
0.698695, 0.428126
0.723656, 0.428922
0.748632, 0.429832
0.7736, 0.430866
0.798534, 0.432033
0.823402, 0.433342
0.848172, 0.434804
0.87286, 0.43642
0.897572, 0.43818
0.922385, 0.44009
0.947282, 0.442171
0.972223, 0.444453
0.99718, 0.446967
0.00125157, 0.464645
0.0262894, 0.462969
0.0513096, 0.461448
0.0762841, 0.46006
0.101168, 0.458786
0.125949, 0.457612
0.150715, 0.456534
0.175572, 0.455561
0.200529, 0.454689
0.225551, 0.453913
0.250606, 0.453226
0.275667, 0.452621
0.300707, 0.452091
0.325696, 0.451627
0.350596, 0.451211
0.375389, 0.450819
0.400149, 0.450452
0.424986, 0.450147
0.449931, 0.449931
0.474949, 0.449804
0.5, 0.449763
0.525051, 0.449804
0.550069, 0.449931
0.575014, 0.450147
0.599851, 0.450452
0.624611, 0.450819
0.649404, 0.451211
0.674304, 0.451627
0.699293, 0.452091
0.724333, 0.452621
0.749394, 0.453226
0.774449, 0.453913
0.799471, 0.454689
0.824428, 0.455561
0.849285, 0.456534
0.874051, 0.457612
0.898832, 0.458786
0.923716, 0.46006
0.94869, 0.461448
0.973711, 0.462969
0.998748, 0.464645
0.000312598, 0.482322
0.0253988, 0.481484
0.0504667, 0.480724
0.0754872, 0.48003
0.100414, 0.479393
0.125237, 0.478805
0.15005, 0.478266
0.174958, 0.47778
0.199968, 0.477345
0.225044, 0.476957
0.250151, 0.476614
0.275262, 0.476312
0.30035, 0.476048
0.325376, 0.475815
0.350296, 0.475603
0.375101, 0.475399
0.399894, 0.475209
0.424792, 0.475056
0.449804, 0.474949
0.474887, 0.474887
0.5, 0.474866
0.525113, 0.474887
0.550196, 0.474949
0.575208, 0.475056
0.600106, 0.475209
0.624899, 0.475399
0.649704, 0.475603
0.674624, 0.475815
0.69965, 0.476048
0.724738, 0.476312
0.749849, 0.476614
0.774956, 0.476957
0.800032, 0.477345
0.825042, 0.47778
0.84995, 0.478266
0.874763, 0.478805
0.899586, 0.479393
0.924513, 0.48003
0.949533, 0.480724
0.974601, 0.481484
0.999687, 0.482322
0, 0.5
0.0251024, 0.5
0.0501862, 0.5
0.0752219, 0.5
0.100163, 0.5
0.125, 0.5
0.149828, 0.5
0.174754, 0.5
0.199782, 0.5
0.224875, 0.5
0.249999, 0.5
0.275128, 0.5
0.30023, 0.5
0.325269, 0.5
0.350195, 0.5
0.375003, 0.5
0.399808, 0.5
0.424728, 0.5
0.449763, 0.5
0.474866, 0.5
0.5, 0.5
0.525134, 0.5
0.550237, 0.5
0.575272, 0.5
0.600192, 0.5
0.624997, 0.5
0.649805, 0.5
0.674731, 0.5
0.69977, 0.5
0.724872, 0.5
0.750001, 0.5
0.775125, 0.5
0.800218, 0.5
0.825246, 0.5
0.850172, 0.5
0.875, 0.5
0.899837, 0.5
0.924778, 0.5
0.949814, 0.5
0.974898, 0.5
1, 0.5
0.000312598, 0.517678
0.0253988, 0.518516
0.0504667, 0.519276
0.0754872, 0.51997
0.100414, 0.520607
0.125237, 0.521195
0.15005, 0.521734
0.174958, 0.52222
0.199968, 0.522655
0.225044, 0.523043
0.250151, 0.523386
0.275262, 0.523688
0.30035, 0.523952
0.325376, 0.524185
0.350296, 0.524397
0.375101, 0.524601
0.399894, 0.524791
0.424792, 0.524944
0.449804, 0.525051
0.474887, 0.525113
0.5, 0.525134
0.525113, 0.525113
0.550196, 0.525051
0.575208, 0.524944
0.600106, 0.524791
0.624899, 0.524601
0.649704, 0.524397
0.674624, 0.524185
0.69965, 0.523952
0.724738, 0.523688
0.749849, 0.523386
0.774956, 0.523043
0.800032, 0.522655
0.825042, 0.52222
0.84995, 0.521734
0.874763, 0.521195
0.899586, 0.520607
0.924513, 0.51997
0.949533, 0.519276
0.974601, 0.518516
0.999687, 0.517678
0.00125157, 0.535355
0.0262894, 0.537031
0.0513096, 0.538552
0.0762841, 0.53994
0.101168, 0.541214
0.125949, 0.542388
0.150715, 0.543466
0.175572, 0.544439
0.200529, 0.545311
0.225551, 0.546087
0.250606, 0.546774
0.275667, 0.547379
0.300707, 0.547909
0.325696, 0.548373
0.350596, 0.548789
0.375389, 0.549181
0.400149, 0.549548
0.424986, 0.549853
0.449931, 0.550069
0.474949, 0.550196
0.5, 0.550237
0.525051, 0.550196
0.550069, 0.550069
0.575014, 0.549853
0.599851, 0.549548
0.624611, 0.549181
0.649404, 0.548789
0.674304, 0.548373
0.699293, 0.547909
0.724333, 0.547379
0.749394, 0.546774
0.774449, 0.546087
0.799471, 0.545311
0.824428, 0.544439
0.849285, 0.543466
0.874051, 0.542388
0.898832, 0.541214
0.923716, 0.53994
0.94869, 0.538552
0.973711, 0.537031
0.998748, 0.535355
0.00282045, 0.553033
0.0277774, 0.555547
0.0527178, 0.557829
0.0776154, 0.55991
0.102428, 0.56182
0.12714, 0.56358
0.151828, 0.565196
0.176598, 0.566658
0.201466, 0.567967
0.2264, 0.569134
0.251368, 0.570168
0.276344, 0.571078
0.301305, 0.571874
0.326226, 0.572567
0.351079, 0.573178
0.375846, 0.573733
0.400562, 0.574248
0.425311, 0.574689
0.450147, 0.575014
0.475056, 0.575208
0.5, 0.575272
0.524944, 0.575208
0.549853, 0.575014
0.574689, 0.574689
0.599438, 0.574248
0.624154, 0.573733
0.648921, 0.573178
0.673774, 0.572567
0.698695, 0.571874
0.723656, 0.571078
0.748632, 0.570168
0.7736, 0.569134
0.798534, 0.567967
0.823402, 0.566658
0.848172, 0.565196
0.87286, 0.56358
0.897572, 0.56182
0.922385, 0.55991
0.947282, 0.557829
0.972223, 0.555547
0.99718, 0.553033
0.00502525, 0.570711
0.0298686, 0.574063
0.0546969, 0.577106
0.0794861, 0.579881
0.104197, 0.582425
0.128811, 0.584769
0.153392, 0.586923
0.178042, 0.588874
0.202786, 0.590624
0.227597, 0.592184
0.252442, 0.593568
0.277299, 0.594787
0.302146, 0.595851
0.326964, 0.596775
0.351733, 0.597575
0.376442, 0.598277
0.401099, 0.598901
0.425752, 0.599438
0.450452, 0.599851
0.475209, 0.600106
0.5, 0.600192
0.524791, 0.600106
0.549548, 0.599851
0.574248, 0.599438
0.598901, 0.598901
0.623558, 0.598277
0.648267, 0.597575
0.673036, 0.596775
0.697854, 0.595851
0.722701, 0.594787
0.747558, 0.593568
0.772403, 0.592184
0.797214, 0.590624
0.821958, 0.588874
0.846608, 0.586923
0.871189, 0.584769
0.895803, 0.582425
0.920514, 0.579881
0.945303, 0.577106
0.970131, 0.574063
0.994975, 0.570711
0.00787451, 0.588388
0.0325712, 0.59258
0.0572545, 0.596384
0.0819031, 0.599852
0.106482, 0.603029
0.13097, 0.605955
0.155414, 0.608645
0.179911, 0.611088
0.204496, 0.61328
0.229147, 0.615238
0.253835, 0.616975
0.278537, 0.618506
0.303235, 0.619844
0.327913, 0.621001
0.352557, 0.621994
0.37716, 0.62284
0.401723, 0.623558
0.426267, 0.624154
0.450819, 0.624611
0.475399, 0.624899
0.5, 0.624997
0.524601, 0.624899
0.549181, 0.624611
0.573733, 0.624154
0.598277, 0.623558
0.62284, 0.62284
0.647443, 0.621994
0.672087, 0.621001
0.696765, 0.619844
0.721463, 0.618506
0.746165, 0.616975
0.770853, 0.615238
0.795504, 0.61328
0.820089, 0.611088
0.844586, 0.608645
0.86903, 0.605955
0.893518, 0.603029
0.918097, 0.599852
0.942746, 0.596384
0.967429, 0.59258
0.992125, 0.588388
0.0113795, 0.606066
0.0358959, 0.611096
0.0604008, 0.615662
0.0848759, 0.619824
0.109291, 0.623633
0.133623, 0.627138
0.157902, 0.630361
0.182214, 0.633295
0.206605, 0.635935
0.231061, 0.638293
0.255556, 0.640389
0.280069, 0.642237
0.304582, 0.643853
0.329081, 0.64525
0.353558, 0.646442
0.378006, 0.647443
0.402425, 0.648267
0.426822, 0.648921
0.451211, 0.649404
0.475603, 0.649704
0.5, 0.649805
0.524397, 0.649704
0.548789, 0.649404
0.573178, 0.648921
0.597575, 0.648267
0.621994, 0.647443
0.646442, 0.646442
0.670919, 0.64525
0.695418, 0.643853
0.719931, 0.642237
0.744444, 0.640389
0.768939, 0.638293
0.793395, 0.635935
0.817786, 0.633295
0.842098, 0.630361
0.866377, 0.627138
0.890709, 0.623633
0.915124, 0.619824
0.939599, 0.615662
0.964104, 0.611096
0.988621, 0.606066
0.0155544, 0.623744
0.0398563, 0.629614
0.0641488, 0.634942
0.0884163, 0.639797
0.112633, 0.644238
0.136778, 0.648317
0.160865, 0.65207
0.184963, 0.655495
0.209125, 0.658584
0.23335, 0.661347
0.257617, 0.663806
0.281904, 0.665977
0.306196, 0.667876
0.330481, 0.669519
0.35475, 0.670919
0.378999, 0.672087
0.403225, 0.673036
0.427433, 0.673774
0.451627, 0.674304
0.475815, 0.674624
0.5, 0.674731
0.524185, 0.674624
0.548373, 0.674304
0.572567, 0.673774
0.596775, 0.673036
0.621001, 0.672087
0.64525, 0.670919
0.669519, 0.669519
0.693804, 0.667876
0.718096, 0.665977
0.742383, 0.663806
0.76665, 0.661347
0.790875, 0.658584
0.815037, 0.655495
0.839135, 0.65207
0.863222, 0.648317
0.887367, 0.644238
0.911584, 0.639797
0.935851, 0.634942
0.960144, 0.629614
0.984446, 0.623744
0.0204168, 0.641421
0.0444692, 0.648132
0.0685141, 0.654223
0.092539, 0.659771
0.116523, 0.664842
0.140447, 0.669495
0.164312, 0.673771
0.188168, 0.677683
0.212069, 0.681223
0.236028, 0.684396
0.26003, 0.687222
0.284056, 0.68972
0.308091, 0.691909
0.332124, 0.693804
0.356147, 0.695418
0.380156, 0.696765
0.404149, 0.697854
0.428126, 0.698695
0.452091, 0.699293
0.476048, 0.69965
0.5, 0.69977
0.523952, 0.69965
0.547909, 0.699293
0.571874, 0.698695
0.595851, 0.697854
0.619844, 0.696765
0.643853, 0.695418
0.667876, 0.693804
0.691909, 0.691909
0.715944, 0.68972
0.73997, 0.687222
0.763972, 0.684396
0.787931, 0.681223
0.811832, 0.677683
0.835688, 0.673771
0.859553, 0.669495
0.883477, 0.664842
0.907461, 0.659771
0.931486, 0.654223
0.955531, 0.648132
0.979583, 0.641421
0.0259879, 0.659099
0.0497547, 0.666651
0.0735161, 0.673505
0.097262, 0.679747
0.120976, 0.685448
0.144642, 0.690671
0.168255, 0.695466
0.191843, 0.699859
0.215453, 0.703847
0.239111, 0.707432
0.262812, 0.71063
0.286539, 0.713461
0.31028, 0.715944
0.334023, 0.718096
0.357763, 0.719931
0.381494, 0.721463
0.405213, 0.722701
0.428922, 0.723656
0.452621, 0.724333
0.476312, 0.724738
0.5, 0.724872
0.523688, 0.724738
0.547379, 0.724333
0.571078, 0.723656
0.594787, 0.722701
0.618506, 0.721463
0.642237, 0.719931
0.665977, 0.718096
0.68972, 0.715944
0.713461, 0.713461
0.737188, 0.71063
0.760889, 0.707432
0.784547, 0.703847
0.808157, 0.699859
0.831745, 0.695466
0.855358, 0.690671
0.879024, 0.685448
0.902738, 0.679747
0.926484, 0.673505
0.950245, 0.666651
0.974012, 0.659099
0.0322928, 0.676777
0.0557371, 0.68517
0.0791777, 0.692788
0.102607, 0.699725
0.126012, 0.706057
0.149381, 0.71185
0.172707, 0.717159
0.196, 0.722022
0.219293, 0.726452
0.242617, 0.730449
0.265979, 0.734021
0.28937, 0.737188
0.312778, 0.73997
0.336194, 0.742383
0.359611, 0.744444
0.383025, 0.746165
0.406432, 0.747558
0.429832, 0.748632
0.453226, 0.749394
0.476614, 0.749849
0.5, 0.750001
0.523386, 0.749849
0.546774, 0.749394
0.570168, 0.748632
0.593568, 0.747558
0.616975, 0.746165
0.640389, 0.744444
0.663806, 0.742383
0.687222, 0.73997
0.71063, 0.737188
0.734021, 0.734021
0.757383, 0.730449
0.780707, 0.726452
0.804, 0.722022
0.827293, 0.717159
0.850619, 0.71185
0.873988, 0.706057
0.897393, 0.699725
0.920822, 0.692788
0.944263, 0.68517
0.967707, 0.676777
0.0393619, 0.694454
0.062445, 0.70369
0.0855262, 0.712073
0.108599, 0.719705
0.131656, 0.726668
0.154686, 0.733031
0.177683, 0.738853
0.200649, 0.74418
0.223601, 0.749038
0.246563, 0.753437
0.269551, 0.757383
0.292568, 0.760889
0.315604, 0.763972
0.338653, 0.76665
0.361707, 0.768939
0.384762, 0.770853
0.407816, 0.772403
0.430866, 0.7736
0.453913, 0.774449
0.476957, 0.774956
0.5, 0.775125
0.523043, 0.774956
0.546087, 0.774449
0.569134, 0.7736
0.592184, 0.772403
0.615238, 0.770853
0.638293, 0.768939
0.661347, 0.76665
0.684396, 0.763972
0.707432, 0.760889
0.730449, 0.757383
0.753437, 0.753437
0.776399, 0.749038
0.799351, 0.74418
0.822317, 0.738853
0.845314, 0.733031
0.868344, 0.726668
0.891401, 0.719705
0.914474, 0.712073
0.937555, 0.70369
0.960638, 0.694454
0.0472307, 0.712132
0.0699127, 0.722211
0.0925941, 0.731359
0.11527, 0.739688
0.137935, 0.747283
0.160582, 0.754218
0.183206, 0.760553
0.205806, 0.766339
0.228386, 0.771614
0.250962, 0.776399
0.273548, 0.780707
0.296153, 0.784547
0.318777, 0.787931
0.341416, 0.790875
0.364065, 0.793395
0.38672, 0.795504
0.409376, 0.797214
0.432033, 0.798534
0.454689, 0.799471
0.477345, 0.800032
0.5, 0.800218
0.522655, 0.800032
0.545311, 0.799471
0.567967, 0.798534
0.590624, 0.797214
0.61328, 0.795504
0.635935, 0.793395
0.658584, 0.790875
0.681223, 0.787931
0.703847, 0.784547
0.726452, 0.780707
0.749038, 0.776399
0.771614, 0.771614
0.794194, 0.766339
0.816794, 0.760553
0.839418, 0.754218
0.862065, 0.747283
0.88473, 0.739688
0.907406, 0.731359
0.930087, 0.722211
0.952769, 0.712132
0.055942, 0.72981
0.0781808, 0.740732
0.10042, 0.750647
0.122656, 0.759673
0.144885, 0.767902
0.167103, 0.775411
0.189305, 0.782262
0.211491, 0.788509
0.233661, 0.794194
0.25582, 0.799351
0.277978, 0.804
0.300141, 0.808157
0.322317, 0.811832
0.344505, 0.815037
0.366705, 0.817786
0.388912, 0.820089
0.411126, 0.821958
0.433342, 0.823402
0.455561, 0.824428
0.47778, 0.825042
0.5, 0.825246
0.52222, 0.825042
0.544439, 0.824428
0.566658, 0.823402
0.588874, 0.821958
0.611088, 0.820089
0.633295, 0.817786
0.655495, 0.815037
0.677683, 0.811832
0.699859, 0.808157
0.722022, 0.804
0.74418, 0.799351
0.766339, 0.794194
0.788509, 0.788509
0.810695, 0.782262
0.832897, 0.775411
0.855115, 0.767902
0.877344, 0.759673
0.89958, 0.750647
0.921819, 0.740732
0.944058, 0.72981
0.0655463, 0.747487
0.0872975, 0.759254
0.10905, 0.769937
0.130801, 0.779661
0.152548, 0.788525
0.174287, 0.796611
0.196018, 0.803982
0.217738, 0.810695
0.239447, 0.816794
0.261147, 0.822317
0.282841, 0.827293
0.304534, 0.831745
0.326229, 0.835688
0.34793, 0.839135
0.369639, 0.842098
0.391355, 0.844586
0.413077, 0.846608
0.434804, 0.848172
0.456534, 0.849285
0.478266, 0.84995
0.5, 0.850172
0.521734, 0.84995
0.543466, 0.849285
0.565196, 0.848172
0.586923, 0.846608
0.608645, 0.844586
0.630361, 0.842098
0.65207, 0.839135
0.673771, 0.835688
0.695466, 0.831745
0.717159, 0.827293
0.738853, 0.822317
0.760553, 0.816794
0.782262, 0.810695
0.803982, 0.803982
0.825713, 0.796611
0.847452, 0.788525
0.869199, 0.779661
0.89095, 0.769937
0.912703, 0.759254
0.934454, 0.747487
0.0761044, 0.765165
0.0973206, 0.777776
0.118539, 0.789227
0.139756, 0.79965
0.160972, 0.809152
0.182183, 0.817817
0.203389, 0.825713
0.224589, 0.832897
0.245782, 0.839418
0.266969, 0.845314
0.28815, 0.850619
0.309329, 0.855358
0.330505, 0.859553
0.351683, 0.863222
0.372862, 0.866377
0.394045, 0.86903
0.415231, 0.871189
0.43642, 0.87286
0.457612, 0.874051
0.478805, 0.874763
0.5, 0.875
0.521195, 0.874763
0.542388, 0.874051
0.56358, 0.87286
0.584769, 0.871189
0.605955, 0.86903
0.627138, 0.866377
0.648317, 0.863222
0.669495, 0.859553
0.690671, 0.855358
0.71185, 0.850619
0.733031, 0.845314
0.754218, 0.839418
0.775411, 0.832897
0.796611, 0.825713
0.817817, 0.817817
0.839028, 0.809152
0.860244, 0.79965
0.881461, 0.789227
0.902679, 0.777776
0.923896, 0.765165
0.0876894, 0.782843
0.10832, 0.796299
0.128953, 0.808518
0.149586, 0.819642
0.170218, 0.829782
0.190848, 0.839028
0.211475, 0.847452
0.232098, 0.855115
0.252717, 0.862065
0.273332, 0.868344
0.293943, 0.873988
0.314552, 0.879024
0.335158, 0.883477
0.355762, 0.887367
0.376367, 0.890709
0.396971, 0.893518
0.417575, 0.895803
0.43818, 0.897572
0.458786, 0.898832
0.479393, 0.899586
0.5, 0.899837
0.520607, 0.899586
0.541214, 0.898832
0.56182, 0.897572
0.582425, 0.895803
0.603029, 0.893518
0.623633, 0.890709
0.644238, 0.887367
0.664842, 0.883477
0.685448, 0.879024
0.706057, 0.873988
0.726668, 0.868344
0.747283, 0.862065
0.767902, 0.855115
0.788525, 0.847452
0.809152, 0.839028
0.829782, 0.829782
0.850414, 0.819642
0.871047, 0.808518
0.89168, 0.796299
0.912311, 0.782843
0.100391, 0.80052
0.120381, 0.814822
0.140373, 0.82781
0.160365, 0.839635
0.180358, 0.850414
0.20035, 0.860244
0.220339, 0.869199
0.240327, 0.877344
0.260312, 0.88473
0.280295, 0.891401
0.300275, 0.897393
0.320253, 0.902738
0.340229, 0.907461
0.360203, 0.911584
0.380176, 0.915124
0.400148, 0.918097
0.420119, 0.920514
0.44009, 0.922385
0.46006, 0.923716
0.48003, 0.924513
0.5, 0.924778
0.51997, 0.924513
0.53994, 0.923716
0.55991, 0.922385
0.579881, 0.920514
0.599852, 0.918097
0.619824, 0.915124
0.639797, 0.911584
0.659771, 0.907461
0.679747, 0.902738
0.699725, 0.897393
0.719705, 0.891401
0.739688, 0.88473
0.759673, 0.877344
0.779661, 0.869199
0.79965, 0.860244
0.819642, 0.850414
0.839635, 0.839635
0.859627, 0.82781
0.879619, 0.814822
0.899609, 0.80052
0.114319, 0.818198
0.133608, 0.833345
0.152899, 0.847101
0.17219, 0.859627
0.191482, 0.871047
0.210773, 0.881461
0.230063, 0.89095
0.249353, 0.89958
0.268641, 0.907406
0.287927, 0.914474
0.307212, 0.920822
0.326495, 0.926484
0.345777, 0.931486
0.365058, 0.935851
0.384338, 0.939599
0.403616, 0.942746
0.422894, 0.945303
0.442171, 0.947282
0.461448, 0.94869
0.480724, 0.949533
0.5, 0.949814
0.519276, 0.949533
0.538552, 0.94869
0.557829, 0.947282
0.577106, 0.945303
0.596384, 0.942746
0.615662, 0.939599
0.634942, 0.935851
0.654223, 0.931486
0.673505, 0.926484
0.692788, 0.920822
0.712073, 0.914474
0.731359, 0.907406
0.750647, 0.89958
0.769937, 0.89095
0.789227, 0.881461
0.808518, 0.871047
0.82781, 0.859627
0.847101, 0.847101
0.866392, 0.833345
0.885681, 0.818198
0.129612, 0.835876
0.148133, 0.851867
0.166655, 0.866392
0.185178, 0.879619
0.203701, 0.89168
0.222224, 0.902679
0.240746, 0.912703
0.259268, 0.921819
0.277789, 0.930087
0.29631, 0.937555
0.31483, 0.944263
0.333349, 0.950245
0.351868, 0.955531
0.370386, 0.960144
0.388904, 0.964104
0.40742, 0.967429
0.425937, 0.970131
0.444453, 0.972223
0.462969, 0.973711
0.481484, 0.974601
0.5, 0.974898
0.518516, 0.974601
0.537031, 0.973711
0.555547, 0.972223
0.574063, 0.970131
0.59258, 0.967429
0.611096, 0.964104
0.629614, 0.960144
0.648132, 0.955531
0.666651, 0.950245
0.68517, 0.944263
0.70369, 0.937555
0.722211, 0.930087
0.740732, 0.921819
0.759254, 0.912703
0.777776, 0.902679
0.796299, 0.89168
0.814822, 0.879619
0.833345, 0.866392
0.851867, 0.851867
0.870388, 0.835876
0.146447, 0.853553
0.164124, 0.870388
0.181802, 0.885681
0.19948, 0.899609
0.217157, 0.912311
0.234835, 0.923896
0.252513, 0.934454
0.27019, 0.944058
0.287868, 0.952769
0.305546, 0.960638
0.323223, 0.967707
0.340901, 0.974012
0.358579, 0.979583
0.376256, 0.984446
0.393934, 0.988621
0.411612, 0.992125
0.429289, 0.994975
0.446967, 0.99718
0.464645, 0.998748
0.482322, 0.999687
0.5, 1
0.517678, 0.999687
0.535355, 0.998748
0.553033, 0.99718
0.570711, 0.994975
0.588388, 0.992125
0.606066, 0.988621
0.623744, 0.984446
0.641421, 0.979583
0.659099, 0.974012
0.676777, 0.967707
0.694454, 0.960638
0.712132, 0.952769
0.72981, 0.944058
0.747487, 0.934454
0.765165, 0.923896
0.782843, 0.912311
0.80052, 0.899609
0.818198, 0.885681
0.835876, 0.870388
0.853553, 0.853553
0.146878, 0.146878
0.164988, 0.131241
0.183098, 0.117017
0.201208, 0.104052
0.219318, 0.092226
0.237428, 0.0814433
0.255538, 0.0716246
0.273647, 0.062705
0.291757, 0.0546303
0.309866, 0.0473552
0.327975, 0.0408418
0.346083, 0.0350578
0.364192, 0.0299764
0.3823, 0.0255749
0.400408, 0.0218346
0.418516, 0.0187398
0.436624, 0.0162784
0.454731, 0.0144405
0.472839, 0.013219
0.490946, 0.0126095
0.509054, 0.0126095
0.527161, 0.013219
0.545269, 0.0144405
0.563376, 0.0162784
0.581484, 0.0187398
0.599592, 0.0218346
0.6177, 0.0255749
0.635808, 0.0299764
0.653917, 0.0350578
0.672025, 0.0408418
0.690134, 0.0473552
0.708243, 0.0546303
0.726353, 0.062705
0.744462, 0.0716246
0.762572, 0.0814433
0.780682, 0.092226
0.798792, 0.104052
0.816902, 0.117017
0.835012, 0.131241
0.853122, 0.146878
0.131241, 0.164988
0.150155, 0.150155
0.169069, 0.136662
0.187983, 0.124365
0.206897, 0.113149
0.225811, 0.102923
0.244724, 0.0936121
0.263637, 0.0851541
0.282549, 0.0774976
0.30146, 0.0705997
0.320371, 0.0644241
0.339281, 0.0589405
0.358191, 0.054123
0.3771, 0.0499502
0.396009, 0.0464043
0.414917, 0.0434705
0.433824, 0.041137
0.452732, 0.0393947
0.471639, 0.0382369
0.490546, 0.037659
0.509454, 0.037659
0.528361, 0.0382369
0.547268, 0.0393947
0.566176, 0.041137
0.585083, 0.0434705
0.603991, 0.0464043
0.6229, 0.0499502
0.641809, 0.054123
0.660719, 0.0589405
0.679629, 0.0644241
0.69854, 0.0705997
0.717451, 0.0774976
0.736363, 0.0851541
0.755276, 0.0936121
0.774189, 0.102923
0.793103, 0.113149
0.812017, 0.124365
0.830931, 0.136662
0.849845, 0.150155
0.868759, 0.164988
0.117017, 0.183098
0.136662, 0.169069
0.156308, 0.156308
0.175954, 0.144679
0.195601, 0.134073
0.215246, 0.124404
0.23489, 0.1156
0.254534, 0.107603
0.274176, 0.100364
0.293817, 0.093842
0.313457, 0.088003
0.333096, 0.082818
0.352734, 0.0782627
0.372371, 0.0743169
0.392007, 0.0709636
0.411643, 0.0681891
0.431278, 0.0659823
0.450913, 0.0643344
0.470548, 0.0632393
0.490183, 0.0626928
0.509817, 0.0626928
0.529452, 0.0632393
0.549087, 0.0643344
0.568722, 0.0659823
0.588357, 0.0681891
0.607993, 0.0709636
0.627629, 0.0743169
0.647266, 0.0782627
0.666904, 0.082818
0.686543, 0.088003
0.706183, 0.093842
0.725824, 0.100364
0.745466, 0.107603
0.76511, 0.1156
0.784754, 0.124404
0.804399, 0.134073
0.824046, 0.144679
0.843692, 0.156308
0.863338, 0.169069
0.882983, 0.183098
0.104052, 0.201208
0.124365, 0.187983
0.144679, 0.175954
0.164993, 0.164993
0.185307, 0.154997
0.205619, 0.145884
0.225929, 0.137586
0.246238, 0.130048
0.266544, 0.123223
0.286849, 0.117075
0.307152, 0.111569
0.327454, 0.106679
0.347755, 0.102382
0.368054, 0.0986587
0.388354, 0.0954941
0.408653, 0.0928751
0.428952, 0.0907915
0.449251, 0.0892355
0.469551, 0.0882012
0.48985, 0.087685
0.51015, 0.087685
0.530449, 0.0882012
0.550749, 0.0892355
0.571048, 0.0907915
0.591347, 0.0928751
0.611646, 0.0954941
0.631946, 0.0986587
0.652245, 0.102382
0.672546, 0.106679
0.692848, 0.111569
0.713151, 0.117075
0.733456, 0.123223
0.753762, 0.130048
0.774071, 0.137586
0.794381, 0.145884
0.814693, 0.154997
0.835007, 0.164993
0.855321, 0.175954
0.875635, 0.187983
0.895948, 0.201208
0.092226, 0.219318
0.113149, 0.206897
0.134073, 0.195601
0.154997, 0.185307
0.175919, 0.175919
0.196839, 0.16736
0.217756, 0.159566
0.238669, 0.152484
0.25958, 0.146072
0.280487, 0.140292
0.301393, 0.135114
0.322297, 0.130513
0.343201, 0.126467
0.364104, 0.122961
0.385008, 0.119979
0.405914, 0.11751
0.42682, 0.115545
0.447728, 0.114077
0.468636, 0.113101
0.489545, 0.112614
0.510455, 0.112614
0.531364, 0.113101
0.552272, 0.114077
0.57318, 0.115545
0.594086, 0.11751
0.614992, 0.119979
0.635896, 0.122961
0.656799, 0.126467
0.677703, 0.130513
0.698607, 0.135114
0.719513, 0.140292
0.74042, 0.146072
0.761331, 0.152484
0.782244, 0.159566
0.803161, 0.16736
0.824081, 0.175919
0.845003, 0.185307
0.865927, 0.195601
0.886851, 0.206897
0.907774, 0.219318
0.0814433, 0.237428
0.102923, 0.225811
0.124404, 0.215246
0.145884, 0.205619
0.16736, 0.196839
0.188832, 0.188832
0.2103, 0.18154
0.231762, 0.174911
0.25322, 0.168905
0.274674, 0.163488
0.296125, 0.158631
0.317577, 0.154313
0.339029, 0.150514
0.360484, 0.14722
0.381942, 0.144418
0.403402, 0.142099
0.424866, 0.140254
0.446331, 0.138875
0.467798, 0.13796
0.489266, 0.137502
0.510734, 0.137502
0.532202, 0.13796
0.553669, 0.138875
0.575134, 0.140254
0.596598, 0.142099
0.618058, 0.144418
0.639516, 0.14722
0.660971, 0.150514
0.682423, 0.154313
0.703875, 0.158631
0.725326, 0.163488
0.74678, 0.168905
0.768238, 0.174911
0.7897, 0.18154
0.811168, 0.188832
0.83264, 0.196839
0.854116, 0.205619
0.875596, 0.215246
0.897077, 0.225811
0.918557, 0.237428
0.0716246, 0.255538
0.0936121, 0.244724
0.1156, 0.23489
0.137586, 0.225929
0.159566, 0.217756
0.18154, 0.2103
0.203506, 0.203506
0.225464, 0.197326
0.247415, 0.191722
0.269363, 0.186663
0.29131, 0.182125
0.31326, 0.17809
0.335216, 0.174542
0.357177, 0.171468
0.379142, 0.168856
0.401112, 0.166697
0.423085, 0.16498
0.445059, 0.163698
0.467035, 0.162847
0.489012, 0.162423
0.510988, 0.162423
0.532965, 0.162847
0.554941, 0.163698
0.576915, 0.16498
0.598888, 0.166697
0.620858, 0.168856
0.642823, 0.171468
0.664784, 0.174542
0.68674, 0.17809
0.70869, 0.182125
0.730637, 0.186663
0.752585, 0.191722
0.774536, 0.197326
0.796494, 0.203506
0.81846, 0.2103
0.840434, 0.217756
0.862414, 0.225929
0.8844, 0.23489
0.906388, 0.244724
0.928375, 0.255538
0.062705, 0.273647
0.0851541, 0.263637
0.107603, 0.254534
0.130048, 0.246238
0.152484, 0.238669
0.174911, 0.231762
0.197326, 0.225464
0.219729, 0.219729
0.242126, 0.214525
0.264522, 0.209826
0.286923, 0.205614
0.309333, 0.201873
0.331751, 0.198589
0.354176, 0.195748
0.376606, 0.193337
0.399039, 0.191345
0.421474, 0.189762
0.44391, 0.188581
0.466346, 0.187798
0.488782, 0.187407
0.511218, 0.187407
0.533654, 0.187798
0.55609, 0.188581
0.578526, 0.189762
0.600961, 0.191345
0.623394, 0.193337
0.645824, 0.195748
0.668249, 0.198589
0.690667, 0.201873
0.713077, 0.205614
0.735478, 0.209826
0.757874, 0.214525
0.780271, 0.219729
0.802674, 0.225464
0.825089, 0.231762
0.847516, 0.238669
0.869952, 0.246238
0.892397, 0.254534
0.914846, 0.263637
0.937295, 0.273647
0.0546303, 0.291757
0.0774976, 0.282549
0.100364, 0.274176
0.123223, 0.266544
0.146072, 0.25958
0.168905, 0.25322
0.191722, 0.247415
0.214525, 0.242126
0.237325, 0.237325
0.260132, 0.232995
0.282951, 0.229119
0.305783, 0.225684
0.328624, 0.222672
0.351472, 0.220069
0.374323, 0.217862
0.397175, 0.216039
0.420026, 0.214592
0.442877, 0.213513
0.465727, 0.212797
0.488576, 0.21244
0.511424, 0.21244
0.534273, 0.212797
0.557123, 0.213513
0.579974, 0.214592
0.602825, 0.216039
0.625677, 0.217862
0.648528, 0.220069
0.671376, 0.222672
0.694217, 0.225684
0.717049, 0.229119
0.739868, 0.232995
0.762675, 0.237325
0.785475, 0.242126
0.808278, 0.247415
0.831095, 0.25322
0.853928, 0.25958
0.876777, 0.266544
0.899636, 0.274176
0.922502, 0.282549
0.94537, 0.291757
0.0473552, 0.309866
0.0705997, 0.30146
0.093842, 0.293817
0.117075, 0.286849
0.140292, 0.280487
0.163488, 0.274674
0.186663, 0.269363
0.209826, 0.264522
0.232995, 0.260132
0.256179, 0.256179
0.279382, 0.252648
0.302598, 0.249522
0.325822, 0.246785
0.349051, 0.244421
0.37228, 0.242418
0.395508, 0.240764
0.418733, 0.239452
0.441955, 0.238474
0.465174, 0.237825
0.488392, 0.237501
0.511608, 0.237501
0.534826, 0.237825
0.558045, 0.238474
0.581267, 0.239452
0.604492, 0.240764
0.62772, 0.242418
0.650949, 0.244421
0.674178, 0.246785
0.697402, 0.249522
0.720618, 0.252648
0.743821, 0.256179
0.767005, 0.260132
0.790174, 0.264522
0.813337, 0.269363
0.836512, 0.274674
0.859708, 0.280487
0.882925, 0.286849
0.906158, 0.293817
0.9294, 0.30146
0.952645, 0.309866
0.0408418, 0.327975
0.0644241, 0.320371
0.088003, 0.313457
0.111569, 0.307152
0.135114, 0.301393
0.158631, 0.296125
0.182125, 0.29131
0.205614, 0.286923
0.229119, 0.282951
0.252648, 0.279382
0.276197, 0.276197
0.299759, 0.273381
0.323327, 0.270917
0.346897, 0.26879
0.370464, 0.266989
0.394027, 0.265504
0.417584, 0.264326
0.441136, 0.263448
0.464683, 0.262865
0.488228, 0.262574
0.511772, 0.262574
0.535317, 0.262865
0.558864, 0.263448
0.582416, 0.264326
0.605973, 0.265504
0.629536, 0.266989
0.653103, 0.26879
0.676673, 0.270917
0.700241, 0.273381
0.723803, 0.276197
0.747352, 0.279382
0.770881, 0.282951
0.794386, 0.286923
0.817875, 0.29131
0.841369, 0.296125
0.864886, 0.301393
0.888431, 0.307152
0.911997, 0.313457
0.935576, 0.320371
0.959158, 0.327975
0.0350578, 0.346083
0.0589405, 0.339281
0.082818, 0.333096
0.106679, 0.327454
0.130513, 0.322297
0.154313, 0.317577
0.17809, 0.31326
0.201873, 0.309333
0.225684, 0.305783
0.249522, 0.302598
0.273381, 0.299759
0.297251, 0.297251
0.321124, 0.295058
0.344996, 0.293166
0.368862, 0.291566
0.392721, 0.290246
0.416571, 0.289198
0.440414, 0.288418
0.464251, 0.287899
0.488084, 0.287641
0.511916, 0.287641
0.535749, 0.287899
0.559586, 0.288418
0.583429, 0.289198
0.607279, 0.290246
0.631138, 0.291566
0.655004, 0.293166
0.678876, 0.295058
0.702749, 0.297251
0.726619, 0.299759
0.750478, 0.302598
0.774316, 0.305783
0.798127, 0.309333
0.82191, 0.31326
0.845687, 0.317577
0.869487, 0.322297
0.893321, 0.327454
0.917182, 0.333096
0.94106, 0.339281
0.964942, 0.346083
0.0299764, 0.364192
0.054123, 0.358191
0.0782627, 0.352734
0.102382, 0.347755
0.126467, 0.343201
0.150514, 0.339029
0.174542, 0.335216
0.198589, 0.331751
0.222672, 0.328624
0.246785, 0.325822
0.270917, 0.323327
0.295058, 0.321124
0.3192, 0.3192
0.343336, 0.317541
0.367464, 0.316136
0.39158, 0.314978
0.415685, 0.314057
0.439781, 0.313368
0.463871, 0.31291
0.487957, 0.312681
0.512043, 0.312681
0.536129, 0.31291
0.560219, 0.313368
0.584315, 0.314057
0.60842, 0.314978
0.632536, 0.316136
0.656664, 0.317541
0.6808, 0.3192
0.704942, 0.321124
0.729083, 0.323327
0.753215, 0.325822
0.777328, 0.328624
0.801411, 0.331751
0.825458, 0.335216
0.849486, 0.339029
0.873533, 0.343201
0.897618, 0.347755
0.921737, 0.352734
0.945877, 0.358191
0.970024, 0.364192
0.0255749, 0.3823
0.0499502, 0.3771
0.0743169, 0.372371
0.0986587, 0.368054
0.122961, 0.364104
0.14722, 0.360484
0.171468, 0.357177
0.195748, 0.354176
0.220069, 0.351472
0.244421, 0.349051
0.26879, 0.346897
0.293166, 0.344996
0.317541, 0.343336
0.341906, 0.341906
0.366257, 0.340693
0.390593, 0.339689
0.414915, 0.338887
0.439227, 0.338282
0.463536, 0.337875
0.487845, 0.337671
0.512155, 0.337671
0.536464, 0.337875
0.560773, 0.338282
0.585085, 0.338887
0.609407, 0.339689
0.633743, 0.340693
0.658094, 0.341906
0.682459, 0.343336
0.706834, 0.344996
0.73121, 0.346897
0.755579, 0.349051
0.779931, 0.351472
0.804252, 0.354176
0.828532, 0.357177
0.85278, 0.360484
0.877039, 0.364104
0.901341, 0.368054
0.925683, 0.372371
0.95005, 0.3771
0.974425, 0.3823
0.0218346, 0.400408
0.0464043, 0.396009
0.0709636, 0.392007
0.0954941, 0.388354
0.119979, 0.385008
0.144418, 0.381942
0.168856, 0.379142
0.193337, 0.376606
0.217862, 0.374323
0.242418, 0.37228
0.266989, 0.370464
0.291566, 0.368862
0.316136, 0.367464
0.340693, 0.366257
0.36523, 0.36523
0.389746, 0.364373
0.414244, 0.363676
0.438737, 0.363142
0.463236, 0.362775
0.487744, 0.362589
0.512256, 0.362589
0.536764, 0.362775
0.561263, 0.363142
0.585756, 0.363676
0.610254, 0.364373
0.63477, 0.36523
0.659307, 0.366257
0.683864, 0.367464
0.708434, 0.368862
0.733011, 0.370464
0.757582, 0.37228
0.782138, 0.374323
0.806663, 0.376606
0.831144, 0.379142
0.855582, 0.381942
0.880021, 0.385008
0.904506, 0.388354
0.929036, 0.392007
0.953596, 0.396009
0.978165, 0.400408
0.0187398, 0.418516
0.0434705, 0.414917
0.0681891, 0.411643
0.0928751, 0.408653
0.11751, 0.405914
0.142099, 0.403402
0.166697, 0.401112
0.191345, 0.399039
0.216039, 0.397175
0.240764, 0.395508
0.265504, 0.394027
0.290246, 0.392721
0.314978, 0.39158
0.339689, 0.390593
0.364373, 0.389746
0.389026, 0.389026
0.413661, 0.388426
0.438302, 0.387955
0.462967, 0.387629
0.487653, 0.387462
0.512347, 0.387462
0.537033, 0.387629
0.561698, 0.387955
0.586339, 0.388426
0.610974, 0.389026
0.635627, 0.389746
0.660311, 0.390593
0.685022, 0.39158
0.709754, 0.392721
0.734496, 0.394027
0.759236, 0.395508
0.783961, 0.397175
0.808655, 0.399039
0.833303, 0.401112
0.857901, 0.403402
0.88249, 0.405914
0.907125, 0.408653
0.931811, 0.411643
0.956529, 0.414917
0.98126, 0.418516
0.0162784, 0.436624
0.041137, 0.433824
0.0659823, 0.431278
0.0907915, 0.428952
0.115545, 0.42682
0.140254, 0.424866
0.16498, 0.423085
0.189762, 0.421474
0.214592, 0.420026
0.239452, 0.418733
0.264326, 0.417584
0.289198, 0.416571
0.314057, 0.415685
0.338887, 0.414915
0.363676, 0.414244
0.388426, 0.413661
0.413165, 0.413165
0.437932, 0.412775
0.46274, 0.412507
0.487577, 0.412373
0.512423, 0.412373
0.53726, 0.412507
0.562068, 0.412775
0.586835, 0.413165
0.611574, 0.413661
0.636324, 0.414244
0.661113, 0.414915
0.685943, 0.415685
0.710802, 0.416571
0.735674, 0.417584
0.760548, 0.418733
0.785408, 0.420026
0.810238, 0.421474
0.83502, 0.423085
0.859746, 0.424866
0.884455, 0.42682
0.909208, 0.428952
0.934018, 0.431278
0.958863, 0.433824
0.983722, 0.436624
0.0144405, 0.454731
0.0393947, 0.452732
0.0643344, 0.450913
0.0892355, 0.449251
0.114077, 0.447728
0.138875, 0.446331
0.163698, 0.445059
0.188581, 0.44391
0.213513, 0.442877
0.238474, 0.441955
0.263448, 0.441136
0.288418, 0.440414
0.313368, 0.439781
0.338282, 0.439227
0.363142, 0.438737
0.387955, 0.438302
0.412775, 0.437932
0.437645, 0.437645
0.462566, 0.437452
0.487519, 0.437356
0.512481, 0.437356
0.537434, 0.437452
0.562355, 0.437645
0.587225, 0.437932
0.612045, 0.438302
0.636858, 0.438737
0.661718, 0.439227
0.686632, 0.439781
0.711582, 0.440414
0.736552, 0.441136
0.761526, 0.441955
0.786487, 0.442877
0.811419, 0.44391
0.836302, 0.445059
0.861125, 0.446331
0.885923, 0.447728
0.910765, 0.449251
0.935666, 0.450913
0.960605, 0.452732
0.98556, 0.454731
0.013219, 0.472839
0.0382369, 0.471639
0.0632393, 0.470548
0.0882012, 0.469551
0.113101, 0.468636
0.13796, 0.467798
0.162847, 0.467035
0.187798, 0.466346
0.212797, 0.465727
0.237825, 0.465174
0.262865, 0.464683
0.287899, 0.464251
0.31291, 0.463871
0.337875, 0.463536
0.362775, 0.463236
0.387629, 0.462967
0.412507, 0.46274
0.437452, 0.462566
0.462451, 0.462451
0.48748, 0.462394
0.51252, 0.462394
0.537549, 0.462451
0.562548, 0.462566
0.587493, 0.46274
0.612371, 0.462967
0.637225, 0.463236
0.662125, 0.463536
0.68709, 0.463871
0.712101, 0.464251
0.737135, 0.464683
0.762175, 0.465174
0.787203, 0.465727
0.812202, 0.466346
0.837153, 0.467035
0.86204, 0.467798
0.886899, 0.468636
0.911799, 0.469551
0.936761, 0.470548
0.961763, 0.471639
0.986781, 0.472839
0.0126095, 0.490946
0.037659, 0.490546
0.0626928, 0.490183
0.087685, 0.48985
0.112614, 0.489545
0.137502, 0.489266
0.162423, 0.489012
0.187407, 0.488782
0.21244, 0.488576
0.237501, 0.488392
0.262574, 0.488228
0.287641, 0.488084
0.312681, 0.487957
0.337671, 0.487845
0.362589, 0.487744
0.387462, 0.487653
0.412373, 0.487577
0.437356, 0.487519
0.462394, 0.48748
0.487462, 0.487462
0.512538, 0.487462
0.537606, 0.48748
0.562644, 0.487519
0.587627, 0.487577
0.612538, 0.487653
0.637411, 0.487744
0.662329, 0.487845
0.687319, 0.487957
0.712359, 0.488084
0.737426, 0.488228
0.762499, 0.488392
0.78756, 0.488576
0.812593, 0.488782
0.837577, 0.489012
0.862498, 0.489266
0.887386, 0.489545
0.912315, 0.48985
0.937307, 0.490183
0.962341, 0.490546
0.987391, 0.490946
0.0126095, 0.509054
0.037659, 0.509454
0.0626928, 0.509817
0.087685, 0.51015
0.112614, 0.510455
0.137502, 0.510734
0.162423, 0.510988
0.187407, 0.511218
0.21244, 0.511424
0.237501, 0.511608
0.262574, 0.511772
0.287641, 0.511916
0.312681, 0.512043
0.337671, 0.512155
0.362589, 0.512256
0.387462, 0.512347
0.412373, 0.512423
0.437356, 0.512481
0.462394, 0.51252
0.487462, 0.512538
0.512538, 0.512538
0.537606, 0.51252
0.562644, 0.512481
0.587627, 0.512423
0.612538, 0.512347
0.637411, 0.512256
0.662329, 0.512155
0.687319, 0.512043
0.712359, 0.511916
0.737426, 0.511772
0.762499, 0.511608
0.78756, 0.511424
0.812593, 0.511218
0.837577, 0.510988
0.862498, 0.510734
0.887386, 0.510455
0.912315, 0.51015
0.937307, 0.509817
0.962341, 0.509454
0.987391, 0.509054
0.013219, 0.527161
0.0382369, 0.528361
0.0632393, 0.529452
0.0882012, 0.530449
0.113101, 0.531364
0.13796, 0.532202
0.162847, 0.532965
0.187798, 0.533654
0.212797, 0.534273
0.237825, 0.534826
0.262865, 0.535317
0.287899, 0.535749
0.31291, 0.536129
0.337875, 0.536464
0.362775, 0.536764
0.387629, 0.537033
0.412507, 0.53726
0.437452, 0.537434
0.462451, 0.537549
0.48748, 0.537606
0.51252, 0.537606
0.537549, 0.537549
0.562548, 0.537434
0.587493, 0.53726
0.612371, 0.537033
0.637225, 0.536764
0.662125, 0.536464
0.68709, 0.536129
0.712101, 0.535749
0.737135, 0.535317
0.762175, 0.534826
0.787203, 0.534273
0.812202, 0.533654
0.837153, 0.532965
0.86204, 0.532202
0.886899, 0.531364
0.911799, 0.530449
0.936761, 0.529452
0.961763, 0.528361
0.986781, 0.527161
0.0144405, 0.545269
0.0393947, 0.547268
0.0643344, 0.549087
0.0892355, 0.550749
0.114077, 0.552272
0.138875, 0.553669
0.163698, 0.554941
0.188581, 0.55609
0.213513, 0.557123
0.238474, 0.558045
0.263448, 0.558864
0.288418, 0.559586
0.313368, 0.560219
0.338282, 0.560773
0.363142, 0.561263
0.387955, 0.561698
0.412775, 0.562068
0.437645, 0.562355
0.462566, 0.562548
0.487519, 0.562644
0.512481, 0.562644
0.537434, 0.562548
0.562355, 0.562355
0.587225, 0.562068
0.612045, 0.561698
0.636858, 0.561263
0.661718, 0.560773
0.686632, 0.560219
0.711582, 0.559586
0.736552, 0.558864
0.761526, 0.558045
0.786487, 0.557123
0.811419, 0.55609
0.836302, 0.554941
0.861125, 0.553669
0.885923, 0.552272
0.910765, 0.550749
0.935666, 0.549087
0.960605, 0.547268
0.98556, 0.545269
0.0162784, 0.563376
0.041137, 0.566176
0.0659823, 0.568722
0.0907915, 0.571048
0.115545, 0.57318
0.140254, 0.575134
0.16498, 0.576915
0.189762, 0.578526
0.214592, 0.579974
0.239452, 0.581267
0.264326, 0.582416
0.289198, 0.583429
0.314057, 0.584315
0.338887, 0.585085
0.363676, 0.585756
0.388426, 0.586339
0.413165, 0.586835
0.437932, 0.587225
0.46274, 0.587493
0.487577, 0.587627
0.512423, 0.587627
0.53726, 0.587493
0.562068, 0.587225
0.586835, 0.586835
0.611574, 0.586339
0.636324, 0.585756
0.661113, 0.585085
0.685943, 0.584315
0.710802, 0.583429
0.735674, 0.582416
0.760548, 0.581267
0.785408, 0.579974
0.810238, 0.578526
0.83502, 0.576915
0.859746, 0.575134
0.884455, 0.57318
0.909208, 0.571048
0.934018, 0.568722
0.958863, 0.566176
0.983722, 0.563376
0.0187398, 0.581484
0.0434705, 0.585083
0.0681891, 0.588357
0.0928751, 0.591347
0.11751, 0.594086
0.142099, 0.596598
0.166697, 0.598888
0.191345, 0.600961
0.216039, 0.602825
0.240764, 0.604492
0.265504, 0.605973
0.290246, 0.607279
0.314978, 0.60842
0.339689, 0.609407
0.364373, 0.610254
0.389026, 0.610974
0.413661, 0.611574
0.438302, 0.612045
0.462967, 0.612371
0.487653, 0.612538
0.512347, 0.612538
0.537033, 0.612371
0.561698, 0.612045
0.586339, 0.611574
0.610974, 0.610974
0.635627, 0.610254
0.660311, 0.609407
0.685022, 0.60842
0.709754, 0.607279
0.734496, 0.605973
0.759236, 0.604492
0.783961, 0.602825
0.808655, 0.600961
0.833303, 0.598888
0.857901, 0.596598
0.88249, 0.594086
0.907125, 0.591347
0.931811, 0.588357
0.956529, 0.585083
0.98126, 0.581484
0.0218346, 0.599592
0.0464043, 0.603991
0.0709636, 0.607993
0.0954941, 0.611646
0.119979, 0.614992
0.144418, 0.618058
0.168856, 0.620858
0.193337, 0.623394
0.217862, 0.625677
0.242418, 0.62772
0.266989, 0.629536
0.291566, 0.631138
0.316136, 0.632536
0.340693, 0.633743
0.36523, 0.63477
0.389746, 0.635627
0.414244, 0.636324
0.438737, 0.636858
0.463236, 0.637225
0.487744, 0.637411
0.512256, 0.637411
0.536764, 0.637225
0.561263, 0.636858
0.585756, 0.636324
0.610254, 0.635627
0.63477, 0.63477
0.659307, 0.633743
0.683864, 0.632536
0.708434, 0.631138
0.733011, 0.629536
0.757582, 0.62772
0.782138, 0.625677
0.806663, 0.623394
0.831144, 0.620858
0.855582, 0.618058
0.880021, 0.614992
0.904506, 0.611646
0.929036, 0.607993
0.953596, 0.603991
0.978165, 0.599592
0.0255749, 0.6177
0.0499502, 0.6229
0.0743169, 0.627629
0.0986587, 0.631946
0.122961, 0.635896
0.14722, 0.639516
0.171468, 0.642823
0.195748, 0.645824
0.220069, 0.648528
0.244421, 0.650949
0.26879, 0.653103
0.293166, 0.655004
0.317541, 0.656664
0.341906, 0.658094
0.366257, 0.659307
0.390593, 0.660311
0.414915, 0.661113
0.439227, 0.661718
0.463536, 0.662125
0.487845, 0.662329
0.512155, 0.662329
0.536464, 0.662125
0.560773, 0.661718
0.585085, 0.661113
0.609407, 0.660311
0.633743, 0.659307
0.658094, 0.658094
0.682459, 0.656664
0.706834, 0.655004
0.73121, 0.653103
0.755579, 0.650949
0.779931, 0.648528
0.804252, 0.645824
0.828532, 0.642823
0.85278, 0.639516
0.877039, 0.635896
0.901341, 0.631946
0.925683, 0.627629
0.95005, 0.6229
0.974425, 0.6177
0.0299764, 0.635808
0.054123, 0.641809
0.0782627, 0.647266
0.102382, 0.652245
0.126467, 0.656799
0.150514, 0.660971
0.174542, 0.664784
0.198589, 0.668249
0.222672, 0.671376
0.246785, 0.674178
0.270917, 0.676673
0.295058, 0.678876
0.3192, 0.6808
0.343336, 0.682459
0.367464, 0.683864
0.39158, 0.685022
0.415685, 0.685943
0.439781, 0.686632
0.463871, 0.68709
0.487957, 0.687319
0.512043, 0.687319
0.536129, 0.68709
0.560219, 0.686632
0.584315, 0.685943
0.60842, 0.685022
0.632536, 0.683864
0.656664, 0.682459
0.6808, 0.6808
0.704942, 0.678876
0.729083, 0.676673
0.753215, 0.674178
0.777328, 0.671376
0.801411, 0.668249
0.825458, 0.664784
0.849486, 0.660971
0.873533, 0.656799
0.897618, 0.652245
0.921737, 0.647266
0.945877, 0.641809
0.970024, 0.635808
0.0350578, 0.653917
0.0589405, 0.660719
0.082818, 0.666904
0.106679, 0.672546
0.130513, 0.677703
0.154313, 0.682423
0.17809, 0.68674
0.201873, 0.690667
0.225684, 0.694217
0.249522, 0.697402
0.273381, 0.700241
0.297251, 0.702749
0.321124, 0.704942
0.344996, 0.706834
0.368862, 0.708434
0.392721, 0.709754
0.416571, 0.710802
0.440414, 0.711582
0.464251, 0.712101
0.488084, 0.712359
0.511916, 0.712359
0.535749, 0.712101
0.559586, 0.711582
0.583429, 0.710802
0.607279, 0.709754
0.631138, 0.708434
0.655004, 0.706834
0.678876, 0.704942
0.702749, 0.702749
0.726619, 0.700241
0.750478, 0.697402
0.774316, 0.694217
0.798127, 0.690667
0.82191, 0.68674
0.845687, 0.682423
0.869487, 0.677703
0.893321, 0.672546
0.917182, 0.666904
0.94106, 0.660719
0.964942, 0.653917
0.0408418, 0.672025
0.0644241, 0.679629
0.088003, 0.686543
0.111569, 0.692848
0.135114, 0.698607
0.158631, 0.703875
0.182125, 0.70869
0.205614, 0.713077
0.229119, 0.717049
0.252648, 0.720618
0.276197, 0.723803
0.299759, 0.726619
0.323327, 0.729083
0.346897, 0.73121
0.370464, 0.733011
0.394027, 0.734496
0.417584, 0.735674
0.441136, 0.736552
0.464683, 0.737135
0.488228, 0.737426
0.511772, 0.737426
0.535317, 0.737135
0.558864, 0.736552
0.582416, 0.735674
0.605973, 0.734496
0.629536, 0.733011
0.653103, 0.73121
0.676673, 0.729083
0.700241, 0.726619
0.723803, 0.723803
0.747352, 0.720618
0.770881, 0.717049
0.794386, 0.713077
0.817875, 0.70869
0.841369, 0.703875
0.864886, 0.698607
0.888431, 0.692848
0.911997, 0.686543
0.935576, 0.679629
0.959158, 0.672025
0.0473552, 0.690134
0.0705997, 0.69854
0.093842, 0.706183
0.117075, 0.713151
0.140292, 0.719513
0.163488, 0.725326
0.186663, 0.730637
0.209826, 0.735478
0.232995, 0.739868
0.256179, 0.743821
0.279382, 0.747352
0.302598, 0.750478
0.325822, 0.753215
0.349051, 0.755579
0.37228, 0.757582
0.395508, 0.759236
0.418733, 0.760548
0.441955, 0.761526
0.465174, 0.762175
0.488392, 0.762499
0.511608, 0.762499
0.534826, 0.762175
0.558045, 0.761526
0.581267, 0.760548
0.604492, 0.759236
0.62772, 0.757582
0.650949, 0.755579
0.674178, 0.753215
0.697402, 0.750478
0.720618, 0.747352
0.743821, 0.743821
0.767005, 0.739868
0.790174, 0.735478
0.813337, 0.730637
0.836512, 0.725326
0.859708, 0.719513
0.882925, 0.713151
0.906158, 0.706183
0.9294, 0.69854
0.952645, 0.690134
0.0546303, 0.708243
0.0774976, 0.717451
0.100364, 0.725824
0.123223, 0.733456
0.146072, 0.74042
0.168905, 0.74678
0.191722, 0.752585
0.214525, 0.757874
0.237325, 0.762675
0.260132, 0.767005
0.282951, 0.770881
0.305783, 0.774316
0.328624, 0.777328
0.351472, 0.779931
0.374323, 0.782138
0.397175, 0.783961
0.420026, 0.785408
0.442877, 0.786487
0.465727, 0.787203
0.488576, 0.78756
0.511424, 0.78756
0.534273, 0.787203
0.557123, 0.786487
0.579974, 0.785408
0.602825, 0.783961
0.625677, 0.782138
0.648528, 0.779931
0.671376, 0.777328
0.694217, 0.774316
0.717049, 0.770881
0.739868, 0.767005
0.762675, 0.762675
0.785475, 0.757874
0.808278, 0.752585
0.831095, 0.74678
0.853928, 0.74042
0.876777, 0.733456
0.899636, 0.725824
0.922502, 0.717451
0.94537, 0.708243
0.062705, 0.726353
0.0851541, 0.736363
0.107603, 0.745466
0.130048, 0.753762
0.152484, 0.761331
0.174911, 0.768238
0.197326, 0.774536
0.219729, 0.780271
0.242126, 0.785475
0.264522, 0.790174
0.286923, 0.794386
0.309333, 0.798127
0.331751, 0.801411
0.354176, 0.804252
0.376606, 0.806663
0.399039, 0.808655
0.421474, 0.810238
0.44391, 0.811419
0.466346, 0.812202
0.488782, 0.812593
0.511218, 0.812593
0.533654, 0.812202
0.55609, 0.811419
0.578526, 0.810238
0.600961, 0.808655
0.623394, 0.806663
0.645824, 0.804252
0.668249, 0.801411
0.690667, 0.798127
0.713077, 0.794386
0.735478, 0.790174
0.757874, 0.785475
0.780271, 0.780271
0.802674, 0.774536
0.825089, 0.768238
0.847516, 0.761331
0.869952, 0.753762
0.892397, 0.745466
0.914846, 0.736363
0.937295, 0.726353
0.0716246, 0.744462
0.0936121, 0.755276
0.1156, 0.76511
0.137586, 0.774071
0.159566, 0.782244
0.18154, 0.7897
0.203506, 0.796494
0.225464, 0.802674
0.247415, 0.808278
0.269363, 0.813337
0.29131, 0.817875
0.31326, 0.82191
0.335216, 0.825458
0.357177, 0.828532
0.379142, 0.831144
0.401112, 0.833303
0.423085, 0.83502
0.445059, 0.836302
0.467035, 0.837153
0.489012, 0.837577
0.510988, 0.837577
0.532965, 0.837153
0.554941, 0.836302
0.576915, 0.83502
0.598888, 0.833303
0.620858, 0.831144
0.642823, 0.828532
0.664784, 0.825458
0.68674, 0.82191
0.70869, 0.817875
0.730637, 0.813337
0.752585, 0.808278
0.774536, 0.802674
0.796494, 0.796494
0.81846, 0.7897
0.840434, 0.782244
0.862414, 0.774071
0.8844, 0.76511
0.906388, 0.755276
0.928375, 0.744462
0.0814433, 0.762572
0.102923, 0.774189
0.124404, 0.784754
0.145884, 0.794381
0.16736, 0.803161
0.188832, 0.811168
0.2103, 0.81846
0.231762, 0.825089
0.25322, 0.831095
0.274674, 0.836512
0.296125, 0.841369
0.317577, 0.845687
0.339029, 0.849486
0.360484, 0.85278
0.381942, 0.855582
0.403402, 0.857901
0.424866, 0.859746
0.446331, 0.861125
0.467798, 0.86204
0.489266, 0.862498
0.510734, 0.862498
0.532202, 0.86204
0.553669, 0.861125
0.575134, 0.859746
0.596598, 0.857901
0.618058, 0.855582
0.639516, 0.85278
0.660971, 0.849486
0.682423, 0.845687
0.703875, 0.841369
0.725326, 0.836512
0.74678, 0.831095
0.768238, 0.825089
0.7897, 0.81846
0.811168, 0.811168
0.83264, 0.803161
0.854116, 0.794381
0.875596, 0.784754
0.897077, 0.774189
0.918557, 0.762572
0.092226, 0.780682
0.113149, 0.793103
0.134073, 0.804399
0.154997, 0.814693
0.175919, 0.824081
0.196839, 0.83264
0.217756, 0.840434
0.238669, 0.847516
0.25958, 0.853928
0.280487, 0.859708
0.301393, 0.864886
0.322297, 0.869487
0.343201, 0.873533
0.364104, 0.877039
0.385008, 0.880021
0.405914, 0.88249
0.42682, 0.884455
0.447728, 0.885923
0.468636, 0.886899
0.489545, 0.887386
0.510455, 0.887386
0.531364, 0.886899
0.552272, 0.885923
0.57318, 0.884455
0.594086, 0.88249
0.614992, 0.880021
0.635896, 0.877039
0.656799, 0.873533
0.677703, 0.869487
0.698607, 0.864886
0.719513, 0.859708
0.74042, 0.853928
0.761331, 0.847516
0.782244, 0.840434
0.803161, 0.83264
0.824081, 0.824081
0.845003, 0.814693
0.865927, 0.804399
0.886851, 0.793103
0.907774, 0.780682
0.104052, 0.798792
0.124365, 0.812017
0.144679, 0.824046
0.164993, 0.835007
0.185307, 0.845003
0.205619, 0.854116
0.225929, 0.862414
0.246238, 0.869952
0.266544, 0.876777
0.286849, 0.882925
0.307152, 0.888431
0.327454, 0.893321
0.347755, 0.897618
0.368054, 0.901341
0.388354, 0.904506
0.408653, 0.907125
0.428952, 0.909208
0.449251, 0.910765
0.469551, 0.911799
0.48985, 0.912315
0.51015, 0.912315
0.530449, 0.911799
0.550749, 0.910765
0.571048, 0.909208
0.591347, 0.907125
0.611646, 0.904506
0.631946, 0.901341
0.652245, 0.897618
0.672546, 0.893321
0.692848, 0.888431
0.713151, 0.882925
0.733456, 0.876777
0.753762, 0.869952
0.774071, 0.862414
0.794381, 0.854116
0.814693, 0.845003
0.835007, 0.835007
0.855321, 0.824046
0.875635, 0.812017
0.895948, 0.798792
0.117017, 0.816902
0.136662, 0.830931
0.156308, 0.843692
0.175954, 0.855321
0.195601, 0.865927
0.215246, 0.875596
0.23489, 0.8844
0.254534, 0.892397
0.274176, 0.899636
0.293817, 0.906158
0.313457, 0.911997
0.333096, 0.917182
0.352734, 0.921737
0.372371, 0.925683
0.392007, 0.929036
0.411643, 0.931811
0.431278, 0.934018
0.450913, 0.935666
0.470548, 0.936761
0.490183, 0.937307
0.509817, 0.937307
0.529452, 0.936761
0.549087, 0.935666
0.568722, 0.934018
0.588357, 0.931811
0.607993, 0.929036
0.627629, 0.925683
0.647266, 0.921737
0.666904, 0.917182
0.686543, 0.911997
0.706183, 0.906158
0.725824, 0.899636
0.745466, 0.892397
0.76511, 0.8844
0.784754, 0.875596
0.804399, 0.865927
0.824046, 0.855321
0.843692, 0.843692
0.863338, 0.830931
0.882983, 0.816902
0.131241, 0.835012
0.150155, 0.849845
0.169069, 0.863338
0.187983, 0.875635
0.206897, 0.886851
0.225811, 0.897077
0.244724, 0.906388
0.263637, 0.914846
0.282549, 0.922502
0.30146, 0.9294
0.320371, 0.935576
0.339281, 0.94106
0.358191, 0.945877
0.3771, 0.95005
0.396009, 0.953596
0.414917, 0.956529
0.433824, 0.958863
0.452732, 0.960605
0.471639, 0.961763
0.490546, 0.962341
0.509454, 0.962341
0.528361, 0.961763
0.547268, 0.960605
0.566176, 0.958863
0.585083, 0.956529
0.603991, 0.953596
0.6229, 0.95005
0.641809, 0.945877
0.660719, 0.94106
0.679629, 0.935576
0.69854, 0.9294
0.717451, 0.922502
0.736363, 0.914846
0.755276, 0.906388
0.774189, 0.897077
0.793103, 0.886851
0.812017, 0.875635
0.830931, 0.863338
0.849845, 0.849845
0.868759, 0.835012
0.146878, 0.853122
0.164988, 0.868759
0.183098, 0.882983
0.201208, 0.895948
0.219318, 0.907774
0.237428, 0.918557
0.255538, 0.928375
0.273647, 0.937295
0.291757, 0.94537
0.309866, 0.952645
0.327975, 0.959158
0.346083, 0.964942
0.364192, 0.970024
0.3823, 0.974425
0.400408, 0.978165
0.418516, 0.98126
0.436624, 0.983722
0.454731, 0.98556
0.472839, 0.986781
0.490946, 0.987391
0.509054, 0.987391
0.527161, 0.986781
0.545269, 0.98556
0.563376, 0.983722
0.581484, 0.98126
0.599592, 0.978165
0.6177, 0.974425
0.635808, 0.970024
0.653917, 0.964942
0.672025, 0.959158
0.690134, 0.952645
0.708243, 0.94537
0.726353, 0.937295
0.744462, 0.928375
0.762572, 0.918557
0.780682, 0.907774
0.798792, 0.895948
0.816902, 0.882983
0.835012, 0.868759
0.853122, 0.853122
