0.146447, 0.146447
0.164124, 0.129612
0.181802, 0.114319
0.19948, 0.100391
0.217157, 0.0876894
0.234835, 0.0761044
0.252513, 0.0655463
0.27019, 0.055942
0.287868, 0.0472307
0.305546, 0.0393619
0.323223, 0.0322928
0.340901, 0.0259879
0.358579, 0.0204168
0.376256, 0.0155544
0.393934, 0.0113795
0.411612, 0.00787451
0.429289, 0.00502525
0.446967, 0.00282045
0.464645, 0.00125157
0.482322, 0.000312598
0.5, 0
0.517678, 0.000312598
0.535355, 0.00125157
0.553033, 0.00282045
0.570711, 0.00502525
0.588388, 0.00787451
0.606066, 0.0113795
0.623744, 0.0155544
0.641421, 0.0204168
0.659099, 0.0259879
0.676777, 0.0322928
0.694454, 0.0393619
0.712132, 0.0472307
0.72981, 0.055942
0.747487, 0.0655463
0.765165, 0.0761044
0.782843, 0.0876894
0.80052, 0.100391
0.818198, 0.114319
0.835876, 0.129612
0.853553, 0.146447
0.129612, 0.164124
0.148532, 0.148532
0.167207, 0.134222
0.185881, 0.121242
0.204545, 0.109454
0.223193, 0.0987484
0.24182, 0.089033
0.260421, 0.0802323
0.278996, 0.0722825
0.297542, 0.0651295
0.316059, 0.0587276
0.334547, 0.0530374
0.353008, 0.0480257
0.371443, 0.0436641
0.389855, 0.0399287
0.408245, 0.0367998
0.426618, 0.0342609
0.444977, 0.0322993
0.463324, 0.030905
0.481664, 0.0300712
0.5, 0.0297937
0.518336, 0.0300712
0.536676, 0.030905
0.555023, 0.0322993
0.573382, 0.0342609
0.591755, 0.0367998
0.610145, 0.0399287
0.628557, 0.0436641
0.646992, 0.0480257
0.665453, 0.0530374
0.683941, 0.0587276
0.702458, 0.0651295
0.721004, 0.0722825
0.739579, 0.0802323
0.75818, 0.089033
0.776807, 0.0987484
0.795455, 0.109454
0.814119, 0.121242
0.832793, 0.134222
0.851468, 0.148532
0.870388, 0.164124
0.114319, 0.181802
0.134222, 0.167207
0.153855, 0.153855
0.173453, 0.141767
0.193037, 0.130839
0.21259, 0.120957
0.2321, 0.112026
0.251557, 0.103965
0.270957, 0.0967074
0.290296, 0.0901934
0.309575, 0.0843742
0.328794, 0.079208
0.347959, 0.07466
0.367074, 0.0707017
0.386144, 0.0673099
0.405177, 0.0644662
0.424178, 0.0621565
0.443155, 0.0603699
0.462113, 0.0590989
0.48106, 0.0583383
0.5, 0.0580851
0.51894, 0.0583383
0.537887, 0.0590989
0.556845, 0.0603699
0.575822, 0.0621565
0.594823, 0.0644662
0.613856, 0.0673099
0.632926, 0.0707017
0.652041, 0.07466
0.671206, 0.079208
0.690425, 0.0843742
0.709704, 0.0901934
0.729043, 0.0967074
0.748443, 0.103965
0.7679, 0.112026
0.78741, 0.120957
0.806963, 0.130839
0.826547, 0.141767
0.846145, 0.153855
0.865778, 0.167207
0.885681, 0.181802
0.100391, 0.19948
0.121242, 0.185881
0.141767, 0.173453
0.162254, 0.162254
0.182708, 0.15217
0.203103, 0.143081
0.223417, 0.134883
0.243633, 0.127484
0.263745, 0.120807
0.283753, 0.114787
0.303662, 0.109373
0.323483, 0.104523
0.343228, 0.100209
0.362913, 0.0964104
0.382551, 0.0931165
0.402157, 0.0903228
0.421742, 0.0880295
0.441313, 0.0862396
0.460878, 0.084957
0.48044, 0.0841857
0.5, 0.0839283
0.51956, 0.0841857
0.539122, 0.084957
0.558687, 0.0862396
0.578258, 0.0880295
0.597843, 0.0903228
0.617449, 0.0931165
0.637087, 0.0964104
0.656772, 0.100209
0.676517, 0.104523
0.696338, 0.109373
0.716247, 0.114787
0.736255, 0.120807
0.756367, 0.127484
0.776583, 0.134883
0.796897, 0.143081
0.817292, 0.15217
0.837746, 0.162254
0.858233, 0.173453
0.878758, 0.185881
0.899609, 0.19948
0.0876894, 0.217157
0.109454, 0.204545
0.130839, 0.193037
0.15217, 0.182708
0.173432, 0.173432
0.19458, 0.16507
0.215576, 0.157497
0.2364, 0.150601
0.257049, 0.144292
0.277534, 0.138496
0.297879, 0.133163
0.318118, 0.128266
0.338288, 0.123798
0.358426, 0.119771
0.378562, 0.116206
0.398718, 0.113131
0.418909, 0.110573
0.439138, 0.108557
0.459403, 0.107103
0.479694, 0.106225
0.5, 0.105931
0.520306, 0.106225
0.540597, 0.107103
0.560862, 0.108557
0.581091, 0.110573
0.601282, 0.113131
0.621438, 0.116206
0.641574, 0.119771
0.661712, 0.123798
0.681882, 0.128266
0.702121, 0.133163
0.722466, 0.138496
0.742951, 0.144292
0.7636, 0.150601
0.784424, 0.157497
0.80542, 0.16507
0.826568, 0.173432
0.84783, 0.182708
0.869161, 0.193037
0.890546, 0.204545
0.912311, 0.217157
0.0761044, 0.234835
0.0987484, 0.223193
0.120957, 0.21259
0.143081, 0.203103
0.16507, 0.19458
0.186847, 0.186847
0.208357, 0.179746
0.229577, 0.173137
0.250519, 0.16691
0.271227, 0.160995
0.291774, 0.15537
0.312242, 0.150059
0.332713, 0.145115
0.353248, 0.140601
0.373889, 0.13658
0.394656, 0.133107
0.415548, 0.130222
0.436553, 0.127954
0.457649, 0.126323
0.478809, 0.12534
0.5, 0.125012
0.521191, 0.12534
0.542351, 0.126323
0.563447, 0.127954
0.584452, 0.130222
0.605344, 0.133107
0.626111, 0.13658
0.646752, 0.140601
0.667287, 0.145115
0.687758, 0.150059
0.708226, 0.15537
0.728773, 0.160995
0.749481, 0.16691
0.770423, 0.173137
0.791643, 0.179746
0.813153, 0.186847
0.83493, 0.19458
0.856919, 0.203103
0.879043, 0.21259
0.901252, 0.223193
0.923896, 0.234835
0.0655463, 0.252513
0.089033, 0.24182
0.112026, 0.2321
0.134883, 0.223417
0.157497, 0.215576
0.179746, 0.208357
0.201554, 0.201554
0.222906, 0.194995
0.243862, 0.188572
0.26455, 0.18227
0.285132, 0.176154
0.305759, 0.170337
0.326545, 0.164937
0.347553, 0.160056
0.368807, 0.155768
0.390296, 0.152121
0.411991, 0.14914
0.433852, 0.146831
0.455835, 0.145191
0.477898, 0.144211
0.5, 0.143885
0.522102, 0.144211
0.544165, 0.145191
0.566148, 0.146831
0.588009, 0.14914
0.609704, 0.152121
0.631193, 0.155768
0.652447, 0.160056
0.673455, 0.164937
0.694241, 0.170337
0.714868, 0.176154
0.73545, 0.18227
0.756138, 0.188572
0.777094, 0.194995
0.798446, 0.201554
0.820254, 0.208357
0.842503, 0.215576
0.865117, 0.223417
0.887974, 0.2321
0.910967, 0.24182
0.934454, 0.252513
0.055942, 0.27019
0.0802323, 0.260421
0.103965, 0.251557
0.127484, 0.243633
0.150601, 0.2364
0.173137, 0.229577
0.194995, 0.222906
0.216207, 0.216207
0.236956, 0.209444
0.257511, 0.202722
0.278138, 0.196227
0.299029, 0.190149
0.320288, 0.184644
0.341943, 0.179818
0.363961, 0.175726
0.386279, 0.172374
0.408819, 0.169733
0.431511, 0.167754
0.454298, 0.166388
0.477137, 0.165587
0.5, 0.165324
0.522863, 0.165587
0.545702, 0.166388
0.568489, 0.167754
0.591181, 0.169733
0.613721, 0.172374
0.636039, 0.175726
0.658057, 0.179818
0.679712, 0.184644
0.700971, 0.190149
0.721862, 0.196227
0.742489, 0.202722
0.763044, 0.209444
0.783793, 0.216207
0.805005, 0.222906
0.826863, 0.229577
0.849399, 0.2364
0.872516, 0.243633
0.896035, 0.251557
0.919768, 0.260421
0.944058, 0.27019
0.0472307, 0.287868
0.0722825, 0.278996
0.0967074, 0.270957
0.120807, 0.263745
0.144292, 0.257049
0.16691, 0.250519
0.188572, 0.243862
0.209444, 0.236956
0.229908, 0.229908
0.250395, 0.222975
0.27124, 0.216444
0.292632, 0.21056
0.31462, 0.20549
0.33714, 0.201303
0.360062, 0.197978
0.383244, 0.195433
0.406564, 0.193556
0.429934, 0.192233
0.453306, 0.191366
0.47666, 0.190877
0.5, 0.190719
0.52334, 0.190877
0.546694, 0.191366
0.570066, 0.192233
0.593436, 0.193556
0.616756, 0.195433
0.639938, 0.197978
0.66286, 0.201303
0.68538, 0.20549
0.707368, 0.21056
0.72876, 0.216444
0.749605, 0.222975
0.770092, 0.229908
0.790556, 0.236956
0.811428, 0.243862
0.83309, 0.250519
0.855708, 0.257049
0.879193, 0.263745
0.903293, 0.270957
0.927718, 0.278996
0.952769, 0.287868
0.0393619, 0.305546
0.0651295, 0.297542
0.0901934, 0.290296
0.114787, 0.283753
0.138496, 0.277534
0.160995, 0.271227
0.18227, 0.26455
0.202722, 0.257511
0.222975, 0.250395
0.243592, 0.243592
0.264941, 0.237474
0.28715, 0.232307
0.310132, 0.2282
0.33367, 0.225112
0.357519, 0.222905
0.381478, 0.221408
0.405405, 0.220447
0.429224, 0.21987
0.452911, 0.219551
0.476487, 0.219398
0.5, 0.219353
0.523513, 0.219398
0.547089, 0.219551
0.570776, 0.21987
0.594595, 0.220447
0.618522, 0.221408
0.642481, 0.222905
0.66633, 0.225112
0.689868, 0.2282
0.71285, 0.232307
0.735059, 0.237474
0.756408, 0.243592
0.777025, 0.250395
0.797278, 0.257511
0.81773, 0.26455
0.839005, 0.271227
0.861504, 0.277534
0.885213, 0.283753
0.909807, 0.290296
0.93487, 0.297542
0.960638, 0.305546
0.0322928, 0.323223
0.0587276, 0.316059
0.0843742, 0.309575
0.109373, 0.303662
0.133163, 0.297879
0.15537, 0.291774
0.176154, 0.285132
0.196227, 0.278138
0.216444, 0.27124
0.237474, 0.264941
0.259657, 0.259657
0.282958, 0.255592
0.307075, 0.252716
0.331634, 0.250859
0.356316, 0.249803
0.380892, 0.249327
0.405227, 0.249229
0.429266, 0.249337
0.453025, 0.249511
0.47657, 0.249654
0.5, 0.249708
0.52343, 0.249654
0.546975, 0.249511
0.570734, 0.249337
0.594773, 0.249229
0.619108, 0.249327
0.643684, 0.249803
0.668366, 0.250859
0.692925, 0.252716
0.717042, 0.255592
0.740343, 0.259657
0.762526, 0.264941
0.783556, 0.27124
0.803773, 0.278138
0.823846, 0.285132
0.84463, 0.291774
0.866837, 0.297879
0.890627, 0.303662
0.915626, 0.309575
0.941272, 0.316059
0.967707, 0.323223
0.0259879, 0.340901
0.0530374, 0.334547
0.079208, 0.328794
0.104523, 0.323483
0.128266, 0.318118
0.150059, 0.312242
0.170337, 0.305759
0.190149, 0.299029
0.21056, 0.292632
0.232307, 0.28715
0.255592, 0.282958
0.280114, 0.280114
0.305359, 0.278452
0.33085, 0.277727
0.356226, 0.277682
0.38125, 0.278067
0.405801, 0.278661
0.429862, 0.279283
0.453499, 0.279802
0.476829, 0.280139
0.5, 0.280254
0.523171, 0.280139
0.546501, 0.279802
0.570138, 0.279283
0.594199, 0.278661
0.61875, 0.278067
0.643774, 0.277682
0.66915, 0.277727
0.694641, 0.278452
0.719886, 0.280114
0.744408, 0.282958
0.767693, 0.28715
0.78944, 0.292632
0.809851, 0.299029
0.829663, 0.305759
0.849941, 0.312242
0.871734, 0.318118
0.895477, 0.323483
0.920792, 0.328794
0.946963, 0.334547
0.974012, 0.340901
0.0204168, 0.358579
0.0480257, 0.353008
0.07466, 0.347959
0.100209, 0.343228
0.123798, 0.338288
0.145115, 0.332713
0.164937, 0.326545
0.184644, 0.320288
0.20549, 0.31462
0.2282, 0.310132
0.252716, 0.307075
0.278452, 0.305359
0.304742, 0.304742
0.33104, 0.304942
0.356952, 0.305668
0.382237, 0.306641
0.406807, 0.307617
0.430711, 0.308424
0.454089, 0.308983
0.477126, 0.309293
0.5, 0.309389
0.522874, 0.309293
0.545911, 0.308983
0.569289, 0.308424
0.593193, 0.307617
0.617763, 0.306641
0.643048, 0.305668
0.66896, 0.304942
0.695258, 0.304742
0.721548, 0.305359
0.747284, 0.307075
0.7718, 0.310132
0.79451, 0.31462
0.815356, 0.320288
0.835063, 0.326545
0.854885, 0.332713
0.876202, 0.338288
0.899791, 0.343228
0.92534, 0.347959
0.951974, 0.353008
0.979583, 0.358579
0.0155544, 0.376256
0.0436641, 0.371443
0.0707017, 0.367074
0.0964104, 0.362913
0.119771, 0.358426
0.140601, 0.353248
0.160056, 0.347553
0.179818, 0.341943
0.201303, 0.33714
0.225112, 0.33367
0.250859, 0.331634
0.277727, 0.33085
0.304942, 0.33104
0.33189, 0.33189
0.358133, 0.333059
0.383435, 0.334211
0.407771, 0.335069
0.431319, 0.335495
0.454374, 0.335542
0.477214, 0.335417
0.5, 0.335344
0.522786, 0.335417
0.545626, 0.335542
0.568681, 0.335495
0.592229, 0.335069
0.616565, 0.334211
0.641867, 0.333059
0.66811, 0.33189
0.695058, 0.33104
0.722273, 0.33085
0.749141, 0.331634
0.774888, 0.33367
0.798697, 0.33714
0.820182, 0.341943
0.839944, 0.347553
0.859399, 0.353248
0.880229, 0.358426
0.90359, 0.362913
0.929298, 0.367074
0.956336, 0.371443
0.984446, 0.376256
0.0113795, 0.393934
0.0399287, 0.389855
0.0673099, 0.386144
0.0931165, 0.382551
0.116206, 0.378562
0.13658, 0.373889
0.155768, 0.368807
0.175726, 0.363961
0.197978, 0.360062
0.222905, 0.357519
0.249803, 0.356316
0.277682, 0.356226
0.305668, 0.356952
0.333059, 0.358133
0.359349, 0.359349
0.384299, 0.360155
0.408026, 0.360222
0.430988, 0.359524
0.453773, 0.358409
0.476768, 0.357426
0.5, 0.357038
0.523232, 0.357426
0.546227, 0.358409
0.569012, 0.359524
0.591974, 0.360222
0.615701, 0.360155
0.640651, 0.359349
0.666941, 0.358133
0.694332, 0.356952
0.722318, 0.356226
0.750197, 0.356316
0.777095, 0.357519
0.802022, 0.360062
0.824274, 0.363961
0.844232, 0.368807
0.86342, 0.373889
0.883794, 0.378562
0.906884, 0.382551
0.93269, 0.386144
0.960071, 0.389855
0.988621, 0.393934
0.00787451, 0.411612
0.0367998, 0.408245
0.0644662, 0.405177
0.0903228, 0.402157
0.113131, 0.398718
0.133107, 0.394656
0.152121, 0.390296
0.172374, 0.386279
0.195433, 0.383244
0.221408, 0.381478
0.249327, 0.380892
0.278067, 0.38125
0.306641, 0.382237
0.334211, 0.383435
0.360155, 0.384299
0.384252, 0.384252
0.406935, 0.382986
0.429192, 0.38077
0.451965, 0.378318
0.47565, 0.376436
0.5, 0.375733
0.52435, 0.376436
0.548035, 0.378318
0.570808, 0.38077
0.593065, 0.382986
0.615748, 0.384252
0.639845, 0.384299
0.665789, 0.383435
0.693359, 0.382237
0.721933, 0.38125
0.750673, 0.380892
0.778592, 0.381478
0.804567, 0.383244
0.827626, 0.386279
0.847879, 0.390296
0.866893, 0.394656
0.886869, 0.398718
0.909677, 0.402157
0.935534, 0.405177
0.9632, 0.408245
0.992125, 0.411612
0.00502525, 0.429289
0.0342609, 0.426618
0.0621565, 0.424178
0.0880295, 0.421742
0.110573, 0.418909
0.130222, 0.415548
0.14914, 0.411991
0.169733, 0.408819
0.193556, 0.406564
0.220447, 0.405405
0.249229, 0.405227
0.278661, 0.405801
0.307617, 0.406807
0.335069, 0.407771
0.360222, 0.408026
0.382986, 0.406935
0.404403, 0.404403
0.426067, 0.400997
0.44916, 0.397598
0.474002, 0.395116
0.5, 0.394212
0.525998, 0.395116
0.55084, 0.397598
0.573933, 0.400997
0.595597, 0.404403
0.617014, 0.406935
0.639778, 0.408026
0.664931, 0.407771
0.692383, 0.406807
0.721339, 0.405801
0.750771, 0.405227
0.779553, 0.405405
0.806444, 0.406564
0.830267, 0.408819
0.85086, 0.411991
0.869778, 0.415548
0.889427, 0.418909
0.91197, 0.421742
0.937844, 0.424178
0.965739, 0.426618
0.994975, 0.429289
0.00282045, 0.446967
0.0322993, 0.444977
0.0603699, 0.443155
0.0862396, 0.441313
0.108557, 0.439138
0.127954, 0.436553
0.146831, 0.433852
0.167754, 0.431511
0.192233, 0.429934
0.21987, 0.429224
0.249337, 0.429266
0.279283, 0.429862
0.308424, 0.430711
0.335495, 0.431319
0.359524, 0.430988
0.38077, 0.429192
0.400997, 0.426067
0.422254, 0.422254
0.44592, 0.418659
0.472176, 0.416173
0.5, 0.415301
0.527824, 0.416173
0.55408, 0.418659
0.577746, 0.422254
0.599003, 0.426067
0.61923, 0.429192
0.640476, 0.430988
0.664505, 0.431319
0.691576, 0.430711
0.720717, 0.429862
0.750663, 0.429266
0.78013, 0.429224
0.807767, 0.429934
0.832246, 0.431511
0.853169, 0.433852
0.872046, 0.436553
0.891443, 0.439138
0.91376, 0.441313
0.93963, 0.443155
0.967701, 0.444977
0.99718, 0.446967
0.00125157, 0.464645
0.030905, 0.463324
0.0590989, 0.462113
0.084957, 0.460878
0.107103, 0.459403
0.126323, 0.457649
0.145191, 0.455835
0.166388, 0.454298
0.191366, 0.453306
0.219551, 0.452911
0.249511, 0.453025
0.279802, 0.453499
0.308983, 0.454089
0.335542, 0.454374
0.358409, 0.453773
0.378318, 0.451965
0.397598, 0.44916
0.418659, 0.44592
0.44306, 0.44306
0.470655, 0.441217
0.5, 0.440596
0.529345, 0.441217
0.55694, 0.44306
0.581341, 0.44592
0.602402, 0.44916
0.621682, 0.451965
0.641591, 0.453773
0.664458, 0.454374
0.691017, 0.454089
0.720198, 0.453499
0.750489, 0.453025
0.780449, 0.452911
0.808634, 0.453306
0.833612, 0.454298
0.854809, 0.455835
0.873677, 0.457649
0.892897, 0.459403
0.915043, 0.460878
0.940901, 0.462113
0.969095, 0.463324
0.998748, 0.464645
0.000312598, 0.482322
0.0300712, 0.481664
0.0583383, 0.48106
0.0841857, 0.48044
0.106225, 0.479694
0.12534, 0.478809
0.144211, 0.477898
0.165587, 0.477137
0.190877, 0.47666
0.219398, 0.476487
0.249654, 0.47657
0.280139, 0.476829
0.309293, 0.477126
0.335417, 0.477214
0.357426, 0.476768
0.376436, 0.47565
0.395116, 0.474002
0.416173, 0.472176
0.441217, 0.470655
0.469719, 0.469719
0.5, 0.469411
0.530281, 0.469719
0.558783, 0.470655
0.583827, 0.472176
0.604884, 0.474002
0.623564, 0.47565
0.642574, 0.476768
0.664583, 0.477214
0.690707, 0.477126
0.719861, 0.476829
0.750346, 0.47657
0.780602, 0.476487
0.809123, 0.47666
0.834413, 0.477137
0.855789, 0.477898
0.87466, 0.478809
0.893775, 0.479694
0.915814, 0.48044
0.941662, 0.48106
0.969929, 0.481664
0.999687, 0.482322
0, 0.5
0.0297937, 0.5
0.0580851, 0.5
0.0839283, 0.5
0.105931, 0.5
0.125012, 0.5
0.143885, 0.5
0.165324, 0.5
0.190719, 0.5
0.219353, 0.5
0.249708, 0.5
0.280254, 0.5
0.309389, 0.5
0.335344, 0.5
0.357038, 0.5
0.375733, 0.5
0.394212, 0.5
0.415301, 0.5
0.440596, 0.5
0.469411, 0.5
0.5, 0.5
0.530589, 0.5
0.559404, 0.5
0.584699, 0.5
0.605788, 0.5
0.624267, 0.5
0.642962, 0.5
0.664656, 0.5
0.690611, 0.5
0.719746, 0.5
0.750292, 0.5
0.780647, 0.5
0.809281, 0.5
0.834676, 0.5
0.856115, 0.5
0.874988, 0.5
0.894069, 0.5
0.916072, 0.5
0.941915, 0.5
0.970206, 0.5
1, 0.5
0.000312598, 0.517678
0.0300712, 0.518336
0.0583383, 0.51894
0.0841857, 0.51956
0.106225, 0.520306
0.12534, 0.521191
0.144211, 0.522102
0.165587, 0.522863
0.190877, 0.52334
0.219398, 0.523513
0.249654, 0.52343
0.280139, 0.523171
0.309293, 0.522874
0.335417, 0.522786
0.357426, 0.523232
0.376436, 0.52435
0.395116, 0.525998
0.416173, 0.527824
0.441217, 0.529345
0.469719, 0.530281
0.5, 0.530589
0.530281, 0.530281
0.558783, 0.529345
0.583827, 0.527824
0.604884, 0.525998
0.623564, 0.52435
0.642574, 0.523232
0.664583, 0.522786
0.690707, 0.522874
0.719861, 0.523171
0.750346, 0.52343
0.780602, 0.523513
0.809123, 0.52334
0.834413, 0.522863
0.855789, 0.522102
0.87466, 0.521191
0.893775, 0.520306
0.915814, 0.51956
0.941662, 0.51894
0.969929, 0.518336
0.999687, 0.517678
0.00125157, 0.535355
0.030905, 0.536676
0.0590989, 0.537887
0.084957, 0.539122
0.107103, 0.540597
0.126323, 0.542351
0.145191, 0.544165
0.166388, 0.545702
0.191366, 0.546694
0.219551, 0.547089
0.249511, 0.546975
0.279802, 0.546501
0.308983, 0.545911
0.335542, 0.545626
0.358409, 0.546227
0.378318, 0.548035
0.397598, 0.55084
0.418659, 0.55408
0.44306, 0.55694
0.470655, 0.558783
0.5, 0.559404
0.529345, 0.558783
0.55694, 0.55694
0.581341, 0.55408
0.602402, 0.55084
0.621682, 0.548035
0.641591, 0.546227
0.664458, 0.545626
0.691017, 0.545911
0.720198, 0.546501
0.750489, 0.546975
0.780449, 0.547089
0.808634, 0.546694
0.833612, 0.545702
0.854809, 0.544165
0.873677, 0.542351
0.892897, 0.540597
0.915043, 0.539122
0.940901, 0.537887
0.969095, 0.536676
0.998748, 0.535355
0.00282045, 0.553033
0.0322993, 0.555023
0.0603699, 0.556845
0.0862396, 0.558687
0.108557, 0.560862
0.127954, 0.563447
0.146831, 0.566148
0.167754, 0.568489
0.192233, 0.570066
0.21987, 0.570776
0.249337, 0.570734
0.279283, 0.570138
0.308424, 0.569289
0.335495, 0.568681
0.359524, 0.569012
0.38077, 0.570808
0.400997, 0.573933
0.422254, 0.577746
0.44592, 0.581341
0.472176, 0.583827
0.5, 0.584699
0.527824, 0.583827
0.55408, 0.581341
0.577746, 0.577746
0.599003, 0.573933
0.61923, 0.570808
0.640476, 0.569012
0.664505, 0.568681
0.691576, 0.569289
0.720717, 0.570138
0.750663, 0.570734
0.78013, 0.570776
0.807767, 0.570066
0.832246, 0.568489
0.853169, 0.566148
0.872046, 0.563447
0.891443, 0.560862
0.91376, 0.558687
0.93963, 0.556845
0.967701, 0.555023
0.99718, 0.553033
0.00502525, 0.570711
0.0342609, 0.573382
0.0621565, 0.575822
0.0880295, 0.578258
0.110573, 0.581091
0.130222, 0.584452
0.14914, 0.588009
0.169733, 0.591181
0.193556, 0.593436
0.220447, 0.594595
0.249229, 0.594773
0.278661, 0.594199
0.307617, 0.593193
0.335069, 0.592229
0.360222, 0.591974
0.382986, 0.593065
0.404403, 0.595597
0.426067, 0.599003
0.44916, 0.602402
0.474002, 0.604884
0.5, 0.605788
0.525998, 0.604884
0.55084, 0.602402
0.573933, 0.599003
0.595597, 0.595597
0.617014, 0.593065
0.639778, 0.591974
0.664931, 0.592229
0.692383, 0.593193
0.721339, 0.594199
0.750771, 0.594773
0.779553, 0.594595
0.806444, 0.593436
0.830267, 0.591181
0.85086, 0.588009
0.869778, 0.584452
0.889427, 0.581091
0.91197, 0.578258
0.937844, 0.575822
0.965739, 0.573382
0.994975, 0.570711
0.00787451, 0.588388
0.0367998, 0.591755
0.0644662, 0.594823
0.0903228, 0.597843
0.113131, 0.601282
0.133107, 0.605344
0.152121, 0.609704
0.172374, 0.613721
0.195433, 0.616756
0.221408, 0.618522
0.249327, 0.619108
0.278067, 0.61875
0.306641, 0.617763
0.334211, 0.616565
0.360155, 0.615701
0.384252, 0.615748
0.406935, 0.617014
0.429192, 0.61923
0.451965, 0.621682
0.47565, 0.623564
0.5, 0.624267
0.52435, 0.623564
0.548035, 0.621682
0.570808, 0.61923
0.593065, 0.617014
0.615748, 0.615748
0.639845, 0.615701
0.665789, 0.616565
0.693359, 0.617763
0.721933, 0.61875
0.750673, 0.619108
0.778592, 0.618522
0.804567, 0.616756
0.827626, 0.613721
0.847879, 0.609704
0.866893, 0.605344
0.886869, 0.601282
0.909677, 0.597843
0.935534, 0.594823
0.9632, 0.591755
0.992125, 0.588388
0.0113795, 0.606066
0.0399287, 0.610145
0.0673099, 0.613856
0.0931165, 0.617449
0.116206, 0.621438
0.13658, 0.626111
0.155768, 0.631193
0.175726, 0.636039
0.197978, 0.639938
0.222905, 0.642481
0.249803, 0.643684
0.277682, 0.643774
0.305668, 0.643048
0.333059, 0.641867
0.359349, 0.640651
0.384299, 0.639845
0.408026, 0.639778
0.430988, 0.640476
0.453773, 0.641591
0.476768, 0.642574
0.5, 0.642962
0.523232, 0.642574
0.546227, 0.641591
0.569012, 0.640476
0.591974, 0.639778
0.615701, 0.639845
0.640651, 0.640651
0.666941, 0.641867
0.694332, 0.643048
0.722318, 0.643774
0.750197, 0.643684
0.777095, 0.642481
0.802022, 0.639938
0.824274, 0.636039
0.844232, 0.631193
0.86342, 0.626111
0.883794, 0.621438
0.906884, 0.617449
0.93269, 0.613856
0.960071, 0.610145
0.988621, 0.606066
0.0155544, 0.623744
0.0436641, 0.628557
0.0707017, 0.632926
0.0964104, 0.637087
0.119771, 0.641574
0.140601, 0.646752
0.160056, 0.652447
0.179818, 0.658057
0.201303, 0.66286
0.225112, 0.66633
0.250859, 0.668366
0.277727, 0.66915
0.304942, 0.66896
0.33189, 0.66811
0.358133, 0.666941
0.383435, 0.665789
0.407771, 0.664931
0.431319, 0.664505
0.454374, 0.664458
0.477214, 0.664583
0.5, 0.664656
0.522786, 0.664583
0.545626, 0.664458
0.568681, 0.664505
0.592229, 0.664931
0.616565, 0.665789
0.641867, 0.666941
0.66811, 0.66811
0.695058, 0.66896
0.722273, 0.66915
0.749141, 0.668366
0.774888, 0.66633
0.798697, 0.66286
0.820182, 0.658057
0.839944, 0.652447
0.859399, 0.646752
0.880229, 0.641574
0.90359, 0.637087
0.929298, 0.632926
0.956336, 0.628557
0.984446, 0.623744
0.0204168, 0.641421
0.0480257, 0.646992
0.07466, 0.652041
0.100209, 0.656772
0.123798, 0.661712
0.145115, 0.667287
0.164937, 0.673455
0.184644, 0.679712
0.20549, 0.68538
0.2282, 0.689868
0.252716, 0.692925
0.278452, 0.694641
0.304742, 0.695258
0.33104, 0.695058
0.356952, 0.694332
0.382237, 0.693359
0.406807, 0.692383
0.430711, 0.691576
0.454089, 0.691017
0.477126, 0.690707
0.5, 0.690611
0.522874, 0.690707
0.545911, 0.691017
0.569289, 0.691576
0.593193, 0.692383
0.617763, 0.693359
0.643048, 0.694332
0.66896, 0.695058
0.695258, 0.695258
0.721548, 0.694641
0.747284, 0.692925
0.7718, 0.689868
0.79451, 0.68538
0.815356, 0.679712
0.835063, 0.673455
0.854885, 0.667287
0.876202, 0.661712
0.899791, 0.656772
0.92534, 0.652041
0.951974, 0.646992
0.979583, 0.641421
0.0259879, 0.659099
0.0530374, 0.665453
0.079208, 0.671206
0.104523, 0.676517
0.128266, 0.681882
0.150059, 0.687758
0.170337, 0.694241
0.190149, 0.700971
0.21056, 0.707368
0.232307, 0.71285
0.255592, 0.717042
0.280114, 0.719886
0.305359, 0.721548
0.33085, 0.722273
0.356226, 0.722318
0.38125, 0.721933
0.405801, 0.721339
0.429862, 0.720717
0.453499, 0.720198
0.476829, 0.719861
0.5, 0.719746
0.523171, 0.719861
0.546501, 0.720198
0.570138, 0.720717
0.594199, 0.721339
0.61875, 0.721933
0.643774, 0.722318
0.66915, 0.722273
0.694641, 0.721548
0.719886, 0.719886
0.744408, 0.717042
0.767693, 0.71285
0.78944, 0.707368
0.809851, 0.700971
0.829663, 0.694241
0.849941, 0.687758
0.871734, 0.681882
0.895477, 0.676517
0.920792, 0.671206
0.946963, 0.665453
0.974012, 0.659099
0.0322928, 0.676777
0.0587276, 0.683941
0.0843742, 0.690425
0.109373, 0.696338
0.133163, 0.702121
0.15537, 0.708226
0.176154, 0.714868
0.196227, 0.721862
0.216444, 0.72876
0.237474, 0.735059
0.259657, 0.740343
0.282958, 0.744408
0.307075, 0.747284
0.331634, 0.749141
0.356316, 0.750197
0.380892, 0.750673
0.405227, 0.750771
0.429266, 0.750663
0.453025, 0.750489
0.47657, 0.750346
0.5, 0.750292
0.52343, 0.750346
0.546975, 0.750489
0.570734, 0.750663
0.594773, 0.750771
0.619108, 0.750673
0.643684, 0.750197
0.668366, 0.749141
0.692925, 0.747284
0.717042, 0.744408
0.740343, 0.740343
0.762526, 0.735059
0.783556, 0.72876
0.803773, 0.721862
0.823846, 0.714868
0.84463, 0.708226
0.866837, 0.702121
0.890627, 0.696338
0.915626, 0.690425
0.941272, 0.683941
0.967707, 0.676777
0.0393619, 0.694454
0.0651295, 0.702458
0.0901934, 0.709704
0.114787, 0.716247
0.138496, 0.722466
0.160995, 0.728773
0.18227, 0.73545
0.202722, 0.742489
0.222975, 0.749605
0.243592, 0.756408
0.264941, 0.762526
0.28715, 0.767693
0.310132, 0.7718
0.33367, 0.774888
0.357519, 0.777095
0.381478, 0.778592
0.405405, 0.779553
0.429224, 0.78013
0.452911, 0.780449
0.476487, 0.780602
0.5, 0.780647
0.523513, 0.780602
0.547089, 0.780449
0.570776, 0.78013
0.594595, 0.779553
0.618522, 0.778592
0.642481, 0.777095
0.66633, 0.774888
0.689868, 0.7718
0.71285, 0.767693
0.735059, 0.762526
0.756408, 0.756408
0.777025, 0.749605
0.797278, 0.742489
0.81773, 0.73545
0.839005, 0.728773
0.861504, 0.722466
0.885213, 0.716247
0.909807, 0.709704
0.93487, 0.702458
0.960638, 0.694454
0.0472307, 0.712132
0.0722825, 0.721004
0.0967074, 0.729043
0.120807, 0.736255
0.144292, 0.742951
0.16691, 0.749481
0.188572, 0.756138
0.209444, 0.763044
0.229908, 0.770092
0.250395, 0.777025
0.27124, 0.783556
0.292632, 0.78944
0.31462, 0.79451
0.33714, 0.798697
0.360062, 0.802022
0.383244, 0.804567
0.406564, 0.806444
0.429934, 0.807767
0.453306, 0.808634
0.47666, 0.809123
0.5, 0.809281
0.52334, 0.809123
0.546694, 0.808634
0.570066, 0.807767
0.593436, 0.806444
0.616756, 0.804567
0.639938, 0.802022
0.66286, 0.798697
0.68538, 0.79451
0.707368, 0.78944
0.72876, 0.783556
0.749605, 0.777025
0.770092, 0.770092
0.790556, 0.763044
0.811428, 0.756138
0.83309, 0.749481
0.855708, 0.742951
0.879193, 0.736255
0.903293, 0.729043
0.927718, 0.721004
0.952769, 0.712132
0.055942, 0.72981
0.0802323, 0.739579
0.103965, 0.748443
0.127484, 0.756367
0.150601, 0.7636
0.173137, 0.770423
0.194995, 0.777094
0.216207, 0.783793
0.236956, 0.790556
0.257511, 0.797278
0.278138, 0.803773
0.299029, 0.809851
0.320288, 0.815356
0.341943, 0.820182
0.363961, 0.824274
0.386279, 0.827626
0.408819, 0.830267
0.431511, 0.832246
0.454298, 0.833612
0.477137, 0.834413
0.5, 0.834676
0.522863, 0.834413
0.545702, 0.833612
0.568489, 0.832246
0.591181, 0.830267
0.613721, 0.827626
0.636039, 0.824274
0.658057, 0.820182
0.679712, 0.815356
0.700971, 0.809851
0.721862, 0.803773
0.742489, 0.797278
0.763044, 0.790556
0.783793, 0.783793
0.805005, 0.777094
0.826863, 0.770423
0.849399, 0.7636
0.872516, 0.756367
0.896035, 0.748443
0.919768, 0.739579
0.944058, 0.72981
0.0655463, 0.747487
0.089033, 0.75818
0.112026, 0.7679
0.134883, 0.776583
0.157497, 0.784424
0.179746, 0.791643
0.201554, 0.798446
0.222906, 0.805005
0.243862, 0.811428
0.26455, 0.81773
0.285132, 0.823846
0.305759, 0.829663
0.326545, 0.835063
0.347553, 0.839944
0.368807, 0.844232
0.390296, 0.847879
0.411991, 0.85086
0.433852, 0.853169
0.455835, 0.854809
0.477898, 0.855789
0.5, 0.856115
0.522102, 0.855789
0.544165, 0.854809
0.566148, 0.853169
0.588009, 0.85086
0.609704, 0.847879
0.631193, 0.844232
0.652447, 0.839944
0.673455, 0.835063
0.694241, 0.829663
0.714868, 0.823846
0.73545, 0.81773
0.756138, 0.811428
0.777094, 0.805005
0.798446, 0.798446
0.820254, 0.791643
0.842503, 0.784424
0.865117, 0.776583
0.887974, 0.7679
0.910967, 0.75818
0.934454, 0.747487
0.0761044, 0.765165
0.0987484, 0.776807
0.120957, 0.78741
0.143081, 0.796897
0.16507, 0.80542
0.186847, 0.813153
0.208357, 0.820254
0.229577, 0.826863
0.250519, 0.83309
0.271227, 0.839005
0.291774, 0.84463
0.312242, 0.849941
0.332713, 0.854885
0.353248, 0.859399
0.373889, 0.86342
0.394656, 0.866893
0.415548, 0.869778
0.436553, 0.872046
0.457649, 0.873677
0.478809, 0.87466
0.5, 0.874988
0.521191, 0.87466
0.542351, 0.873677
0.563447, 0.872046
0.584452, 0.869778
0.605344, 0.866893
0.626111, 0.86342
0.646752, 0.859399
0.667287, 0.854885
0.687758, 0.849941
0.708226, 0.84463
0.728773, 0.839005
0.749481, 0.83309
0.770423, 0.826863
0.791643, 0.820254
0.813153, 0.813153
0.83493, 0.80542
0.856919, 0.796897
0.879043, 0.78741
0.901252, 0.776807
0.923896, 0.765165
0.0876894, 0.782843
0.109454, 0.795455
0.130839, 0.806963
0.15217, 0.817292
0.173432, 0.826568
0.19458, 0.83493
0.215576, 0.842503
0.2364, 0.849399
0.257049, 0.855708
0.277534, 0.861504
0.297879, 0.866837
0.318118, 0.871734
0.338288, 0.876202
0.358426, 0.880229
0.378562, 0.883794
0.398718, 0.886869
0.418909, 0.889427
0.439138, 0.891443
0.459403, 0.892897
0.479694, 0.893775
0.5, 0.894069
0.520306, 0.893775
0.540597, 0.892897
0.560862, 0.891443
0.581091, 0.889427
0.601282, 0.886869
0.621438, 0.883794
0.641574, 0.880229
0.661712, 0.876202
0.681882, 0.871734
0.702121, 0.866837
0.722466, 0.861504
0.742951, 0.855708
0.7636, 0.849399
0.784424, 0.842503
0.80542, 0.83493
0.826568, 0.826568
0.84783, 0.817292
0.869161, 0.806963
0.890546, 0.795455
0.912311, 0.782843
0.100391, 0.80052
0.121242, 0.814119
0.141767, 0.826547
0.162254, 0.837746
0.182708, 0.84783
0.203103, 0.856919
0.223417, 0.865117
0.243633, 0.872516
0.263745, 0.879193
0.283753, 0.885213
0.303662, 0.890627
0.323483, 0.895477
0.343228, 0.899791
0.362913, 0.90359
0.382551, 0.906884
0.402157, 0.909677
0.421742, 0.91197
0.441313, 0.91376
0.460878, 0.915043
0.48044, 0.915814
0.5, 0.916072
0.51956, 0.915814
0.539122, 0.915043
0.558687, 0.91376
0.578258, 0.91197
0.597843, 0.909677
0.617449, 0.906884
0.637087, 0.90359
0.656772, 0.899791
0.676517, 0.895477
0.696338, 0.890627
0.716247, 0.885213
0.736255, 0.879193
0.756367, 0.872516
0.776583, 0.865117
0.796897, 0.856919
0.817292, 0.84783
0.837746, 0.837746
0.858233, 0.826547
0.878758, 0.814119
0.899609, 0.80052
0.114319, 0.818198
0.134222, 0.832793
0.153855, 0.846145
0.173453, 0.858233
0.193037, 0.869161
0.21259, 0.879043
0.2321, 0.887974
0.251557, 0.896035
0.270957, 0.903293
0.290296, 0.909807
0.309575, 0.915626
0.328794, 0.920792
0.347959, 0.92534
0.367074, 0.929298
0.386144, 0.93269
0.405177, 0.935534
0.424178, 0.937844
0.443155, 0.93963
0.462113, 0.940901
0.48106, 0.941662
0.5, 0.941915
0.51894, 0.941662
0.537887, 0.940901
0.556845, 0.93963
0.575822, 0.937844
0.594823, 0.935534
0.613856, 0.93269
0.632926, 0.929298
0.652041, 0.92534
0.671206, 0.920792
0.690425, 0.915626
0.709704, 0.909807
0.729043, 0.903293
0.748443, 0.896035
0.7679, 0.887974
0.78741, 0.879043
0.806963, 0.869161
0.826547, 0.858233
0.846145, 0.846145
0.865778, 0.832793
0.885681, 0.818198
0.129612, 0.835876
0.148532, 0.851468
0.167207, 0.865778
0.185881, 0.878758
0.204545, 0.890546
0.223193, 0.901252
0.24182, 0.910967
0.260421, 0.919768
0.278996, 0.927718
0.297542, 0.93487
0.316059, 0.941272
0.334547, 0.946963
0.353008, 0.951974
0.371443, 0.956336
0.389855, 0.960071
0.408245, 0.9632
0.426618, 0.965739
0.444977, 0.967701
0.463324, 0.969095
0.481664, 0.969929
0.5, 0.970206
0.518336, 0.969929
0.536676, 0.969095
0.555023, 0.967701
0.573382, 0.965739
0.591755, 0.9632
0.610145, 0.960071
0.628557, 0.956336
0.646992, 0.951974
0.665453, 0.946963
0.683941, 0.941272
0.702458, 0.93487
0.721004, 0.927718
0.739579, 0.919768
0.75818, 0.910967
0.776807, 0.901252
0.795455, 0.890546
0.814119, 0.878758
0.832793, 0.865778
0.851468, 0.851468
0.870388, 0.835876
0.146447, 0.853553
0.164124, 0.870388
0.181802, 0.885681
0.19948, 0.899609
0.217157, 0.912311
0.234835, 0.923896
0.252513, 0.934454
0.27019, 0.944058
0.287868, 0.952769
0.305546, 0.960638
0.323223, 0.967707
0.340901, 0.974012
0.358579, 0.979583
0.376256, 0.984446
0.393934, 0.988621
0.411612, 0.992125
0.429289, 0.994975
0.446967, 0.99718
0.464645, 0.998748
0.482322, 0.999687
0.5, 1
0.517678, 0.999687
0.535355, 0.998748
0.553033, 0.99718
0.570711, 0.994975
0.588388, 0.992125
0.606066, 0.988621
0.623744, 0.984446
0.641421, 0.979583
0.659099, 0.974012
0.676777, 0.967707
0.694454, 0.960638
0.712132, 0.952769
0.72981, 0.944058
0.747487, 0.934454
0.765165, 0.923896
0.782843, 0.912311
0.80052, 0.899609
0.818198, 0.885681
0.835876, 0.870388
0.853553, 0.853553
0.147093, 0.147093
0.165281, 0.13158
0.183471, 0.117493
0.201653, 0.104679
0.219826, 0.0930133
0.237987, 0.0823961
0.256134, 0.0727448
0.274268, 0.0639913
0.292387, 0.056079
0.310493, 0.0489603
0.328586, 0.0425951
0.346666, 0.0369497
0.364735, 0.0319953
0.382793, 0.0277081
0.400841, 0.024068
0.418881, 0.0210585
0.436915, 0.0186663
0.454943, 0.016881
0.472968, 0.015695
0.490989, 0.0151032
0.509011, 0.0151032
0.527032, 0.015695
0.545057, 0.016881
0.563085, 0.0186663
0.581119, 0.0210585
0.599159, 0.024068
0.617207, 0.0277081
0.635265, 0.0319953
0.653334, 0.0369497
0.671414, 0.0425951
0.689507, 0.0489603
0.707613, 0.056079
0.725732, 0.0639913
0.743866, 0.0727448
0.762013, 0.0823961
0.780174, 0.0930133
0.798347, 0.104679
0.816529, 0.117493
0.834719, 0.13158
0.852907, 0.147093
0.13158, 0.165281
0.150792, 0.150792
0.169933, 0.137618
0.189069, 0.125685
0.208187, 0.114869
0.227278, 0.105068
0.246334, 0.0961961
0.26535, 0.0881827
0.284323, 0.0809668
0.303253, 0.0744972
0.322139, 0.0687302
0.340982, 0.0636287
0.359787, 0.0591618
0.378557, 0.0553034
0.397295, 0.0520321
0.416005, 0.0493305
0.434694, 0.0471848
0.453365, 0.0455843
0.472024, 0.0445215
0.490676, 0.0439913
0.509324, 0.0439913
0.527976, 0.0445215
0.546635, 0.0455843
0.565306, 0.0471848
0.583995, 0.0493305
0.602705, 0.0520321
0.621443, 0.0553034
0.640213, 0.0591618
0.659018, 0.0636287
0.677861, 0.0687302
0.696747, 0.0744972
0.715677, 0.0809668
0.73465, 0.0881827
0.753666, 0.0961961
0.772722, 0.105068
0.791813, 0.114869
0.810931, 0.125685
0.830067, 0.137618
0.849208, 0.150792
0.86842, 0.165281
0.117493, 0.183471
0.137618, 0.169933
0.157676, 0.157676
0.177711, 0.146612
0.197713, 0.136625
0.217663, 0.127607
0.237545, 0.119467
0.257351, 0.112125
0.277076, 0.105516
0.296722, 0.0995847
0.316292, 0.0942848
0.335793, 0.0895802
0.355234, 0.0854426
0.374624, 0.0818506
0.393972, 0.078789
0.413288, 0.0762474
0.432579, 0.0742192
0.451854, 0.0727002
0.471117, 0.0716884
0.490373, 0.0711828
0.509627, 0.0711828
0.528883, 0.0716884
0.548146, 0.0727002
0.567421, 0.0742192
0.586712, 0.0762474
0.606028, 0.078789
0.625376, 0.0818506
0.644766, 0.0854426
0.664207, 0.0895802
0.683708, 0.0942848
0.703278, 0.0995847
0.722924, 0.105516
0.742649, 0.112125
0.762455, 0.119467
0.782337, 0.127607
0.802287, 0.136625
0.822289, 0.146612
0.842324, 0.157676
0.862382, 0.169933
0.882507, 0.183471
0.104679, 0.201653
0.125685, 0.189069
0.146612, 0.177711
0.167499, 0.167499
0.18832, 0.158305
0.20904, 0.150008
0.229638, 0.142502
0.250102, 0.135694
0.270431, 0.129511
0.290636, 0.123893
0.310734, 0.118797
0.330746, 0.114197
0.350697, 0.11008
0.370609, 0.106443
0.390503, 0.103293
0.410393, 0.100641
0.430288, 0.0985002
0.450195, 0.0968822
0.470112, 0.0957974
0.490036, 0.0952532
0.509964, 0.0952532
0.529888, 0.0957974
0.549805, 0.0968822
0.569712, 0.0985002
0.589607, 0.100641
0.609497, 0.103293
0.629391, 0.106443
0.649303, 0.11008
0.669254, 0.114197
0.689266, 0.118797
0.709364, 0.123893
0.729569, 0.129511
0.749898, 0.135694
0.770362, 0.142502
0.79096, 0.150008
0.81168, 0.158305
0.832501, 0.167499
0.853388, 0.177711
0.874315, 0.189069
0.895321, 0.201653
0.0930133, 0.219826
0.114869, 0.208187
0.136625, 0.197713
0.158305, 0.18832
0.179856, 0.179856
0.201223, 0.172175
0.222376, 0.165145
0.243304, 0.158656
0.264023, 0.152622
0.284568, 0.146987
0.304988, 0.141729
0.325342, 0.136852
0.345682, 0.132387
0.366051, 0.128371
0.386479, 0.124847
0.40698, 0.121852
0.427556, 0.119421
0.4482, 0.117576
0.468897, 0.116337
0.489629, 0.115715
0.510371, 0.115715
0.531103, 0.116337
0.5518, 0.117576
0.572444, 0.119421
0.59302, 0.121852
0.613521, 0.124847
0.633949, 0.128371
0.654318, 0.132387
0.674658, 0.136852
0.695012, 0.141729
0.715432, 0.146987
0.735977, 0.152622
0.756696, 0.158656
0.777624, 0.165145
0.798777, 0.172175
0.820144, 0.179856
0.841695, 0.18832
0.863375, 0.197713
0.885131, 0.208187
0.906987, 0.219826
0.0823961, 0.237987
0.105068, 0.227278
0.127607, 0.217663
0.150008, 0.20904
0.172175, 0.201223
0.194026, 0.194026
0.21552, 0.187281
0.236662, 0.180853
0.257508, 0.174663
0.278155, 0.168692
0.298721, 0.162982
0.319313, 0.157609
0.340012, 0.15266
0.360868, 0.148211
0.381901, 0.144326
0.403108, 0.141049
0.42447, 0.138408
0.445958, 0.136421
0.467538, 0.135094
0.489173, 0.13443
0.510827, 0.13443
0.532462, 0.135094
0.554042, 0.136421
0.57553, 0.138408
0.596892, 0.141049
0.618099, 0.144326
0.639132, 0.148211
0.659988, 0.15266
0.680687, 0.157609
0.701279, 0.162982
0.721845, 0.168692
0.742492, 0.174663
0.763338, 0.180853
0.78448, 0.187281
0.805974, 0.194026
0.827825, 0.201223
0.849992, 0.20904
0.872393, 0.217663
0.894932, 0.227278
0.917604, 0.237987
0.0727448, 0.256134
0.0961961, 0.246334
0.119467, 0.237545
0.142502, 0.229638
0.165145, 0.222376
0.187281, 0.21552
0.208864, 0.208864
0.229949, 0.202272
0.250693, 0.195725
0.271305, 0.189305
0.291979, 0.183154
0.31286, 0.177419
0.334027, 0.172225
0.355501, 0.167657
0.377267, 0.163767
0.399279, 0.160572
0.421484, 0.158062
0.443828, 0.156214
0.466263, 0.155003
0.488749, 0.154403
0.511251, 0.154403
0.533737, 0.155003
0.556172, 0.156214
0.578516, 0.158062
0.600721, 0.160572
0.622733, 0.163767
0.644499, 0.167657
0.665973, 0.172225
0.68714, 0.177419
0.708021, 0.183154
0.728695, 0.189305
0.749307, 0.195725
0.770051, 0.202272
0.791136, 0.208864
0.812719, 0.21552
0.834855, 0.222376
0.857498, 0.229638
0.880533, 0.237545
0.903804, 0.246334
0.927255, 0.256134
0.0639913, 0.274268
0.0881827, 0.26535
0.112125, 0.257351
0.135694, 0.250102
0.158656, 0.243304
0.180853, 0.236662
0.202272, 0.229949
0.223095, 0.223095
0.243645, 0.216208
0.264256, 0.209505
0.285177, 0.203217
0.306545, 0.197539
0.328392, 0.192601
0.350671, 0.188463
0.373289, 0.185116
0.396144, 0.182505
0.419142, 0.180551
0.442216, 0.179171
0.465323, 0.178294
0.48844, 0.177869
0.51156, 0.177869
0.534677, 0.178294
0.557784, 0.179171
0.580858, 0.180551
0.603856, 0.182505
0.626711, 0.185116
0.649329, 0.188463
0.671608, 0.192601
0.693455, 0.197539
0.714823, 0.203217
0.735744, 0.209505
0.756355, 0.216208
0.776905, 0.223095
0.797728, 0.229949
0.819147, 0.236662
0.841344, 0.243304
0.864306, 0.250102
0.887875, 0.257351
0.911817, 0.26535
0.936009, 0.274268
0.056079, 0.292387
0.0809668, 0.284323
0.105516, 0.277076
0.129511, 0.270431
0.152622, 0.264023
0.174663, 0.257508
0.195725, 0.250693
0.216208, 0.243645
0.236633, 0.236633
0.257433, 0.229995
0.278867, 0.224032
0.301008, 0.218951
0.323776, 0.214833
0.347002, 0.211641
0.370502, 0.209265
0.394118, 0.207564
0.417744, 0.206398
0.441319, 0.205641
0.464828, 0.205194
0.488283, 0.204988
0.511717, 0.204988
0.535172, 0.205194
0.558681, 0.205641
0.582256, 0.206398
0.605882, 0.207564
0.629498, 0.209265
0.652998, 0.211641
0.676224, 0.214833
0.698992, 0.218951
0.721133, 0.224032
0.742567, 0.229995
0.763367, 0.236633
0.783792, 0.243645
0.804275, 0.250693
0.825337, 0.257508
0.847378, 0.264023
0.870489, 0.270431
0.894484, 0.277076
0.919033, 0.284323
0.943921, 0.292387
0.0489603, 0.310493
0.0744972, 0.303253
0.0995847, 0.296722
0.123893, 0.290636
0.146987, 0.284568
0.168692, 0.278155
0.189305, 0.271305
0.209505, 0.264256
0.229995, 0.257433
0.251272, 0.251272
0.273539, 0.2461
0.296715, 0.242058
0.320544, 0.239101
0.344727, 0.237075
0.369013, 0.23579
0.393227, 0.235051
0.417267, 0.234685
0.4411, 0.234543
0.464746, 0.234513
0.488264, 0.234516
0.511736, 0.234516
0.535254, 0.234513
0.5589, 0.234543
0.582733, 0.234685
0.606773, 0.235051
0.630987, 0.23579
0.655273, 0.237075
0.679456, 0.239101
0.703285, 0.242058
0.726461, 0.2461
0.748728, 0.251272
0.770005, 0.257433
0.790495, 0.264256
0.810695, 0.271305
0.831308, 0.278155
0.853013, 0.284568
0.876107, 0.290636
0.900415, 0.296722
0.925503, 0.303253
0.95104, 0.310493
0.0425951, 0.328586
0.0687302, 0.322139
0.0942848, 0.316292
0.118797, 0.310734
0.141729, 0.304988
0.162982, 0.298721
0.183154, 0.291979
0.203217, 0.285177
0.224032, 0.278867
0.2461, 0.273539
0.26946, 0.26946
0.293797, 0.266629
0.318681, 0.264878
0.343729, 0.26398
0.368658, 0.2637
0.39329, 0.263817
0.417542, 0.264137
0.441418, 0.264503
0.464985, 0.264804
0.488351, 0.264971
0.511649, 0.264971
0.535015, 0.264804
0.558582, 0.264503
0.582458, 0.264137
0.60671, 0.263817
0.631342, 0.2637
0.656271, 0.26398
0.681319, 0.264878
0.706203, 0.266629
0.73054, 0.26946
0.7539, 0.273539
0.775968, 0.278867
0.796783, 0.285177
0.816846, 0.291979
0.837018, 0.298721
0.858271, 0.304988
0.881203, 0.310734
0.905715, 0.316292
0.93127, 0.322139
0.957405, 0.328586
0.0369497, 0.346666
0.0636287, 0.340982
0.0895802, 0.335793
0.114197, 0.330746
0.136852, 0.325342
0.157609, 0.319313
0.177419, 0.31286
0.197539, 0.306545
0.218951, 0.301008
0.242058, 0.296715
0.266629, 0.293797
0.292118, 0.292118
0.317974, 0.29144
0.34376, 0.291497
0.369172, 0.292023
0.394038, 0.292773
0.418313, 0.293543
0.442058, 0.294188
0.465398, 0.294633
0.488493, 0.294856
0.511507, 0.294856
0.534602, 0.294633
0.557942, 0.294188
0.581687, 0.293543
0.605962, 0.292773
0.630828, 0.292023
0.65624, 0.291497
0.682026, 0.29144
0.707882, 0.292118
0.733371, 0.293797
0.757942, 0.296715
0.781049, 0.301008
0.802461, 0.306545
0.822581, 0.31286
0.842391, 0.319313
0.863148, 0.325342
0.885803, 0.330746
0.91042, 0.335793
0.936371, 0.340982
0.96305, 0.346666
0.0319953, 0.364735
0.0591618, 0.359787
0.0854426, 0.355234
0.11008, 0.350697
0.132387, 0.345682
0.15266, 0.340012
0.172225, 0.334027
0.192601, 0.328392
0.214833, 0.323776
0.239101, 0.320544
0.264878, 0.318681
0.29144, 0.317974
0.318149, 0.318149
0.344516, 0.318904
0.370217, 0.319934
0.395102, 0.320956
0.419198, 0.321762
0.442666, 0.322262
0.465731, 0.322492
0.488596, 0.322563
0.511404, 0.322563
0.534269, 0.322492
0.557334, 0.322262
0.580802, 0.321762
0.604898, 0.320956
0.629783, 0.319934
0.655484, 0.318904
0.681851, 0.318149
0.70856, 0.317974
0.735122, 0.318681
0.760899, 0.320544
0.785167, 0.323776
0.807399, 0.328392
0.827775, 0.334027
0.84734, 0.340012
0.867613, 0.345682
0.88992, 0.350697
0.914557, 0.355234
0.940838, 0.359787
0.968005, 0.364735
0.0277081, 0.382793
0.0553034, 0.378557
0.0818506, 0.374624
0.106443, 0.370609
0.128371, 0.366051
0.148211, 0.360868
0.167657, 0.355501
0.188463, 0.350671
0.211641, 0.347002
0.237075, 0.344727
0.26398, 0.343729
0.291497, 0.34376
0.318904, 0.344516
0.345646, 0.345646
0.371371, 0.346775
0.395971, 0.347553
0.419619, 0.347773
0.442694, 0.347478
0.465587, 0.346959
0.488515, 0.346578
0.511485, 0.346578
0.534413, 0.346959
0.557306, 0.347478
0.580381, 0.347773
0.604029, 0.347553
0.628629, 0.346775
0.654354, 0.345646
0.681096, 0.344516
0.708503, 0.34376
0.73602, 0.343729
0.762925, 0.344727
0.788359, 0.347002
0.811537, 0.350671
0.832343, 0.355501
0.851789, 0.360868
0.871629, 0.366051
0.893557, 0.370609
0.918149, 0.374624
0.944697, 0.378557
0.972292, 0.382793
0.024068, 0.400841
0.0520321, 0.397295
0.078789, 0.393972
0.103293, 0.390503
0.124847, 0.386479
0.144326, 0.381901
0.163767, 0.377267
0.185116, 0.373289
0.209265, 0.370502
0.23579, 0.369013
0.2637, 0.368658
0.292023, 0.369172
0.319934, 0.370217
0.346775, 0.371371
0.37214, 0.37214
0.396017, 0.372081
0.418895, 0.371053
0.441553, 0.369395
0.464586, 0.367751
0.488122, 0.366744
0.511878, 0.366744
0.535414, 0.367751
0.558447, 0.369395
0.581105, 0.371053
0.603983, 0.372081
0.62786, 0.37214
0.653225, 0.371371
0.680066, 0.370217
0.707977, 0.369172
0.7363, 0.368658
0.76421, 0.369013
0.790735, 0.370502
0.814884, 0.373289
0.836233, 0.377267
0.855674, 0.381901
0.875153, 0.386479
0.896707, 0.390503
0.921211, 0.393972
0.947968, 0.397295
0.975932, 0.400841
0.0210585, 0.418881
0.0493305, 0.416005
0.0762474, 0.413288
0.100641, 0.410393
0.121852, 0.40698
0.141049, 0.403108
0.160572, 0.399279
0.182505, 0.396144
0.207564, 0.394118
0.235051, 0.393227
0.263817, 0.39329
0.292773, 0.394038
0.320956, 0.395102
0.347553, 0.395971
0.372081, 0.396017
0.394765, 0.394765
0.416677, 0.392308
0.439077, 0.389316
0.462673, 0.386664
0.487405, 0.385116
0.512595, 0.385116
0.537327, 0.386664
0.560923, 0.389316
0.583323, 0.392308
0.605235, 0.394765
0.627919, 0.396017
0.652447, 0.395971
0.679044, 0.395102
0.707227, 0.394038
0.736183, 0.39329
0.764949, 0.393227
0.792436, 0.394118
0.817495, 0.396144
0.839428, 0.399279
0.858951, 0.403108
0.878148, 0.40698
0.899359, 0.410393
0.923753, 0.413288
0.950669, 0.416005
0.978941, 0.418881
0.0186663, 0.436915
0.0471848, 0.434694
0.0742192, 0.432579
0.0985002, 0.430288
0.119421, 0.427556
0.138408, 0.42447
0.158062, 0.421484
0.180551, 0.419142
0.206398, 0.417744
0.234685, 0.417267
0.264137, 0.417542
0.293543, 0.418313
0.321762, 0.419198
0.347773, 0.419619
0.371053, 0.418895
0.392308, 0.416677
0.413301, 0.413301
0.435669, 0.409573
0.460173, 0.40644
0.486493, 0.404679
0.513507, 0.404679
0.539827, 0.40644
0.564331, 0.409573
0.586699, 0.413301
0.607692, 0.416677
0.628947, 0.418895
0.652227, 0.419619
0.678238, 0.419198
0.706457, 0.418313
0.735863, 0.417542
0.765315, 0.417267
0.793602, 0.417744
0.819449, 0.419142
0.841938, 0.421484
0.861592, 0.42447
0.880579, 0.427556
0.9015, 0.430288
0.925781, 0.432579
0.952815, 0.434694
0.981334, 0.436915
0.016881, 0.454943
0.0455843, 0.453365
0.0727002, 0.451854
0.0968822, 0.450195
0.117576, 0.4482
0.136421, 0.445958
0.156214, 0.443828
0.179171, 0.442216
0.205641, 0.441319
0.234543, 0.4411
0.264503, 0.441418
0.294188, 0.442058
0.322262, 0.442666
0.347478, 0.442694
0.369395, 0.441553
0.389316, 0.439077
0.409573, 0.435669
0.432126, 0.432126
0.457715, 0.429336
0.485629, 0.427855
0.514371, 0.427855
0.542285, 0.429336
0.567874, 0.432126
0.590427, 0.435669
0.610684, 0.439077
0.630605, 0.441553
0.652522, 0.442694
0.677738, 0.442666
0.705812, 0.442058
0.735497, 0.441418
0.765457, 0.4411
0.794359, 0.441319
0.820829, 0.442216
0.843786, 0.443828
0.863579, 0.445958
0.882424, 0.4482
0.903118, 0.450195
0.9273, 0.451854
0.954416, 0.453365
0.983119, 0.454943
0.015695, 0.472968
0.0445215, 0.472024
0.0716884, 0.471117
0.0957974, 0.470112
0.116337, 0.468897
0.135094, 0.467538
0.155003, 0.466263
0.178294, 0.465323
0.205194, 0.464828
0.234513, 0.464746
0.264804, 0.464985
0.294633, 0.465398
0.322492, 0.465731
0.346959, 0.465587
0.367751, 0.464586
0.386664, 0.462673
0.40644, 0.460173
0.429336, 0.457715
0.455907, 0.455907
0.485017, 0.45499
0.514983, 0.45499
0.544093, 0.455907
0.570664, 0.457715
0.59356, 0.460173
0.613336, 0.462673
0.632249, 0.464586
0.653041, 0.465587
0.677508, 0.465731
0.705367, 0.465398
0.735196, 0.464985
0.765487, 0.464746
0.794806, 0.464828
0.821706, 0.465323
0.844997, 0.466263
0.864906, 0.467538
0.883663, 0.468897
0.904203, 0.470112
0.928312, 0.471117
0.955479, 0.472024
0.984305, 0.472968
0.0151032, 0.490989
0.0439913, 0.490676
0.0711828, 0.490373
0.0952532, 0.490036
0.115715, 0.489629
0.13443, 0.489173
0.154403, 0.488749
0.177869, 0.48844
0.204988, 0.488283
0.234516, 0.488264
0.264971, 0.488351
0.294856, 0.488493
0.322563, 0.488596
0.346578, 0.488515
0.366744, 0.488122
0.385116, 0.487405
0.404679, 0.486493
0.427855, 0.485629
0.45499, 0.485017
0.484712, 0.484712
0.515288, 0.484712
0.54501, 0.485017
0.572145, 0.485629
0.595321, 0.486493
0.614884, 0.487405
0.633256, 0.488122
0.653422, 0.488515
0.677437, 0.488596
0.705144, 0.488493
0.735029, 0.488351
0.765484, 0.488264
0.795012, 0.488283
0.822131, 0.48844
0.845597, 0.488749
0.86557, 0.489173
0.884285, 0.489629
0.904747, 0.490036
0.928817, 0.490373
0.956009, 0.490676
0.984897, 0.490989
0.0151032, 0.509011
0.0439913, 0.509324
0.0711828, 0.509627
0.0952532, 0.509964
0.115715, 0.510371
0.13443, 0.510827
0.154403, 0.511251
0.177869, 0.51156
0.204988, 0.511717
0.234516, 0.511736
0.264971, 0.511649
0.294856, 0.511507
0.322563, 0.511404
0.346578, 0.511485
0.366744, 0.511878
0.385116, 0.512595
0.404679, 0.513507
0.427855, 0.514371
0.45499, 0.514983
0.484712, 0.515288
0.515288, 0.515288
0.54501, 0.514983
0.572145, 0.514371
0.595321, 0.513507
0.614884, 0.512595
0.633256, 0.511878
0.653422, 0.511485
0.677437, 0.511404
0.705144, 0.511507
0.735029, 0.511649
0.765484, 0.511736
0.795012, 0.511717
0.822131, 0.51156
0.845597, 0.511251
0.86557, 0.510827
0.884285, 0.510371
0.904747, 0.509964
0.928817, 0.509627
0.956009, 0.509324
0.984897, 0.509011
0.015695, 0.527032
0.0445215, 0.527976
0.0716884, 0.528883
0.0957974, 0.529888
0.116337, 0.531103
0.135094, 0.532462
0.155003, 0.533737
0.178294, 0.534677
0.205194, 0.535172
0.234513, 0.535254
0.264804, 0.535015
0.294633, 0.534602
0.322492, 0.534269
0.346959, 0.534413
0.367751, 0.535414
0.386664, 0.537327
0.40644, 0.539827
0.429336, 0.542285
0.455907, 0.544093
0.485017, 0.54501
0.514983, 0.54501
0.544093, 0.544093
0.570664, 0.542285
0.59356, 0.539827
0.613336, 0.537327
0.632249, 0.535414
0.653041, 0.534413
0.677508, 0.534269
0.705367, 0.534602
0.735196, 0.535015
0.765487, 0.535254
0.794806, 0.535172
0.821706, 0.534677
0.844997, 0.533737
0.864906, 0.532462
0.883663, 0.531103
0.904203, 0.529888
0.928312, 0.528883
0.955479, 0.527976
0.984305, 0.527032
0.016881, 0.545057
0.0455843, 0.546635
0.0727002, 0.548146
0.0968822, 0.549805
0.117576, 0.5518
0.136421, 0.554042
0.156214, 0.556172
0.179171, 0.557784
0.205641, 0.558681
0.234543, 0.5589
0.264503, 0.558582
0.294188, 0.557942
0.322262, 0.557334
0.347478, 0.557306
0.369395, 0.558447
0.389316, 0.560923
0.409573, 0.564331
0.432126, 0.567874
0.457715, 0.570664
0.485629, 0.572145
0.514371, 0.572145
0.542285, 0.570664
0.567874, 0.567874
0.590427, 0.564331
0.610684, 0.560923
0.630605, 0.558447
0.652522, 0.557306
0.677738, 0.557334
0.705812, 0.557942
0.735497, 0.558582
0.765457, 0.5589
0.794359, 0.558681
0.820829, 0.557784
0.843786, 0.556172
0.863579, 0.554042
0.882424, 0.5518
0.903118, 0.549805
0.9273, 0.548146
0.954416, 0.546635
0.983119, 0.545057
0.0186663, 0.563085
0.0471848, 0.565306
0.0742192, 0.567421
0.0985002, 0.569712
0.119421, 0.572444
0.138408, 0.57553
0.158062, 0.578516
0.180551, 0.580858
0.206398, 0.582256
0.234685, 0.582733
0.264137, 0.582458
0.293543, 0.581687
0.321762, 0.580802
0.347773, 0.580381
0.371053, 0.581105
0.392308, 0.583323
0.413301, 0.586699
0.435669, 0.590427
0.460173, 0.59356
0.486493, 0.595321
0.513507, 0.595321
0.539827, 0.59356
0.564331, 0.590427
0.586699, 0.586699
0.607692, 0.583323
0.628947, 0.581105
0.652227, 0.580381
0.678238, 0.580802
0.706457, 0.581687
0.735863, 0.582458
0.765315, 0.582733
0.793602, 0.582256
0.819449, 0.580858
0.841938, 0.578516
0.861592, 0.57553
0.880579, 0.572444
0.9015, 0.569712
0.925781, 0.567421
0.952815, 0.565306
0.981334, 0.563085
0.0210585, 0.581119
0.0493305, 0.583995
0.0762474, 0.586712
0.100641, 0.589607
0.121852, 0.59302
0.141049, 0.596892
0.160572, 0.600721
0.182505, 0.603856
0.207564, 0.605882
0.235051, 0.606773
0.263817, 0.60671
0.292773, 0.605962
0.320956, 0.604898
0.347553, 0.604029
0.372081, 0.603983
0.394765, 0.605235
0.416677, 0.607692
0.439077, 0.610684
0.462673, 0.613336
0.487405, 0.614884
0.512595, 0.614884
0.537327, 0.613336
0.560923, 0.610684
0.583323, 0.607692
0.605235, 0.605235
0.627919, 0.603983
0.652447, 0.604029
0.679044, 0.604898
0.707227, 0.605962
0.736183, 0.60671
0.764949, 0.606773
0.792436, 0.605882
0.817495, 0.603856
0.839428, 0.600721
0.858951, 0.596892
0.878148, 0.59302
0.899359, 0.589607
0.923753, 0.586712
0.950669, 0.583995
0.978941, 0.581119
0.024068, 0.599159
0.0520321, 0.602705
0.078789, 0.606028
0.103293, 0.609497
0.124847, 0.613521
0.144326, 0.618099
0.163767, 0.622733
0.185116, 0.626711
0.209265, 0.629498
0.23579, 0.630987
0.2637, 0.631342
0.292023, 0.630828
0.319934, 0.629783
0.346775, 0.628629
0.37214, 0.62786
0.396017, 0.627919
0.418895, 0.628947
0.441553, 0.630605
0.464586, 0.632249
0.488122, 0.633256
0.511878, 0.633256
0.535414, 0.632249
0.558447, 0.630605
0.581105, 0.628947
0.603983, 0.627919
0.62786, 0.62786
0.653225, 0.628629
0.680066, 0.629783
0.707977, 0.630828
0.7363, 0.631342
0.76421, 0.630987
0.790735, 0.629498
0.814884, 0.626711
0.836233, 0.622733
0.855674, 0.618099
0.875153, 0.613521
0.896707, 0.609497
0.921211, 0.606028
0.947968, 0.602705
0.975932, 0.599159
0.0277081, 0.617207
0.0553034, 0.621443
0.0818506, 0.625376
0.106443, 0.629391
0.128371, 0.633949
0.148211, 0.639132
0.167657, 0.644499
0.188463, 0.649329
0.211641, 0.652998
0.237075, 0.655273
0.26398, 0.656271
0.291497, 0.65624
0.318904, 0.655484
0.345646, 0.654354
0.371371, 0.653225
0.395971, 0.652447
0.419619, 0.652227
0.442694, 0.652522
0.465587, 0.653041
0.488515, 0.653422
0.511485, 0.653422
0.534413, 0.653041
0.557306, 0.652522
0.580381, 0.652227
0.604029, 0.652447
0.628629, 0.653225
0.654354, 0.654354
0.681096, 0.655484
0.708503, 0.65624
0.73602, 0.656271
0.762925, 0.655273
0.788359, 0.652998
0.811537, 0.649329
0.832343, 0.644499
0.851789, 0.639132
0.871629, 0.633949
0.893557, 0.629391
0.918149, 0.625376
0.944697, 0.621443
0.972292, 0.617207
0.0319953, 0.635265
0.0591618, 0.640213
0.0854426, 0.644766
0.11008, 0.649303
0.132387, 0.654318
0.15266, 0.659988
0.172225, 0.665973
0.192601, 0.671608
0.214833, 0.676224
0.239101, 0.679456
0.264878, 0.681319
0.29144, 0.682026
0.318149, 0.681851
0.344516, 0.681096
0.370217, 0.680066
0.395102, 0.679044
0.419198, 0.678238
0.442666, 0.677738
0.465731, 0.677508
0.488596, 0.677437
0.511404, 0.677437
0.534269, 0.677508
0.557334, 0.677738
0.580802, 0.678238
0.604898, 0.679044
0.629783, 0.680066
0.655484, 0.681096
0.681851, 0.681851
0.70856, 0.682026
0.735122, 0.681319
0.760899, 0.679456
0.785167, 0.676224
0.807399, 0.671608
0.827775, 0.665973
0.84734, 0.659988
0.867613, 0.654318
0.88992, 0.649303
0.914557, 0.644766
0.940838, 0.640213
0.968005, 0.635265
0.0369497, 0.653334
0.0636287, 0.659018
0.0895802, 0.664207
0.114197, 0.669254
0.136852, 0.674658
0.157609, 0.680687
0.177419, 0.68714
0.197539, 0.693455
0.218951, 0.698992
0.242058, 0.703285
0.266629, 0.706203
0.292118, 0.707882
0.317974, 0.70856
0.34376, 0.708503
0.369172, 0.707977
0.394038, 0.707227
0.418313, 0.706457
0.442058, 0.705812
0.465398, 0.705367
0.488493, 0.705144
0.511507, 0.705144
0.534602, 0.705367
0.557942, 0.705812
0.581687, 0.706457
0.605962, 0.707227
0.630828, 0.707977
0.65624, 0.708503
0.682026, 0.70856
0.707882, 0.707882
0.733371, 0.706203
0.757942, 0.703285
0.781049, 0.698992
0.802461, 0.693455
0.822581, 0.68714
0.842391, 0.680687
0.863148, 0.674658
0.885803, 0.669254
0.91042, 0.664207
0.936371, 0.659018
0.96305, 0.653334
0.0425951, 0.671414
0.0687302, 0.677861
0.0942848, 0.683708
0.118797, 0.689266
0.141729, 0.695012
0.162982, 0.701279
0.183154, 0.708021
0.203217, 0.714823
0.224032, 0.721133
0.2461, 0.726461
0.26946, 0.73054
0.293797, 0.733371
0.318681, 0.735122
0.343729, 0.73602
0.368658, 0.7363
0.39329, 0.736183
0.417542, 0.735863
0.441418, 0.735497
0.464985, 0.735196
0.488351, 0.735029
0.511649, 0.735029
0.535015, 0.735196
0.558582, 0.735497
0.582458, 0.735863
0.60671, 0.736183
0.631342, 0.7363
0.656271, 0.73602
0.681319, 0.735122
0.706203, 0.733371
0.73054, 0.73054
0.7539, 0.726461
0.775968, 0.721133
0.796783, 0.714823
0.816846, 0.708021
0.837018, 0.701279
0.858271, 0.695012
0.881203, 0.689266
0.905715, 0.683708
0.93127, 0.677861
0.957405, 0.671414
0.0489603, 0.689507
0.0744972, 0.696747
0.0995847, 0.703278
0.123893, 0.709364
0.146987, 0.715432
0.168692, 0.721845
0.189305, 0.728695
0.209505, 0.735744
0.229995, 0.742567
0.251272, 0.748728
0.273539, 0.7539
0.296715, 0.757942
0.320544, 0.760899
0.344727, 0.762925
0.369013, 0.76421
0.393227, 0.764949
0.417267, 0.765315
0.4411, 0.765457
0.464746, 0.765487
0.488264, 0.765484
0.511736, 0.765484
0.535254, 0.765487
0.5589, 0.765457
0.582733, 0.765315
0.606773, 0.764949
0.630987, 0.76421
0.655273, 0.762925
0.679456, 0.760899
0.703285, 0.757942
0.726461, 0.7539
0.748728, 0.748728
0.770005, 0.742567
0.790495, 0.735744
0.810695, 0.728695
0.831308, 0.721845
0.853013, 0.715432
0.876107, 0.709364
0.900415, 0.703278
0.925503, 0.696747
0.95104, 0.689507
0.056079, 0.707613
0.0809668, 0.715677
0.105516, 0.722924
0.129511, 0.729569
0.152622, 0.735977
0.174663, 0.742492
0.195725, 0.749307
0.216208, 0.756355
0.236633, 0.763367
0.257433, 0.770005
0.278867, 0.775968
0.301008, 0.781049
0.323776, 0.785167
0.347002, 0.788359
0.370502, 0.790735
0.394118, 0.792436
0.417744, 0.793602
0.441319, 0.794359
0.464828, 0.794806
0.488283, 0.795012
0.511717, 0.795012
0.535172, 0.794806
0.558681, 0.794359
0.582256, 0.793602
0.605882, 0.792436
0.629498, 0.790735
0.652998, 0.788359
0.676224, 0.785167
0.698992, 0.781049
0.721133, 0.775968
0.742567, 0.770005
0.763367, 0.763367
0.783792, 0.756355
0.804275, 0.749307
0.825337, 0.742492
0.847378, 0.735977
0.870489, 0.729569
0.894484, 0.722924
0.919033, 0.715677
0.943921, 0.707613
0.0639913, 0.725732
0.0881827, 0.73465
0.112125, 0.742649
0.135694, 0.749898
0.158656, 0.756696
0.180853, 0.763338
0.202272, 0.770051
0.223095, 0.776905
0.243645, 0.783792
0.264256, 0.790495
0.285177, 0.796783
0.306545, 0.802461
0.328392, 0.807399
0.350671, 0.811537
0.373289, 0.814884
0.396144, 0.817495
0.419142, 0.819449
0.442216, 0.820829
0.465323, 0.821706
0.48844, 0.822131
0.51156, 0.822131
0.534677, 0.821706
0.557784, 0.820829
0.580858, 0.819449
0.603856, 0.817495
0.626711, 0.814884
0.649329, 0.811537
0.671608, 0.807399
0.693455, 0.802461
0.714823, 0.796783
0.735744, 0.790495
0.756355, 0.783792
0.776905, 0.776905
0.797728, 0.770051
0.819147, 0.763338
0.841344, 0.756696
0.864306, 0.749898
0.887875, 0.742649
0.911817, 0.73465
0.936009, 0.725732
0.0727448, 0.743866
0.0961961, 0.753666
0.119467, 0.762455
0.142502, 0.770362
0.165145, 0.777624
0.187281, 0.78448
0.208864, 0.791136
0.229949, 0.797728
0.250693, 0.804275
0.271305, 0.810695
0.291979, 0.816846
0.31286, 0.822581
0.334027, 0.827775
0.355501, 0.832343
0.377267, 0.836233
0.399279, 0.839428
0.421484, 0.841938
0.443828, 0.843786
0.466263, 0.844997
0.488749, 0.845597
0.511251, 0.845597
0.533737, 0.844997
0.556172, 0.843786
0.578516, 0.841938
0.600721, 0.839428
0.622733, 0.836233
0.644499, 0.832343
0.665973, 0.827775
0.68714, 0.822581
0.708021, 0.816846
0.728695, 0.810695
0.749307, 0.804275
0.770051, 0.797728
0.791136, 0.791136
0.812719, 0.78448
0.834855, 0.777624
0.857498, 0.770362
0.880533, 0.762455
0.903804, 0.753666
0.927255, 0.743866
0.0823961, 0.762013
0.105068, 0.772722
0.127607, 0.782337
0.150008, 0.79096
0.172175, 0.798777
0.194026, 0.805974
0.21552, 0.812719
0.236662, 0.819147
0.257508, 0.825337
0.278155, 0.831308
0.298721, 0.837018
0.319313, 0.842391
0.340012, 0.84734
0.360868, 0.851789
0.381901, 0.855674
0.403108, 0.858951
0.42447, 0.861592
0.445958, 0.863579
0.467538, 0.864906
0.489173, 0.86557
0.510827, 0.86557
0.532462, 0.864906
0.554042, 0.863579
0.57553, 0.861592
0.596892, 0.858951
0.618099, 0.855674
0.639132, 0.851789
0.659988, 0.84734
0.680687, 0.842391
0.701279, 0.837018
0.721845, 0.831308
0.742492, 0.825337
0.763338, 0.819147
0.78448, 0.812719
0.805974, 0.805974
0.827825, 0.798777
0.849992, 0.79096
0.872393, 0.782337
0.894932, 0.772722
0.917604, 0.762013
0.0930133, 0.780174
0.114869, 0.791813
0.136625, 0.802287
0.158305, 0.81168
0.179856, 0.820144
0.201223, 0.827825
0.222376, 0.834855
0.243304, 0.841344
0.264023, 0.847378
0.284568, 0.853013
0.304988, 0.858271
0.325342, 0.863148
0.345682, 0.867613
0.366051, 0.871629
0.386479, 0.875153
0.40698, 0.878148
0.427556, 0.880579
0.4482, 0.882424
0.468897, 0.883663
0.489629, 0.884285
0.510371, 0.884285
0.531103, 0.883663
0.5518, 0.882424
0.572444, 0.880579
0.59302, 0.878148
0.613521, 0.875153
0.633949, 0.871629
0.654318, 0.867613
0.674658, 0.863148
0.695012, 0.858271
0.715432, 0.853013
0.735977, 0.847378
0.756696, 0.841344
0.777624, 0.834855
0.798777, 0.827825
0.820144, 0.820144
0.841695, 0.81168
0.863375, 0.802287
0.885131, 0.791813
0.906987, 0.780174
0.104679, 0.798347
0.125685, 0.810931
0.146612, 0.822289
0.167499, 0.832501
0.18832, 0.841695
0.20904, 0.849992
0.229638, 0.857498
0.250102, 0.864306
0.270431, 0.870489
0.290636, 0.876107
0.310734, 0.881203
0.330746, 0.885803
0.350697, 0.88992
0.370609, 0.893557
0.390503, 0.896707
0.410393, 0.899359
0.430288, 0.9015
0.450195, 0.903118
0.470112, 0.904203
0.490036, 0.904747
0.509964, 0.904747
0.529888, 0.904203
0.549805, 0.903118
0.569712, 0.9015
0.589607, 0.899359
0.609497, 0.896707
0.629391, 0.893557
0.649303, 0.88992
0.669254, 0.885803
0.689266, 0.881203
0.709364, 0.876107
0.729569, 0.870489
0.749898, 0.864306
0.770362, 0.857498
0.79096, 0.849992
0.81168, 0.841695
0.832501, 0.832501
0.853388, 0.822289
0.874315, 0.810931
0.895321, 0.798347
0.117493, 0.816529
0.137618, 0.830067
0.157676, 0.842324
0.177711, 0.853388
0.197713, 0.863375
0.217663, 0.872393
0.237545, 0.880533
0.257351, 0.887875
0.277076, 0.894484
0.296722, 0.900415
0.316292, 0.905715
0.335793, 0.91042
0.355234, 0.914557
0.374624, 0.918149
0.393972, 0.921211
0.413288, 0.923753
0.432579, 0.925781
0.451854, 0.9273
0.471117, 0.928312
0.490373, 0.928817
0.509627, 0.928817
0.528883, 0.928312
0.548146, 0.9273
0.567421, 0.925781
0.586712, 0.923753
0.606028, 0.921211
0.625376, 0.918149
0.644766, 0.914557
0.664207, 0.91042
0.683708, 0.905715
0.703278, 0.900415
0.722924, 0.894484
0.742649, 0.887875
0.762455, 0.880533
0.782337, 0.872393
0.802287, 0.863375
0.822289, 0.853388
0.842324, 0.842324
0.862382, 0.830067
0.882507, 0.816529
0.13158, 0.834719
0.150792, 0.849208
0.169933, 0.862382
0.189069, 0.874315
0.208187, 0.885131
0.227278, 0.894932
0.246334, 0.903804
0.26535, 0.911817
0.284323, 0.919033
0.303253, 0.925503
0.322139, 0.93127
0.340982, 0.936371
0.359787, 0.940838
0.378557, 0.944697
0.397295, 0.947968
0.416005, 0.950669
0.434694, 0.952815
0.453365, 0.954416
0.472024, 0.955479
0.490676, 0.956009
0.509324, 0.956009
0.527976, 0.955479
0.546635, 0.954416
0.565306, 0.952815
0.583995, 0.950669
0.602705, 0.947968
0.621443, 0.944697
0.640213, 0.940838
0.659018, 0.936371
0.677861, 0.93127
0.696747, 0.925503
0.715677, 0.919033
0.73465, 0.911817
0.753666, 0.903804
0.772722, 0.894932
0.791813, 0.885131
0.810931, 0.874315
0.830067, 0.862382
0.849208, 0.849208
0.86842, 0.834719
0.147093, 0.852907
0.165281, 0.86842
0.183471, 0.882507
0.201653, 0.895321
0.219826, 0.906987
0.237987, 0.917604
0.256134, 0.927255
0.274268, 0.936009
0.292387, 0.943921
0.310493, 0.95104
0.328586, 0.957405
0.346666, 0.96305
0.364735, 0.968005
0.382793, 0.972292
0.400841, 0.975932
0.418881, 0.978941
0.436915, 0.981334
0.454943, 0.983119
0.472968, 0.984305
0.490989, 0.984897
0.509011, 0.984897
0.527032, 0.984305
0.545057, 0.983119
0.563085, 0.981334
0.581119, 0.978941
0.599159, 0.975932
0.617207, 0.972292
0.635265, 0.968005
0.653334, 0.96305
0.671414, 0.957405
0.689507, 0.95104
0.707613, 0.943921
0.725732, 0.936009
0.743866, 0.927255
0.762013, 0.917604
0.780174, 0.906987
0.798347, 0.895321
0.816529, 0.882507
0.834719, 0.86842
0.852907, 0.852907
