0.146447, 0.146447
0.164124, 0.129612
0.181802, 0.114319
0.19948, 0.100391
0.217157, 0.0876894
0.234835, 0.0761044
0.252513, 0.0655463
0.27019, 0.055942
0.287868, 0.0472307
0.305546, 0.0393619
0.323223, 0.0322928
0.340901, 0.0259879
0.358579, 0.0204168
0.376256, 0.0155544
0.393934, 0.0113795
0.411612, 0.00787451
0.429289, 0.00502525
0.446967, 0.00282045
0.464645, 0.00125157
0.482322, 0.000312598
0.5, 0
0.517678, 0.000312598
0.535355, 0.00125157
0.553033, 0.00282045
0.570711, 0.00502525
0.588388, 0.00787451
0.606066, 0.0113795
0.623744, 0.0155544
0.641421, 0.0204168
0.659099, 0.0259879
0.676777, 0.0322928
0.694454, 0.0393619
0.712132, 0.0472307
0.72981, 0.055942
0.747487, 0.0655463
0.765165, 0.0761044
0.782843, 0.0876894
0.80052, 0.100391
0.818198, 0.114319
0.835876, 0.129612
0.853553, 0.146447
0.129612, 0.164124
0.148561, 0.148561
0.167243, 0.134263
0.185923, 0.121295
0.204593, 0.10952
0.223246, 0.0988275
0.241876, 0.0891255
0.26048, 0.0803382
0.279055, 0.0724017
0.297601, 0.0652617
0.316117, 0.0588723
0.334603, 0.053194
0.35306, 0.0481934
0.371491, 0.043842
0.389898, 0.0401157
0.408283, 0.0369946
0.426649, 0.0344624
0.445, 0.032506
0.46334, 0.0311155
0.481672, 0.030284
0.5, 0.0300073
0.518328, 0.030284
0.53666, 0.0311155
0.555, 0.032506
0.573351, 0.0344624
0.591717, 0.0369946
0.610102, 0.0401157
0.628509, 0.043842
0.64694, 0.0481934
0.665397, 0.053194
0.683883, 0.0588723
0.702399, 0.0652617
0.720945, 0.0724017
0.73952, 0.0803382
0.758124, 0.0891255
0.776754, 0.0988275
0.795407, 0.10952
0.814077, 0.121295
0.832757, 0.134263
0.851439, 0.148561
0.870388, 0.164124
0.114319, 0.181802
0.134263, 0.167243
0.153915, 0.153915
0.173526, 0.141848
0.193121, 0.130942
0.212684, 0.121083
0.232201, 0.112175
0.251663, 0.104138
0.271065, 0.0969022
0.290405, 0.0904099
0.309681, 0.0846111
0.328896, 0.0794638
0.348055, 0.074933
0.367161, 0.0709899
0.386222, 0.0676113
0.405244, 0.0647787
0.424233, 0.062478
0.443197, 0.0606984
0.462141, 0.0594323
0.481074, 0.0586746
0.5, 0.0584223
0.518926, 0.0586746
0.537859, 0.0594323
0.556803, 0.0606984
0.575767, 0.062478
0.594756, 0.0647787
0.613778, 0.0676113
0.632839, 0.0709899
0.651945, 0.074933
0.671104, 0.0794638
0.690319, 0.0846111
0.709595, 0.0904099
0.728935, 0.0969022
0.748337, 0.104138
0.767799, 0.112175
0.787316, 0.121083
0.806879, 0.130942
0.826474, 0.141848
0.846085, 0.153915
0.865737, 0.167243
0.885681, 0.181802
0.100391, 0.19948
0.121295, 0.185923
0.141848, 0.173526
0.162356, 0.162356
0.182827, 0.152301
0.203237, 0.143243
0.22356, 0.135075
0.243783, 0.127704
0.263897, 0.121054
0.283903, 0.115057
0.303806, 0.109663
0.323618, 0.104829
0.343352, 0.100527
0.363023, 0.0967364
0.382646, 0.0934479
0.402237, 0.0906571
0.421805, 0.0883651
0.441361, 0.0865753
0.46091, 0.0852924
0.480455, 0.0845207
0.5, 0.0842631
0.519545, 0.0845207
0.53909, 0.0852924
0.558639, 0.0865753
0.578195, 0.0883651
0.597763, 0.0906571
0.617354, 0.0934479
0.636977, 0.0967364
0.656648, 0.100527
0.676382, 0.104829
0.696194, 0.109663
0.716097, 0.115057
0.736103, 0.121054
0.756217, 0.127704
0.77644, 0.135075
0.796763, 0.143243
0.817173, 0.152301
0.837644, 0.162356
0.858152, 0.173526
0.878705, 0.185923
0.899609, 0.19948
0.0876894, 0.217157
0.10952, 0.204593
0.130942, 0.193121
0.152301, 0.182827
0.173587, 0.173587
0.194752, 0.16526
0.215758, 0.157718
0.236586, 0.150849
0.257231, 0.144559
0.277705, 0.138776
0.298035, 0.133447
0.318256, 0.128546
0.338406, 0.12407
0.358523, 0.12003
0.37864, 0.116451
0.39878, 0.113361
0.418955, 0.11079
0.439171, 0.108763
0.459424, 0.1073
0.479705, 0.106417
0.5, 0.106121
0.520295, 0.106417
0.540576, 0.1073
0.560829, 0.108763
0.581045, 0.11079
0.60122, 0.113361
0.62136, 0.116451
0.641477, 0.12003
0.661594, 0.12407
0.681744, 0.128546
0.701965, 0.133447
0.722295, 0.138776
0.742769, 0.144559
0.763414, 0.150849
0.784242, 0.157718
0.805248, 0.16526
0.826413, 0.173587
0.847699, 0.182827
0.869058, 0.193121
0.89048, 0.204593
0.912311, 0.217157
0.0761044, 0.234835
0.0988275, 0.223246
0.121083, 0.212684
0.143243, 0.203237
0.16526, 0.194752
0.187053, 0.187053
0.208569, 0.179979
0.229782, 0.173385
0.250705, 0.167159
0.271387, 0.161232
0.291904, 0.155585
0.312343, 0.150245
0.332787, 0.145268
0.3533, 0.140722
0.373923, 0.136672
0.394676, 0.133172
0.415559, 0.130265
0.436558, 0.127979
0.457651, 0.126335
0.478809, 0.125344
0.5, 0.125013
0.521191, 0.125344
0.542349, 0.126335
0.563442, 0.127979
0.584441, 0.130265
0.605324, 0.133172
0.626077, 0.136672
0.6467, 0.140722
0.667213, 0.145268
0.687657, 0.150245
0.708096, 0.155585
0.728613, 0.161232
0.749295, 0.167159
0.770218, 0.173385
0.791431, 0.179979
0.812947, 0.187053
0.83474, 0.194752
0.856757, 0.203237
0.878917, 0.212684
0.901172, 0.223246
0.923896, 0.234835
0.0655463, 0.252513
0.0891255, 0.241876
0.112175, 0.232201
0.135075, 0.22356
0.157718, 0.215758
0.179979, 0.208569
0.201779, 0.201779
0.223105, 0.195214
0.244022, 0.188766
0.264666, 0.182425
0.285206, 0.176264
0.305798, 0.1704
0.326554, 0.164954
0.347541, 0.160029
0.36878, 0.155701
0.390262, 0.152019
0.411956, 0.149007
0.433821, 0.146674
0.455813, 0.145016
0.477886, 0.144025
0.5, 0.143696
0.522114, 0.144025
0.544187, 0.145016
0.566179, 0.146674
0.588044, 0.149007
0.609738, 0.152019
0.63122, 0.155701
0.652459, 0.160029
0.673446, 0.164954
0.694202, 0.1704
0.714794, 0.176264
0.735334, 0.182425
0.755978, 0.188766
0.776895, 0.195214
0.798221, 0.201779
0.820021, 0.208569
0.842282, 0.215758
0.864925, 0.22356
0.887825, 0.232201
0.910874, 0.241876
0.934454, 0.252513
0.055942, 0.27019
0.0803382, 0.26048
0.104138, 0.251663
0.127704, 0.243783
0.150849, 0.236586
0.173385, 0.229782
0.195214, 0.223105
0.216375, 0.216375
0.237065, 0.209564
0.257564, 0.202785
0.278141, 0.19623
0.298992, 0.190093
0.320222, 0.18453
0.341858, 0.17965
0.363868, 0.175509
0.386187, 0.172114
0.408736, 0.169439
0.431444, 0.167436
0.454251, 0.166052
0.477113, 0.165242
0.5, 0.164976
0.522887, 0.165242
0.545749, 0.166052
0.568556, 0.167436
0.591264, 0.169439
0.613813, 0.172114
0.636132, 0.175509
0.658142, 0.17965
0.679778, 0.18453
0.701008, 0.190093
0.721859, 0.19623
0.742436, 0.202785
0.762935, 0.209564
0.783625, 0.216375
0.804786, 0.223105
0.826615, 0.229782
0.849151, 0.236586
0.872296, 0.243783
0.895862, 0.251663
0.919662, 0.26048
0.944058, 0.27019
0.0472307, 0.287868
0.0724017, 0.279055
0.0969022, 0.271065
0.121054, 0.263897
0.144559, 0.257231
0.167159, 0.250705
0.188766, 0.244022
0.209564, 0.237065
0.229954, 0.229954
0.250374, 0.222952
0.271163, 0.21635
0.292513, 0.210396
0.314475, 0.205261
0.336984, 0.201019
0.35991, 0.197652
0.383108, 0.19508
0.406451, 0.193187
0.429849, 0.191858
0.453249, 0.190989
0.476632, 0.1905
0.5, 0.190343
0.523368, 0.1905
0.546751, 0.190989
0.570151, 0.191858
0.593549, 0.193187
0.616892, 0.19508
0.64009, 0.197652
0.663016, 0.201019
0.685525, 0.205261
0.707487, 0.210396
0.728837, 0.21635
0.749626, 0.222952
0.770046, 0.229954
0.790436, 0.237065
0.811234, 0.244022
0.832841, 0.250705
0.855441, 0.257231
0.878946, 0.263897
0.903098, 0.271065
0.927598, 0.279055
0.952769, 0.287868
0.0393619, 0.305546
0.0652617, 0.297601
0.0904099, 0.290405
0.115057, 0.283903
0.138776, 0.277705
0.161232, 0.271387
0.182425, 0.264666
0.202785, 0.257564
0.222952, 0.250374
0.243494, 0.243494
0.264783, 0.237298
0.286953, 0.23206
0.309922, 0.227901
0.33347, 0.224783
0.357346, 0.222569
0.381339, 0.22108
0.405301, 0.220139
0.429152, 0.219584
0.452867, 0.219286
0.476466, 0.219147
0.5, 0.219107
0.523534, 0.219147
0.547133, 0.219286
0.570848, 0.219584
0.594699, 0.220139
0.618661, 0.22108
0.642654, 0.222569
0.66653, 0.224783
0.690078, 0.227901
0.713047, 0.23206
0.735217, 0.237298
0.756506, 0.243494
0.777048, 0.250374
0.797215, 0.257564
0.817575, 0.264666
0.838768, 0.271387
0.861224, 0.277705
0.884943, 0.283903
0.90959, 0.290405
0.934738, 0.297601
0.960638, 0.305546
0.0322928, 0.323223
0.0588723, 0.316117
0.0846111, 0.309681
0.109663, 0.303806
0.133447, 0.298035
0.155585, 0.291904
0.176264, 0.285206
0.19623, 0.278141
0.21635, 0.271163
0.237298, 0.264783
0.259425, 0.259425
0.282707, 0.25531
0.30684, 0.252416
0.33144, 0.250572
0.356172, 0.249551
0.380796, 0.249125
0.405171, 0.24908
0.429238, 0.249237
0.453014, 0.249451
0.476567, 0.24962
0.5, 0.249682
0.523433, 0.24962
0.546986, 0.249451
0.570762, 0.249237
0.594829, 0.24908
0.619204, 0.249125
0.643828, 0.249551
0.66856, 0.250572
0.69316, 0.252416
0.717293, 0.25531
0.740575, 0.259425
0.762702, 0.264783
0.78365, 0.271163
0.80377, 0.278141
0.823736, 0.285206
0.844415, 0.291904
0.866553, 0.298035
0.890337, 0.303806
0.915389, 0.309681
0.941128, 0.316117
0.967707, 0.323223
0.0259879, 0.340901
0.053194, 0.334603
0.0794638, 0.328896
0.104829, 0.323618
0.128546, 0.318256
0.150245, 0.312343
0.1704, 0.305798
0.190093, 0.298992
0.210396, 0.292513
0.23206, 0.286953
0.25531, 0.282707
0.279847, 0.279847
0.305147, 0.27821
0.330709, 0.277541
0.356154, 0.277569
0.381233, 0.278036
0.405821, 0.278708
0.429899, 0.279397
0.453534, 0.279967
0.47685, 0.280335
0.5, 0.280461
0.52315, 0.280335
0.546466, 0.279967
0.570101, 0.279397
0.594179, 0.278708
0.618767, 0.278036
0.643846, 0.277569
0.669291, 0.277541
0.694853, 0.27821
0.720153, 0.279847
0.74469, 0.282707
0.76794, 0.286953
0.789604, 0.292513
0.809907, 0.298992
0.8296, 0.305798
0.849755, 0.312343
0.871454, 0.318256
0.895171, 0.323618
0.920536, 0.328896
0.946806, 0.334603
0.974012, 0.340901
0.0204168, 0.358579
0.0481934, 0.35306
0.074933, 0.348055
0.100527, 0.343352
0.12407, 0.338406
0.145268, 0.332787
0.164954, 0.326554
0.18453, 0.320222
0.205261, 0.314475
0.227901, 0.309922
0.252416, 0.30684
0.27821, 0.305147
0.304591, 0.304591
0.330986, 0.304879
0.356979, 0.305705
0.382319, 0.306776
0.406915, 0.307838
0.430816, 0.308712
0.45417, 0.309316
0.477169, 0.30965
0.5, 0.309755
0.522831, 0.30965
0.54583, 0.309316
0.569184, 0.308712
0.593085, 0.307838
0.617681, 0.306776
0.643021, 0.305705
0.669014, 0.304879
0.695409, 0.304591
0.72179, 0.305147
0.747584, 0.30684
0.772099, 0.309922
0.794739, 0.314475
0.81547, 0.320222
0.835046, 0.326554
0.854732, 0.332787
0.87593, 0.338406
0.899473, 0.343352
0.925067, 0.348055
0.951807, 0.35306
0.979583, 0.358579
0.0155544, 0.376256
0.043842, 0.371491
0.0709899, 0.367161
0.0967364, 0.363023
0.12003, 0.358523
0.140722, 0.3533
0.160029, 0.347541
0.17965, 0.341858
0.201019, 0.336984
0.224783, 0.33347
0.250572, 0.33144
0.277541, 0.330709
0.304879, 0.330986
0.331941, 0.331941
0.35827, 0.333219
0.383614, 0.334465
0.407951, 0.33539
0.43147, 0.335853
0.454478, 0.335913
0.477266, 0.335789
0.5, 0.335714
0.522734, 0.335789
0.545522, 0.335913
0.56853, 0.335853
0.592049, 0.33539
0.616386, 0.334465
0.64173, 0.333219
0.668059, 0.331941
0.695121, 0.330986
0.722459, 0.330709
0.749428, 0.33144
0.775217, 0.33347
0.798981, 0.336984
0.82035, 0.341858
0.839971, 0.347541
0.859278, 0.3533
0.87997, 0.358523
0.903264, 0.363023
0.92901, 0.367161
0.956158, 0.371491
0.984446, 0.376256
0.0113795, 0.393934
0.0401157, 0.389898
0.0676113, 0.386222
0.0934479, 0.382646
0.116451, 0.37864
0.136672, 0.373923
0.155701, 0.36878
0.175509, 0.363868
0.197652, 0.35991
0.222569, 0.357346
0.249551, 0.356172
0.277569, 0.356154
0.305705, 0.356979
0.333219, 0.35827
0.359582, 0.359582
0.384545, 0.360451
0.408234, 0.360538
0.431136, 0.359823
0.453861, 0.358676
0.476808, 0.357666
0.5, 0.357269
0.523192, 0.357666
0.546139, 0.358676
0.568864, 0.359823
0.591766, 0.360538
0.615455, 0.360451
0.640418, 0.359582
0.666781, 0.35827
0.694295, 0.356979
0.722431, 0.356154
0.750449, 0.356172
0.777431, 0.357346
0.802348, 0.35991
0.824491, 0.363868
0.844299, 0.36878
0.863328, 0.373923
0.883549, 0.37864
0.906552, 0.382646
0.932389, 0.386222
0.959884, 0.389898
0.988621, 0.393934
0.00787451, 0.411612
0.0369946, 0.408283
0.0647787, 0.405244
0.0906571, 0.402237
0.113361, 0.39878
0.133172, 0.394676
0.152019, 0.390262
0.172114, 0.386187
0.19508, 0.383108
0.22108, 0.381339
0.249125, 0.380796
0.278036, 0.381233
0.306776, 0.382319
0.334465, 0.383614
0.360451, 0.384545
0.384511, 0.384511
0.407114, 0.383211
0.429293, 0.380938
0.45201, 0.378431
0.475664, 0.376508
0.5, 0.375789
0.524336, 0.376508
0.54799, 0.378431
0.570707, 0.380938
0.592886, 0.383211
0.615489, 0.384511
0.639549, 0.384545
0.665535, 0.383614
0.693224, 0.382319
0.721964, 0.381233
0.750875, 0.380796
0.77892, 0.381339
0.80492, 0.383108
0.827886, 0.386187
0.847981, 0.390262
0.866828, 0.394676
0.886639, 0.39878
0.909343, 0.402237
0.935221, 0.405244
0.963005, 0.408283
0.992125, 0.411612
0.00502525, 0.429289
0.0344624, 0.426649
0.062478, 0.424233
0.0883651, 0.421805
0.11079, 0.418955
0.130265, 0.415559
0.149007, 0.411956
0.169439, 0.408736
0.193187, 0.406451
0.220139, 0.405301
0.24908, 0.405171
0.278708, 0.405821
0.307838, 0.406915
0.33539, 0.407951
0.360538, 0.408234
0.383211, 0.407114
0.40452, 0.40452
0.426098, 0.401039
0.449141, 0.397561
0.473976, 0.395015
0.5, 0.394086
0.526024, 0.395015
0.550859, 0.397561
0.573902, 0.401039
0.59548, 0.40452
0.616789, 0.407114
0.639462, 0.408234
0.66461, 0.407951
0.692162, 0.406915
0.721292, 0.405821
0.75092, 0.405171
0.779861, 0.405301
0.806813, 0.406451
0.830561, 0.408736
0.850993, 0.411956
0.869735, 0.415559
0.88921, 0.418955
0.911635, 0.421805
0.937522, 0.424233
0.965538, 0.426649
0.994975, 0.429289
0.00282045, 0.446967
0.032506, 0.445
0.0606984, 0.443197
0.0865753, 0.441361
0.108763, 0.439171
0.127979, 0.436558
0.146674, 0.433821
0.167436, 0.431444
0.191858, 0.429849
0.219584, 0.429152
0.249237, 0.429238
0.279397, 0.429899
0.308712, 0.430816
0.335853, 0.43147
0.359823, 0.431136
0.380938, 0.429293
0.401039, 0.426098
0.422194, 0.422194
0.445808, 0.418493
0.472089, 0.415915
0.5, 0.415008
0.527911, 0.415915
0.554192, 0.418493
0.577806, 0.422194
0.598961, 0.426098
0.619062, 0.429293
0.640177, 0.431136
0.664147, 0.43147
0.691288, 0.430816
0.720603, 0.429899
0.750763, 0.429238
0.780416, 0.429152
0.808142, 0.429849
0.832564, 0.431444
0.853326, 0.433821
0.872021, 0.436558
0.891237, 0.439171
0.913425, 0.441361
0.939302, 0.443197
0.967494, 0.445
0.99718, 0.446967
0.00125157, 0.464645
0.0311155, 0.46334
0.0594323, 0.462141
0.0852924, 0.46091
0.1073, 0.459424
0.126335, 0.457651
0.145016, 0.455813
0.166052, 0.454251
0.190989, 0.453249
0.219286, 0.452867
0.249451, 0.453014
0.279967, 0.453534
0.309316, 0.45417
0.335913, 0.454478
0.358676, 0.453861
0.378431, 0.45201
0.397561, 0.449141
0.418493, 0.445808
0.442837, 0.442837
0.470499, 0.440907
0.5, 0.440255
0.529501, 0.440907
0.557163, 0.442837
0.581507, 0.445808
0.602439, 0.449141
0.621569, 0.45201
0.641324, 0.453861
0.664087, 0.454478
0.690684, 0.45417
0.720033, 0.453534
0.750549, 0.453014
0.780714, 0.452867
0.809011, 0.453249
0.833948, 0.454251
0.854984, 0.455813
0.873665, 0.457651
0.8927, 0.459424
0.914708, 0.46091
0.940568, 0.462141
0.968884, 0.46334
0.998748, 0.464645
0.000312598, 0.482322
0.030284, 0.481672
0.0586746, 0.481074
0.0845207, 0.480455
0.106417, 0.479705
0.125344, 0.478809
0.144025, 0.477886
0.165242, 0.477113
0.1905, 0.476632
0.219147, 0.476466
0.24962, 0.476567
0.280335, 0.47685
0.30965, 0.477169
0.335789, 0.477266
0.357666, 0.476808
0.376508, 0.475664
0.395015, 0.473976
0.415915, 0.472089
0.440907, 0.470499
0.469517, 0.469517
0.5, 0.469192
0.530483, 0.469517
0.559093, 0.470499
0.584085, 0.472089
0.604985, 0.473976
0.623492, 0.475664
0.642334, 0.476808
0.664211, 0.477266
0.69035, 0.477169
0.719665, 0.47685
0.75038, 0.476567
0.780853, 0.476466
0.8095, 0.476632
0.834758, 0.477113
0.855975, 0.477886
0.874656, 0.478809
0.893583, 0.479705
0.915479, 0.480455
0.941325, 0.481074
0.969716, 0.481672
0.999687, 0.482322
0, 0.5
0.0300073, 0.5
0.0584223, 0.5
0.0842631, 0.5
0.106121, 0.5
0.125013, 0.5
0.143696, 0.5
0.164976, 0.5
0.190343, 0.5
0.219107, 0.5
0.249682, 0.5
0.280461, 0.5
0.309755, 0.5
0.335714, 0.5
0.357269, 0.5
0.375789, 0.5
0.394086, 0.5
0.415008, 0.5
0.440255, 0.5
0.469192, 0.5
0.5, 0.5
0.530808, 0.5
0.559745, 0.5
0.584992, 0.5
0.605914, 0.5
0.624211, 0.5
0.642731, 0.5
0.664286, 0.5
0.690245, 0.5
0.719539, 0.5
0.750318, 0.5
0.780893, 0.5
0.809657, 0.5
0.835024, 0.5
0.856304, 0.5
0.874987, 0.5
0.893879, 0.5
0.915737, 0.5
0.941578, 0.5
0.969993, 0.5
1, 0.5
0.000312598, 0.517678
0.030284, 0.518328
0.0586746, 0.518926
0.0845207, 0.519545
0.106417, 0.520295
0.125344, 0.521191
0.144025, 0.522114
0.165242, 0.522887
0.1905, 0.523368
0.219147, 0.523534
0.24962, 0.523433
0.280335, 0.52315
0.30965, 0.522831
0.335789, 0.522734
0.357666, 0.523192
0.376508, 0.524336
0.395015, 0.526024
0.415915, 0.527911
0.440907, 0.529501
0.469517, 0.530483
0.5, 0.530808
0.530483, 0.530483
0.559093, 0.529501
0.584085, 0.527911
0.604985, 0.526024
0.623492, 0.524336
0.642334, 0.523192
0.664211, 0.522734
0.69035, 0.522831
0.719665, 0.52315
0.75038, 0.523433
0.780853, 0.523534
0.8095, 0.523368
0.834758, 0.522887
0.855975, 0.522114
0.874656, 0.521191
0.893583, 0.520295
0.915479, 0.519545
0.941325, 0.518926
0.969716, 0.518328
0.999687, 0.517678
0.00125157, 0.535355
0.0311155, 0.53666
0.0594323, 0.537859
0.0852924, 0.53909
0.1073, 0.540576
0.126335, 0.542349
0.145016, 0.544187
0.166052, 0.545749
0.190989, 0.546751
0.219286, 0.547133
0.249451, 0.546986
0.279967, 0.546466
0.309316, 0.54583
0.335913, 0.545522
0.358676, 0.546139
0.378431, 0.54799
0.397561, 0.550859
0.418493, 0.554192
0.442837, 0.557163
0.470499, 0.559093
0.5, 0.559745
0.529501, 0.559093
0.557163, 0.557163
0.581507, 0.554192
0.602439, 0.550859
0.621569, 0.54799
0.641324, 0.546139
0.664087, 0.545522
0.690684, 0.54583
0.720033, 0.546466
0.750549, 0.546986
0.780714, 0.547133
0.809011, 0.546751
0.833948, 0.545749
0.854984, 0.544187
0.873665, 0.542349
0.8927, 0.540576
0.914708, 0.53909
0.940568, 0.537859
0.968884, 0.53666
0.998748, 0.535355
0.00282045, 0.553033
0.032506, 0.555
0.0606984, 0.556803
0.0865753, 0.558639
0.108763, 0.560829
0.127979, 0.563442
0.146674, 0.566179
0.167436, 0.568556
0.191858, 0.570151
0.219584, 0.570848
0.249237, 0.570762
0.279397, 0.570101
0.308712, 0.569184
0.335853, 0.56853
0.359823, 0.568864
0.380938, 0.570707
0.401039, 0.573902
0.422194, 0.577806
0.445808, 0.581507
0.472089, 0.584085
0.5, 0.584992
0.527911, 0.584085
0.554192, 0.581507
0.577806, 0.577806
0.598961, 0.573902
0.619062, 0.570707
0.640177, 0.568864
0.664147, 0.56853
0.691288, 0.569184
0.720603, 0.570101
0.750763, 0.570762
0.780416, 0.570848
0.808142, 0.570151
0.832564, 0.568556
0.853326, 0.566179
0.872021, 0.563442
0.891237, 0.560829
0.913425, 0.558639
0.939302, 0.556803
0.967494, 0.555
0.99718, 0.553033
0.00502525, 0.570711
0.0344624, 0.573351
0.062478, 0.575767
0.0883651, 0.578195
0.11079, 0.581045
0.130265, 0.584441
0.149007, 0.588044
0.169439, 0.591264
0.193187, 0.593549
0.220139, 0.594699
0.24908, 0.594829
0.278708, 0.594179
0.307838, 0.593085
0.33539, 0.592049
0.360538, 0.591766
0.383211, 0.592886
0.40452, 0.59548
0.426098, 0.598961
0.449141, 0.602439
0.473976, 0.604985
0.5, 0.605914
0.526024, 0.604985
0.550859, 0.602439
0.573902, 0.598961
0.59548, 0.59548
0.616789, 0.592886
0.639462, 0.591766
0.66461, 0.592049
0.692162, 0.593085
0.721292, 0.594179
0.75092, 0.594829
0.779861, 0.594699
0.806813, 0.593549
0.830561, 0.591264
0.850993, 0.588044
0.869735, 0.584441
0.88921, 0.581045
0.911635, 0.578195
0.937522, 0.575767
0.965538, 0.573351
0.994975, 0.570711
0.00787451, 0.588388
0.0369946, 0.591717
0.0647787, 0.594756
0.0906571, 0.597763
0.113361, 0.60122
0.133172, 0.605324
0.152019, 0.609738
0.172114, 0.613813
0.19508, 0.616892
0.22108, 0.618661
0.249125, 0.619204
0.278036, 0.618767
0.306776, 0.617681
0.334465, 0.616386
0.360451, 0.615455
0.384511, 0.615489
0.407114, 0.616789
0.429293, 0.619062
0.45201, 0.621569
0.475664, 0.623492
0.5, 0.624211
0.524336, 0.623492
0.54799, 0.621569
0.570707, 0.619062
0.592886, 0.616789
0.615489, 0.615489
0.639549, 0.615455
0.665535, 0.616386
0.693224, 0.617681
0.721964, 0.618767
0.750875, 0.619204
0.77892, 0.618661
0.80492, 0.616892
0.827886, 0.613813
0.847981, 0.609738
0.866828, 0.605324
0.886639, 0.60122
0.909343, 0.597763
0.935221, 0.594756
0.963005, 0.591717
0.992125, 0.588388
0.0113795, 0.606066
0.0401157, 0.610102
0.0676113, 0.613778
0.0934479, 0.617354
0.116451, 0.62136
0.136672, 0.626077
0.155701, 0.63122
0.175509, 0.636132
0.197652, 0.64009
0.222569, 0.642654
0.249551, 0.643828
0.277569, 0.643846
0.305705, 0.643021
0.333219, 0.64173
0.359582, 0.640418
0.384545, 0.639549
0.408234, 0.639462
0.431136, 0.640177
0.453861, 0.641324
0.476808, 0.642334
0.5, 0.642731
0.523192, 0.642334
0.546139, 0.641324
0.568864, 0.640177
0.591766, 0.639462
0.615455, 0.639549
0.640418, 0.640418
0.666781, 0.64173
0.694295, 0.643021
0.722431, 0.643846
0.750449, 0.643828
0.777431, 0.642654
0.802348, 0.64009
0.824491, 0.636132
0.844299, 0.63122
0.863328, 0.626077
0.883549, 0.62136
0.906552, 0.617354
0.932389, 0.613778
0.959884, 0.610102
0.988621, 0.606066
0.0155544, 0.623744
0.043842, 0.628509
0.0709899, 0.632839
0.0967364, 0.636977
0.12003, 0.641477
0.140722, 0.6467
0.160029, 0.652459
0.17965, 0.658142
0.201019, 0.663016
0.224783, 0.66653
0.250572, 0.66856
0.277541, 0.669291
0.304879, 0.669014
0.331941, 0.668059
0.35827, 0.666781
0.383614, 0.665535
0.407951, 0.66461
0.43147, 0.664147
0.454478, 0.664087
0.477266, 0.664211
0.5, 0.664286
0.522734, 0.664211
0.545522, 0.664087
0.56853, 0.664147
0.592049, 0.66461
0.616386, 0.665535
0.64173, 0.666781
0.668059, 0.668059
0.695121, 0.669014
0.722459, 0.669291
0.749428, 0.66856
0.775217, 0.66653
0.798981, 0.663016
0.82035, 0.658142
0.839971, 0.652459
0.859278, 0.6467
0.87997, 0.641477
0.903264, 0.636977
0.92901, 0.632839
0.956158, 0.628509
0.984446, 0.623744
0.0204168, 0.641421
0.0481934, 0.64694
0.074933, 0.651945
0.100527, 0.656648
0.12407, 0.661594
0.145268, 0.667213
0.164954, 0.673446
0.18453, 0.679778
0.205261, 0.685525
0.227901, 0.690078
0.252416, 0.69316
0.27821, 0.694853
0.304591, 0.695409
0.330986, 0.695121
0.356979, 0.694295
0.382319, 0.693224
0.406915, 0.692162
0.430816, 0.691288
0.45417, 0.690684
0.477169, 0.69035
0.5, 0.690245
0.522831, 0.69035
0.54583, 0.690684
0.569184, 0.691288
0.593085, 0.692162
0.617681, 0.693224
0.643021, 0.694295
0.669014, 0.695121
0.695409, 0.695409
0.72179, 0.694853
0.747584, 0.69316
0.772099, 0.690078
0.794739, 0.685525
0.81547, 0.679778
0.835046, 0.673446
0.854732, 0.667213
0.87593, 0.661594
0.899473, 0.656648
0.925067, 0.651945
0.951807, 0.64694
0.979583, 0.641421
0.0259879, 0.659099
0.053194, 0.665397
0.0794638, 0.671104
0.104829, 0.676382
0.128546, 0.681744
0.150245, 0.687657
0.1704, 0.694202
0.190093, 0.701008
0.210396, 0.707487
0.23206, 0.713047
0.25531, 0.717293
0.279847, 0.720153
0.305147, 0.72179
0.330709, 0.722459
0.356154, 0.722431
0.381233, 0.721964
0.405821, 0.721292
0.429899, 0.720603
0.453534, 0.720033
0.47685, 0.719665
0.5, 0.719539
0.52315, 0.719665
0.546466, 0.720033
0.570101, 0.720603
0.594179, 0.721292
0.618767, 0.721964
0.643846, 0.722431
0.669291, 0.722459
0.694853, 0.72179
0.720153, 0.720153
0.74469, 0.717293
0.76794, 0.713047
0.789604, 0.707487
0.809907, 0.701008
0.8296, 0.694202
0.849755, 0.687657
0.871454, 0.681744
0.895171, 0.676382
0.920536, 0.671104
0.946806, 0.665397
0.974012, 0.659099
0.0322928, 0.676777
0.0588723, 0.683883
0.0846111, 0.690319
0.109663, 0.696194
0.133447, 0.701965
0.155585, 0.708096
0.176264, 0.714794
0.19623, 0.721859
0.21635, 0.728837
0.237298, 0.735217
0.259425, 0.740575
0.282707, 0.74469
0.30684, 0.747584
0.33144, 0.749428
0.356172, 0.750449
0.380796, 0.750875
0.405171, 0.75092
0.429238, 0.750763
0.453014, 0.750549
0.476567, 0.75038
0.5, 0.750318
0.523433, 0.75038
0.546986, 0.750549
0.570762, 0.750763
0.594829, 0.75092
0.619204, 0.750875
0.643828, 0.750449
0.66856, 0.749428
0.69316, 0.747584
0.717293, 0.74469
0.740575, 0.740575
0.762702, 0.735217
0.78365, 0.728837
0.80377, 0.721859
0.823736, 0.714794
0.844415, 0.708096
0.866553, 0.701965
0.890337, 0.696194
0.915389, 0.690319
0.941128, 0.683883
0.967707, 0.676777
0.0393619, 0.694454
0.0652617, 0.702399
0.0904099, 0.709595
0.115057, 0.716097
0.138776, 0.722295
0.161232, 0.728613
0.182425, 0.735334
0.202785, 0.742436
0.222952, 0.749626
0.243494, 0.756506
0.264783, 0.762702
0.286953, 0.76794
0.309922, 0.772099
0.33347, 0.775217
0.357346, 0.777431
0.381339, 0.77892
0.405301, 0.779861
0.429152, 0.780416
0.452867, 0.780714
0.476466, 0.780853
0.5, 0.780893
0.523534, 0.780853
0.547133, 0.780714
0.570848, 0.780416
0.594699, 0.779861
0.618661, 0.77892
0.642654, 0.777431
0.66653, 0.775217
0.690078, 0.772099
0.713047, 0.76794
0.735217, 0.762702
0.756506, 0.756506
0.777048, 0.749626
0.797215, 0.742436
0.817575, 0.735334
0.838768, 0.728613
0.861224, 0.722295
0.884943, 0.716097
0.90959, 0.709595
0.934738, 0.702399
0.960638, 0.694454
0.0472307, 0.712132
0.0724017, 0.720945
0.0969022, 0.728935
0.121054, 0.736103
0.144559, 0.742769
0.167159, 0.749295
0.188766, 0.755978
0.209564, 0.762935
0.229954, 0.770046
0.250374, 0.777048
0.271163, 0.78365
0.292513, 0.789604
0.314475, 0.794739
0.336984, 0.798981
0.35991, 0.802348
0.383108, 0.80492
0.406451, 0.806813
0.429849, 0.808142
0.453249, 0.809011
0.476632, 0.8095
0.5, 0.809657
0.523368, 0.8095
0.546751, 0.809011
0.570151, 0.808142
0.593549, 0.806813
0.616892, 0.80492
0.64009, 0.802348
0.663016, 0.798981
0.685525, 0.794739
0.707487, 0.789604
0.728837, 0.78365
0.749626, 0.777048
0.770046, 0.770046
0.790436, 0.762935
0.811234, 0.755978
0.832841, 0.749295
0.855441, 0.742769
0.878946, 0.736103
0.903098, 0.728935
0.927598, 0.720945
0.952769, 0.712132
0.055942, 0.72981
0.0803382, 0.73952
0.104138, 0.748337
0.127704, 0.756217
0.150849, 0.763414
0.173385, 0.770218
0.195214, 0.776895
0.216375, 0.783625
0.237065, 0.790436
0.257564, 0.797215
0.278141, 0.80377
0.298992, 0.809907
0.320222, 0.81547
0.341858, 0.82035
0.363868, 0.824491
0.386187, 0.827886
0.408736, 0.830561
0.431444, 0.832564
0.454251, 0.833948
0.477113, 0.834758
0.5, 0.835024
0.522887, 0.834758
0.545749, 0.833948
0.568556, 0.832564
0.591264, 0.830561
0.613813, 0.827886
0.636132, 0.824491
0.658142, 0.82035
0.679778, 0.81547
0.701008, 0.809907
0.721859, 0.80377
0.742436, 0.797215
0.762935, 0.790436
0.783625, 0.783625
0.804786, 0.776895
0.826615, 0.770218
0.849151, 0.763414
0.872296, 0.756217
0.895862, 0.748337
0.919662, 0.73952
0.944058, 0.72981
0.0655463, 0.747487
0.0891255, 0.758124
0.112175, 0.767799
0.135075, 0.77644
0.157718, 0.784242
0.179979, 0.791431
0.201779, 0.798221
0.223105, 0.804786
0.244022, 0.811234
0.264666, 0.817575
0.285206, 0.823736
0.305798, 0.8296
0.326554, 0.835046
0.347541, 0.839971
0.36878, 0.844299
0.390262, 0.847981
0.411956, 0.850993
0.433821, 0.853326
0.455813, 0.854984
0.477886, 0.855975
0.5, 0.856304
0.522114, 0.855975
0.544187, 0.854984
0.566179, 0.853326
0.588044, 0.850993
0.609738, 0.847981
0.63122, 0.844299
0.652459, 0.839971
0.673446, 0.835046
0.694202, 0.8296
0.714794, 0.823736
0.735334, 0.817575
0.755978, 0.811234
0.776895, 0.804786
0.798221, 0.798221
0.820021, 0.791431
0.842282, 0.784242
0.864925, 0.77644
0.887825, 0.767799
0.910874, 0.758124
0.934454, 0.747487
0.0761044, 0.765165
0.0988275, 0.776754
0.121083, 0.787316
0.143243, 0.796763
0.16526, 0.805248
0.187053, 0.812947
0.208569, 0.820021
0.229782, 0.826615
0.250705, 0.832841
0.271387, 0.838768
0.291904, 0.844415
0.312343, 0.849755
0.332787, 0.854732
0.3533, 0.859278
0.373923, 0.863328
0.394676, 0.866828
0.415559, 0.869735
0.436558, 0.872021
0.457651, 0.873665
0.478809, 0.874656
0.5, 0.874987
0.521191, 0.874656
0.542349, 0.873665
0.563442, 0.872021
0.584441, 0.869735
0.605324, 0.866828
0.626077, 0.863328
0.6467, 0.859278
0.667213, 0.854732
0.687657, 0.849755
0.708096, 0.844415
0.728613, 0.838768
0.749295, 0.832841
0.770218, 0.826615
0.791431, 0.820021
0.812947, 0.812947
0.83474, 0.805248
0.856757, 0.796763
0.878917, 0.787316
0.901172, 0.776754
0.923896, 0.765165
0.0876894, 0.782843
0.10952, 0.795407
0.130942, 0.806879
0.152301, 0.817173
0.173587, 0.826413
0.194752, 0.83474
0.215758, 0.842282
0.236586, 0.849151
0.257231, 0.855441
0.277705, 0.861224
0.298035, 0.866553
0.318256, 0.871454
0.338406, 0.87593
0.358523, 0.87997
0.37864, 0.883549
0.39878, 0.886639
0.418955, 0.88921
0.439171, 0.891237
0.459424, 0.8927
0.479705, 0.893583
0.5, 0.893879
0.520295, 0.893583
0.540576, 0.8927
0.560829, 0.891237
0.581045, 0.88921
0.60122, 0.886639
0.62136, 0.883549
0.641477, 0.87997
0.661594, 0.87593
0.681744, 0.871454
0.701965, 0.866553
0.722295, 0.861224
0.742769, 0.855441
0.763414, 0.849151
0.784242, 0.842282
0.805248, 0.83474
0.826413, 0.826413
0.847699, 0.817173
0.869058, 0.806879
0.89048, 0.795407
0.912311, 0.782843
0.100391, 0.80052
0.121295, 0.814077
0.141848, 0.826474
0.162356, 0.837644
0.182827, 0.847699
0.203237, 0.856757
0.22356, 0.864925
0.243783, 0.872296
0.263897, 0.878946
0.283903, 0.884943
0.303806, 0.890337
0.323618, 0.895171
0.343352, 0.899473
0.363023, 0.903264
0.382646, 0.906552
0.402237, 0.909343
0.421805, 0.911635
0.441361, 0.913425
0.46091, 0.914708
0.480455, 0.915479
0.5, 0.915737
0.519545, 0.915479
0.53909, 0.914708
0.558639, 0.913425
0.578195, 0.911635
0.597763, 0.909343
0.617354, 0.906552
0.636977, 0.903264
0.656648, 0.899473
0.676382, 0.895171
0.696194, 0.890337
0.716097, 0.884943
0.736103, 0.878946
0.756217, 0.872296
0.77644, 0.864925
0.796763, 0.856757
0.817173, 0.847699
0.837644, 0.837644
0.858152, 0.826474
0.878705, 0.814077
0.899609, 0.80052
0.114319, 0.818198
0.134263, 0.832757
0.153915, 0.846085
0.173526, 0.858152
0.193121, 0.869058
0.212684, 0.878917
0.232201, 0.887825
0.251663, 0.895862
0.271065, 0.903098
0.290405, 0.90959
0.309681, 0.915389
0.328896, 0.920536
0.348055, 0.925067
0.367161, 0.92901
0.386222, 0.932389
0.405244, 0.935221
0.424233, 0.937522
0.443197, 0.939302
0.462141, 0.940568
0.481074, 0.941325
0.5, 0.941578
0.518926, 0.941325
0.537859, 0.940568
0.556803, 0.939302
0.575767, 0.937522
0.594756, 0.935221
0.613778, 0.932389
0.632839, 0.92901
0.651945, 0.925067
0.671104, 0.920536
0.690319, 0.915389
0.709595, 0.90959
0.728935, 0.903098
0.748337, 0.895862
0.767799, 0.887825
0.787316, 0.878917
0.806879, 0.869058
0.826474, 0.858152
0.846085, 0.846085
0.865737, 0.832757
0.885681, 0.818198
0.129612, 0.835876
0.148561, 0.851439
0.167243, 0.865737
0.185923, 0.878705
0.204593, 0.89048
0.223246, 0.901172
0.241876, 0.910874
0.26048, 0.919662
0.279055, 0.927598
0.297601, 0.934738
0.316117, 0.941128
0.334603, 0.946806
0.35306, 0.951807
0.371491, 0.956158
0.389898, 0.959884
0.408283, 0.963005
0.426649, 0.965538
0.445, 0.967494
0.46334, 0.968884
0.481672, 0.969716
0.5, 0.969993
0.518328, 0.969716
0.53666, 0.968884
0.555, 0.967494
0.573351, 0.965538
0.591717, 0.963005
0.610102, 0.959884
0.628509, 0.956158
0.64694, 0.951807
0.665397, 0.946806
0.683883, 0.941128
0.702399, 0.934738
0.720945, 0.927598
0.73952, 0.919662
0.758124, 0.910874
0.776754, 0.901172
0.795407, 0.89048
0.814077, 0.878705
0.832757, 0.865737
0.851439, 0.851439
0.870388, 0.835876
0.146447, 0.853553
0.164124, 0.870388
0.181802, 0.885681
0.19948, 0.899609
0.217157, 0.912311
0.234835, 0.923896
0.252513, 0.934454
0.27019, 0.944058
0.287868, 0.952769
0.305546, 0.960638
0.323223, 0.967707
0.340901, 0.974012
0.358579, 0.979583
0.376256, 0.984446
0.393934, 0.988621
0.411612, 0.992125
0.429289, 0.994975
0.446967, 0.99718
0.464645, 0.998748
0.482322, 0.999687
0.5, 1
0.517678, 0.999687
0.535355, 0.998748
0.553033, 0.99718
0.570711, 0.994975
0.588388, 0.992125
0.606066, 0.988621
0.623744, 0.984446
0.641421, 0.979583
0.659099, 0.974012
0.676777, 0.967707
0.694454, 0.960638
0.712132, 0.952769
0.72981, 0.944058
0.747487, 0.934454
0.765165, 0.923896
0.782843, 0.912311
0.80052, 0.899609
0.818198, 0.885681
0.835876, 0.870388
0.853553, 0.853553
0.147107, 0.147107
0.165301, 0.131603
0.183494, 0.117523
0.201679, 0.104716
0.219854, 0.093058
0.238017, 0.0824481
0.256165, 0.0728041
0.274299, 0.0640577
0.292419, 0.0561523
0.310524, 0.0490401
0.328616, 0.042681
0.346694, 0.0370412
0.364761, 0.032092
0.382816, 0.0278095
0.400862, 0.0241734
0.418899, 0.0211674
0.436929, 0.018778
0.454953, 0.0169948
0.472974, 0.0158102
0.490991, 0.0152191
0.509009, 0.0152191
0.527026, 0.0158102
0.545047, 0.0169948
0.563071, 0.018778
0.581101, 0.0211674
0.599138, 0.0241734
0.617184, 0.0278095
0.635239, 0.032092
0.653306, 0.0370412
0.671384, 0.042681
0.689476, 0.0490401
0.707581, 0.0561523
0.725701, 0.0640577
0.743835, 0.0728041
0.761983, 0.0824481
0.780146, 0.093058
0.798321, 0.104716
0.816506, 0.117523
0.834699, 0.131603
0.852893, 0.147107
0.131603, 0.165301
0.150835, 0.150835
0.169986, 0.137677
0.189131, 0.125761
0.208257, 0.114963
0.227354, 0.105181
0.246415, 0.0963286
0.265434, 0.0883342
0.284409, 0.081137
0.303338, 0.0746852
0.322221, 0.0689349
0.341061, 0.063849
0.35986, 0.0593961
0.378623, 0.0555501
0.397352, 0.0522895
0.416054, 0.0495968
0.434733, 0.0474583
0.453393, 0.0458632
0.472041, 0.0448039
0.490681, 0.0442755
0.509319, 0.0442755
0.527959, 0.0448039
0.546607, 0.0458632
0.565267, 0.0474583
0.583946, 0.0495968
0.602648, 0.0522895
0.621377, 0.0555501
0.64014, 0.0593961
0.658939, 0.063849
0.677779, 0.0689349
0.696662, 0.0746852
0.715591, 0.081137
0.734566, 0.0883342
0.753585, 0.0963286
0.772646, 0.105181
0.791743, 0.114963
0.810869, 0.125761
0.830014, 0.137677
0.849165, 0.150835
0.868397, 0.165301
0.117523, 0.183494
0.137677, 0.169986
0.157755, 0.157755
0.177805, 0.146716
0.197821, 0.136757
0.217782, 0.127767
0.237672, 0.119654
0.257483, 0.112339
0.27721, 0.105755
0.296853, 0.0998462
0.316418, 0.0945665
0.335911, 0.0898792
0.355342, 0.0857559
0.37472, 0.0821755
0.394055, 0.0791229
0.413357, 0.0765881
0.432634, 0.0745647
0.451893, 0.0730491
0.47114, 0.0720393
0.490381, 0.0715346
0.509619, 0.0715346
0.52886, 0.0720393
0.548107, 0.0730491
0.567366, 0.0745647
0.586643, 0.0765881
0.605945, 0.0791229
0.62528, 0.0821755
0.644658, 0.0857559
0.664089, 0.0898792
0.683582, 0.0945665
0.703147, 0.0998462
0.72279, 0.105755
0.742517, 0.112339
0.762328, 0.119654
0.782218, 0.127767
0.802179, 0.136757
0.822195, 0.146716
0.842245, 0.157755
0.862323, 0.169986
0.882477, 0.183494
0.104716, 0.201679
0.125761, 0.189131
0.146716, 0.177805
0.167626, 0.167626
0.188466, 0.158467
0.209201, 0.150203
0.229808, 0.142728
0.250274, 0.135948
0.270601, 0.129787
0.290798, 0.124185
0.310883, 0.1191
0.33088, 0.114505
0.350814, 0.110388
0.370709, 0.106748
0.390585, 0.103593
0.410459, 0.100935
0.430339, 0.0987873
0.45023, 0.097164
0.470132, 0.0960755
0.490043, 0.0955292
0.509957, 0.0955292
0.529868, 0.0960755
0.54977, 0.097164
0.569661, 0.0987873
0.589541, 0.100935
0.609415, 0.103593
0.629291, 0.106748
0.649186, 0.110388
0.66912, 0.114505
0.689117, 0.1191
0.709202, 0.124185
0.729399, 0.129787
0.749726, 0.135948
0.770192, 0.142728
0.790799, 0.150203
0.811534, 0.158467
0.832374, 0.167626
0.853284, 0.177805
0.874239, 0.189131
0.895284, 0.201679
0.093058, 0.219854
0.114963, 0.208257
0.136757, 0.197821
0.158467, 0.188466
0.18004, 0.18004
0.201422, 0.172393
0.222579, 0.165391
0.243501, 0.158919
0.264206, 0.152892
0.284729, 0.147253
0.305126, 0.141981
0.325454, 0.137085
0.345771, 0.132596
0.366119, 0.128557
0.386529, 0.12501
0.407016, 0.121995
0.427581, 0.119547
0.448216, 0.117689
0.468906, 0.116441
0.489631, 0.115815
0.510369, 0.115815
0.531094, 0.116441
0.551784, 0.117689
0.572419, 0.119547
0.592984, 0.121995
0.613471, 0.12501
0.633881, 0.128557
0.654229, 0.132596
0.674546, 0.137085
0.694874, 0.141981
0.715271, 0.147253
0.735794, 0.152892
0.756499, 0.158919
0.777421, 0.165391
0.798578, 0.172393
0.81996, 0.18004
0.841533, 0.188466
0.863243, 0.197821
0.885037, 0.208257
0.906942, 0.219854
0.0824481, 0.238017
0.105181, 0.227354
0.127767, 0.217782
0.150203, 0.209201
0.172393, 0.201422
0.194253, 0.194253
0.215739, 0.187521
0.236858, 0.181091
0.25767, 0.17488
0.27828, 0.168878
0.29881, 0.163129
0.31937, 0.157716
0.340044, 0.152726
0.360881, 0.148241
0.381901, 0.144322
0.4031, 0.141016
0.424459, 0.138351
0.445947, 0.136345
0.46753, 0.135006
0.48917, 0.134336
0.51083, 0.134336
0.53247, 0.135006
0.554053, 0.136345
0.575541, 0.138351
0.5969, 0.141016
0.618099, 0.144322
0.639119, 0.148241
0.659956, 0.152726
0.68063, 0.157716
0.70119, 0.163129
0.72172, 0.168878
0.74233, 0.17488
0.763142, 0.181091
0.784261, 0.187521
0.805747, 0.194253
0.827607, 0.201422
0.849797, 0.209201
0.872233, 0.217782
0.894819, 0.227354
0.917552, 0.238017
0.0728041, 0.256165
0.0963286, 0.246415
0.119654, 0.237672
0.142728, 0.229808
0.165391, 0.222579
0.187521, 0.215739
0.209075, 0.209075
0.230114, 0.202454
0.250806, 0.195862
0.271367, 0.189389
0.292, 0.183183
0.312847, 0.177395
0.333988, 0.172149
0.355447, 0.167533
0.377205, 0.1636
0.399217, 0.160366
0.421429, 0.157826
0.443785, 0.155956
0.466236, 0.154729
0.48874, 0.154122
0.51126, 0.154122
0.533764, 0.154729
0.556215, 0.155956
0.578571, 0.157826
0.600783, 0.160366
0.622795, 0.1636
0.644553, 0.167533
0.666012, 0.172149
0.687153, 0.177395
0.708, 0.183183
0.728633, 0.189389
0.749194, 0.195862
0.769886, 0.202454
0.790925, 0.209075
0.812479, 0.215739
0.834609, 0.222579
0.857272, 0.229808
0.880346, 0.237672
0.903671, 0.246415
0.927196, 0.256165
0.0640577, 0.274299
0.0883342, 0.265434
0.112339, 0.257483
0.135948, 0.250274
0.158919, 0.243501
0.181091, 0.236858
0.202454, 0.230114
0.223209, 0.223209
0.243692, 0.21626
0.264245, 0.209491
0.285119, 0.203136
0.306452, 0.197393
0.328276, 0.192394
0.350545, 0.188202
0.373166, 0.184811
0.396032, 0.182168
0.41905, 0.180191
0.442149, 0.178798
0.465282, 0.177914
0.488427, 0.177486
0.511573, 0.177486
0.534718, 0.177914
0.557851, 0.178798
0.58095, 0.180191
0.603968, 0.182168
0.626834, 0.184811
0.649455, 0.188202
0.671724, 0.192394
0.693548, 0.197393
0.714881, 0.203136
0.735755, 0.209491
0.756308, 0.21626
0.776791, 0.223209
0.797546, 0.230114
0.818909, 0.236858
0.841081, 0.243501
0.864052, 0.250274
0.887661, 0.257483
0.911666, 0.265434
0.935942, 0.274299
0.0561523, 0.292419
0.081137, 0.284409
0.105755, 0.27721
0.129787, 0.270601
0.152892, 0.264206
0.17488, 0.25767
0.195862, 0.250806
0.21626, 0.243692
0.236608, 0.236608
0.257342, 0.229894
0.278725, 0.223856
0.300834, 0.218706
0.32359, 0.214532
0.346823, 0.211305
0.370344, 0.208911
0.393989, 0.207208
0.417646, 0.206047
0.441252, 0.2053
0.464788, 0.204862
0.48827, 0.204662
0.51173, 0.204662
0.535212, 0.204862
0.558748, 0.2053
0.582354, 0.206047
0.606011, 0.207208
0.629656, 0.208911
0.653177, 0.211305
0.67641, 0.214532
0.699166, 0.218706
0.721275, 0.223856
0.742658, 0.229894
0.763392, 0.236608
0.78374, 0.243692
0.804138, 0.250806
0.82512, 0.25767
0.847108, 0.264206
0.870213, 0.270601
0.894245, 0.27721
0.918863, 0.284409
0.943848, 0.292419
0.0490401, 0.310524
0.0746852, 0.303338
0.0998462, 0.296853
0.124185, 0.290798
0.147253, 0.284729
0.168878, 0.27828
0.189389, 0.271367
0.209491, 0.264245
0.229894, 0.257342
0.2511, 0.2511
0.27332, 0.245855
0.296481, 0.241761
0.320324, 0.238781
0.344541, 0.23676
0.36887, 0.235498
0.393125, 0.234795
0.417201, 0.234467
0.441061, 0.234361
0.464726, 0.234357
0.488258, 0.234375
0.511742, 0.234375
0.535274, 0.234357
0.558939, 0.234361
0.582799, 0.234467
0.606875, 0.234795
0.63113, 0.235498
0.655459, 0.23676
0.679676, 0.238781
0.703519, 0.241761
0.72668, 0.245855
0.7489, 0.2511
0.770106, 0.257342
0.790509, 0.264245
0.810611, 0.271367
0.831122, 0.27828
0.852747, 0.284729
0.875815, 0.290798
0.900154, 0.296853
0.925315, 0.303338
0.95096, 0.310524
0.042681, 0.328616
0.0689349, 0.322221
0.0945665, 0.316418
0.1191, 0.310883
0.141981, 0.305126
0.163129, 0.29881
0.183183, 0.292
0.203136, 0.285119
0.223856, 0.278725
0.245855, 0.27332
0.269189, 0.269189
0.293545, 0.266343
0.318477, 0.264613
0.343587, 0.263763
0.368574, 0.263546
0.393253, 0.263732
0.417537, 0.264117
0.441428, 0.264538
0.464997, 0.264877
0.488356, 0.265064
0.511644, 0.265064
0.535003, 0.264877
0.558572, 0.264538
0.582463, 0.264117
0.606747, 0.263732
0.631426, 0.263546
0.656413, 0.263763
0.681523, 0.264613
0.706455, 0.266343
0.730811, 0.269189
0.754145, 0.27332
0.776144, 0.278725
0.796864, 0.285119
0.816817, 0.292
0.836871, 0.29881
0.858019, 0.305126
0.8809, 0.310883
0.905434, 0.316418
0.931065, 0.322221
0.957319, 0.328616
0.0370412, 0.346694
0.063849, 0.341061
0.0898792, 0.335911
0.114505, 0.33088
0.137085, 0.325454
0.157716, 0.31937
0.177395, 0.312847
0.197393, 0.306452
0.218706, 0.300834
0.241761, 0.296481
0.266343, 0.293545
0.291892, 0.291892
0.31783, 0.291274
0.343699, 0.291414
0.369179, 0.292033
0.39409, 0.292873
0.418385, 0.29372
0.442126, 0.294425
0.465445, 0.294911
0.48851, 0.295153
0.51149, 0.295153
0.534555, 0.294911
0.557874, 0.294425
0.581615, 0.29372
0.60591, 0.292873
0.630821, 0.292033
0.656301, 0.291414
0.68217, 0.291274
0.708108, 0.291892
0.733657, 0.293545
0.758239, 0.296481
0.781294, 0.300834
0.802607, 0.306452
0.822605, 0.312847
0.842284, 0.31937
0.862915, 0.325454
0.885495, 0.33088
0.910121, 0.335911
0.936151, 0.341061
0.962959, 0.346694
0.032092, 0.364761
0.0593961, 0.35986
0.0857559, 0.355342
0.110388, 0.350814
0.132596, 0.345771
0.152726, 0.340044
0.172149, 0.333988
0.192394, 0.328276
0.214532, 0.32359
0.238781, 0.320324
0.264613, 0.318477
0.291274, 0.31783
0.318094, 0.318094
0.34456, 0.318954
0.370329, 0.320089
0.395248, 0.321202
0.419341, 0.322076
0.442782, 0.322619
0.465804, 0.322871
0.488621, 0.32295
0.511379, 0.32295
0.534196, 0.322871
0.557218, 0.322619
0.580659, 0.322076
0.604752, 0.321202
0.629671, 0.320089
0.65544, 0.318954
0.681906, 0.318094
0.708726, 0.31783
0.735387, 0.318477
0.761219, 0.320324
0.785468, 0.32359
0.807606, 0.328276
0.827851, 0.333988
0.847274, 0.340044
0.867404, 0.345771
0.889612, 0.350814
0.914244, 0.355342
0.940604, 0.35986
0.967908, 0.364761
0.0278095, 0.382816
0.0555501, 0.378623
0.0821755, 0.37472
0.106748, 0.370709
0.128557, 0.366119
0.148241, 0.360881
0.167533, 0.355447
0.188202, 0.350545
0.211305, 0.346823
0.23676, 0.344541
0.263763, 0.343587
0.291414, 0.343699
0.318954, 0.34456
0.3458, 0.3458
0.37158, 0.347024
0.396186, 0.347867
0.419801, 0.348114
0.442822, 0.347819
0.465661, 0.347286
0.488539, 0.346895
0.511461, 0.346895
0.534339, 0.347286
0.557178, 0.347819
0.580199, 0.348114
0.603814, 0.347867
0.62842, 0.347024
0.6542, 0.3458
0.681046, 0.34456
0.708586, 0.343699
0.736237, 0.343587
0.76324, 0.344541
0.788695, 0.346823
0.811798, 0.350545
0.832467, 0.355447
0.851759, 0.360881
0.871443, 0.366119
0.893252, 0.370709
0.917825, 0.37472
0.94445, 0.378623
0.972191, 0.382816
0.0241734, 0.400862
0.0522895, 0.397352
0.0791229, 0.394055
0.103593, 0.390585
0.12501, 0.386529
0.144322, 0.381901
0.1636, 0.377205
0.184811, 0.373166
0.208911, 0.370344
0.235498, 0.36887
0.263546, 0.368574
0.292033, 0.369179
0.320089, 0.370329
0.347024, 0.37158
0.372414, 0.372414
0.396252, 0.372369
0.419059, 0.371313
0.441651, 0.369609
0.464634, 0.367925
0.488136, 0.366896
0.511864, 0.366896
0.535366, 0.367925
0.558349, 0.369609
0.580941, 0.371313
0.603748, 0.372369
0.627586, 0.372414
0.652976, 0.37158
0.679911, 0.370329
0.707967, 0.369179
0.736454, 0.368574
0.764502, 0.36887
0.791089, 0.370344
0.815189, 0.373166
0.8364, 0.377205
0.855678, 0.381901
0.87499, 0.386529
0.896407, 0.390585
0.920877, 0.394055
0.947711, 0.397352
0.975827, 0.400862
0.0211674, 0.418899
0.0495968, 0.416054
0.0765881, 0.413357
0.100935, 0.410459
0.121995, 0.407016
0.141016, 0.4031
0.160366, 0.399217
0.182168, 0.396032
0.207208, 0.393989
0.234795, 0.393125
0.263732, 0.393253
0.292873, 0.39409
0.321202, 0.395248
0.347867, 0.396186
0.372369, 0.396252
0.394964, 0.394964
0.416784, 0.392445
0.439117, 0.389386
0.462679, 0.386674
0.487403, 0.38509
0.512597, 0.38509
0.537321, 0.386674
0.560883, 0.389386
0.583216, 0.392445
0.605036, 0.394964
0.627631, 0.396252
0.652133, 0.396186
0.678798, 0.395248
0.707127, 0.39409
0.736268, 0.393253
0.765205, 0.393125
0.792792, 0.393989
0.817832, 0.396032
0.839634, 0.399217
0.858984, 0.4031
0.878005, 0.407016
0.899065, 0.410459
0.923412, 0.413357
0.950403, 0.416054
0.978833, 0.418899
0.018778, 0.436929
0.0474583, 0.434733
0.0745647, 0.432634
0.0987873, 0.430339
0.119547, 0.427581
0.138351, 0.424459
0.157826, 0.421429
0.180191, 0.41905
0.206047, 0.417646
0.234467, 0.417201
0.264117, 0.417537
0.29372, 0.418385
0.322076, 0.419341
0.348114, 0.419801
0.371313, 0.419059
0.392445, 0.416784
0.413332, 0.413332
0.435629, 0.409513
0.460111, 0.406289
0.486464, 0.404468
0.513536, 0.404468
0.539889, 0.406289
0.564371, 0.409513
0.586668, 0.413332
0.607555, 0.416784
0.628687, 0.419059
0.651886, 0.419801
0.677924, 0.419341
0.70628, 0.418385
0.735883, 0.417537
0.765533, 0.417201
0.793953, 0.417646
0.819809, 0.41905
0.842174, 0.421429
0.861649, 0.424459
0.880453, 0.427581
0.901213, 0.430339
0.925435, 0.432634
0.952542, 0.434733
0.981222, 0.436929
0.0169948, 0.454953
0.0458632, 0.453393
0.0730491, 0.451893
0.097164, 0.45023
0.117689, 0.448216
0.136345, 0.445947
0.155956, 0.443785
0.178798, 0.442149
0.2053, 0.441252
0.234361, 0.441061
0.264538, 0.441428
0.294425, 0.442126
0.322619, 0.442782
0.347819, 0.442822
0.369609, 0.441651
0.389386, 0.439117
0.409513, 0.435629
0.431974, 0.431974
0.457558, 0.42907
0.485563, 0.427521
0.514437, 0.427521
0.542442, 0.42907
0.568026, 0.431974
0.590487, 0.435629
0.610614, 0.439117
0.630391, 0.441651
0.652181, 0.442822
0.677381, 0.442782
0.705575, 0.442126
0.735462, 0.441428
0.765639, 0.441061
0.7947, 0.441252
0.821202, 0.442149
0.844044, 0.443785
0.863655, 0.445947
0.882311, 0.448216
0.902836, 0.45023
0.926951, 0.451893
0.954137, 0.453393
0.983005, 0.454953
0.0158102, 0.472974
0.0448039, 0.472041
0.0720393, 0.47114
0.0960755, 0.470132
0.116441, 0.468906
0.135006, 0.46753
0.154729, 0.466236
0.177914, 0.465282
0.204862, 0.464788
0.234357, 0.464726
0.264877, 0.464997
0.294911, 0.465445
0.322871, 0.465804
0.347286, 0.465661
0.367925, 0.464634
0.386674, 0.462679
0.406289, 0.460111
0.42907, 0.457558
0.455661, 0.455661
0.484919, 0.454697
0.515081, 0.454697
0.544339, 0.455661
0.57093, 0.457558
0.593711, 0.460111
0.613326, 0.462679
0.632075, 0.464634
0.652714, 0.465661
0.677129, 0.465804
0.705089, 0.465445
0.735123, 0.464997
0.765643, 0.464726
0.795138, 0.464788
0.822086, 0.465282
0.845271, 0.466236
0.864994, 0.46753
0.883559, 0.468906
0.903925, 0.470132
0.927961, 0.47114
0.955196, 0.472041
0.98419, 0.472974
0.0152191, 0.490991
0.0442755, 0.490681
0.0715346, 0.490381
0.0955292, 0.490043
0.115815, 0.489631
0.134336, 0.48917
0.154122, 0.48874
0.177486, 0.488427
0.204662, 0.48827
0.234375, 0.488258
0.265064, 0.488356
0.295153, 0.48851
0.32295, 0.488621
0.346895, 0.488539
0.366896, 0.488136
0.38509, 0.487403
0.404468, 0.486464
0.427521, 0.485563
0.454697, 0.484919
0.484598, 0.484598
0.515402, 0.484598
0.545303, 0.484919
0.572479, 0.485563
0.595532, 0.486464
0.61491, 0.487403
0.633104, 0.488136
0.653105, 0.488539
0.67705, 0.488621
0.704847, 0.48851
0.734936, 0.488356
0.765625, 0.488258
0.795338, 0.48827
0.822514, 0.488427
0.845878, 0.48874
0.865664, 0.48917
0.884185, 0.489631
0.904471, 0.490043
0.928465, 0.490381
0.955724, 0.490681
0.984781, 0.490991
0.0152191, 0.509009
0.0442755, 0.509319
0.0715346, 0.509619
0.0955292, 0.509957
0.115815, 0.510369
0.134336, 0.51083
0.154122, 0.51126
0.177486, 0.511573
0.204662, 0.51173
0.234375, 0.511742
0.265064, 0.511644
0.295153, 0.51149
0.32295, 0.511379
0.346895, 0.511461
0.366896, 0.511864
0.38509, 0.512597
0.404468, 0.513536
0.427521, 0.514437
0.454697, 0.515081
0.484598, 0.515402
0.515402, 0.515402
0.545303, 0.515081
0.572479, 0.514437
0.595532, 0.513536
0.61491, 0.512597
0.633104, 0.511864
0.653105, 0.511461
0.67705, 0.511379
0.704847, 0.51149
0.734936, 0.511644
0.765625, 0.511742
0.795338, 0.51173
0.822514, 0.511573
0.845878, 0.51126
0.865664, 0.51083
0.884185, 0.510369
0.904471, 0.509957
0.928465, 0.509619
0.955724, 0.509319
0.984781, 0.509009
0.0158102, 0.527026
0.0448039, 0.527959
0.0720393, 0.52886
0.0960755, 0.529868
0.116441, 0.531094
0.135006, 0.53247
0.154729, 0.533764
0.177914, 0.534718
0.204862, 0.535212
0.234357, 0.535274
0.264877, 0.535003
0.294911, 0.534555
0.322871, 0.534196
0.347286, 0.534339
0.367925, 0.535366
0.386674, 0.537321
0.406289, 0.539889
0.42907, 0.542442
0.455661, 0.544339
0.484919, 0.545303
0.515081, 0.545303
0.544339, 0.544339
0.57093, 0.542442
0.593711, 0.539889
0.613326, 0.537321
0.632075, 0.535366
0.652714, 0.534339
0.677129, 0.534196
0.705089, 0.534555
0.735123, 0.535003
0.765643, 0.535274
0.795138, 0.535212
0.822086, 0.534718
0.845271, 0.533764
0.864994, 0.53247
0.883559, 0.531094
0.903925, 0.529868
0.927961, 0.52886
0.955196, 0.527959
0.98419, 0.527026
0.0169948, 0.545047
0.0458632, 0.546607
0.0730491, 0.548107
0.097164, 0.54977
0.117689, 0.551784
0.136345, 0.554053
0.155956, 0.556215
0.178798, 0.557851
0.2053, 0.558748
0.234361, 0.558939
0.264538, 0.558572
0.294425, 0.557874
0.322619, 0.557218
0.347819, 0.557178
0.369609, 0.558349
0.389386, 0.560883
0.409513, 0.564371
0.431974, 0.568026
0.457558, 0.57093
0.485563, 0.572479
0.514437, 0.572479
0.542442, 0.57093
0.568026, 0.568026
0.590487, 0.564371
0.610614, 0.560883
0.630391, 0.558349
0.652181, 0.557178
0.677381, 0.557218
0.705575, 0.557874
0.735462, 0.558572
0.765639, 0.558939
0.7947, 0.558748
0.821202, 0.557851
0.844044, 0.556215
0.863655, 0.554053
0.882311, 0.551784
0.902836, 0.54977
0.926951, 0.548107
0.954137, 0.546607
0.983005, 0.545047
0.018778, 0.563071
0.0474583, 0.565267
0.0745647, 0.567366
0.0987873, 0.569661
0.119547, 0.572419
0.138351, 0.575541
0.157826, 0.578571
0.180191, 0.58095
0.206047, 0.582354
0.234467, 0.582799
0.264117, 0.582463
0.29372, 0.581615
0.322076, 0.580659
0.348114, 0.580199
0.371313, 0.580941
0.392445, 0.583216
0.413332, 0.586668
0.435629, 0.590487
0.460111, 0.593711
0.486464, 0.595532
0.513536, 0.595532
0.539889, 0.593711
0.564371, 0.590487
0.586668, 0.586668
0.607555, 0.583216
0.628687, 0.580941
0.651886, 0.580199
0.677924, 0.580659
0.70628, 0.581615
0.735883, 0.582463
0.765533, 0.582799
0.793953, 0.582354
0.819809, 0.58095
0.842174, 0.578571
0.861649, 0.575541
0.880453, 0.572419
0.901213, 0.569661
0.925435, 0.567366
0.952542, 0.565267
0.981222, 0.563071
0.0211674, 0.581101
0.0495968, 0.583946
0.0765881, 0.586643
0.100935, 0.589541
0.121995, 0.592984
0.141016, 0.5969
0.160366, 0.600783
0.182168, 0.603968
0.207208, 0.606011
0.234795, 0.606875
0.263732, 0.606747
0.292873, 0.60591
0.321202, 0.604752
0.347867, 0.603814
0.372369, 0.603748
0.394964, 0.605036
0.416784, 0.607555
0.439117, 0.610614
0.462679, 0.613326
0.487403, 0.61491
0.512597, 0.61491
0.537321, 0.613326
0.560883, 0.610614
0.583216, 0.607555
0.605036, 0.605036
0.627631, 0.603748
0.652133, 0.603814
0.678798, 0.604752
0.707127, 0.60591
0.736268, 0.606747
0.765205, 0.606875
0.792792, 0.606011
0.817832, 0.603968
0.839634, 0.600783
0.858984, 0.5969
0.878005, 0.592984
0.899065, 0.589541
0.923412, 0.586643
0.950403, 0.583946
0.978833, 0.581101
0.0241734, 0.599138
0.0522895, 0.602648
0.0791229, 0.605945
0.103593, 0.609415
0.12501, 0.613471
0.144322, 0.618099
0.1636, 0.622795
0.184811, 0.626834
0.208911, 0.629656
0.235498, 0.63113
0.263546, 0.631426
0.292033, 0.630821
0.320089, 0.629671
0.347024, 0.62842
0.372414, 0.627586
0.396252, 0.627631
0.419059, 0.628687
0.441651, 0.630391
0.464634, 0.632075
0.488136, 0.633104
0.511864, 0.633104
0.535366, 0.632075
0.558349, 0.630391
0.580941, 0.628687
0.603748, 0.627631
0.627586, 0.627586
0.652976, 0.62842
0.679911, 0.629671
0.707967, 0.630821
0.736454, 0.631426
0.764502, 0.63113
0.791089, 0.629656
0.815189, 0.626834
0.8364, 0.622795
0.855678, 0.618099
0.87499, 0.613471
0.896407, 0.609415
0.920877, 0.605945
0.947711, 0.602648
0.975827, 0.599138
0.0278095, 0.617184
0.0555501, 0.621377
0.0821755, 0.62528
0.106748, 0.629291
0.128557, 0.633881
0.148241, 0.639119
0.167533, 0.644553
0.188202, 0.649455
0.211305, 0.653177
0.23676, 0.655459
0.263763, 0.656413
0.291414, 0.656301
0.318954, 0.65544
0.3458, 0.6542
0.37158, 0.652976
0.396186, 0.652133
0.419801, 0.651886
0.442822, 0.652181
0.465661, 0.652714
0.488539, 0.653105
0.511461, 0.653105
0.534339, 0.652714
0.557178, 0.652181
0.580199, 0.651886
0.603814, 0.652133
0.62842, 0.652976
0.6542, 0.6542
0.681046, 0.65544
0.708586, 0.656301
0.736237, 0.656413
0.76324, 0.655459
0.788695, 0.653177
0.811798, 0.649455
0.832467, 0.644553
0.851759, 0.639119
0.871443, 0.633881
0.893252, 0.629291
0.917825, 0.62528
0.94445, 0.621377
0.972191, 0.617184
0.032092, 0.635239
0.0593961, 0.64014
0.0857559, 0.644658
0.110388, 0.649186
0.132596, 0.654229
0.152726, 0.659956
0.172149, 0.666012
0.192394, 0.671724
0.214532, 0.67641
0.238781, 0.679676
0.264613, 0.681523
0.291274, 0.68217
0.318094, 0.681906
0.34456, 0.681046
0.370329, 0.679911
0.395248, 0.678798
0.419341, 0.677924
0.442782, 0.677381
0.465804, 0.677129
0.488621, 0.67705
0.511379, 0.67705
0.534196, 0.677129
0.557218, 0.677381
0.580659, 0.677924
0.604752, 0.678798
0.629671, 0.679911
0.65544, 0.681046
0.681906, 0.681906
0.708726, 0.68217
0.735387, 0.681523
0.761219, 0.679676
0.785468, 0.67641
0.807606, 0.671724
0.827851, 0.666012
0.847274, 0.659956
0.867404, 0.654229
0.889612, 0.649186
0.914244, 0.644658
0.940604, 0.64014
0.967908, 0.635239
0.0370412, 0.653306
0.063849, 0.658939
0.0898792, 0.664089
0.114505, 0.66912
0.137085, 0.674546
0.157716, 0.68063
0.177395, 0.687153
0.197393, 0.693548
0.218706, 0.699166
0.241761, 0.703519
0.266343, 0.706455
0.291892, 0.708108
0.31783, 0.708726
0.343699, 0.708586
0.369179, 0.707967
0.39409, 0.707127
0.418385, 0.70628
0.442126, 0.705575
0.465445, 0.705089
0.48851, 0.704847
0.51149, 0.704847
0.534555, 0.705089
0.557874, 0.705575
0.581615, 0.70628
0.60591, 0.707127
0.630821, 0.707967
0.656301, 0.708586
0.68217, 0.708726
0.708108, 0.708108
0.733657, 0.706455
0.758239, 0.703519
0.781294, 0.699166
0.802607, 0.693548
0.822605, 0.687153
0.842284, 0.68063
0.862915, 0.674546
0.885495, 0.66912
0.910121, 0.664089
0.936151, 0.658939
0.962959, 0.653306
0.042681, 0.671384
0.0689349, 0.677779
0.0945665, 0.683582
0.1191, 0.689117
0.141981, 0.694874
0.163129, 0.70119
0.183183, 0.708
0.203136, 0.714881
0.223856, 0.721275
0.245855, 0.72668
0.269189, 0.730811
0.293545, 0.733657
0.318477, 0.735387
0.343587, 0.736237
0.368574, 0.736454
0.393253, 0.736268
0.417537, 0.735883
0.441428, 0.735462
0.464997, 0.735123
0.488356, 0.734936
0.511644, 0.734936
0.535003, 0.735123
0.558572, 0.735462
0.582463, 0.735883
0.606747, 0.736268
0.631426, 0.736454
0.656413, 0.736237
0.681523, 0.735387
0.706455, 0.733657
0.730811, 0.730811
0.754145, 0.72668
0.776144, 0.721275
0.796864, 0.714881
0.816817, 0.708
0.836871, 0.70119
0.858019, 0.694874
0.8809, 0.689117
0.905434, 0.683582
0.931065, 0.677779
0.957319, 0.671384
0.0490401, 0.689476
0.0746852, 0.696662
0.0998462, 0.703147
0.124185, 0.709202
0.147253, 0.715271
0.168878, 0.72172
0.189389, 0.728633
0.209491, 0.735755
0.229894, 0.742658
0.2511, 0.7489
0.27332, 0.754145
0.296481, 0.758239
0.320324, 0.761219
0.344541, 0.76324
0.36887, 0.764502
0.393125, 0.765205
0.417201, 0.765533
0.441061, 0.765639
0.464726, 0.765643
0.488258, 0.765625
0.511742, 0.765625
0.535274, 0.765643
0.558939, 0.765639
0.582799, 0.765533
0.606875, 0.765205
0.63113, 0.764502
0.655459, 0.76324
0.679676, 0.761219
0.703519, 0.758239
0.72668, 0.754145
0.7489, 0.7489
0.770106, 0.742658
0.790509, 0.735755
0.810611, 0.728633
0.831122, 0.72172
0.852747, 0.715271
0.875815, 0.709202
0.900154, 0.703147
0.925315, 0.696662
0.95096, 0.689476
0.0561523, 0.707581
0.081137, 0.715591
0.105755, 0.72279
0.129787, 0.729399
0.152892, 0.735794
0.17488, 0.74233
0.195862, 0.749194
0.21626, 0.756308
0.236608, 0.763392
0.257342, 0.770106
0.278725, 0.776144
0.300834, 0.781294
0.32359, 0.785468
0.346823, 0.788695
0.370344, 0.791089
0.393989, 0.792792
0.417646, 0.793953
0.441252, 0.7947
0.464788, 0.795138
0.48827, 0.795338
0.51173, 0.795338
0.535212, 0.795138
0.558748, 0.7947
0.582354, 0.793953
0.606011, 0.792792
0.629656, 0.791089
0.653177, 0.788695
0.67641, 0.785468
0.699166, 0.781294
0.721275, 0.776144
0.742658, 0.770106
0.763392, 0.763392
0.78374, 0.756308
0.804138, 0.749194
0.82512, 0.74233
0.847108, 0.735794
0.870213, 0.729399
0.894245, 0.72279
0.918863, 0.715591
0.943848, 0.707581
0.0640577, 0.725701
0.0883342, 0.734566
0.112339, 0.742517
0.135948, 0.749726
0.158919, 0.756499
0.181091, 0.763142
0.202454, 0.769886
0.223209, 0.776791
0.243692, 0.78374
0.264245, 0.790509
0.285119, 0.796864
0.306452, 0.802607
0.328276, 0.807606
0.350545, 0.811798
0.373166, 0.815189
0.396032, 0.817832
0.41905, 0.819809
0.442149, 0.821202
0.465282, 0.822086
0.488427, 0.822514
0.511573, 0.822514
0.534718, 0.822086
0.557851, 0.821202
0.58095, 0.819809
0.603968, 0.817832
0.626834, 0.815189
0.649455, 0.811798
0.671724, 0.807606
0.693548, 0.802607
0.714881, 0.796864
0.735755, 0.790509
0.756308, 0.78374
0.776791, 0.776791
0.797546, 0.769886
0.818909, 0.763142
0.841081, 0.756499
0.864052, 0.749726
0.887661, 0.742517
0.911666, 0.734566
0.935942, 0.725701
0.0728041, 0.743835
0.0963286, 0.753585
0.119654, 0.762328
0.142728, 0.770192
0.165391, 0.777421
0.187521, 0.784261
0.209075, 0.790925
0.230114, 0.797546
0.250806, 0.804138
0.271367, 0.810611
0.292, 0.816817
0.312847, 0.822605
0.333988, 0.827851
0.355447, 0.832467
0.377205, 0.8364
0.399217, 0.839634
0.421429, 0.842174
0.443785, 0.844044
0.466236, 0.845271
0.48874, 0.845878
0.51126, 0.845878
0.533764, 0.845271
0.556215, 0.844044
0.578571, 0.842174
0.600783, 0.839634
0.622795, 0.8364
0.644553, 0.832467
0.666012, 0.827851
0.687153, 0.822605
0.708, 0.816817
0.728633, 0.810611
0.749194, 0.804138
0.769886, 0.797546
0.790925, 0.790925
0.812479, 0.784261
0.834609, 0.777421
0.857272, 0.770192
0.880346, 0.762328
0.903671, 0.753585
0.927196, 0.743835
0.0824481, 0.761983
0.105181, 0.772646
0.127767, 0.782218
0.150203, 0.790799
0.172393, 0.798578
0.194253, 0.805747
0.215739, 0.812479
0.236858, 0.818909
0.25767, 0.82512
0.27828, 0.831122
0.29881, 0.836871
0.31937, 0.842284
0.340044, 0.847274
0.360881, 0.851759
0.381901, 0.855678
0.4031, 0.858984
0.424459, 0.861649
0.445947, 0.863655
0.46753, 0.864994
0.48917, 0.865664
0.51083, 0.865664
0.53247, 0.864994
0.554053, 0.863655
0.575541, 0.861649
0.5969, 0.858984
0.618099, 0.855678
0.639119, 0.851759
0.659956, 0.847274
0.68063, 0.842284
0.70119, 0.836871
0.72172, 0.831122
0.74233, 0.82512
0.763142, 0.818909
0.784261, 0.812479
0.805747, 0.805747
0.827607, 0.798578
0.849797, 0.790799
0.872233, 0.782218
0.894819, 0.772646
0.917552, 0.761983
0.093058, 0.780146
0.114963, 0.791743
0.136757, 0.802179
0.158467, 0.811534
0.18004, 0.81996
0.201422, 0.827607
0.222579, 0.834609
0.243501, 0.841081
0.264206, 0.847108
0.284729, 0.852747
0.305126, 0.858019
0.325454, 0.862915
0.345771, 0.867404
0.366119, 0.871443
0.386529, 0.87499
0.407016, 0.878005
0.427581, 0.880453
0.448216, 0.882311
0.468906, 0.883559
0.489631, 0.884185
0.510369, 0.884185
0.531094, 0.883559
0.551784, 0.882311
0.572419, 0.880453
0.592984, 0.878005
0.613471, 0.87499
0.633881, 0.871443
0.654229, 0.867404
0.674546, 0.862915
0.694874, 0.858019
0.715271, 0.852747
0.735794, 0.847108
0.756499, 0.841081
0.777421, 0.834609
0.798578, 0.827607
0.81996, 0.81996
0.841533, 0.811534
0.863243, 0.802179
0.885037, 0.791743
0.906942, 0.780146
0.104716, 0.798321
0.125761, 0.810869
0.146716, 0.822195
0.167626, 0.832374
0.188466, 0.841533
0.209201, 0.849797
0.229808, 0.857272
0.250274, 0.864052
0.270601, 0.870213
0.290798, 0.875815
0.310883, 0.8809
0.33088, 0.885495
0.350814, 0.889612
0.370709, 0.893252
0.390585, 0.896407
0.410459, 0.899065
0.430339, 0.901213
0.45023, 0.902836
0.470132, 0.903925
0.490043, 0.904471
0.509957, 0.904471
0.529868, 0.903925
0.54977, 0.902836
0.569661, 0.901213
0.589541, 0.899065
0.609415, 0.896407
0.629291, 0.893252
0.649186, 0.889612
0.66912, 0.885495
0.689117, 0.8809
0.709202, 0.875815
0.729399, 0.870213
0.749726, 0.864052
0.770192, 0.857272
0.790799, 0.849797
0.811534, 0.841533
0.832374, 0.832374
0.853284, 0.822195
0.874239, 0.810869
0.895284, 0.798321
0.117523, 0.816506
0.137677, 0.830014
0.157755, 0.842245
0.177805, 0.853284
0.197821, 0.863243
0.217782, 0.872233
0.237672, 0.880346
0.257483, 0.887661
0.27721, 0.894245
0.296853, 0.900154
0.316418, 0.905434
0.335911, 0.910121
0.355342, 0.914244
0.37472, 0.917825
0.394055, 0.920877
0.413357, 0.923412
0.432634, 0.925435
0.451893, 0.926951
0.47114, 0.927961
0.490381, 0.928465
0.509619, 0.928465
0.52886, 0.927961
0.548107, 0.926951
0.567366, 0.925435
0.586643, 0.923412
0.605945, 0.920877
0.62528, 0.917825
0.644658, 0.914244
0.664089, 0.910121
0.683582, 0.905434
0.703147, 0.900154
0.72279, 0.894245
0.742517, 0.887661
0.762328, 0.880346
0.782218, 0.872233
0.802179, 0.863243
0.822195, 0.853284
0.842245, 0.842245
0.862323, 0.830014
0.882477, 0.816506
0.131603, 0.834699
0.150835, 0.849165
0.169986, 0.862323
0.189131, 0.874239
0.208257, 0.885037
0.227354, 0.894819
0.246415, 0.903671
0.265434, 0.911666
0.284409, 0.918863
0.303338, 0.925315
0.322221, 0.931065
0.341061, 0.936151
0.35986, 0.940604
0.378623, 0.94445
0.397352, 0.947711
0.416054, 0.950403
0.434733, 0.952542
0.453393, 0.954137
0.472041, 0.955196
0.490681, 0.955724
0.509319, 0.955724
0.527959, 0.955196
0.546607, 0.954137
0.565267, 0.952542
0.583946, 0.950403
0.602648, 0.947711
0.621377, 0.94445
0.64014, 0.940604
0.658939, 0.936151
0.677779, 0.931065
0.696662, 0.925315
0.715591, 0.918863
0.734566, 0.911666
0.753585, 0.903671
0.772646, 0.894819
0.791743, 0.885037
0.810869, 0.874239
0.830014, 0.862323
0.849165, 0.849165
0.868397, 0.834699
0.147107, 0.852893
0.165301, 0.868397
0.183494, 0.882477
0.201679, 0.895284
0.219854, 0.906942
0.238017, 0.917552
0.256165, 0.927196
0.274299, 0.935942
0.292419, 0.943848
0.310524, 0.95096
0.328616, 0.957319
0.346694, 0.962959
0.364761, 0.967908
0.382816, 0.972191
0.400862, 0.975827
0.418899, 0.978833
0.436929, 0.981222
0.454953, 0.983005
0.472974, 0.98419
0.490991, 0.984781
0.509009, 0.984781
0.527026, 0.98419
0.545047, 0.983005
0.563071, 0.981222
0.581101, 0.978833
0.599138, 0.975827
0.617184, 0.972191
0.635239, 0.967908
0.653306, 0.962959
0.671384, 0.957319
0.689476, 0.95096
0.707581, 0.943848
0.725701, 0.935942
0.743835, 0.927196
0.761983, 0.917552
0.780146, 0.906942
0.798321, 0.895284
0.816506, 0.882477
0.834699, 0.868397
0.852893, 0.852893
