0.146447, 0.146447
0.164124, 0.129612
0.181802, 0.114319
0.19948, 0.100391
0.217157, 0.0876894
0.234835, 0.0761044
0.252513, 0.0655463
0.27019, 0.055942
0.287868, 0.0472307
0.305546, 0.0393619
0.323223, 0.0322928
0.340901, 0.0259879
0.358579, 0.0204168
0.376256, 0.0155544
0.393934, 0.0113795
0.411612, 0.00787451
0.429289, 0.00502525
0.446967, 0.00282045
0.464645, 0.00125157
0.482322, 0.000312598
0.5, 0
0.517678, 0.000312598
0.535355, 0.00125157
0.553033, 0.00282045
0.570711, 0.00502525
0.588388, 0.00787451
0.606066, 0.0113795
0.623744, 0.0155544
0.641421, 0.0204168
0.659099, 0.0259879
0.676777, 0.0322928
0.694454, 0.0393619
0.712132, 0.0472307
0.72981, 0.055942
0.747487, 0.0655463
0.765165, 0.0761044
0.782843, 0.0876894
0.80052, 0.100391
0.818198, 0.114319
0.835876, 0.129612
0.853553, 0.146447
0.129612, 0.164124
0.148592, 0.148592
0.16728, 0.134305
0.185967, 0.12135
0.204643, 0.109588
0.2233, 0.0989089
0.241933, 0.0892206
0.260539, 0.0804469
0.279116, 0.0725237
0.297662, 0.0653969
0.316176, 0.0590201
0.33466, 0.0533538
0.353114, 0.0483643
0.371541, 0.0440231
0.389942, 0.040306
0.40832, 0.0371929
0.42668, 0.0346673
0.445024, 0.0327162
0.463356, 0.0313295
0.48168, 0.0305002
0.5, 0.0302243
0.51832, 0.0305002
0.536644, 0.0313295
0.554976, 0.0327162
0.57332, 0.0346673
0.59168, 0.0371929
0.610058, 0.040306
0.628459, 0.0440231
0.646886, 0.0483643
0.66534, 0.0533538
0.683824, 0.0590201
0.702338, 0.0653969
0.720884, 0.0725237
0.739461, 0.0804469
0.758067, 0.0892206
0.7767, 0.0989089
0.795357, 0.109588
0.814033, 0.12135
0.83272, 0.134305
0.851408, 0.148592
0.870388, 0.164124
0.114319, 0.181802
0.134305, 0.16728
0.153978, 0.153978
0.173602, 0.141932
0.193208, 0.131048
0.21278, 0.121212
0.232304, 0.112328
0.251771, 0.104314
0.271176, 0.0971012
0.290515, 0.0906307
0.309789, 0.0848524
0.329, 0.0797239
0.348152, 0.0752101
0.36725, 0.0712822
0.386301, 0.0679166
0.405311, 0.065095
0.424288, 0.0628031
0.443239, 0.0610303
0.46217, 0.059769
0.481088, 0.0590142
0.5, 0.0587629
0.518912, 0.0590142
0.53783, 0.059769
0.556761, 0.0610303
0.575712, 0.0628031
0.594689, 0.065095
0.613699, 0.0679166
0.63275, 0.0712822
0.651848, 0.0752101
0.671, 0.0797239
0.690211, 0.0848524
0.709485, 0.0906307
0.728824, 0.0971012
0.748229, 0.104314
0.767696, 0.112328
0.78722, 0.121212
0.806792, 0.131048
0.826398, 0.141932
0.846022, 0.153978
0.865695, 0.16728
0.885681, 0.181802
0.100391, 0.19948
0.12135, 0.185967
0.141932, 0.173602
0.162461, 0.162461
0.18295, 0.152436
0.203373, 0.143409
0.223707, 0.13527
0.243935, 0.127929
0.264051, 0.121304
0.284055, 0.115331
0.303952, 0.109956
0.323754, 0.105137
0.343476, 0.100846
0.363133, 0.0970641
0.382742, 0.0937803
0.402316, 0.0909919
0.421869, 0.0887005
0.441408, 0.0869105
0.460941, 0.085627
0.480471, 0.0848547
0.5, 0.0845969
0.519529, 0.0848547
0.539059, 0.085627
0.558592, 0.0869105
0.578131, 0.0887005
0.597684, 0.0909919
0.617258, 0.0937803
0.636867, 0.0970641
0.656524, 0.100846
0.676246, 0.105137
0.696048, 0.109956
0.715945, 0.115331
0.735949, 0.121304
0.756065, 0.127929
0.776293, 0.13527
0.796627, 0.143409
0.81705, 0.152436
0.837539, 0.162461
0.858068, 0.173602
0.87865, 0.185967
0.899609, 0.19948
0.0876894, 0.217157
0.109588, 0.204643
0.131048, 0.193208
0.152436, 0.18295
0.173745, 0.173745
0.194927, 0.165453
0.215943, 0.157942
0.236774, 0.1511
0.257414, 0.14483
0.277878, 0.139057
0.298192, 0.133731
0.318393, 0.128827
0.338523, 0.124341
0.35862, 0.120287
0.378718, 0.116693
0.398841, 0.113588
0.419001, 0.111003
0.439204, 0.108965
0.459445, 0.107493
0.479715, 0.106605
0.5, 0.106307
0.520285, 0.106605
0.540555, 0.107493
0.560796, 0.108965
0.580999, 0.111003
0.601159, 0.113588
0.621282, 0.116693
0.64138, 0.120287
0.661477, 0.124341
0.681607, 0.128827
0.701808, 0.133731
0.722122, 0.139057
0.742586, 0.14483
0.763226, 0.1511
0.784057, 0.157942
0.805073, 0.165453
0.826255, 0.173745
0.847564, 0.18295
0.868952, 0.193208
0.890412, 0.204643
0.912311, 0.217157
0.0761044, 0.234835
0.0989089, 0.2233
0.121212, 0.21278
0.143409, 0.203373
0.165453, 0.194927
0.187263, 0.187263
0.208783, 0.180215
0.229988, 0.173634
0.250892, 0.167408
0.271547, 0.161468
0.292033, 0.155797
0.312443, 0.150427
0.33286, 0.145419
0.35335, 0.140841
0.373956, 0.136762
0.394696, 0.133236
0.415569, 0.130307
0.436563, 0.128003
0.457653, 0.126346
0.478809, 0.125348
0.5, 0.125015
0.521191, 0.125348
0.542347, 0.126346
0.563437, 0.128003
0.584431, 0.130307
0.605304, 0.133236
0.626044, 0.136762
0.64665, 0.140841
0.66714, 0.145419
0.687557, 0.150427
0.707967, 0.155797
0.728453, 0.161468
0.749108, 0.167408
0.770012, 0.173634
0.791217, 0.180215
0.812737, 0.187263
0.834547, 0.194927
0.856591, 0.203373
0.878788, 0.21278
0.901091, 0.2233
0.923896, 0.234835
0.0655463, 0.252513
0.0892206, 0.241933
0.112328, 0.232304
0.13527, 0.223707
0.157942, 0.215943
0.180215, 0.208783
0.202006, 0.202006
0.223304, 0.195432
0.24418, 0.188958
0.264781, 0.182578
0.28528, 0.176372
0.305836, 0.170461
0.326564, 0.16497
0.34753, 0.160002
0.368755, 0.155635
0.39023, 0.151918
0.411923, 0.148877
0.433791, 0.14652
0.45579, 0.144845
0.477874, 0.143844
0.5, 0.143511
0.522126, 0.143844
0.54421, 0.144845
0.566209, 0.14652
0.588077, 0.148877
0.60977, 0.151918
0.631245, 0.155635
0.65247, 0.160002
0.673436, 0.16497
0.694164, 0.170461
0.71472, 0.176372
0.735219, 0.182578
0.75582, 0.188958
0.776696, 0.195432
0.797994, 0.202006
0.819785, 0.208783
0.842058, 0.215943
0.86473, 0.223707
0.887672, 0.232304
0.910779, 0.241933
0.934454, 0.252513
0.055942, 0.27019
0.0804469, 0.260539
0.104314, 0.251771
0.127929, 0.243935
0.1511, 0.236774
0.173634, 0.229988
0.195432, 0.223304
0.216542, 0.216542
0.237172, 0.209681
0.257615, 0.202847
0.278144, 0.196233
0.298956, 0.190037
0.320157, 0.184418
0.341775, 0.179484
0.363776, 0.175295
0.386096, 0.171859
0.408655, 0.16915
0.431378, 0.167121
0.454205, 0.16572
0.47709, 0.1649
0.5, 0.164631
0.52291, 0.1649
0.545795, 0.16572
0.568622, 0.167121
0.591345, 0.16915
0.613904, 0.171859
0.636224, 0.175295
0.658225, 0.179484
0.679843, 0.184418
0.701044, 0.190037
0.721856, 0.196233
0.742385, 0.202847
0.762828, 0.209681
0.783458, 0.216542
0.804568, 0.223304
0.826366, 0.229988
0.8489, 0.236774
0.872071, 0.243935
0.895686, 0.251771
0.919553, 0.260539
0.944058, 0.27019
0.0472307, 0.287868
0.0725237, 0.279116
0.0971012, 0.271176
0.121304, 0.264051
0.14483, 0.257414
0.167408, 0.250892
0.188958, 0.24418
0.209681, 0.237172
0.229998, 0.229998
0.250354, 0.222929
0.271089, 0.216258
0.292397, 0.210236
0.314331, 0.205035
0.336829, 0.200737
0.359759, 0.197328
0.382972, 0.194727
0.406338, 0.192818
0.429763, 0.191482
0.453192, 0.19061
0.476603, 0.190122
0.5, 0.189965
0.523397, 0.190122
0.546808, 0.19061
0.570237, 0.191482
0.593662, 0.192818
0.617028, 0.194727
0.640241, 0.197328
0.663171, 0.200737
0.685669, 0.205035
0.707603, 0.210236
0.728911, 0.216258
0.749646, 0.222929
0.770002, 0.229998
0.790319, 0.237172
0.811042, 0.24418
0.832592, 0.250892
0.85517, 0.257414
0.878696, 0.264051
0.902899, 0.271176
0.927476, 0.279116
0.952769, 0.287868
0.0393619, 0.305546
0.0653969, 0.297662
0.0906307, 0.290515
0.115331, 0.284055
0.139057, 0.277878
0.161468, 0.271547
0.182578, 0.264781
0.202847, 0.257615
0.222929, 0.250354
0.243398, 0.243398
0.264627, 0.237125
0.286759, 0.231816
0.309713, 0.227602
0.33327, 0.224453
0.357172, 0.22223
0.381198, 0.22075
0.405196, 0.219827
0.429079, 0.219295
0.452822, 0.219017
0.476445, 0.218891
0.5, 0.218856
0.523555, 0.218891
0.547178, 0.219017
0.570921, 0.219295
0.594804, 0.219827
0.618802, 0.22075
0.642828, 0.22223
0.66673, 0.224453
0.690287, 0.227602
0.713241, 0.231816
0.735373, 0.237125
0.756602, 0.243398
0.777071, 0.250354
0.797153, 0.257615
0.817422, 0.264781
0.838532, 0.271547
0.860943, 0.277878
0.884669, 0.284055
0.909369, 0.290515
0.934603, 0.297662
0.960638, 0.305546
0.0322928, 0.323223
0.0590201, 0.316176
0.0848524, 0.309789
0.109956, 0.303952
0.133731, 0.298192
0.155797, 0.292033
0.176372, 0.28528
0.196233, 0.278144
0.216258, 0.271089
0.237125, 0.264627
0.259195, 0.259195
0.282456, 0.255027
0.306605, 0.252113
0.331244, 0.250281
0.356026, 0.249296
0.380699, 0.248919
0.405114, 0.248928
0.42921, 0.249135
0.453003, 0.249389
0.476564, 0.249583
0.5, 0.249655
0.523436, 0.249583
0.546997, 0.249389
0.57079, 0.249135
0.594886, 0.248928
0.619301, 0.248919
0.643974, 0.249296
0.668756, 0.250281
0.693395, 0.252113
0.717544, 0.255027
0.740805, 0.259195
0.762875, 0.264627
0.783742, 0.271089
0.803767, 0.278144
0.823628, 0.28528
0.844203, 0.292033
0.866269, 0.298192
0.890044, 0.303952
0.915148, 0.309789
0.94098, 0.316176
0.967707, 0.323223
0.0259879, 0.340901
0.0533538, 0.33466
0.0797239, 0.329
0.105137, 0.323754
0.128827, 0.318393
0.150427, 0.312443
0.170461, 0.305836
0.190037, 0.298956
0.210236, 0.292397
0.231816, 0.286759
0.255027, 0.282456
0.279579, 0.279579
0.304932, 0.277965
0.330565, 0.277351
0.35608, 0.277455
0.381216, 0.278003
0.405841, 0.278755
0.429936, 0.279511
0.453569, 0.280132
0.476871, 0.280532
0.5, 0.280669
0.523129, 0.280532
0.546431, 0.280132
0.570064, 0.279511
0.594159, 0.278755
0.618784, 0.278003
0.64392, 0.277455
0.669435, 0.277351
0.695068, 0.277965
0.720421, 0.279579
0.744973, 0.282456
0.768184, 0.286759
0.789764, 0.292397
0.809963, 0.298956
0.829539, 0.305836
0.849573, 0.312443
0.871173, 0.318393
0.894863, 0.323754
0.920276, 0.329
0.946646, 0.33466
0.974012, 0.340901
0.0204168, 0.358579
0.0483643, 0.353114
0.0752101, 0.348152
0.100846, 0.343476
0.124341, 0.338523
0.145419, 0.33286
0.16497, 0.326564
0.184418, 0.320157
0.205035, 0.314331
0.227602, 0.309713
0.252113, 0.306605
0.277965, 0.304932
0.304438, 0.304438
0.33093, 0.304814
0.357006, 0.305741
0.382402, 0.306911
0.407023, 0.30806
0.430921, 0.309001
0.454251, 0.30965
0.477213, 0.310009
0.5, 0.310121
0.522787, 0.310009
0.545749, 0.30965
0.569079, 0.309001
0.592977, 0.30806
0.617598, 0.306911
0.642994, 0.305741
0.66907, 0.304814
0.695562, 0.304438
0.722035, 0.304932
0.747887, 0.306605
0.772398, 0.309713
0.794965, 0.314331
0.815582, 0.320157
0.83503, 0.326564
0.854581, 0.33286
0.875659, 0.338523
0.899154, 0.343476
0.92479, 0.348152
0.951636, 0.353114
0.979583, 0.358579
0.0155544, 0.376256
0.0440231, 0.371541
0.0712822, 0.36725
0.0970641, 0.363133
0.120287, 0.35862
0.140841, 0.35335
0.160002, 0.34753
0.179484, 0.341775
0.200737, 0.336829
0.224453, 0.33327
0.250281, 0.331244
0.277351, 0.330565
0.304814, 0.33093
0.331993, 0.331993
0.358406, 0.33338
0.383794, 0.33472
0.408133, 0.335712
0.431621, 0.336211
0.454582, 0.336283
0.477317, 0.336158
0.5, 0.336081
0.522683, 0.336158
0.545418, 0.336283
0.568379, 0.336211
0.591867, 0.335712
0.616206, 0.33472
0.641594, 0.33338
0.668007, 0.331993
0.695186, 0.33093
0.722649, 0.330565
0.749719, 0.331244
0.775547, 0.33327
0.799263, 0.336829
0.820516, 0.341775
0.839998, 0.34753
0.859159, 0.35335
0.879713, 0.35862
0.902936, 0.363133
0.928718, 0.36725
0.955977, 0.371541
0.984446, 0.376256
0.0113795, 0.393934
0.040306, 0.389942
0.0679166, 0.386301
0.0937803, 0.382742
0.116693, 0.378718
0.136762, 0.373956
0.155635, 0.368755
0.175295, 0.363776
0.197328, 0.359759
0.22223, 0.357172
0.249296, 0.356026
0.277455, 0.35608
0.305741, 0.357006
0.33338, 0.358406
0.359815, 0.359815
0.38479, 0.360747
0.408441, 0.360851
0.431282, 0.360118
0.453948, 0.35894
0.476847, 0.357904
0.5, 0.357497
0.523153, 0.357904
0.546052, 0.35894
0.568718, 0.360118
0.591559, 0.360851
0.61521, 0.360747
0.640185, 0.359815
0.66662, 0.358406
0.694259, 0.357006
0.722545, 0.35608
0.750704, 0.356026
0.77777, 0.357172
0.802672, 0.359759
0.824705, 0.363776
0.844365, 0.368755
0.863238, 0.373956
0.883307, 0.378718
0.90622, 0.382742
0.932083, 0.386301
0.959694, 0.389942
0.988621, 0.393934
0.00787451, 0.411612
0.0371929, 0.40832
0.065095, 0.405311
0.0909919, 0.402316
0.113588, 0.398841
0.133236, 0.394696
0.151918, 0.39023
0.171859, 0.386096
0.194727, 0.382972
0.22075, 0.381198
0.248919, 0.380699
0.278003, 0.381216
0.306911, 0.382402
0.33472, 0.383794
0.360747, 0.38479
0.384769, 0.384769
0.407291, 0.383432
0.429392, 0.381104
0.452055, 0.378544
0.475679, 0.376581
0.5, 0.375848
0.524321, 0.376581
0.547945, 0.378544
0.570608, 0.381104
0.592709, 0.383432
0.615231, 0.384769
0.639253, 0.38479
0.66528, 0.383794
0.693089, 0.382402
0.721997, 0.381216
0.751081, 0.380699
0.77925, 0.381198
0.805273, 0.382972
0.828141, 0.386096
0.848082, 0.39023
0.866764, 0.394696
0.886412, 0.398841
0.909008, 0.402316
0.934905, 0.405311
0.962807, 0.40832
0.992125, 0.411612
0.00502525, 0.429289
0.0346673, 0.42668
0.0628031, 0.424288
0.0887005, 0.421869
0.111003, 0.419001
0.130307, 0.415569
0.148877, 0.411923
0.16915, 0.408655
0.192818, 0.406338
0.219827, 0.405196
0.248928, 0.405114
0.278755, 0.405841
0.30806, 0.407023
0.335712, 0.408133
0.360851, 0.408441
0.383432, 0.407291
0.404635, 0.404635
0.426131, 0.401083
0.449124, 0.397531
0.473952, 0.394923
0.5, 0.393969
0.526048, 0.394923
0.550876, 0.397531
0.573869, 0.401083
0.595365, 0.404635
0.616568, 0.407291
0.639149, 0.408441
0.664288, 0.408133
0.69194, 0.407023
0.721245, 0.405841
0.751072, 0.405114
0.780173, 0.405196
0.807182, 0.406338
0.83085, 0.408655
0.851123, 0.411923
0.869693, 0.415569
0.888997, 0.419001
0.9113, 0.421869
0.937197, 0.424288
0.965333, 0.42668
0.994975, 0.429289
0.00282045, 0.446967
0.0327162, 0.445024
0.0610303, 0.443239
0.0869105, 0.441408
0.108965, 0.439204
0.128003, 0.436563
0.14652, 0.433791
0.167121, 0.431378
0.191482, 0.429763
0.219295, 0.429079
0.249135, 0.42921
0.279511, 0.429936
0.309001, 0.430921
0.336211, 0.431621
0.360118, 0.431282
0.381104, 0.429392
0.401083, 0.426131
0.422141, 0.422141
0.445702, 0.418336
0.472004, 0.415667
0.5, 0.414724
0.527996, 0.415667
0.554298, 0.418336
0.577859, 0.422141
0.598917, 0.426131
0.618896, 0.429392
0.639882, 0.431282
0.663789, 0.431621
0.690999, 0.430921
0.720489, 0.429936
0.750865, 0.42921
0.780705, 0.429079
0.808518, 0.429763
0.832879, 0.431378
0.85348, 0.433791
0.871997, 0.436563
0.891035, 0.439204
0.91309, 0.441408
0.93897, 0.443239
0.967284, 0.445024
0.99718, 0.446967
0.00125157, 0.464645
0.0313295, 0.463356
0.059769, 0.46217
0.085627, 0.460941
0.107493, 0.459445
0.126346, 0.457653
0.144845, 0.45579
0.16572, 0.454205
0.19061, 0.453192
0.219017, 0.452822
0.249389, 0.453003
0.280132, 0.453569
0.30965, 0.454251
0.336283, 0.454582
0.35894, 0.453948
0.378544, 0.452055
0.397531, 0.449124
0.418336, 0.445702
0.442619, 0.442619
0.470346, 0.440601
0.5, 0.439917
0.529654, 0.440601
0.557381, 0.442619
0.581664, 0.445702
0.602469, 0.449124
0.621456, 0.452055
0.64106, 0.453948
0.663717, 0.454582
0.69035, 0.454251
0.719868, 0.453569
0.750611, 0.453003
0.780983, 0.452822
0.80939, 0.453192
0.83428, 0.454205
0.855155, 0.45579
0.873654, 0.457653
0.892507, 0.459445
0.914373, 0.460941
0.940231, 0.46217
0.968671, 0.463356
0.998748, 0.464645
0.000312598, 0.482322
0.0305002, 0.48168
0.0590142, 0.481088
0.0848547, 0.480471
0.106605, 0.479715
0.125348, 0.478809
0.143844, 0.477874
0.1649, 0.47709
0.190122, 0.476603
0.218891, 0.476445
0.249583, 0.476564
0.280532, 0.476871
0.310009, 0.477213
0.336158, 0.477317
0.357904, 0.476847
0.376581, 0.475679
0.394923, 0.473952
0.415667, 0.472004
0.440601, 0.470346
0.469314, 0.469314
0.5, 0.468972
0.530686, 0.469314
0.559399, 0.470346
0.584333, 0.472004
0.605077, 0.473952
0.623419, 0.475679
0.642096, 0.476847
0.663842, 0.477317
0.689991, 0.477213
0.719468, 0.476871
0.750417, 0.476564
0.781109, 0.476445
0.809878, 0.476603
0.8351, 0.47709
0.856156, 0.477874
0.874652, 0.478809
0.893395, 0.479715
0.915145, 0.480471
0.940986, 0.481088
0.9695, 0.48168
0.999687, 0.482322
0, 0.5
0.0302243, 0.5
0.0587629, 0.5
0.0845969, 0.5
0.106307, 0.5
0.125015, 0.5
0.143511, 0.5
0.164631, 0.5
0.189965, 0.5
0.218856, 0.5
0.249655, 0.5
0.280669, 0.5
0.310121, 0.5
0.336081, 0.5
0.357497, 0.5
0.375848, 0.5
0.393969, 0.5
0.414724, 0.5
0.439917, 0.5
0.468972, 0.5
0.5, 0.5
0.531028, 0.5
0.560083, 0.5
0.585276, 0.5
0.606031, 0.5
0.624152, 0.5
0.642503, 0.5
0.663919, 0.5
0.689879, 0.5
0.719331, 0.5
0.750345, 0.5
0.781144, 0.5
0.810035, 0.5
0.835369, 0.5
0.856489, 0.5
0.874985, 0.5
0.893693, 0.5
0.915403, 0.5
0.941237, 0.5
0.969776, 0.5
1, 0.5
0.000312598, 0.517678
0.0305002, 0.51832
0.0590142, 0.518912
0.0848547, 0.519529
0.106605, 0.520285
0.125348, 0.521191
0.143844, 0.522126
0.1649, 0.52291
0.190122, 0.523397
0.218891, 0.523555
0.249583, 0.523436
0.280532, 0.523129
0.310009, 0.522787
0.336158, 0.522683
0.357904, 0.523153
0.376581, 0.524321
0.394923, 0.526048
0.415667, 0.527996
0.440601, 0.529654
0.469314, 0.530686
0.5, 0.531028
0.530686, 0.530686
0.559399, 0.529654
0.584333, 0.527996
0.605077, 0.526048
0.623419, 0.524321
0.642096, 0.523153
0.663842, 0.522683
0.689991, 0.522787
0.719468, 0.523129
0.750417, 0.523436
0.781109, 0.523555
0.809878, 0.523397
0.8351, 0.52291
0.856156, 0.522126
0.874652, 0.521191
0.893395, 0.520285
0.915145, 0.519529
0.940986, 0.518912
0.9695, 0.51832
0.999687, 0.517678
0.00125157, 0.535355
0.0313295, 0.536644
0.059769, 0.53783
0.085627, 0.539059
0.107493, 0.540555
0.126346, 0.542347
0.144845, 0.54421
0.16572, 0.545795
0.19061, 0.546808
0.219017, 0.547178
0.249389, 0.546997
0.280132, 0.546431
0.30965, 0.545749
0.336283, 0.545418
0.35894, 0.546052
0.378544, 0.547945
0.397531, 0.550876
0.418336, 0.554298
0.442619, 0.557381
0.470346, 0.559399
0.5, 0.560083
0.529654, 0.559399
0.557381, 0.557381
0.581664, 0.554298
0.602469, 0.550876
0.621456, 0.547945
0.64106, 0.546052
0.663717, 0.545418
0.69035, 0.545749
0.719868, 0.546431
0.750611, 0.546997
0.780983, 0.547178
0.80939, 0.546808
0.83428, 0.545795
0.855155, 0.54421
0.873654, 0.542347
0.892507, 0.540555
0.914373, 0.539059
0.940231, 0.53783
0.968671, 0.536644
0.998748, 0.535355
0.00282045, 0.553033
0.0327162, 0.554976
0.0610303, 0.556761
0.0869105, 0.558592
0.108965, 0.560796
0.128003, 0.563437
0.14652, 0.566209
0.167121, 0.568622
0.191482, 0.570237
0.219295, 0.570921
0.249135, 0.57079
0.279511, 0.570064
0.309001, 0.569079
0.336211, 0.568379
0.360118, 0.568718
0.381104, 0.570608
0.401083, 0.573869
0.422141, 0.577859
0.445702, 0.581664
0.472004, 0.584333
0.5, 0.585276
0.527996, 0.584333
0.554298, 0.581664
0.577859, 0.577859
0.598917, 0.573869
0.618896, 0.570608
0.639882, 0.568718
0.663789, 0.568379
0.690999, 0.569079
0.720489, 0.570064
0.750865, 0.57079
0.780705, 0.570921
0.808518, 0.570237
0.832879, 0.568622
0.85348, 0.566209
0.871997, 0.563437
0.891035, 0.560796
0.91309, 0.558592
0.93897, 0.556761
0.967284, 0.554976
0.99718, 0.553033
0.00502525, 0.570711
0.0346673, 0.57332
0.0628031, 0.575712
0.0887005, 0.578131
0.111003, 0.580999
0.130307, 0.584431
0.148877, 0.588077
0.16915, 0.591345
0.192818, 0.593662
0.219827, 0.594804
0.248928, 0.594886
0.278755, 0.594159
0.30806, 0.592977
0.335712, 0.591867
0.360851, 0.591559
0.383432, 0.592709
0.404635, 0.595365
0.426131, 0.598917
0.449124, 0.602469
0.473952, 0.605077
0.5, 0.606031
0.526048, 0.605077
0.550876, 0.602469
0.573869, 0.598917
0.595365, 0.595365
0.616568, 0.592709
0.639149, 0.591559
0.664288, 0.591867
0.69194, 0.592977
0.721245, 0.594159
0.751072, 0.594886
0.780173, 0.594804
0.807182, 0.593662
0.83085, 0.591345
0.851123, 0.588077
0.869693, 0.584431
0.888997, 0.580999
0.9113, 0.578131
0.937197, 0.575712
0.965333, 0.57332
0.994975, 0.570711
0.00787451, 0.588388
0.0371929, 0.59168
0.065095, 0.594689
0.0909919, 0.597684
0.113588, 0.601159
0.133236, 0.605304
0.151918, 0.60977
0.171859, 0.613904
0.194727, 0.617028
0.22075, 0.618802
0.248919, 0.619301
0.278003, 0.618784
0.306911, 0.617598
0.33472, 0.616206
0.360747, 0.61521
0.384769, 0.615231
0.407291, 0.616568
0.429392, 0.618896
0.452055, 0.621456
0.475679, 0.623419
0.5, 0.624152
0.524321, 0.623419
0.547945, 0.621456
0.570608, 0.618896
0.592709, 0.616568
0.615231, 0.615231
0.639253, 0.61521
0.66528, 0.616206
0.693089, 0.617598
0.721997, 0.618784
0.751081, 0.619301
0.77925, 0.618802
0.805273, 0.617028
0.828141, 0.613904
0.848082, 0.60977
0.866764, 0.605304
0.886412, 0.601159
0.909008, 0.597684
0.934905, 0.594689
0.962807, 0.59168
0.992125, 0.588388
0.0113795, 0.606066
0.040306, 0.610058
0.0679166, 0.613699
0.0937803, 0.617258
0.116693, 0.621282
0.136762, 0.626044
0.155635, 0.631245
0.175295, 0.636224
0.197328, 0.640241
0.22223, 0.642828
0.249296, 0.643974
0.277455, 0.64392
0.305741, 0.642994
0.33338, 0.641594
0.359815, 0.640185
0.38479, 0.639253
0.408441, 0.639149
0.431282, 0.639882
0.453948, 0.64106
0.476847, 0.642096
0.5, 0.642503
0.523153, 0.642096
0.546052, 0.64106
0.568718, 0.639882
0.591559, 0.639149
0.61521, 0.639253
0.640185, 0.640185
0.66662, 0.641594
0.694259, 0.642994
0.722545, 0.64392
0.750704, 0.643974
0.77777, 0.642828
0.802672, 0.640241
0.824705, 0.636224
0.844365, 0.631245
0.863238, 0.626044
0.883307, 0.621282
0.90622, 0.617258
0.932083, 0.613699
0.959694, 0.610058
0.988621, 0.606066
0.0155544, 0.623744
0.0440231, 0.628459
0.0712822, 0.63275
0.0970641, 0.636867
0.120287, 0.64138
0.140841, 0.64665
0.160002, 0.65247
0.179484, 0.658225
0.200737, 0.663171
0.224453, 0.66673
0.250281, 0.668756
0.277351, 0.669435
0.304814, 0.66907
0.331993, 0.668007
0.358406, 0.66662
0.383794, 0.66528
0.408133, 0.664288
0.431621, 0.663789
0.454582, 0.663717
0.477317, 0.663842
0.5, 0.663919
0.522683, 0.663842
0.545418, 0.663717
0.568379, 0.663789
0.591867, 0.664288
0.616206, 0.66528
0.641594, 0.66662
0.668007, 0.668007
0.695186, 0.66907
0.722649, 0.669435
0.749719, 0.668756
0.775547, 0.66673
0.799263, 0.663171
0.820516, 0.658225
0.839998, 0.65247
0.859159, 0.64665
0.879713, 0.64138
0.902936, 0.636867
0.928718, 0.63275
0.955977, 0.628459
0.984446, 0.623744
0.0204168, 0.641421
0.0483643, 0.646886
0.0752101, 0.651848
0.100846, 0.656524
0.124341, 0.661477
0.145419, 0.66714
0.16497, 0.673436
0.184418, 0.679843
0.205035, 0.685669
0.227602, 0.690287
0.252113, 0.693395
0.277965, 0.695068
0.304438, 0.695562
0.33093, 0.695186
0.357006, 0.694259
0.382402, 0.693089
0.407023, 0.69194
0.430921, 0.690999
0.454251, 0.69035
0.477213, 0.689991
0.5, 0.689879
0.522787, 0.689991
0.545749, 0.69035
0.569079, 0.690999
0.592977, 0.69194
0.617598, 0.693089
0.642994, 0.694259
0.66907, 0.695186
0.695562, 0.695562
0.722035, 0.695068
0.747887, 0.693395
0.772398, 0.690287
0.794965, 0.685669
0.815582, 0.679843
0.83503, 0.673436
0.854581, 0.66714
0.875659, 0.661477
0.899154, 0.656524
0.92479, 0.651848
0.951636, 0.646886
0.979583, 0.641421
0.0259879, 0.659099
0.0533538, 0.66534
0.0797239, 0.671
0.105137, 0.676246
0.128827, 0.681607
0.150427, 0.687557
0.170461, 0.694164
0.190037, 0.701044
0.210236, 0.707603
0.231816, 0.713241
0.255027, 0.717544
0.279579, 0.720421
0.304932, 0.722035
0.330565, 0.722649
0.35608, 0.722545
0.381216, 0.721997
0.405841, 0.721245
0.429936, 0.720489
0.453569, 0.719868
0.476871, 0.719468
0.5, 0.719331
0.523129, 0.719468
0.546431, 0.719868
0.570064, 0.720489
0.594159, 0.721245
0.618784, 0.721997
0.64392, 0.722545
0.669435, 0.722649
0.695068, 0.722035
0.720421, 0.720421
0.744973, 0.717544
0.768184, 0.713241
0.789764, 0.707603
0.809963, 0.701044
0.829539, 0.694164
0.849573, 0.687557
0.871173, 0.681607
0.894863, 0.676246
0.920276, 0.671
0.946646, 0.66534
0.974012, 0.659099
0.0322928, 0.676777
0.0590201, 0.683824
0.0848524, 0.690211
0.109956, 0.696048
0.133731, 0.701808
0.155797, 0.707967
0.176372, 0.71472
0.196233, 0.721856
0.216258, 0.728911
0.237125, 0.735373
0.259195, 0.740805
0.282456, 0.744973
0.306605, 0.747887
0.331244, 0.749719
0.356026, 0.750704
0.380699, 0.751081
0.405114, 0.751072
0.42921, 0.750865
0.453003, 0.750611
0.476564, 0.750417
0.5, 0.750345
0.523436, 0.750417
0.546997, 0.750611
0.57079, 0.750865
0.594886, 0.751072
0.619301, 0.751081
0.643974, 0.750704
0.668756, 0.749719
0.693395, 0.747887
0.717544, 0.744973
0.740805, 0.740805
0.762875, 0.735373
0.783742, 0.728911
0.803767, 0.721856
0.823628, 0.71472
0.844203, 0.707967
0.866269, 0.701808
0.890044, 0.696048
0.915148, 0.690211
0.94098, 0.683824
0.967707, 0.676777
0.0393619, 0.694454
0.0653969, 0.702338
0.0906307, 0.709485
0.115331, 0.715945
0.139057, 0.722122
0.161468, 0.728453
0.182578, 0.735219
0.202847, 0.742385
0.222929, 0.749646
0.243398, 0.756602
0.264627, 0.762875
0.286759, 0.768184
0.309713, 0.772398
0.33327, 0.775547
0.357172, 0.77777
0.381198, 0.77925
0.405196, 0.780173
0.429079, 0.780705
0.452822, 0.780983
0.476445, 0.781109
0.5, 0.781144
0.523555, 0.781109
0.547178, 0.780983
0.570921, 0.780705
0.594804, 0.780173
0.618802, 0.77925
0.642828, 0.77777
0.66673, 0.775547
0.690287, 0.772398
0.713241, 0.768184
0.735373, 0.762875
0.756602, 0.756602
0.777071, 0.749646
0.797153, 0.742385
0.817422, 0.735219
0.838532, 0.728453
0.860943, 0.722122
0.884669, 0.715945
0.909369, 0.709485
0.934603, 0.702338
0.960638, 0.694454
0.0472307, 0.712132
0.0725237, 0.720884
0.0971012, 0.728824
0.121304, 0.735949
0.14483, 0.742586
0.167408, 0.749108
0.188958, 0.75582
0.209681, 0.762828
0.229998, 0.770002
0.250354, 0.777071
0.271089, 0.783742
0.292397, 0.789764
0.314331, 0.794965
0.336829, 0.799263
0.359759, 0.802672
0.382972, 0.805273
0.406338, 0.807182
0.429763, 0.808518
0.453192, 0.80939
0.476603, 0.809878
0.5, 0.810035
0.523397, 0.809878
0.546808, 0.80939
0.570237, 0.808518
0.593662, 0.807182
0.617028, 0.805273
0.640241, 0.802672
0.663171, 0.799263
0.685669, 0.794965
0.707603, 0.789764
0.728911, 0.783742
0.749646, 0.777071
0.770002, 0.770002
0.790319, 0.762828
0.811042, 0.75582
0.832592, 0.749108
0.85517, 0.742586
0.878696, 0.735949
0.902899, 0.728824
0.927476, 0.720884
0.952769, 0.712132
0.055942, 0.72981
0.0804469, 0.739461
0.104314, 0.748229
0.127929, 0.756065
0.1511, 0.763226
0.173634, 0.770012
0.195432, 0.776696
0.216542, 0.783458
0.237172, 0.790319
0.257615, 0.797153
0.278144, 0.803767
0.298956, 0.809963
0.320157, 0.815582
0.341775, 0.820516
0.363776, 0.824705
0.386096, 0.828141
0.408655, 0.83085
0.431378, 0.832879
0.454205, 0.83428
0.47709, 0.8351
0.5, 0.835369
0.52291, 0.8351
0.545795, 0.83428
0.568622, 0.832879
0.591345, 0.83085
0.613904, 0.828141
0.636224, 0.824705
0.658225, 0.820516
0.679843, 0.815582
0.701044, 0.809963
0.721856, 0.803767
0.742385, 0.797153
0.762828, 0.790319
0.783458, 0.783458
0.804568, 0.776696
0.826366, 0.770012
0.8489, 0.763226
0.872071, 0.756065
0.895686, 0.748229
0.919553, 0.739461
0.944058, 0.72981
0.0655463, 0.747487
0.0892206, 0.758067
0.112328, 0.767696
0.13527, 0.776293
0.157942, 0.784057
0.180215, 0.791217
0.202006, 0.797994
0.223304, 0.804568
0.24418, 0.811042
0.264781, 0.817422
0.28528, 0.823628
0.305836, 0.829539
0.326564, 0.83503
0.34753, 0.839998
0.368755, 0.844365
0.39023, 0.848082
0.411923, 0.851123
0.433791, 0.85348
0.45579, 0.855155
0.477874, 0.856156
0.5, 0.856489
0.522126, 0.856156
0.54421, 0.855155
0.566209, 0.85348
0.588077, 0.851123
0.60977, 0.848082
0.631245, 0.844365
0.65247, 0.839998
0.673436, 0.83503
0.694164, 0.829539
0.71472, 0.823628
0.735219, 0.817422
0.75582, 0.811042
0.776696, 0.804568
0.797994, 0.797994
0.819785, 0.791217
0.842058, 0.784057
0.86473, 0.776293
0.887672, 0.767696
0.910779, 0.758067
0.934454, 0.747487
0.0761044, 0.765165
0.0989089, 0.7767
0.121212, 0.78722
0.143409, 0.796627
0.165453, 0.805073
0.187263, 0.812737
0.208783, 0.819785
0.229988, 0.826366
0.250892, 0.832592
0.271547, 0.838532
0.292033, 0.844203
0.312443, 0.849573
0.33286, 0.854581
0.35335, 0.859159
0.373956, 0.863238
0.394696, 0.866764
0.415569, 0.869693
0.436563, 0.871997
0.457653, 0.873654
0.478809, 0.874652
0.5, 0.874985
0.521191, 0.874652
0.542347, 0.873654
0.563437, 0.871997
0.584431, 0.869693
0.605304, 0.866764
0.626044, 0.863238
0.64665, 0.859159
0.66714, 0.854581
0.687557, 0.849573
0.707967, 0.844203
0.728453, 0.838532
0.749108, 0.832592
0.770012, 0.826366
0.791217, 0.819785
0.812737, 0.812737
0.834547, 0.805073
0.856591, 0.796627
0.878788, 0.78722
0.901091, 0.7767
0.923896, 0.765165
0.0876894, 0.782843
0.109588, 0.795357
0.131048, 0.806792
0.152436, 0.81705
0.173745, 0.826255
0.194927, 0.834547
0.215943, 0.842058
0.236774, 0.8489
0.257414, 0.85517
0.277878, 0.860943
0.298192, 0.866269
0.318393, 0.871173
0.338523, 0.875659
0.35862, 0.879713
0.378718, 0.883307
0.398841, 0.886412
0.419001, 0.888997
0.439204, 0.891035
0.459445, 0.892507
0.479715, 0.893395
0.5, 0.893693
0.520285, 0.893395
0.540555, 0.892507
0.560796, 0.891035
0.580999, 0.888997
0.601159, 0.886412
0.621282, 0.883307
0.64138, 0.879713
0.661477, 0.875659
0.681607, 0.871173
0.701808, 0.866269
0.722122, 0.860943
0.742586, 0.85517
0.763226, 0.8489
0.784057, 0.842058
0.805073, 0.834547
0.826255, 0.826255
0.847564, 0.81705
0.868952, 0.806792
0.890412, 0.795357
0.912311, 0.782843
0.100391, 0.80052
0.12135, 0.814033
0.141932, 0.826398
0.162461, 0.837539
0.18295, 0.847564
0.203373, 0.856591
0.223707, 0.86473
0.243935, 0.872071
0.264051, 0.878696
0.284055, 0.884669
0.303952, 0.890044
0.323754, 0.894863
0.343476, 0.899154
0.363133, 0.902936
0.382742, 0.90622
0.402316, 0.909008
0.421869, 0.9113
0.441408, 0.91309
0.460941, 0.914373
0.480471, 0.915145
0.5, 0.915403
0.519529, 0.915145
0.539059, 0.914373
0.558592, 0.91309
0.578131, 0.9113
0.597684, 0.909008
0.617258, 0.90622
0.636867, 0.902936
0.656524, 0.899154
0.676246, 0.894863
0.696048, 0.890044
0.715945, 0.884669
0.735949, 0.878696
0.756065, 0.872071
0.776293, 0.86473
0.796627, 0.856591
0.81705, 0.847564
0.837539, 0.837539
0.858068, 0.826398
0.87865, 0.814033
0.899609, 0.80052
0.114319, 0.818198
0.134305, 0.83272
0.153978, 0.846022
0.173602, 0.858068
0.193208, 0.868952
0.21278, 0.878788
0.232304, 0.887672
0.251771, 0.895686
0.271176, 0.902899
0.290515, 0.909369
0.309789, 0.915148
0.329, 0.920276
0.348152, 0.92479
0.36725, 0.928718
0.386301, 0.932083
0.405311, 0.934905
0.424288, 0.937197
0.443239, 0.93897
0.46217, 0.940231
0.481088, 0.940986
0.5, 0.941237
0.518912, 0.940986
0.53783, 0.940231
0.556761, 0.93897
0.575712, 0.937197
0.594689, 0.934905
0.613699, 0.932083
0.63275, 0.928718
0.651848, 0.92479
0.671, 0.920276
0.690211, 0.915148
0.709485, 0.909369
0.728824, 0.902899
0.748229, 0.895686
0.767696, 0.887672
0.78722, 0.878788
0.806792, 0.868952
0.826398, 0.858068
0.846022, 0.846022
0.865695, 0.83272
0.885681, 0.818198
0.129612, 0.835876
0.148592, 0.851408
0.16728, 0.865695
0.185967, 0.87865
0.204643, 0.890412
0.2233, 0.901091
0.241933, 0.910779
0.260539, 0.919553
0.279116, 0.927476
0.297662, 0.934603
0.316176, 0.94098
0.33466, 0.946646
0.353114, 0.951636
0.371541, 0.955977
0.389942, 0.959694
0.40832, 0.962807
0.42668, 0.965333
0.445024, 0.967284
0.463356, 0.968671
0.48168, 0.9695
0.5, 0.969776
0.51832, 0.9695
0.536644, 0.968671
0.554976, 0.967284
0.57332, 0.965333
0.59168, 0.962807
0.610058, 0.959694
0.628459, 0.955977
0.646886, 0.951636
0.66534, 0.946646
0.683824, 0.94098
0.702338, 0.934603
0.720884, 0.927476
0.739461, 0.919553
0.758067, 0.910779
0.7767, 0.901091
0.795357, 0.890412
0.814033, 0.87865
0.83272, 0.865695
0.851408, 0.851408
0.870388, 0.835876
0.146447, 0.853553
0.164124, 0.870388
0.181802, 0.885681
0.19948, 0.899609
0.217157, 0.912311
0.234835, 0.923896
0.252513, 0.934454
0.27019, 0.944058
0.287868, 0.952769
0.305546, 0.960638
0.323223, 0.967707
0.340901, 0.974012
0.358579, 0.979583
0.376256, 0.984446
0.393934, 0.988621
0.411612, 0.992125
0.429289, 0.994975
0.446967, 0.99718
0.464645, 0.998748
0.482322, 0.999687
0.5, 1
0.517678, 0.999687
0.535355, 0.998748
0.553033, 0.99718
0.570711, 0.994975
0.588388, 0.992125
0.606066, 0.988621
0.623744, 0.984446
0.641421, 0.979583
0.659099, 0.974012
0.676777, 0.967707
0.694454, 0.960638
0.712132, 0.952769
0.72981, 0.944058
0.747487, 0.934454
0.765165, 0.923896
0.782843, 0.912311
0.80052, 0.899609
0.818198, 0.885681
0.835876, 0.870388
0.853553, 0.853553
0.147167, 0.147167
0.165322, 0.131628
0.183518, 0.117554
0.201706, 0.104755
0.219883, 0.0931039
0.238047, 0.0825015
0.256197, 0.0728648
0.274331, 0.0641256
0.292451, 0.0562271
0.310556, 0.0491215
0.328646, 0.0427686
0.346723, 0.0371345
0.364787, 0.0321906
0.38284, 0.0279128
0.400883, 0.0242809
0.418916, 0.0212783
0.436943, 0.0188917
0.454963, 0.0171107
0.47298, 0.0159276
0.490994, 0.0153372
0.509006, 0.0153372
0.52702, 0.0159276
0.545037, 0.0171107
0.563057, 0.0188917
0.581084, 0.0212783
0.599117, 0.0242809
0.61716, 0.0279128
0.635213, 0.0321906
0.653277, 0.0371345
0.671354, 0.0427686
0.689444, 0.0491215
0.707549, 0.0562271
0.725669, 0.0641256
0.743803, 0.0728648
0.761953, 0.0825015
0.780117, 0.0931039
0.798294, 0.104755
0.816482, 0.117554
0.834678, 0.131628
0.852833, 0.147167
0.131628, 0.165322
0.15088, 0.15088
0.170041, 0.137739
0.189195, 0.12584
0.208329, 0.115061
0.227433, 0.105297
0.246498, 0.0964643
0.265521, 0.0884891
0.284496, 0.0813107
0.303424, 0.0748769
0.322305, 0.0691436
0.341141, 0.0640733
0.359935, 0.0596346
0.37869, 0.0558012
0.397411, 0.0525514
0.416103, 0.0498678
0.434772, 0.0477365
0.453422, 0.0461468
0.472058, 0.0450912
0.490687, 0.0445646
0.509313, 0.0445646
0.527942, 0.0450912
0.546578, 0.0461468
0.565228, 0.0477365
0.583897, 0.0498678
0.602589, 0.0525514
0.62131, 0.0558012
0.640065, 0.0596346
0.658859, 0.0640733
0.677695, 0.0691436
0.696576, 0.0748769
0.715504, 0.0813107
0.734479, 0.0884891
0.753502, 0.0964643
0.772567, 0.105297
0.791671, 0.115061
0.810805, 0.12584
0.829959, 0.137739
0.84912, 0.15088
0.868372, 0.165322
0.117554, 0.183518
0.137739, 0.170041
0.157837, 0.157837
0.177903, 0.146824
0.197932, 0.136892
0.217904, 0.12793
0.237802, 0.119845
0.257617, 0.112557
0.277345, 0.105998
0.296986, 0.100112
0.316546, 0.0948526
0.336031, 0.0901826
0.355452, 0.0860736
0.374818, 0.0825046
0.394139, 0.0794609
0.413427, 0.0769327
0.432688, 0.074914
0.451932, 0.0734016
0.471164, 0.0723939
0.490389, 0.0718901
0.509611, 0.0718901
0.528836, 0.0723939
0.548068, 0.0734016
0.567312, 0.074914
0.586573, 0.0769327
0.605861, 0.0794609
0.625182, 0.0825046
0.644548, 0.0860736
0.663969, 0.0901826
0.683454, 0.0948526
0.703014, 0.100112
0.722655, 0.105998
0.742383, 0.112557
0.762198, 0.119845
0.782096, 0.12793
0.802068, 0.136892
0.822097, 0.146824
0.842163, 0.157837
0.862261, 0.170041
0.882446, 0.183518
0.104755, 0.201706
0.12584, 0.189195
0.146824, 0.177903
0.167757, 0.167757
0.188616, 0.158632
0.209365, 0.150402
0.22998, 0.142958
0.250449, 0.136205
0.270772, 0.130066
0.290961, 0.124481
0.311034, 0.119406
0.331015, 0.114816
0.350932, 0.110698
0.37081, 0.107054
0.390668, 0.103893
0.410525, 0.101228
0.430389, 0.0990745
0.450265, 0.0974457
0.470153, 0.0963532
0.49005, 0.0958049
0.50995, 0.0958049
0.529847, 0.0963532
0.549735, 0.0974457
0.569611, 0.0990745
0.589475, 0.101228
0.609332, 0.103893
0.62919, 0.107054
0.649068, 0.110698
0.668985, 0.114816
0.688966, 0.119406
0.709039, 0.124481
0.729228, 0.130066
0.749551, 0.136205
0.77002, 0.142958
0.790635, 0.150402
0.811384, 0.158632
0.832243, 0.167757
0.853176, 0.177903
0.87416, 0.189195
0.895245, 0.201706
0.0931039, 0.219883
0.115061, 0.208329
0.136892, 0.197932
0.158632, 0.188616
0.180228, 0.180228
0.201624, 0.172615
0.222784, 0.16564
0.2437, 0.159185
0.264389, 0.153164
0.284892, 0.147519
0.305263, 0.142233
0.325567, 0.137317
0.34586, 0.132805
0.366187, 0.128741
0.38658, 0.125172
0.407052, 0.122137
0.427605, 0.119672
0.448232, 0.117801
0.468915, 0.116545
0.489634, 0.115914
0.510366, 0.115914
0.531085, 0.116545
0.551768, 0.117801
0.572395, 0.119672
0.592948, 0.122137
0.61342, 0.125172
0.633813, 0.128741
0.65414, 0.132805
0.674433, 0.137317
0.694737, 0.142233
0.715108, 0.147519
0.735611, 0.153164
0.7563, 0.159185
0.777216, 0.16564
0.798376, 0.172615
0.819772, 0.180228
0.841368, 0.188616
0.863108, 0.197932
0.884939, 0.208329
0.906896, 0.219883
0.0825015, 0.238047
0.105297, 0.227433
0.12793, 0.217904
0.150402, 0.209365
0.172615, 0.201624
0.194482, 0.194482
0.215959, 0.187764
0.237054, 0.181329
0.257833, 0.175098
0.278405, 0.169063
0.298898, 0.163276
0.319427, 0.157821
0.340075, 0.152792
0.360894, 0.14827
0.3819, 0.144318
0.403092, 0.140984
0.424447, 0.138296
0.445936, 0.136271
0.467522, 0.134919
0.489168, 0.134243
0.510832, 0.134243
0.532478, 0.134919
0.554064, 0.136271
0.575553, 0.138296
0.596908, 0.140984
0.6181, 0.144318
0.639106, 0.14827
0.659925, 0.152792
0.680573, 0.157821
0.701102, 0.163276
0.721595, 0.169063
0.742167, 0.175098
0.762946, 0.181329
0.784041, 0.187764
0.805518, 0.194482
0.827385, 0.201624
0.849598, 0.209365
0.87207, 0.217904
0.894703, 0.227433
0.917499, 0.238047
0.0728648, 0.256197
0.0964643, 0.246498
0.119845, 0.237802
0.142958, 0.22998
0.16564, 0.222784
0.187764, 0.215959
0.209287, 0.209287
0.230279, 0.202636
0.250918, 0.195998
0.271429, 0.189472
0.292019, 0.183212
0.312833, 0.17737
0.333951, 0.172073
0.355394, 0.16741
0.377144, 0.163433
0.399156, 0.160163
0.421374, 0.157592
0.443742, 0.155699
0.466209, 0.154456
0.48873, 0.153842
0.51127, 0.153842
0.533791, 0.154456
0.556258, 0.155699
0.578626, 0.157592
0.600844, 0.160163
0.622856, 0.163433
0.644606, 0.16741
0.666049, 0.172073
0.687167, 0.17737
0.707981, 0.183212
0.728571, 0.189472
0.749082, 0.195998
0.769721, 0.202636
0.790713, 0.209287
0.812236, 0.215959
0.83436, 0.222784
0.857042, 0.22998
0.880155, 0.237802
0.903536, 0.246498
0.927135, 0.256197
0.0641256, 0.274331
0.0884891, 0.265521
0.112557, 0.257617
0.136205, 0.250449
0.159185, 0.2437
0.181329, 0.237054
0.202636, 0.230279
0.223321, 0.223321
0.243738, 0.21631
0.264233, 0.209476
0.285061, 0.203056
0.306359, 0.197248
0.32816, 0.192188
0.350419, 0.187942
0.373042, 0.184507
0.395921, 0.18183
0.418959, 0.179831
0.442081, 0.178423
0.46524, 0.177531
0.488413, 0.1771
0.511587, 0.1771
0.53476, 0.177531
0.557919, 0.178423
0.581041, 0.179831
0.604079, 0.18183
0.626958, 0.184507
0.649581, 0.187942
0.67184, 0.192188
0.693641, 0.197248
0.714939, 0.203056
0.735767, 0.209476
0.756262, 0.21631
0.776679, 0.223321
0.797364, 0.230279
0.818671, 0.237054
0.840815, 0.2437
0.863795, 0.250449
0.887443, 0.257617
0.911511, 0.265521
0.935874, 0.274331
0.0562271, 0.292451
0.0813107, 0.284496
0.105998, 0.277345
0.130066, 0.270772
0.153164, 0.264389
0.175098, 0.257833
0.195998, 0.250918
0.21631, 0.243738
0.236582, 0.236582
0.257252, 0.229794
0.278584, 0.223681
0.300659, 0.218461
0.323403, 0.214232
0.346644, 0.210966
0.370185, 0.208554
0.393859, 0.206847
0.417547, 0.205692
0.441184, 0.204955
0.464749, 0.204526
0.488257, 0.204331
0.511743, 0.204331
0.535251, 0.204526
0.558816, 0.204955
0.582453, 0.205692
0.606141, 0.206847
0.629815, 0.208554
0.653356, 0.210966
0.676597, 0.214232
0.699341, 0.218461
0.721416, 0.223681
0.742748, 0.229794
0.763418, 0.236582
0.78369, 0.243738
0.804002, 0.250918
0.824902, 0.257833
0.846836, 0.264389
0.869934, 0.270772
0.894002, 0.277345
0.918689, 0.284496
0.943773, 0.292451
0.0491215, 0.310556
0.0748769, 0.303424
0.100112, 0.296986
0.124481, 0.290961
0.147519, 0.284892
0.169063, 0.278405
0.189472, 0.271429
0.209476, 0.264233
0.229794, 0.257252
0.250928, 0.250928
0.273101, 0.24561
0.296246, 0.241463
0.320102, 0.238459
0.344353, 0.236441
0.368724, 0.235203
0.393022, 0.234535
0.417133, 0.234246
0.441021, 0.234175
0.464705, 0.234197
0.488252, 0.23423
0.511748, 0.23423
0.535295, 0.234197
0.558979, 0.234175
0.582867, 0.234246
0.606978, 0.234535
0.631276, 0.235203
0.655647, 0.236441
0.679898, 0.238459
0.703754, 0.241463
0.726899, 0.24561
0.749072, 0.250928
0.770206, 0.257252
0.790524, 0.264233
0.810528, 0.271429
0.830937, 0.278405
0.852481, 0.284892
0.875519, 0.290961
0.899888, 0.296986
0.925123, 0.303424
0.950879, 0.310556
0.0427686, 0.328646
0.0691436, 0.322305
0.0948526, 0.316546
0.119406, 0.311034
0.142233, 0.305263
0.163276, 0.298898
0.183212, 0.292019
0.203056, 0.285061
0.223681, 0.278584
0.24561, 0.273101
0.268917, 0.268917
0.29329, 0.266055
0.318271, 0.264345
0.343442, 0.263542
0.368489, 0.263389
0.393215, 0.263645
0.417531, 0.264096
0.441438, 0.264572
0.465009, 0.26495
0.488361, 0.265157
0.511639, 0.265157
0.534991, 0.26495
0.558562, 0.264572
0.582469, 0.264096
0.606785, 0.263645
0.631511, 0.263389
0.656558, 0.263542
0.681729, 0.264345
0.70671, 0.266055
0.731083, 0.268917
0.75439, 0.273101
0.776319, 0.278584
0.796944, 0.285061
0.816788, 0.292019
0.836724, 0.298898
0.857767, 0.305263
0.880594, 0.311034
0.905147, 0.316546
0.930856, 0.322305
0.957231, 0.328646
0.0371345, 0.346723
0.0640733, 0.341141
0.0901826, 0.336031
0.114816, 0.331015
0.137317, 0.325567
0.157821, 0.319427
0.17737, 0.312833
0.197248, 0.306359
0.218461, 0.300659
0.241463, 0.296246
0.266055, 0.29329
0.291662, 0.291662
0.317683, 0.291105
0.343637, 0.291329
0.369186, 0.292042
0.394143, 0.292973
0.418457, 0.293899
0.442194, 0.294665
0.465493, 0.29519
0.488527, 0.295453
0.511473, 0.295453
0.534507, 0.29519
0.557806, 0.294665
0.581543, 0.293899
0.605857, 0.292973
0.630814, 0.292042
0.656363, 0.291329
0.682317, 0.291105
0.708338, 0.291662
0.733945, 0.29329
0.758537, 0.296246
0.781539, 0.300659
0.802752, 0.306359
0.82263, 0.312833
0.842179, 0.319427
0.862683, 0.325567
0.885184, 0.331015
0.909817, 0.336031
0.935927, 0.341141
0.962865, 0.346723
0.0321906, 0.364787
0.0596346, 0.359935
0.0860736, 0.355452
0.110698, 0.350932
0.132805, 0.34586
0.152792, 0.340075
0.172073, 0.333951
0.192188, 0.32816
0.214232, 0.323403
0.238459, 0.320102
0.264345, 0.318271
0.291105, 0.317683
0.318038, 0.318038
0.344603, 0.319005
0.370443, 0.320245
0.395394, 0.321451
0.419486, 0.322393
0.442898, 0.322978
0.465879, 0.323252
0.488646, 0.323339
0.511354, 0.323339
0.534121, 0.323252
0.557102, 0.322978
0.580514, 0.322393
0.604606, 0.321451
0.629557, 0.320245
0.655397, 0.319005
0.681962, 0.318038
0.708895, 0.317683
0.735655, 0.318271
0.761541, 0.320102
0.785768, 0.323403
0.807812, 0.32816
0.827927, 0.333951
0.847208, 0.340075
0.867195, 0.34586
0.889302, 0.350932
0.913926, 0.355452
0.940365, 0.359935
0.967809, 0.364787
0.0279128, 0.38284
0.0558012, 0.37869
0.0825046, 0.374818
0.107054, 0.37081
0.128741, 0.366187
0.14827, 0.360894
0.16741, 0.355394
0.187942, 0.350419
0.210966, 0.346644
0.236441, 0.344353
0.263542, 0.343442
0.291329, 0.343637
0.319005, 0.344603
0.345955, 0.345955
0.371792, 0.347276
0.396403, 0.348183
0.419983, 0.348458
0.442951, 0.348159
0.465735, 0.347612
0.488563, 0.34721
0.511437, 0.34721
0.534265, 0.347612
0.557049, 0.348159
0.580017, 0.348458
0.603597, 0.348183
0.628208, 0.347276
0.654045, 0.345955
0.680995, 0.344603
0.708671, 0.343637
0.736458, 0.343442
0.763559, 0.344353
0.789034, 0.346644
0.812058, 0.350419
0.83259, 0.355394
0.85173, 0.360894
0.871259, 0.366187
0.892946, 0.37081
0.917495, 0.374818
0.944199, 0.37869
0.972087, 0.38284
0.0242809, 0.400883
0.0525514, 0.397411
0.0794609, 0.394139
0.103893, 0.390668
0.125172, 0.38658
0.144318, 0.3819
0.163433, 0.377144
0.184507, 0.373042
0.208554, 0.370185
0.235203, 0.368724
0.263389, 0.368489
0.292042, 0.369186
0.320245, 0.370443
0.347276, 0.371792
0.372689, 0.372689
0.396487, 0.372657
0.419223, 0.371572
0.441748, 0.369823
0.464683, 0.3681
0.48815, 0.367049
0.51185, 0.367049
0.535317, 0.3681
0.558252, 0.369823
0.580777, 0.371572
0.603513, 0.372657
0.627311, 0.372689
0.652724, 0.371792
0.679755, 0.370443
0.707958, 0.369186
0.736611, 0.368489
0.764797, 0.368724
0.791446, 0.370185
0.815493, 0.373042
0.836567, 0.377144
0.855682, 0.3819
0.874828, 0.38658
0.896107, 0.390668
0.920539, 0.394139
0.947449, 0.397411
0.975719, 0.400883
0.0212783, 0.418916
0.0498678, 0.416103
0.0769327, 0.413427
0.101228, 0.410525
0.122137, 0.407052
0.140984, 0.403092
0.160163, 0.399156
0.18183, 0.395921
0.206847, 0.393859
0.234535, 0.393022
0.263645, 0.393215
0.292973, 0.394143
0.321451, 0.395394
0.348183, 0.396403
0.372657, 0.396487
0.395163, 0.395163
0.416891, 0.392581
0.439159, 0.389457
0.462686, 0.386688
0.487402, 0.38507
0.512598, 0.38507
0.537314, 0.386688
0.560841, 0.389457
0.583109, 0.392581
0.604837, 0.395163
0.627343, 0.396487
0.651817, 0.396403
0.678549, 0.395394
0.707027, 0.394143
0.736355, 0.393215
0.765465, 0.393022
0.793153, 0.393859
0.81817, 0.395921
0.839837, 0.399156
0.859016, 0.403092
0.877863, 0.407052
0.898772, 0.410525
0.923067, 0.413427
0.950132, 0.416103
0.978722, 0.418916
0.0188917, 0.436943
0.0477365, 0.434772
0.074914, 0.432688
0.0990745, 0.430389
0.119672, 0.427605
0.138296, 0.424447
0.157592, 0.421374
0.179831, 0.418959
0.205692, 0.417547
0.234246, 0.417133
0.264096, 0.417531
0.293899, 0.418457
0.322393, 0.419486
0.348458, 0.419983
0.371572, 0.419223
0.392581, 0.416891
0.413365, 0.413365
0.435592, 0.409458
0.460052, 0.406144
0.486436, 0.404264
0.513564, 0.404264
0.539948, 0.406144
0.564408, 0.409458
0.586635, 0.413365
0.607419, 0.416891
0.628428, 0.419223
0.651542, 0.419983
0.677607, 0.419486
0.706101, 0.418457
0.735904, 0.417531
0.765754, 0.417133
0.794308, 0.417547
0.820169, 0.418959
0.842408, 0.421374
0.861704, 0.424447
0.880328, 0.427605
0.900925, 0.430389
0.925086, 0.432688
0.952264, 0.434772
0.981108, 0.436943
0.0171107, 0.454963
0.0461468, 0.453422
0.0734016, 0.451932
0.0974457, 0.450265
0.117801, 0.448232
0.136271, 0.445936
0.155699, 0.443742
0.178423, 0.442081
0.204955, 0.441184
0.234175, 0.441021
0.264572, 0.441438
0.294665, 0.442194
0.322978, 0.442898
0.348159, 0.442951
0.369823, 0.441748
0.389457, 0.439159
0.409458, 0.435592
0.431828, 0.431828
0.457403, 0.42881
0.485497, 0.42719
0.514503, 0.42719
0.542597, 0.42881
0.568172, 0.431828
0.590542, 0.435592
0.610543, 0.439159
0.630177, 0.441748
0.651841, 0.442951
0.677022, 0.442898
0.705335, 0.442194
0.735428, 0.441438
0.765825, 0.441021
0.795045, 0.441184
0.821577, 0.442081
0.844301, 0.443742
0.863729, 0.445936
0.882199, 0.448232
0.902554, 0.450265
0.926598, 0.451932
0.953853, 0.453422
0.982889, 0.454963
0.0159276, 0.47298
0.0450912, 0.472058
0.0723939, 0.471164
0.0963532, 0.470153
0.116545, 0.468915
0.134919, 0.467522
0.154456, 0.466209
0.177531, 0.46524
0.204526, 0.464749
0.234197, 0.464705
0.26495, 0.465009
0.29519, 0.465493
0.323252, 0.465879
0.347612, 0.465735
0.3681, 0.464683
0.386688, 0.462686
0.406144, 0.460052
0.42881, 0.457403
0.455416, 0.455416
0.484821, 0.454402
0.515179, 0.454402
0.544584, 0.455416
0.57119, 0.457403
0.593856, 0.460052
0.613312, 0.462686
0.6319, 0.464683
0.652388, 0.465735
0.676748, 0.465879
0.70481, 0.465493
0.73505, 0.465009
0.765803, 0.464705
0.795474, 0.464749
0.822469, 0.46524
0.845544, 0.466209
0.865081, 0.467522
0.883455, 0.468915
0.903647, 0.470153
0.927606, 0.471164
0.954909, 0.472058
0.984072, 0.47298
0.0153372, 0.490994
0.0445646, 0.490687
0.0718901, 0.490389
0.0958049, 0.49005
0.115914, 0.489634
0.134243, 0.489168
0.153842, 0.48873
0.1771, 0.488413
0.204331, 0.488257
0.23423, 0.488252
0.265157, 0.488361
0.295453, 0.488527
0.323339, 0.488646
0.34721, 0.488563
0.367049, 0.48815
0.38507, 0.487402
0.404264, 0.486436
0.42719, 0.485497
0.454402, 0.484821
0.484483, 0.484483
0.515517, 0.484483
0.545598, 0.484821
0.57281, 0.485497
0.595736, 0.486436
0.61493, 0.487402
0.632951, 0.48815
0.65279, 0.488563
0.676661, 0.488646
0.704547, 0.488527
0.734843, 0.488361
0.76577, 0.488252
0.795669, 0.488257
0.8229, 0.488413
0.846158, 0.48873
0.865757, 0.489168
0.884086, 0.489634
0.904195, 0.49005
0.92811, 0.490389
0.955435, 0.490687
0.984663, 0.490994
0.0153372, 0.509006
0.0445646, 0.509313
0.0718901, 0.509611
0.0958049, 0.50995
0.115914, 0.510366
0.134243, 0.510832
0.153842, 0.51127
0.1771, 0.511587
0.204331, 0.511743
0.23423, 0.511748
0.265157, 0.511639
0.295453, 0.511473
0.323339, 0.511354
0.34721, 0.511437
0.367049, 0.51185
0.38507, 0.512598
0.404264, 0.513564
0.42719, 0.514503
0.454402, 0.515179
0.484483, 0.515517
0.515517, 0.515517
0.545598, 0.515179
0.57281, 0.514503
0.595736, 0.513564
0.61493, 0.512598
0.632951, 0.51185
0.65279, 0.511437
0.676661, 0.511354
0.704547, 0.511473
0.734843, 0.511639
0.76577, 0.511748
0.795669, 0.511743
0.8229, 0.511587
0.846158, 0.51127
0.865757, 0.510832
0.884086, 0.510366
0.904195, 0.50995
0.92811, 0.509611
0.955435, 0.509313
0.984663, 0.509006
0.0159276, 0.52702
0.0450912, 0.527942
0.0723939, 0.528836
0.0963532, 0.529847
0.116545, 0.531085
0.134919, 0.532478
0.154456, 0.533791
0.177531, 0.53476
0.204526, 0.535251
0.234197, 0.535295
0.26495, 0.534991
0.29519, 0.534507
0.323252, 0.534121
0.347612, 0.534265
0.3681, 0.535317
0.386688, 0.537314
0.406144, 0.539948
0.42881, 0.542597
0.455416, 0.544584
0.484821, 0.545598
0.515179, 0.545598
0.544584, 0.544584
0.57119, 0.542597
0.593856, 0.539948
0.613312, 0.537314
0.6319, 0.535317
0.652388, 0.534265
0.676748, 0.534121
0.70481, 0.534507
0.73505, 0.534991
0.765803, 0.535295
0.795474, 0.535251
0.822469, 0.53476
0.845544, 0.533791
0.865081, 0.532478
0.883455, 0.531085
0.903647, 0.529847
0.927606, 0.528836
0.954909, 0.527942
0.984072, 0.52702
0.0171107, 0.545037
0.0461468, 0.546578
0.0734016, 0.548068
0.0974457, 0.549735
0.117801, 0.551768
0.136271, 0.554064
0.155699, 0.556258
0.178423, 0.557919
0.204955, 0.558816
0.234175, 0.558979
0.264572, 0.558562
0.294665, 0.557806
0.322978, 0.557102
0.348159, 0.557049
0.369823, 0.558252
0.389457, 0.560841
0.409458, 0.564408
0.431828, 0.568172
0.457403, 0.57119
0.485497, 0.57281
0.514503, 0.57281
0.542597, 0.57119
0.568172, 0.568172
0.590542, 0.564408
0.610543, 0.560841
0.630177, 0.558252
0.651841, 0.557049
0.677022, 0.557102
0.705335, 0.557806
0.735428, 0.558562
0.765825, 0.558979
0.795045, 0.558816
0.821577, 0.557919
0.844301, 0.556258
0.863729, 0.554064
0.882199, 0.551768
0.902554, 0.549735
0.926598, 0.548068
0.953853, 0.546578
0.982889, 0.545037
0.0188917, 0.563057
0.0477365, 0.565228
0.074914, 0.567312
0.0990745, 0.569611
0.119672, 0.572395
0.138296, 0.575553
0.157592, 0.578626
0.179831, 0.581041
0.205692, 0.582453
0.234246, 0.582867
0.264096, 0.582469
0.293899, 0.581543
0.322393, 0.580514
0.348458, 0.580017
0.371572, 0.580777
0.392581, 0.583109
0.413365, 0.586635
0.435592, 0.590542
0.460052, 0.593856
0.486436, 0.595736
0.513564, 0.595736
0.539948, 0.593856
0.564408, 0.590542
0.586635, 0.586635
0.607419, 0.583109
0.628428, 0.580777
0.651542, 0.580017
0.677607, 0.580514
0.706101, 0.581543
0.735904, 0.582469
0.765754, 0.582867
0.794308, 0.582453
0.820169, 0.581041
0.842408, 0.578626
0.861704, 0.575553
0.880328, 0.572395
0.900925, 0.569611
0.925086, 0.567312
0.952264, 0.565228
0.981108, 0.563057
0.0212783, 0.581084
0.0498678, 0.583897
0.0769327, 0.586573
0.101228, 0.589475
0.122137, 0.592948
0.140984, 0.596908
0.160163, 0.600844
0.18183, 0.604079
0.206847, 0.606141
0.234535, 0.606978
0.263645, 0.606785
0.292973, 0.605857
0.321451, 0.604606
0.348183, 0.603597
0.372657, 0.603513
0.395163, 0.604837
0.416891, 0.607419
0.439159, 0.610543
0.462686, 0.613312
0.487402, 0.61493
0.512598, 0.61493
0.537314, 0.613312
0.560841, 0.610543
0.583109, 0.607419
0.604837, 0.604837
0.627343, 0.603513
0.651817, 0.603597
0.678549, 0.604606
0.707027, 0.605857
0.736355, 0.606785
0.765465, 0.606978
0.793153, 0.606141
0.81817, 0.604079
0.839837, 0.600844
0.859016, 0.596908
0.877863, 0.592948
0.898772, 0.589475
0.923067, 0.586573
0.950132, 0.583897
0.978722, 0.581084
0.0242809, 0.599117
0.0525514, 0.602589
0.0794609, 0.605861
0.103893, 0.609332
0.125172, 0.61342
0.144318, 0.6181
0.163433, 0.622856
0.184507, 0.626958
0.208554, 0.629815
0.235203, 0.631276
0.263389, 0.631511
0.292042, 0.630814
0.320245, 0.629557
0.347276, 0.628208
0.372689, 0.627311
0.396487, 0.627343
0.419223, 0.628428
0.441748, 0.630177
0.464683, 0.6319
0.48815, 0.632951
0.51185, 0.632951
0.535317, 0.6319
0.558252, 0.630177
0.580777, 0.628428
0.603513, 0.627343
0.627311, 0.627311
0.652724, 0.628208
0.679755, 0.629557
0.707958, 0.630814
0.736611, 0.631511
0.764797, 0.631276
0.791446, 0.629815
0.815493, 0.626958
0.836567, 0.622856
0.855682, 0.6181
0.874828, 0.61342
0.896107, 0.609332
0.920539, 0.605861
0.947449, 0.602589
0.975719, 0.599117
0.0279128, 0.61716
0.0558012, 0.62131
0.0825046, 0.625182
0.107054, 0.62919
0.128741, 0.633813
0.14827, 0.639106
0.16741, 0.644606
0.187942, 0.649581
0.210966, 0.653356
0.236441, 0.655647
0.263542, 0.656558
0.291329, 0.656363
0.319005, 0.655397
0.345955, 0.654045
0.371792, 0.652724
0.396403, 0.651817
0.419983, 0.651542
0.442951, 0.651841
0.465735, 0.652388
0.488563, 0.65279
0.511437, 0.65279
0.534265, 0.652388
0.557049, 0.651841
0.580017, 0.651542
0.603597, 0.651817
0.628208, 0.652724
0.654045, 0.654045
0.680995, 0.655397
0.708671, 0.656363
0.736458, 0.656558
0.763559, 0.655647
0.789034, 0.653356
0.812058, 0.649581
0.83259, 0.644606
0.85173, 0.639106
0.871259, 0.633813
0.892946, 0.62919
0.917495, 0.625182
0.944199, 0.62131
0.972087, 0.61716
0.0321906, 0.635213
0.0596346, 0.640065
0.0860736, 0.644548
0.110698, 0.649068
0.132805, 0.65414
0.152792, 0.659925
0.172073, 0.666049
0.192188, 0.67184
0.214232, 0.676597
0.238459, 0.679898
0.264345, 0.681729
0.291105, 0.682317
0.318038, 0.681962
0.344603, 0.680995
0.370443, 0.679755
0.395394, 0.678549
0.419486, 0.677607
0.442898, 0.677022
0.465879, 0.676748
0.488646, 0.676661
0.511354, 0.676661
0.534121, 0.676748
0.557102, 0.677022
0.580514, 0.677607
0.604606, 0.678549
0.629557, 0.679755
0.655397, 0.680995
0.681962, 0.681962
0.708895, 0.682317
0.735655, 0.681729
0.761541, 0.679898
0.785768, 0.676597
0.807812, 0.67184
0.827927, 0.666049
0.847208, 0.659925
0.867195, 0.65414
0.889302, 0.649068
0.913926, 0.644548
0.940365, 0.640065
0.967809, 0.635213
0.0371345, 0.653277
0.0640733, 0.658859
0.0901826, 0.663969
0.114816, 0.668985
0.137317, 0.674433
0.157821, 0.680573
0.17737, 0.687167
0.197248, 0.693641
0.218461, 0.699341
0.241463, 0.703754
0.266055, 0.70671
0.291662, 0.708338
0.317683, 0.708895
0.343637, 0.708671
0.369186, 0.707958
0.394143, 0.707027
0.418457, 0.706101
0.442194, 0.705335
0.465493, 0.70481
0.488527, 0.704547
0.511473, 0.704547
0.534507, 0.70481
0.557806, 0.705335
0.581543, 0.706101
0.605857, 0.707027
0.630814, 0.707958
0.656363, 0.708671
0.682317, 0.708895
0.708338, 0.708338
0.733945, 0.70671
0.758537, 0.703754
0.781539, 0.699341
0.802752, 0.693641
0.82263, 0.687167
0.842179, 0.680573
0.862683, 0.674433
0.885184, 0.668985
0.909817, 0.663969
0.935927, 0.658859
0.962865, 0.653277
0.0427686, 0.671354
0.0691436, 0.677695
0.0948526, 0.683454
0.119406, 0.688966
0.142233, 0.694737
0.163276, 0.701102
0.183212, 0.707981
0.203056, 0.714939
0.223681, 0.721416
0.24561, 0.726899
0.268917, 0.731083
0.29329, 0.733945
0.318271, 0.735655
0.343442, 0.736458
0.368489, 0.736611
0.393215, 0.736355
0.417531, 0.735904
0.441438, 0.735428
0.465009, 0.73505
0.488361, 0.734843
0.511639, 0.734843
0.534991, 0.73505
0.558562, 0.735428
0.582469, 0.735904
0.606785, 0.736355
0.631511, 0.736611
0.656558, 0.736458
0.681729, 0.735655
0.70671, 0.733945
0.731083, 0.731083
0.75439, 0.726899
0.776319, 0.721416
0.796944, 0.714939
0.816788, 0.707981
0.836724, 0.701102
0.857767, 0.694737
0.880594, 0.688966
0.905147, 0.683454
0.930856, 0.677695
0.957231, 0.671354
0.0491215, 0.689444
0.0748769, 0.696576
0.100112, 0.703014
0.124481, 0.709039
0.147519, 0.715108
0.169063, 0.721595
0.189472, 0.728571
0.209476, 0.735767
0.229794, 0.742748
0.250928, 0.749072
0.273101, 0.75439
0.296246, 0.758537
0.320102, 0.761541
0.344353, 0.763559
0.368724, 0.764797
0.393022, 0.765465
0.417133, 0.765754
0.441021, 0.765825
0.464705, 0.765803
0.488252, 0.76577
0.511748, 0.76577
0.535295, 0.765803
0.558979, 0.765825
0.582867, 0.765754
0.606978, 0.765465
0.631276, 0.764797
0.655647, 0.763559
0.679898, 0.761541
0.703754, 0.758537
0.726899, 0.75439
0.749072, 0.749072
0.770206, 0.742748
0.790524, 0.735767
0.810528, 0.728571
0.830937, 0.721595
0.852481, 0.715108
0.875519, 0.709039
0.899888, 0.703014
0.925123, 0.696576
0.950879, 0.689444
0.0562271, 0.707549
0.0813107, 0.715504
0.105998, 0.722655
0.130066, 0.729228
0.153164, 0.735611
0.175098, 0.742167
0.195998, 0.749082
0.21631, 0.756262
0.236582, 0.763418
0.257252, 0.770206
0.278584, 0.776319
0.300659, 0.781539
0.323403, 0.785768
0.346644, 0.789034
0.370185, 0.791446
0.393859, 0.793153
0.417547, 0.794308
0.441184, 0.795045
0.464749, 0.795474
0.488257, 0.795669
0.511743, 0.795669
0.535251, 0.795474
0.558816, 0.795045
0.582453, 0.794308
0.606141, 0.793153
0.629815, 0.791446
0.653356, 0.789034
0.676597, 0.785768
0.699341, 0.781539
0.721416, 0.776319
0.742748, 0.770206
0.763418, 0.763418
0.78369, 0.756262
0.804002, 0.749082
0.824902, 0.742167
0.846836, 0.735611
0.869934, 0.729228
0.894002, 0.722655
0.918689, 0.715504
0.943773, 0.707549
0.0641256, 0.725669
0.0884891, 0.734479
0.112557, 0.742383
0.136205, 0.749551
0.159185, 0.7563
0.181329, 0.762946
0.202636, 0.769721
0.223321, 0.776679
0.243738, 0.78369
0.264233, 0.790524
0.285061, 0.796944
0.306359, 0.802752
0.32816, 0.807812
0.350419, 0.812058
0.373042, 0.815493
0.395921, 0.81817
0.418959, 0.820169
0.442081, 0.821577
0.46524, 0.822469
0.488413, 0.8229
0.511587, 0.8229
0.53476, 0.822469
0.557919, 0.821577
0.581041, 0.820169
0.604079, 0.81817
0.626958, 0.815493
0.649581, 0.812058
0.67184, 0.807812
0.693641, 0.802752
0.714939, 0.796944
0.735767, 0.790524
0.756262, 0.78369
0.776679, 0.776679
0.797364, 0.769721
0.818671, 0.762946
0.840815, 0.7563
0.863795, 0.749551
0.887443, 0.742383
0.911511, 0.734479
0.935874, 0.725669
0.0728648, 0.743803
0.0964643, 0.753502
0.119845, 0.762198
0.142958, 0.77002
0.16564, 0.777216
0.187764, 0.784041
0.209287, 0.790713
0.230279, 0.797364
0.250918, 0.804002
0.271429, 0.810528
0.292019, 0.816788
0.312833, 0.82263
0.333951, 0.827927
0.355394, 0.83259
0.377144, 0.836567
0.399156, 0.839837
0.421374, 0.842408
0.443742, 0.844301
0.466209, 0.845544
0.48873, 0.846158
0.51127, 0.846158
0.533791, 0.845544
0.556258, 0.844301
0.578626, 0.842408
0.600844, 0.839837
0.622856, 0.836567
0.644606, 0.83259
0.666049, 0.827927
0.687167, 0.82263
0.707981, 0.816788
0.728571, 0.810528
0.749082, 0.804002
0.769721, 0.797364
0.790713, 0.790713
0.812236, 0.784041
0.83436, 0.777216
0.857042, 0.77002
0.880155, 0.762198
0.903536, 0.753502
0.927135, 0.743803
0.0825015, 0.761953
0.105297, 0.772567
0.12793, 0.782096
0.150402, 0.790635
0.172615, 0.798376
0.194482, 0.805518
0.215959, 0.812236
0.237054, 0.818671
0.257833, 0.824902
0.278405, 0.830937
0.298898, 0.836724
0.319427, 0.842179
0.340075, 0.847208
0.360894, 0.85173
0.3819, 0.855682
0.403092, 0.859016
0.424447, 0.861704
0.445936, 0.863729
0.467522, 0.865081
0.489168, 0.865757
0.510832, 0.865757
0.532478, 0.865081
0.554064, 0.863729
0.575553, 0.861704
0.596908, 0.859016
0.6181, 0.855682
0.639106, 0.85173
0.659925, 0.847208
0.680573, 0.842179
0.701102, 0.836724
0.721595, 0.830937
0.742167, 0.824902
0.762946, 0.818671
0.784041, 0.812236
0.805518, 0.805518
0.827385, 0.798376
0.849598, 0.790635
0.87207, 0.782096
0.894703, 0.772567
0.917499, 0.761953
0.0931039, 0.780117
0.115061, 0.791671
0.136892, 0.802068
0.158632, 0.811384
0.180228, 0.819772
0.201624, 0.827385
0.222784, 0.83436
0.2437, 0.840815
0.264389, 0.846836
0.284892, 0.852481
0.305263, 0.857767
0.325567, 0.862683
0.34586, 0.867195
0.366187, 0.871259
0.38658, 0.874828
0.407052, 0.877863
0.427605, 0.880328
0.448232, 0.882199
0.468915, 0.883455
0.489634, 0.884086
0.510366, 0.884086
0.531085, 0.883455
0.551768, 0.882199
0.572395, 0.880328
0.592948, 0.877863
0.61342, 0.874828
0.633813, 0.871259
0.65414, 0.867195
0.674433, 0.862683
0.694737, 0.857767
0.715108, 0.852481
0.735611, 0.846836
0.7563, 0.840815
0.777216, 0.83436
0.798376, 0.827385
0.819772, 0.819772
0.841368, 0.811384
0.863108, 0.802068
0.884939, 0.791671
0.906896, 0.780117
0.104755, 0.798294
0.12584, 0.810805
0.146824, 0.822097
0.167757, 0.832243
0.188616, 0.841368
0.209365, 0.849598
0.22998, 0.857042
0.250449, 0.863795
0.270772, 0.869934
0.290961, 0.875519
0.311034, 0.880594
0.331015, 0.885184
0.350932, 0.889302
0.37081, 0.892946
0.390668, 0.896107
0.410525, 0.898772
0.430389, 0.900925
0.450265, 0.902554
0.470153, 0.903647
0.49005, 0.904195
0.50995, 0.904195
0.529847, 0.903647
0.549735, 0.902554
0.569611, 0.900925
0.589475, 0.898772
0.609332, 0.896107
0.62919, 0.892946
0.649068, 0.889302
0.668985, 0.885184
0.688966, 0.880594
0.709039, 0.875519
0.729228, 0.869934
0.749551, 0.863795
0.77002, 0.857042
0.790635, 0.849598
0.811384, 0.841368
0.832243, 0.832243
0.853176, 0.822097
0.87416, 0.810805
0.895245, 0.798294
0.117554, 0.816482
0.137739, 0.829959
0.157837, 0.842163
0.177903, 0.853176
0.197932, 0.863108
0.217904, 0.87207
0.237802, 0.880155
0.257617, 0.887443
0.277345, 0.894002
0.296986, 0.899888
0.316546, 0.905147
0.336031, 0.909817
0.355452, 0.913926
0.374818, 0.917495
0.394139, 0.920539
0.413427, 0.923067
0.432688, 0.925086
0.451932, 0.926598
0.471164, 0.927606
0.490389, 0.92811
0.509611, 0.92811
0.528836, 0.927606
0.548068, 0.926598
0.567312, 0.925086
0.586573, 0.923067
0.605861, 0.920539
0.625182, 0.917495
0.644548, 0.913926
0.663969, 0.909817
0.683454, 0.905147
0.703014, 0.899888
0.722655, 0.894002
0.742383, 0.887443
0.762198, 0.880155
0.782096, 0.87207
0.802068, 0.863108
0.822097, 0.853176
0.842163, 0.842163
0.862261, 0.829959
0.882446, 0.816482
0.131628, 0.834678
0.15088, 0.84912
0.170041, 0.862261
0.189195, 0.87416
0.208329, 0.884939
0.227433, 0.894703
0.246498, 0.903536
0.265521, 0.911511
0.284496, 0.918689
0.303424, 0.925123
0.322305, 0.930856
0.341141, 0.935927
0.359935, 0.940365
0.37869, 0.944199
0.397411, 0.947449
0.416103, 0.950132
0.434772, 0.952264
0.453422, 0.953853
0.472058, 0.954909
0.490687, 0.955435
0.509313, 0.955435
0.527942, 0.954909
0.546578, 0.953853
0.565228, 0.952264
0.583897, 0.950132
0.602589, 0.947449
0.62131, 0.944199
0.640065, 0.940365
0.658859, 0.935927
0.677695, 0.930856
0.696576, 0.925123
0.715504, 0.918689
0.734479, 0.911511
0.753502, 0.903536
0.772567, 0.894703
0.791671, 0.884939
0.810805, 0.87416
0.829959, 0.862261
0.84912, 0.84912
0.868372, 0.834678
0.147167, 0.852833
0.165322, 0.868372
0.183518, 0.882446
0.201706, 0.895245
0.219883, 0.906896
0.238047, 0.917499
0.256197, 0.927135
0.274331, 0.935874
0.292451, 0.943773
0.310556, 0.950879
0.328646, 0.957231
0.346723, 0.962865
0.364787, 0.967809
0.38284, 0.972087
0.400883, 0.975719
0.418916, 0.978722
0.436943, 0.981108
0.454963, 0.982889
0.47298, 0.984072
0.490994, 0.984663
0.509006, 0.984663
0.52702, 0.984072
0.545037, 0.982889
0.563057, 0.981108
0.581084, 0.978722
0.599117, 0.975719
0.61716, 0.972087
0.635213, 0.967809
0.653277, 0.962865
0.671354, 0.957231
0.689444, 0.950879
0.707549, 0.943773
0.725669, 0.935874
0.743803, 0.927135
0.761953, 0.917499
0.780117, 0.906896
0.798294, 0.895245
0.816482, 0.882446
0.834678, 0.868372
0.852833, 0.852833
