0.146447, 0.146447
0.164124, 0.129612
0.181802, 0.114319
0.19948, 0.100391
0.217157, 0.0876894
0.234835, 0.0761044
0.252513, 0.0655463
0.27019, 0.055942
0.287868, 0.0472307
0.305546, 0.0393619
0.323223, 0.0322928
0.340901, 0.0259879
0.358579, 0.0204168
0.376256, 0.0155544
0.393934, 0.0113795
0.411612, 0.00787451
0.429289, 0.00502525
0.446967, 0.00282045
0.464645, 0.00125157
0.482322, 0.000312598
0.5, 0
0.517678, 0.000312598
0.535355, 0.00125157
0.553033, 0.00282045
0.570711, 0.00502525
0.588388, 0.00787451
0.606066, 0.0113795
0.623744, 0.0155544
0.641421, 0.0204168
0.659099, 0.0259879
0.676777, 0.0322928
0.694454, 0.0393619
0.712132, 0.0472307
0.72981, 0.055942
0.747487, 0.0655463
0.765165, 0.0761044
0.782843, 0.0876894
0.80052, 0.100391
0.818198, 0.114319
0.835876, 0.129612
0.853553, 0.146447
0.129612, 0.164124
0.14866, 0.14866
0.167358, 0.134395
0.186059, 0.121465
0.204746, 0.10973
0.223412, 0.0990787
0.242052, 0.0894183
0.260663, 0.0806723
0.279242, 0.0727765
0.297787, 0.0656763
0.316298, 0.059325
0.334777, 0.0536829
0.353224, 0.048716
0.371641, 0.0443953
0.390032, 0.0406966
0.408398, 0.0375995
0.426744, 0.0350873
0.445073, 0.0331467
0.463389, 0.0317677
0.481697, 0.0309431
0.5, 0.0306687
0.518303, 0.0309431
0.536611, 0.0317677
0.554927, 0.0331467
0.573256, 0.0350873
0.591602, 0.0375995
0.609968, 0.0406966
0.628359, 0.0443953
0.646776, 0.048716
0.665223, 0.0536829
0.683702, 0.059325
0.702213, 0.0656763
0.720758, 0.0727765
0.739337, 0.0806723
0.757948, 0.0894183
0.776588, 0.0990787
0.795254, 0.10973
0.813941, 0.121465
0.832642, 0.134395
0.85134, 0.14866
0.870388, 0.164124
0.114319, 0.181802
0.134395, 0.167358
0.15411, 0.15411
0.17376, 0.142108
0.19339, 0.131271
0.21298, 0.121482
0.232518, 0.112646
0.251995, 0.104679
0.271404, 0.0975119
0.290742, 0.0910851
0.310011, 0.0853477
0.329212, 0.0802568
0.34835, 0.0757768
0.36743, 0.0718786
0.386461, 0.0685386
0.405448, 0.0657384
0.4244, 0.0634638
0.443324, 0.0617043
0.462227, 0.0604523
0.481117, 0.059703
0.5, 0.0594535
0.518883, 0.059703
0.537773, 0.0604523
0.556676, 0.0617043
0.5756, 0.0634638
0.594552, 0.0657384
0.613539, 0.0685386
0.63257, 0.0718786
0.65165, 0.0757768
0.670788, 0.0802568
0.689989, 0.0853477
0.709258, 0.0910851
0.728596, 0.0975119
0.748005, 0.104679
0.767482, 0.112646
0.78702, 0.121482
0.80661, 0.131271
0.82624, 0.142108
0.84589, 0.15411
0.865605, 0.167358
0.885681, 0.181802
0.100391, 0.19948
0.121465, 0.186059
0.142108, 0.17376
0.162681, 0.162681
0.183205, 0.152718
0.203656, 0.143752
0.224009, 0.135675
0.244248, 0.12839
0.264367, 0.121818
0.284364, 0.11589
0.304247, 0.110552
0.324029, 0.105762
0.343726, 0.101492
0.363355, 0.0977234
0.382933, 0.0944469
0.402475, 0.0916613
0.421996, 0.0893697
0.441503, 0.0875779
0.461004, 0.0862922
0.480502, 0.0855182
0.5, 0.0852598
0.519498, 0.0855182
0.538996, 0.0862922
0.558497, 0.0875779
0.578004, 0.0893697
0.597525, 0.0916613
0.617067, 0.0944469
0.636645, 0.0977234
0.656274, 0.101492
0.675971, 0.105762
0.695753, 0.110552
0.715636, 0.11589
0.735633, 0.121818
0.755752, 0.12839
0.775991, 0.135675
0.796344, 0.143752
0.816795, 0.152718
0.837319, 0.162681
0.857892, 0.17376
0.878535, 0.186059
0.899609, 0.19948
0.0876894, 0.217157
0.10973, 0.204746
0.131271, 0.19339
0.152718, 0.183205
0.174072, 0.174072
0.195288, 0.16585
0.216323, 0.158403
0.237157, 0.151612
0.257786, 0.145378
0.278225, 0.139625
0.298505, 0.134302
0.318666, 0.129386
0.338754, 0.124876
0.358811, 0.120794
0.378871, 0.117167
0.39896, 0.114031
0.419091, 0.111418
0.439267, 0.109357
0.459485, 0.107868
0.479734, 0.106969
0.5, 0.106668
0.520266, 0.106969
0.540515, 0.107868
0.560733, 0.109357
0.580909, 0.111418
0.60104, 0.114031
0.621129, 0.117167
0.641189, 0.120794
0.661246, 0.124876
0.681334, 0.129386
0.701495, 0.134302
0.721775, 0.139625
0.742214, 0.145378
0.762843, 0.151612
0.783677, 0.158403
0.804712, 0.16585
0.825928, 0.174072
0.847282, 0.183205
0.868729, 0.19339
0.89027, 0.204746
0.912311, 0.217157
0.0761044, 0.234835
0.0990787, 0.223412
0.121482, 0.21298
0.143752, 0.203656
0.16585, 0.195288
0.187693, 0.187693
0.209218, 0.180694
0.230403, 0.174138
0.251265, 0.167907
0.271864, 0.161936
0.292288, 0.156215
0.312638, 0.150784
0.333002, 0.145711
0.353449, 0.141071
0.37402, 0.136935
0.394734, 0.133359
0.41559, 0.130388
0.436572, 0.128051
0.457656, 0.12637
0.47881, 0.125357
0.5, 0.125018
0.52119, 0.125357
0.542344, 0.12637
0.563428, 0.128051
0.58441, 0.130388
0.605266, 0.133359
0.62598, 0.136935
0.646551, 0.141071
0.666998, 0.145711
0.687362, 0.150784
0.707712, 0.156215
0.728136, 0.161936
0.748735, 0.167907
0.769597, 0.174138
0.790782, 0.180694
0.812307, 0.187693
0.83415, 0.195288
0.856248, 0.203656
0.878518, 0.21298
0.900921, 0.223412
0.923896, 0.234835
0.0655463, 0.252513
0.0894183, 0.242052
0.112646, 0.232518
0.135675, 0.224009
0.158403, 0.216323
0.180694, 0.209218
0.202462, 0.202462
0.2237, 0.195868
0.244493, 0.189337
0.265004, 0.182877
0.285421, 0.176581
0.305908, 0.170579
0.326582, 0.165
0.347507, 0.15995
0.368706, 0.155509
0.390167, 0.151726
0.411858, 0.148628
0.433734, 0.146226
0.455748, 0.144517
0.477852, 0.143496
0.5, 0.143156
0.522148, 0.143496
0.544252, 0.144517
0.566266, 0.146226
0.588142, 0.148628
0.609833, 0.151726
0.631294, 0.155509
0.652493, 0.15995
0.673418, 0.165
0.694092, 0.170579
0.714579, 0.176581
0.734996, 0.182877
0.755507, 0.189337
0.7763, 0.195868
0.797538, 0.202462
0.819306, 0.209218
0.841597, 0.216323
0.864325, 0.224009
0.887354, 0.232518
0.910582, 0.242052
0.934454, 0.252513
0.055942, 0.27019
0.0806723, 0.260663
0.104679, 0.251995
0.12839, 0.244248
0.151612, 0.237157
0.174138, 0.230403
0.195868, 0.2237
0.21687, 0.21687
0.23738, 0.20991
0.257713, 0.202964
0.278149, 0.196238
0.298886, 0.18993
0.320032, 0.184201
0.341613, 0.179164
0.363598, 0.17488
0.38592, 0.171361
0.408496, 0.168584
0.431249, 0.166504
0.454114, 0.165068
0.477043, 0.164227
0.5, 0.163951
0.522957, 0.164227
0.545886, 0.165068
0.568751, 0.166504
0.591504, 0.168584
0.61408, 0.171361
0.636402, 0.17488
0.658387, 0.179164
0.679968, 0.184201
0.701114, 0.18993
0.721851, 0.196238
0.742287, 0.202964
0.76262, 0.20991
0.78313, 0.21687
0.804132, 0.2237
0.825862, 0.230403
0.848388, 0.237157
0.87161, 0.244248
0.895321, 0.251995
0.919328, 0.260663
0.944058, 0.27019
0.0472307, 0.287868
0.0727765, 0.279242
0.0975119, 0.271404
0.121818, 0.264367
0.145378, 0.257786
0.167907, 0.251265
0.189337, 0.244493
0.20991, 0.23738
0.230082, 0.230082
0.250313, 0.222883
0.270944, 0.216079
0.292171, 0.209923
0.314051, 0.204595
0.336525, 0.200184
0.35946, 0.196687
0.382702, 0.194025
0.406113, 0.19208
0.429591, 0.190726
0.453077, 0.189849
0.476546, 0.189359
0.5, 0.189202
0.523454, 0.189359
0.546923, 0.189849
0.570409, 0.190726
0.593887, 0.19208
0.617298, 0.194025
0.64054, 0.196687
0.663475, 0.200184
0.685949, 0.204595
0.707829, 0.209923
0.729056, 0.216079
0.749687, 0.222883
0.769918, 0.230082
0.79009, 0.23738
0.810663, 0.244493
0.832093, 0.251265
0.854622, 0.257786
0.878182, 0.264367
0.902488, 0.271404
0.927223, 0.279242
0.952769, 0.287868
0.0393619, 0.305546
0.0656763, 0.297787
0.0910851, 0.290742
0.11589, 0.284364
0.139625, 0.278225
0.161936, 0.271864
0.182877, 0.265004
0.202964, 0.257713
0.222883, 0.250313
0.24321, 0.24321
0.264324, 0.236787
0.286376, 0.231336
0.309298, 0.22701
0.33287, 0.223792
0.356821, 0.221547
0.380914, 0.22008
0.404982, 0.219193
0.428931, 0.218705
0.45273, 0.218467
0.476402, 0.218369
0.5, 0.218344
0.523598, 0.218369
0.54727, 0.218467
0.571069, 0.218705
0.595018, 0.219193
0.619086, 0.22008
0.643179, 0.221547
0.66713, 0.223792
0.690702, 0.22701
0.713624, 0.231336
0.735676, 0.236787
0.75679, 0.24321
0.777117, 0.250313
0.797036, 0.257713
0.817123, 0.265004
0.838064, 0.271864
0.860375, 0.278225
0.88411, 0.284364
0.908915, 0.290742
0.934324, 0.297787
0.960638, 0.305546
0.0322928, 0.323223
0.059325, 0.316298
0.0853477, 0.310011
0.110552, 0.304247
0.134302, 0.298505
0.156215, 0.292288
0.176581, 0.285421
0.196238, 0.278149
0.216079, 0.270944
0.236787, 0.264324
0.258741, 0.258741
0.281955, 0.254463
0.306129, 0.251504
0.330846, 0.249692
0.355728, 0.248776
0.3805, 0.248498
0.404996, 0.248615
0.429151, 0.248923
0.452979, 0.249259
0.476557, 0.249505
0.5, 0.249595
0.523443, 0.249505
0.547021, 0.249259
0.570849, 0.248923
0.595004, 0.248615
0.6195, 0.248498
0.644272, 0.248776
0.669154, 0.249692
0.693871, 0.251504
0.718045, 0.254463
0.741259, 0.258741
0.763213, 0.264324
0.783921, 0.270944
0.803762, 0.278149
0.823419, 0.285421
0.843785, 0.292288
0.865698, 0.298505
0.889448, 0.304247
0.914652, 0.310011
0.940675, 0.316298
0.967707, 0.323223
0.0259879, 0.340901
0.0536829, 0.334777
0.0802568, 0.329212
0.105762, 0.324029
0.129386, 0.318666
0.150784, 0.312638
0.170579, 0.305908
0.18993, 0.298886
0.209923, 0.292171
0.231336, 0.286376
0.254463, 0.281955
0.279038, 0.279038
0.304495, 0.277468
0.33027, 0.276964
0.355928, 0.277218
0.381179, 0.277933
0.405881, 0.278845
0.430009, 0.27974
0.45364, 0.280465
0.476913, 0.280928
0.5, 0.281087
0.523087, 0.280928
0.54636, 0.280465
0.569991, 0.27974
0.594119, 0.278845
0.618821, 0.277933
0.644072, 0.277218
0.66973, 0.276964
0.695505, 0.277468
0.720962, 0.279038
0.745537, 0.281955
0.768664, 0.286376
0.790077, 0.292171
0.81007, 0.298886
0.829421, 0.305908
0.849216, 0.312638
0.870614, 0.318666
0.894238, 0.324029
0.919743, 0.329212
0.946317, 0.334777
0.974012, 0.340901
0.0204168, 0.358579
0.048716, 0.353224
0.0757768, 0.34835
0.101492, 0.343726
0.124876, 0.338754
0.145711, 0.333002
0.165, 0.326582
0.184201, 0.320032
0.204595, 0.314051
0.22701, 0.309298
0.251504, 0.306129
0.277468, 0.304495
0.304124, 0.304124
0.330813, 0.304679
0.357058, 0.305811
0.382569, 0.307183
0.407242, 0.308507
0.431133, 0.309583
0.454414, 0.310322
0.4773, 0.31073
0.5, 0.310857
0.5227, 0.31073
0.545586, 0.310322
0.568867, 0.309583
0.592758, 0.308507
0.617431, 0.307183
0.642942, 0.305811
0.669187, 0.304679
0.695876, 0.304124
0.722532, 0.304495
0.748496, 0.306129
0.77299, 0.309298
0.795405, 0.314051
0.815799, 0.320032
0.835, 0.326582
0.854289, 0.333002
0.875124, 0.338754
0.898508, 0.343726
0.924223, 0.34835
0.951284, 0.353224
0.979583, 0.358579
0.0155544, 0.376256
0.0443953, 0.371641
0.0718786, 0.36743
0.0977234, 0.363355
0.120794, 0.358811
0.141071, 0.353449
0.15995, 0.347507
0.179164, 0.341613
0.200184, 0.336525
0.223792, 0.33287
0.249692, 0.330846
0.276964, 0.33027
0.304679, 0.330813
0.332095, 0.332095
0.358682, 0.333703
0.384156, 0.335234
0.408496, 0.336358
0.431921, 0.336925
0.454787, 0.337015
0.477419, 0.336886
0.5, 0.336806
0.522581, 0.336886
0.545213, 0.337015
0.568079, 0.336925
0.591504, 0.336358
0.615844, 0.335234
0.641318, 0.333703
0.667905, 0.332095
0.695321, 0.330813
0.723036, 0.33027
0.750308, 0.330846
0.776208, 0.33287
0.799816, 0.336525
0.820836, 0.341613
0.84005, 0.347507
0.858929, 0.353449
0.879206, 0.358811
0.902277, 0.363355
0.928121, 0.36743
0.955605, 0.371641
0.984446, 0.376256
0.0113795, 0.393934
0.0406966, 0.390032
0.0685386, 0.386461
0.0944469, 0.382933
0.117167, 0.378871
0.136935, 0.37402
0.155509, 0.368706
0.17488, 0.363598
0.196687, 0.35946
0.221547, 0.356821
0.248776, 0.355728
0.277218, 0.355928
0.305811, 0.357058
0.333703, 0.358682
0.360285, 0.360285
0.385281, 0.361339
0.408851, 0.361471
0.431568, 0.360696
0.454117, 0.359453
0.476923, 0.358367
0.5, 0.357941
0.523077, 0.358367
0.545883, 0.359453
0.568432, 0.360696
0.591149, 0.361471
0.614719, 0.361339
0.639715, 0.360285
0.666297, 0.358682
0.694189, 0.357058
0.722782, 0.355928
0.751224, 0.355728
0.778453, 0.356821
0.803313, 0.35946
0.82512, 0.363598
0.844491, 0.368706
0.863065, 0.37402
0.882833, 0.378871
0.905553, 0.382933
0.931461, 0.386461
0.959303, 0.390032
0.988621, 0.393934
0.00787451, 0.411612
0.0375995, 0.408398
0.0657384, 0.405448
0.0916613, 0.402475
0.114031, 0.39896
0.133359, 0.394734
0.151726, 0.390167
0.171361, 0.38592
0.194025, 0.382702
0.22008, 0.380914
0.248498, 0.3805
0.277933, 0.381179
0.307183, 0.382569
0.335234, 0.384156
0.361339, 0.385281
0.385276, 0.385276
0.407636, 0.383864
0.429588, 0.381429
0.452146, 0.37877
0.475709, 0.376734
0.5, 0.375974
0.524291, 0.376734
0.547854, 0.37877
0.570412, 0.381429
0.592364, 0.383864
0.614724, 0.385276
0.638661, 0.385281
0.664766, 0.384156
0.692817, 0.382569
0.722067, 0.381179
0.751502, 0.3805
0.77992, 0.380914
0.805975, 0.382702
0.828639, 0.38592
0.848274, 0.390167
0.866641, 0.394734
0.885969, 0.39896
0.908339, 0.402475
0.934262, 0.405448
0.9624, 0.408398
0.992125, 0.411612
0.00502525, 0.429289
0.0350873, 0.426744
0.0634638, 0.4244
0.0893697, 0.421996
0.111418, 0.419091
0.130388, 0.41559
0.148628, 0.411858
0.168584, 0.408496
0.19208, 0.406113
0.219193, 0.404982
0.248615, 0.404996
0.278845, 0.405881
0.308507, 0.407242
0.336358, 0.408496
0.361471, 0.408851
0.383864, 0.407636
0.404863, 0.404863
0.426202, 0.401178
0.449102, 0.397489
0.47391, 0.394766
0.5, 0.393764
0.52609, 0.394766
0.550898, 0.397489
0.573798, 0.401178
0.595137, 0.404863
0.616136, 0.407636
0.638529, 0.408851
0.663642, 0.408496
0.691493, 0.407242
0.721155, 0.405881
0.751385, 0.404996
0.780807, 0.404982
0.80792, 0.406113
0.831416, 0.408496
0.851372, 0.411858
0.869612, 0.41559
0.888582, 0.419091
0.91063, 0.421996
0.936536, 0.4244
0.964913, 0.426744
0.994975, 0.429289
0.00282045, 0.446967
0.0331467, 0.445073
0.0617043, 0.443324
0.0875779, 0.441503
0.109357, 0.439267
0.128051, 0.436572
0.146226, 0.433734
0.166504, 0.431249
0.190726, 0.429591
0.218705, 0.428931
0.248923, 0.429151
0.27974, 0.430009
0.309583, 0.431133
0.336925, 0.431921
0.360696, 0.431568
0.381429, 0.429588
0.401178, 0.426202
0.422053, 0.422053
0.445508, 0.41805
0.471846, 0.415201
0.5, 0.414185
0.528154, 0.415201
0.554492, 0.41805
0.577947, 0.422053
0.598822, 0.426202
0.618571, 0.429588
0.639304, 0.431568
0.663075, 0.431921
0.690417, 0.431133
0.72026, 0.430009
0.751077, 0.429151
0.781295, 0.428931
0.809274, 0.429591
0.833496, 0.431249
0.853774, 0.433734
0.871949, 0.436572
0.890643, 0.439267
0.912422, 0.441503
0.938296, 0.443324
0.966853, 0.445073
0.99718, 0.446967
0.00125157, 0.464645
0.0317677, 0.463389
0.0604523, 0.462227
0.0862922, 0.461004
0.107868, 0.459485
0.12637, 0.457656
0.144517, 0.455748
0.165068, 0.454114
0.189849, 0.453077
0.218467, 0.45273
0.249259, 0.452979
0.280465, 0.45364
0.310322, 0.454414
0.337015, 0.454787
0.359453, 0.454117
0.37877, 0.452146
0.397489, 0.449102
0.41805, 0.445508
0.442204, 0.442204
0.470045, 0.440003
0.5, 0.439252
0.529955, 0.440003
0.557796, 0.442204
0.58195, 0.445508
0.602511, 0.449102
0.62123, 0.452146
0.640547, 0.454117
0.662985, 0.454787
0.689678, 0.454414
0.719535, 0.45364
0.750741, 0.452979
0.781533, 0.45273
0.810151, 0.453077
0.834932, 0.454114
0.855483, 0.455748
0.87363, 0.457656
0.892132, 0.459485
0.913708, 0.461004
0.939548, 0.462227
0.968232, 0.463389
0.998748, 0.464645
0.000312598, 0.482322
0.0309431, 0.481697
0.059703, 0.481117
0.0855182, 0.480502
0.106969, 0.479734
0.125357, 0.47881
0.143496, 0.477852
0.164227, 0.477043
0.189359, 0.476546
0.218369, 0.476402
0.249505, 0.476557
0.280928, 0.476913
0.31073, 0.4773
0.336886, 0.477419
0.358367, 0.476923
0.376734, 0.475709
0.394766, 0.47391
0.415201, 0.471846
0.440003, 0.470045
0.468909, 0.468909
0.5, 0.468532
0.531091, 0.468909
0.559997, 0.470045
0.584799, 0.471846
0.605234, 0.47391
0.623266, 0.475709
0.641633, 0.476923
0.663114, 0.477419
0.68927, 0.4773
0.719072, 0.476913
0.750495, 0.476557
0.781631, 0.476402
0.810641, 0.476546
0.835773, 0.477043
0.856504, 0.477852
0.874643, 0.47881
0.893031, 0.479734
0.914482, 0.480502
0.940297, 0.481117
0.969057, 0.481697
0.999687, 0.482322
0, 0.5
0.0306687, 0.5
0.0594535, 0.5
0.0852598, 0.5
0.106668, 0.5
0.125018, 0.5
0.143156, 0.5
0.163951, 0.5
0.189202, 0.5
0.218344, 0.5
0.249595, 0.5
0.281087, 0.5
0.310857, 0.5
0.336806, 0.5
0.357941, 0.5
0.375974, 0.5
0.393764, 0.5
0.414185, 0.5
0.439252, 0.5
0.468532, 0.5
0.5, 0.5
0.531468, 0.5
0.560748, 0.5
0.585815, 0.5
0.606236, 0.5
0.624026, 0.5
0.642059, 0.5
0.663194, 0.5
0.689143, 0.5
0.718913, 0.5
0.750405, 0.5
0.781656, 0.5
0.810798, 0.5
0.836049, 0.5
0.856844, 0.5
0.874982, 0.5
0.893332, 0.5
0.91474, 0.5
0.940547, 0.5
0.969331, 0.5
1, 0.5
0.000312598, 0.517678
0.0309431, 0.518303
0.059703, 0.518883
0.0855182, 0.519498
0.106969, 0.520266
0.125357, 0.52119
0.143496, 0.522148
0.164227, 0.522957
0.189359, 0.523454
0.218369, 0.523598
0.249505, 0.523443
0.280928, 0.523087
0.31073, 0.5227
0.336886, 0.522581
0.358367, 0.523077
0.376734, 0.524291
0.394766, 0.52609
0.415201, 0.528154
0.440003, 0.529955
0.468909, 0.531091
0.5, 0.531468
0.531091, 0.531091
0.559997, 0.529955
0.584799, 0.528154
0.605234, 0.52609
0.623266, 0.524291
0.641633, 0.523077
0.663114, 0.522581
0.68927, 0.5227
0.719072, 0.523087
0.750495, 0.523443
0.781631, 0.523598
0.810641, 0.523454
0.835773, 0.522957
0.856504, 0.522148
0.874643, 0.52119
0.893031, 0.520266
0.914482, 0.519498
0.940297, 0.518883
0.969057, 0.518303
0.999687, 0.517678
0.00125157, 0.535355
0.0317677, 0.536611
0.0604523, 0.537773
0.0862922, 0.538996
0.107868, 0.540515
0.12637, 0.542344
0.144517, 0.544252
0.165068, 0.545886
0.189849, 0.546923
0.218467, 0.54727
0.249259, 0.547021
0.280465, 0.54636
0.310322, 0.545586
0.337015, 0.545213
0.359453, 0.545883
0.37877, 0.547854
0.397489, 0.550898
0.41805, 0.554492
0.442204, 0.557796
0.470045, 0.559997
0.5, 0.560748
0.529955, 0.559997
0.557796, 0.557796
0.58195, 0.554492
0.602511, 0.550898
0.62123, 0.547854
0.640547, 0.545883
0.662985, 0.545213
0.689678, 0.545586
0.719535, 0.54636
0.750741, 0.547021
0.781533, 0.54727
0.810151, 0.546923
0.834932, 0.545886
0.855483, 0.544252
0.87363, 0.542344
0.892132, 0.540515
0.913708, 0.538996
0.939548, 0.537773
0.968232, 0.536611
0.998748, 0.535355
0.00282045, 0.553033
0.0331467, 0.554927
0.0617043, 0.556676
0.0875779, 0.558497
0.109357, 0.560733
0.128051, 0.563428
0.146226, 0.566266
0.166504, 0.568751
0.190726, 0.570409
0.218705, 0.571069
0.248923, 0.570849
0.27974, 0.569991
0.309583, 0.568867
0.336925, 0.568079
0.360696, 0.568432
0.381429, 0.570412
0.401178, 0.573798
0.422053, 0.577947
0.445508, 0.58195
0.471846, 0.584799
0.5, 0.585815
0.528154, 0.584799
0.554492, 0.58195
0.577947, 0.577947
0.598822, 0.573798
0.618571, 0.570412
0.639304, 0.568432
0.663075, 0.568079
0.690417, 0.568867
0.72026, 0.569991
0.751077, 0.570849
0.781295, 0.571069
0.809274, 0.570409
0.833496, 0.568751
0.853774, 0.566266
0.871949, 0.563428
0.890643, 0.560733
0.912422, 0.558497
0.938296, 0.556676
0.966853, 0.554927
0.99718, 0.553033
0.00502525, 0.570711
0.0350873, 0.573256
0.0634638, 0.5756
0.0893697, 0.578004
0.111418, 0.580909
0.130388, 0.58441
0.148628, 0.588142
0.168584, 0.591504
0.19208, 0.593887
0.219193, 0.595018
0.248615, 0.595004
0.278845, 0.594119
0.308507, 0.592758
0.336358, 0.591504
0.361471, 0.591149
0.383864, 0.592364
0.404863, 0.595137
0.426202, 0.598822
0.449102, 0.602511
0.47391, 0.605234
0.5, 0.606236
0.52609, 0.605234
0.550898, 0.602511
0.573798, 0.598822
0.595137, 0.595137
0.616136, 0.592364
0.638529, 0.591149
0.663642, 0.591504
0.691493, 0.592758
0.721155, 0.594119
0.751385, 0.595004
0.780807, 0.595018
0.80792, 0.593887
0.831416, 0.591504
0.851372, 0.588142
0.869612, 0.58441
0.888582, 0.580909
0.91063, 0.578004
0.936536, 0.5756
0.964913, 0.573256
0.994975, 0.570711
0.00787451, 0.588388
0.0375995, 0.591602
0.0657384, 0.594552
0.0916613, 0.597525
0.114031, 0.60104
0.133359, 0.605266
0.151726, 0.609833
0.171361, 0.61408
0.194025, 0.617298
0.22008, 0.619086
0.248498, 0.6195
0.277933, 0.618821
0.307183, 0.617431
0.335234, 0.615844
0.361339, 0.614719
0.385276, 0.614724
0.407636, 0.616136
0.429588, 0.618571
0.452146, 0.62123
0.475709, 0.623266
0.5, 0.624026
0.524291, 0.623266
0.547854, 0.62123
0.570412, 0.618571
0.592364, 0.616136
0.614724, 0.614724
0.638661, 0.614719
0.664766, 0.615844
0.692817, 0.617431
0.722067, 0.618821
0.751502, 0.6195
0.77992, 0.619086
0.805975, 0.617298
0.828639, 0.61408
0.848274, 0.609833
0.866641, 0.605266
0.885969, 0.60104
0.908339, 0.597525
0.934262, 0.594552
0.9624, 0.591602
0.992125, 0.588388
0.0113795, 0.606066
0.0406966, 0.609968
0.0685386, 0.613539
0.0944469, 0.617067
0.117167, 0.621129
0.136935, 0.62598
0.155509, 0.631294
0.17488, 0.636402
0.196687, 0.64054
0.221547, 0.643179
0.248776, 0.644272
0.277218, 0.644072
0.305811, 0.642942
0.333703, 0.641318
0.360285, 0.639715
0.385281, 0.638661
0.408851, 0.638529
0.431568, 0.639304
0.454117, 0.640547
0.476923, 0.641633
0.5, 0.642059
0.523077, 0.641633
0.545883, 0.640547
0.568432, 0.639304
0.591149, 0.638529
0.614719, 0.638661
0.639715, 0.639715
0.666297, 0.641318
0.694189, 0.642942
0.722782, 0.644072
0.751224, 0.644272
0.778453, 0.643179
0.803313, 0.64054
0.82512, 0.636402
0.844491, 0.631294
0.863065, 0.62598
0.882833, 0.621129
0.905553, 0.617067
0.931461, 0.613539
0.959303, 0.609968
0.988621, 0.606066
0.0155544, 0.623744
0.0443953, 0.628359
0.0718786, 0.63257
0.0977234, 0.636645
0.120794, 0.641189
0.141071, 0.646551
0.15995, 0.652493
0.179164, 0.658387
0.200184, 0.663475
0.223792, 0.66713
0.249692, 0.669154
0.276964, 0.66973
0.304679, 0.669187
0.332095, 0.667905
0.358682, 0.666297
0.384156, 0.664766
0.408496, 0.663642
0.431921, 0.663075
0.454787, 0.662985
0.477419, 0.663114
0.5, 0.663194
0.522581, 0.663114
0.545213, 0.662985
0.568079, 0.663075
0.591504, 0.663642
0.615844, 0.664766
0.641318, 0.666297
0.667905, 0.667905
0.695321, 0.669187
0.723036, 0.66973
0.750308, 0.669154
0.776208, 0.66713
0.799816, 0.663475
0.820836, 0.658387
0.84005, 0.652493
0.858929, 0.646551
0.879206, 0.641189
0.902277, 0.636645
0.928121, 0.63257
0.955605, 0.628359
0.984446, 0.623744
0.0204168, 0.641421
0.048716, 0.646776
0.0757768, 0.65165
0.101492, 0.656274
0.124876, 0.661246
0.145711, 0.666998
0.165, 0.673418
0.184201, 0.679968
0.204595, 0.685949
0.22701, 0.690702
0.251504, 0.693871
0.277468, 0.695505
0.304124, 0.695876
0.330813, 0.695321
0.357058, 0.694189
0.382569, 0.692817
0.407242, 0.691493
0.431133, 0.690417
0.454414, 0.689678
0.4773, 0.68927
0.5, 0.689143
0.5227, 0.68927
0.545586, 0.689678
0.568867, 0.690417
0.592758, 0.691493
0.617431, 0.692817
0.642942, 0.694189
0.669187, 0.695321
0.695876, 0.695876
0.722532, 0.695505
0.748496, 0.693871
0.77299, 0.690702
0.795405, 0.685949
0.815799, 0.679968
0.835, 0.673418
0.854289, 0.666998
0.875124, 0.661246
0.898508, 0.656274
0.924223, 0.65165
0.951284, 0.646776
0.979583, 0.641421
0.0259879, 0.659099
0.0536829, 0.665223
0.0802568, 0.670788
0.105762, 0.675971
0.129386, 0.681334
0.150784, 0.687362
0.170579, 0.694092
0.18993, 0.701114
0.209923, 0.707829
0.231336, 0.713624
0.254463, 0.718045
0.279038, 0.720962
0.304495, 0.722532
0.33027, 0.723036
0.355928, 0.722782
0.381179, 0.722067
0.405881, 0.721155
0.430009, 0.72026
0.45364, 0.719535
0.476913, 0.719072
0.5, 0.718913
0.523087, 0.719072
0.54636, 0.719535
0.569991, 0.72026
0.594119, 0.721155
0.618821, 0.722067
0.644072, 0.722782
0.66973, 0.723036
0.695505, 0.722532
0.720962, 0.720962
0.745537, 0.718045
0.768664, 0.713624
0.790077, 0.707829
0.81007, 0.701114
0.829421, 0.694092
0.849216, 0.687362
0.870614, 0.681334
0.894238, 0.675971
0.919743, 0.670788
0.946317, 0.665223
0.974012, 0.659099
0.0322928, 0.676777
0.059325, 0.683702
0.0853477, 0.689989
0.110552, 0.695753
0.134302, 0.701495
0.156215, 0.707712
0.176581, 0.714579
0.196238, 0.721851
0.216079, 0.729056
0.236787, 0.735676
0.258741, 0.741259
0.281955, 0.745537
0.306129, 0.748496
0.330846, 0.750308
0.355728, 0.751224
0.3805, 0.751502
0.404996, 0.751385
0.429151, 0.751077
0.452979, 0.750741
0.476557, 0.750495
0.5, 0.750405
0.523443, 0.750495
0.547021, 0.750741
0.570849, 0.751077
0.595004, 0.751385
0.6195, 0.751502
0.644272, 0.751224
0.669154, 0.750308
0.693871, 0.748496
0.718045, 0.745537
0.741259, 0.741259
0.763213, 0.735676
0.783921, 0.729056
0.803762, 0.721851
0.823419, 0.714579
0.843785, 0.707712
0.865698, 0.701495
0.889448, 0.695753
0.914652, 0.689989
0.940675, 0.683702
0.967707, 0.676777
0.0393619, 0.694454
0.0656763, 0.702213
0.0910851, 0.709258
0.11589, 0.715636
0.139625, 0.721775
0.161936, 0.728136
0.182877, 0.734996
0.202964, 0.742287
0.222883, 0.749687
0.24321, 0.75679
0.264324, 0.763213
0.286376, 0.768664
0.309298, 0.77299
0.33287, 0.776208
0.356821, 0.778453
0.380914, 0.77992
0.404982, 0.780807
0.428931, 0.781295
0.45273, 0.781533
0.476402, 0.781631
0.5, 0.781656
0.523598, 0.781631
0.54727, 0.781533
0.571069, 0.781295
0.595018, 0.780807
0.619086, 0.77992
0.643179, 0.778453
0.66713, 0.776208
0.690702, 0.77299
0.713624, 0.768664
0.735676, 0.763213
0.75679, 0.75679
0.777117, 0.749687
0.797036, 0.742287
0.817123, 0.734996
0.838064, 0.728136
0.860375, 0.721775
0.88411, 0.715636
0.908915, 0.709258
0.934324, 0.702213
0.960638, 0.694454
0.0472307, 0.712132
0.0727765, 0.720758
0.0975119, 0.728596
0.121818, 0.735633
0.145378, 0.742214
0.167907, 0.748735
0.189337, 0.755507
0.20991, 0.76262
0.230082, 0.769918
0.250313, 0.777117
0.270944, 0.783921
0.292171, 0.790077
0.314051, 0.795405
0.336525, 0.799816
0.35946, 0.803313
0.382702, 0.805975
0.406113, 0.80792
0.429591, 0.809274
0.453077, 0.810151
0.476546, 0.810641
0.5, 0.810798
0.523454, 0.810641
0.546923, 0.810151
0.570409, 0.809274
0.593887, 0.80792
0.617298, 0.805975
0.64054, 0.803313
0.663475, 0.799816
0.685949, 0.795405
0.707829, 0.790077
0.729056, 0.783921
0.749687, 0.777117
0.769918, 0.769918
0.79009, 0.76262
0.810663, 0.755507
0.832093, 0.748735
0.854622, 0.742214
0.878182, 0.735633
0.902488, 0.728596
0.927223, 0.720758
0.952769, 0.712132
0.055942, 0.72981
0.0806723, 0.739337
0.104679, 0.748005
0.12839, 0.755752
0.151612, 0.762843
0.174138, 0.769597
0.195868, 0.7763
0.21687, 0.78313
0.23738, 0.79009
0.257713, 0.797036
0.278149, 0.803762
0.298886, 0.81007
0.320032, 0.815799
0.341613, 0.820836
0.363598, 0.82512
0.38592, 0.828639
0.408496, 0.831416
0.431249, 0.833496
0.454114, 0.834932
0.477043, 0.835773
0.5, 0.836049
0.522957, 0.835773
0.545886, 0.834932
0.568751, 0.833496
0.591504, 0.831416
0.61408, 0.828639
0.636402, 0.82512
0.658387, 0.820836
0.679968, 0.815799
0.701114, 0.81007
0.721851, 0.803762
0.742287, 0.797036
0.76262, 0.79009
0.78313, 0.78313
0.804132, 0.7763
0.825862, 0.769597
0.848388, 0.762843
0.87161, 0.755752
0.895321, 0.748005
0.919328, 0.739337
0.944058, 0.72981
0.0655463, 0.747487
0.0894183, 0.757948
0.112646, 0.767482
0.135675, 0.775991
0.158403, 0.783677
0.180694, 0.790782
0.202462, 0.797538
0.2237, 0.804132
0.244493, 0.810663
0.265004, 0.817123
0.285421, 0.823419
0.305908, 0.829421
0.326582, 0.835
0.347507, 0.84005
0.368706, 0.844491
0.390167, 0.848274
0.411858, 0.851372
0.433734, 0.853774
0.455748, 0.855483
0.477852, 0.856504
0.5, 0.856844
0.522148, 0.856504
0.544252, 0.855483
0.566266, 0.853774
0.588142, 0.851372
0.609833, 0.848274
0.631294, 0.844491
0.652493, 0.84005
0.673418, 0.835
0.694092, 0.829421
0.714579, 0.823419
0.734996, 0.817123
0.755507, 0.810663
0.7763, 0.804132
0.797538, 0.797538
0.819306, 0.790782
0.841597, 0.783677
0.864325, 0.775991
0.887354, 0.767482
0.910582, 0.757948
0.934454, 0.747487
0.0761044, 0.765165
0.0990787, 0.776588
0.121482, 0.78702
0.143752, 0.796344
0.16585, 0.804712
0.187693, 0.812307
0.209218, 0.819306
0.230403, 0.825862
0.251265, 0.832093
0.271864, 0.838064
0.292288, 0.843785
0.312638, 0.849216
0.333002, 0.854289
0.353449, 0.858929
0.37402, 0.863065
0.394734, 0.866641
0.41559, 0.869612
0.436572, 0.871949
0.457656, 0.87363
0.47881, 0.874643
0.5, 0.874982
0.52119, 0.874643
0.542344, 0.87363
0.563428, 0.871949
0.58441, 0.869612
0.605266, 0.866641
0.62598, 0.863065
0.646551, 0.858929
0.666998, 0.854289
0.687362, 0.849216
0.707712, 0.843785
0.728136, 0.838064
0.748735, 0.832093
0.769597, 0.825862
0.790782, 0.819306
0.812307, 0.812307
0.83415, 0.804712
0.856248, 0.796344
0.878518, 0.78702
0.900921, 0.776588
0.923896, 0.765165
0.0876894, 0.782843
0.10973, 0.795254
0.131271, 0.80661
0.152718, 0.816795
0.174072, 0.825928
0.195288, 0.83415
0.216323, 0.841597
0.237157, 0.848388
0.257786, 0.854622
0.278225, 0.860375
0.298505, 0.865698
0.318666, 0.870614
0.338754, 0.875124
0.358811, 0.879206
0.378871, 0.882833
0.39896, 0.885969
0.419091, 0.888582
0.439267, 0.890643
0.459485, 0.892132
0.479734, 0.893031
0.5, 0.893332
0.520266, 0.893031
0.540515, 0.892132
0.560733, 0.890643
0.580909, 0.888582
0.60104, 0.885969
0.621129, 0.882833
0.641189, 0.879206
0.661246, 0.875124
0.681334, 0.870614
0.701495, 0.865698
0.721775, 0.860375
0.742214, 0.854622
0.762843, 0.848388
0.783677, 0.841597
0.804712, 0.83415
0.825928, 0.825928
0.847282, 0.816795
0.868729, 0.80661
0.89027, 0.795254
0.912311, 0.782843
0.100391, 0.80052
0.121465, 0.813941
0.142108, 0.82624
0.162681, 0.837319
0.183205, 0.847282
0.203656, 0.856248
0.224009, 0.864325
0.244248, 0.87161
0.264367, 0.878182
0.284364, 0.88411
0.304247, 0.889448
0.324029, 0.894238
0.343726, 0.898508
0.363355, 0.902277
0.382933, 0.905553
0.402475, 0.908339
0.421996, 0.91063
0.441503, 0.912422
0.461004, 0.913708
0.480502, 0.914482
0.5, 0.91474
0.519498, 0.914482
0.538996, 0.913708
0.558497, 0.912422
0.578004, 0.91063
0.597525, 0.908339
0.617067, 0.905553
0.636645, 0.902277
0.656274, 0.898508
0.675971, 0.894238
0.695753, 0.889448
0.715636, 0.88411
0.735633, 0.878182
0.755752, 0.87161
0.775991, 0.864325
0.796344, 0.856248
0.816795, 0.847282
0.837319, 0.837319
0.857892, 0.82624
0.878535, 0.813941
0.899609, 0.80052
0.114319, 0.818198
0.134395, 0.832642
0.15411, 0.84589
0.17376, 0.857892
0.19339, 0.868729
0.21298, 0.878518
0.232518, 0.887354
0.251995, 0.895321
0.271404, 0.902488
0.290742, 0.908915
0.310011, 0.914652
0.329212, 0.919743
0.34835, 0.924223
0.36743, 0.928121
0.386461, 0.931461
0.405448, 0.934262
0.4244, 0.936536
0.443324, 0.938296
0.462227, 0.939548
0.481117, 0.940297
0.5, 0.940547
0.518883, 0.940297
0.537773, 0.939548
0.556676, 0.938296
0.5756, 0.936536
0.594552, 0.934262
0.613539, 0.931461
0.63257, 0.928121
0.65165, 0.924223
0.670788, 0.919743
0.689989, 0.914652
0.709258, 0.908915
0.728596, 0.902488
0.748005, 0.895321
0.767482, 0.887354
0.78702, 0.878518
0.80661, 0.868729
0.82624, 0.857892
0.84589, 0.84589
0.865605, 0.832642
0.885681, 0.818198
0.129612, 0.835876
0.14866, 0.85134
0.167358, 0.865605
0.186059, 0.878535
0.204746, 0.89027
0.223412, 0.900921
0.242052, 0.910582
0.260663, 0.919328
0.279242, 0.927223
0.297787, 0.934324
0.316298, 0.940675
0.334777, 0.946317
0.353224, 0.951284
0.371641, 0.955605
0.390032, 0.959303
0.408398, 0.9624
0.426744, 0.964913
0.445073, 0.966853
0.463389, 0.968232
0.481697, 0.969057
0.5, 0.969331
0.518303, 0.969057
0.536611, 0.968232
0.554927, 0.966853
0.573256, 0.964913
0.591602, 0.9624
0.609968, 0.959303
0.628359, 0.955605
0.646776, 0.951284
0.665223, 0.946317
0.683702, 0.940675
0.702213, 0.934324
0.720758, 0.927223
0.739337, 0.919328
0.757948, 0.910582
0.776588, 0.900921
0.795254, 0.89027
0.813941, 0.878535
0.832642, 0.865605
0.85134, 0.85134
0.870388, 0.835876
0.146447, 0.853553
0.164124, 0.870388
0.181802, 0.885681
0.19948, 0.899609
0.217157, 0.912311
0.234835, 0.923896
0.252513, 0.934454
0.27019, 0.944058
0.287868, 0.952769
0.305546, 0.960638
0.323223, 0.967707
0.340901, 0.974012
0.358579, 0.979583
0.376256, 0.984446
0.393934, 0.988621
0.411612, 0.992125
0.429289, 0.994975
0.446967, 0.99718
0.464645, 0.998748
0.482322, 0.999687
0.5, 1
0.517678, 0.999687
0.535355, 0.998748
0.553033, 0.99718
0.570711, 0.994975
0.588388, 0.992125
0.606066, 0.988621
0.623744, 0.984446
0.641421, 0.979583
0.659099, 0.974012
0.676777, 0.967707
0.694454, 0.960638
0.712132, 0.952769
0.72981, 0.944058
0.747487, 0.934454
0.765165, 0.923896
0.782843, 0.912311
0.80052, 0.899609
0.818198, 0.885681
0.835876, 0.870388
0.853553, 0.853553
0.147036, 0.147036
0.165366, 0.13168
0.183568, 0.117621
0.201761, 0.104835
0.219943, 0.0931997
0.23811, 0.0826123
0.256262, 0.0729904
0.274398, 0.0642658
0.292517, 0.0563812
0.31062, 0.049289
0.328708, 0.0429487
0.346782, 0.0373263
0.364842, 0.0323931
0.382889, 0.0281249
0.400926, 0.0245014
0.418953, 0.021506
0.436972, 0.0191253
0.454984, 0.0173487
0.472992, 0.0161685
0.490998, 0.0155797
0.509002, 0.0155797
0.527008, 0.0161685
0.545016, 0.0173487
0.563028, 0.0191253
0.581047, 0.021506
0.599074, 0.0245014
0.617111, 0.0281249
0.635158, 0.0323931
0.653218, 0.0373263
0.671292, 0.0429487
0.68938, 0.049289
0.707483, 0.0563812
0.725602, 0.0642658
0.743738, 0.0729904
0.76189, 0.0826123
0.780057, 0.0931997
0.798239, 0.104835
0.816432, 0.117621
0.834634, 0.13168
0.852964, 0.147036
0.13168, 0.165366
0.150976, 0.150976
0.170157, 0.137868
0.189329, 0.126006
0.208479, 0.115264
0.227595, 0.105539
0.24667, 0.0967446
0.265698, 0.0888084
0.284675, 0.0816681
0.303602, 0.0752708
0.322478, 0.069572
0.341305, 0.0645335
0.360086, 0.0601235
0.378827, 0.0563156
0.397531, 0.0530878
0.416204, 0.0504226
0.434852, 0.0483059
0.45348, 0.0467272
0.472094, 0.0456789
0.490699, 0.045156
0.509301, 0.045156
0.527906, 0.0456789
0.54652, 0.0467272
0.565148, 0.0483059
0.583796, 0.0504226
0.602469, 0.0530878
0.621173, 0.0563156
0.639914, 0.0601235
0.658695, 0.0645335
0.677522, 0.069572
0.696398, 0.0752708
0.715325, 0.0816681
0.734302, 0.0888084
0.75333, 0.0967446
0.772405, 0.105539
0.791521, 0.115264
0.810671, 0.126006
0.829843, 0.137868
0.849024, 0.150976
0.86832, 0.165366
0.117621, 0.183568
0.137868, 0.170157
0.158009, 0.158009
0.178106, 0.147049
0.198163, 0.137172
0.218155, 0.128267
0.238069, 0.120238
0.257892, 0.113004
0.277622, 0.106496
0.297258, 0.100656
0.316806, 0.0954368
0.336275, 0.0908011
0.355674, 0.0867204
0.375015, 0.0831739
0.39431, 0.0801474
0.413568, 0.0776319
0.432799, 0.0756223
0.452012, 0.0741159
0.471212, 0.0731118
0.490405, 0.0726097
0.509595, 0.0726097
0.528788, 0.0731118
0.547988, 0.0741159
0.567201, 0.0756223
0.586432, 0.0776319
0.60569, 0.0801474
0.624985, 0.0831739
0.644326, 0.0867204
0.663725, 0.0908011
0.683194, 0.0954368
0.702742, 0.100656
0.722378, 0.106496
0.742108, 0.113004
0.761931, 0.120238
0.781845, 0.128267
0.801837, 0.137172
0.821894, 0.147049
0.841991, 0.158009
0.862132, 0.170157
0.882379, 0.183568
0.104835, 0.201761
0.126006, 0.189329
0.147049, 0.178106
0.168028, 0.168028
0.188924, 0.158972
0.209701, 0.150809
0.230333, 0.143428
0.250806, 0.13673
0.271121, 0.130635
0.291292, 0.125082
0.311338, 0.120025
0.331288, 0.115442
0.35117, 0.111321
0.371011, 0.107668
0.390835, 0.104494
0.410657, 0.101815
0.430489, 0.0996469
0.450335, 0.0980064
0.470194, 0.0969054
0.490064, 0.0963528
0.509936, 0.0963528
0.529806, 0.0969054
0.549665, 0.0980064
0.569511, 0.0996469
0.589343, 0.101815
0.609165, 0.104494
0.628989, 0.107668
0.64883, 0.111321
0.668712, 0.115442
0.688662, 0.120025
0.708708, 0.125082
0.728879, 0.130635
0.749194, 0.13673
0.769667, 0.143428
0.790299, 0.150809
0.811076, 0.158972
0.831972, 0.168028
0.852951, 0.178106
0.873994, 0.189329
0.895165, 0.201761
0.0931997, 0.219943
0.115264, 0.208479
0.137172, 0.198163
0.158972, 0.188924
0.180613, 0.180613
0.202035, 0.173068
0.223202, 0.166146
0.244103, 0.159724
0.26476, 0.153712
0.285218, 0.148054
0.305538, 0.142737
0.325791, 0.137778
0.346036, 0.133218
0.366322, 0.129105
0.386679, 0.12549
0.407123, 0.122416
0.427655, 0.119917
0.448263, 0.118021
0.468933, 0.116747
0.48964, 0.116107
0.51036, 0.116107
0.531067, 0.116747
0.551737, 0.118021
0.572345, 0.119917
0.592877, 0.122416
0.613321, 0.12549
0.633678, 0.129105
0.653964, 0.133218
0.674209, 0.137778
0.694462, 0.142737
0.714782, 0.148054
0.73524, 0.153712
0.755897, 0.159724
0.776798, 0.166146
0.797965, 0.173068
0.819387, 0.180613
0.841028, 0.188924
0.862828, 0.198163
0.884736, 0.208479
0.9068, 0.219943
0.0826123, 0.23811
0.105539, 0.227595
0.128267, 0.218155
0.150809, 0.209701
0.173068, 0.202035
0.194949, 0.194949
0.216404, 0.188254
0.237448, 0.181807
0.258157, 0.175532
0.278652, 0.169429
0.299073, 0.163563
0.319539, 0.158028
0.340138, 0.152921
0.360919, 0.148326
0.3819, 0.144311
0.403076, 0.140921
0.424426, 0.138187
0.445915, 0.136127
0.467508, 0.134752
0.489162, 0.134063
0.510838, 0.134063
0.532492, 0.134752
0.554085, 0.136127
0.575574, 0.138187
0.596924, 0.140921
0.6181, 0.144311
0.639081, 0.148326
0.659862, 0.152921
0.680461, 0.158028
0.700927, 0.163563
0.721348, 0.169429
0.741843, 0.175532
0.762552, 0.181807
0.783596, 0.188254
0.805051, 0.194949
0.826932, 0.202035
0.849191, 0.209701
0.871733, 0.218155
0.894461, 0.227595
0.917388, 0.23811
0.0729904, 0.256262
0.0967446, 0.24667
0.120238, 0.238069
0.143428, 0.230333
0.166146, 0.223202
0.188254, 0.216404
0.209712, 0.209712
0.230607, 0.202997
0.251139, 0.196265
0.271551, 0.189635
0.292058, 0.183268
0.312807, 0.177322
0.333876, 0.171925
0.355289, 0.167169
0.377024, 0.163108
0.399036, 0.159763
0.421267, 0.157132
0.443658, 0.155193
0.466155, 0.153919
0.488712, 0.15329
0.511288, 0.15329
0.533845, 0.153919
0.556342, 0.155193
0.578733, 0.157132
0.600964, 0.159763
0.622976, 0.163108
0.644711, 0.167169
0.666124, 0.171925
0.687193, 0.177322
0.707942, 0.183268
0.728449, 0.189635
0.748861, 0.196265
0.769393, 0.202997
0.790288, 0.209712
0.811746, 0.216404
0.833854, 0.223202
0.856572, 0.230333
0.879762, 0.238069
0.903255, 0.24667
0.92701, 0.256262
0.0642658, 0.274398
0.0888084, 0.265698
0.113004, 0.257892
0.13673, 0.250806
0.159724, 0.244103
0.181807, 0.237448
0.202997, 0.230607
0.223543, 0.223543
0.243828, 0.216409
0.264211, 0.209447
0.284947, 0.202898
0.306175, 0.196963
0.327931, 0.191782
0.350169, 0.187426
0.372795, 0.183901
0.395698, 0.181155
0.418774, 0.179109
0.441944, 0.177671
0.465157, 0.176762
0.488385, 0.176323
0.511615, 0.176323
0.534843, 0.176762
0.558056, 0.177671
0.581226, 0.179109
0.604302, 0.181155
0.627205, 0.183901
0.649831, 0.187426
0.672069, 0.191782
0.693825, 0.196963
0.715053, 0.202898
0.735789, 0.209447
0.756172, 0.216409
0.776457, 0.223543
0.797003, 0.230607
0.818193, 0.237448
0.840276, 0.244103
0.86327, 0.250806
0.886996, 0.257892
0.911192, 0.265698
0.935734, 0.274398
0.0563812, 0.292517
0.0816681, 0.284675
0.106496, 0.277622
0.130635, 0.271121
0.153712, 0.26476
0.175532, 0.258157
0.196265, 0.251139
0.216409, 0.243828
0.23653, 0.23653
0.257074, 0.229595
0.278305, 0.223334
0.300313, 0.217975
0.32303, 0.213631
0.346282, 0.210287
0.369863, 0.207834
0.393595, 0.206116
0.417346, 0.204971
0.441045, 0.204252
0.464668, 0.203841
0.48823, 0.203656
0.51177, 0.203656
0.535332, 0.203841
0.558955, 0.204252
0.582654, 0.204971
0.606405, 0.206116
0.630137, 0.207834
0.653718, 0.210287
0.67697, 0.213631
0.699687, 0.217975
0.721695, 0.223334
0.742926, 0.229595
0.76347, 0.23653
0.783591, 0.243828
0.803735, 0.251139
0.824468, 0.258157
0.846288, 0.26476
0.869365, 0.271121
0.893504, 0.277622
0.918332, 0.284675
0.943619, 0.292517
0.049289, 0.31062
0.0752708, 0.303602
0.100656, 0.297258
0.125082, 0.291292
0.148054, 0.285218
0.169429, 0.278652
0.189635, 0.271551
0.209447, 0.264211
0.229595, 0.257074
0.250589, 0.250589
0.272664, 0.245121
0.295774, 0.240865
0.319654, 0.237808
0.343971, 0.235792
0.368427, 0.2346
0.39281, 0.234002
0.416994, 0.233792
0.440938, 0.233793
0.464664, 0.233869
0.488239, 0.23393
0.511761, 0.23393
0.535336, 0.233869
0.559062, 0.233793
0.583006, 0.233792
0.60719, 0.234002
0.631573, 0.2346
0.656029, 0.235792
0.680346, 0.237808
0.704226, 0.240865
0.727336, 0.245121
0.749411, 0.250589
0.770405, 0.257074
0.790553, 0.264211
0.810365, 0.271551
0.830571, 0.278652
0.851946, 0.285218
0.874918, 0.291292
0.899344, 0.297258
0.924729, 0.303602
0.950711, 0.31062
0.0429487, 0.328708
0.069572, 0.322478
0.0954368, 0.316806
0.120025, 0.311338
0.142737, 0.305538
0.163563, 0.299073
0.183268, 0.292058
0.202898, 0.284947
0.223334, 0.278305
0.245121, 0.272664
0.268368, 0.268368
0.292773, 0.265469
0.31785, 0.263797
0.343144, 0.263089
0.368313, 0.263066
0.393137, 0.263464
0.417518, 0.264049
0.441457, 0.264637
0.465032, 0.265096
0.488371, 0.265343
0.511629, 0.265343
0.534968, 0.265096
0.558543, 0.264637
0.582482, 0.264049
0.606863, 0.263464
0.631687, 0.263066
0.656856, 0.263089
0.68215, 0.263797
0.707227, 0.265469
0.731632, 0.268368
0.754879, 0.272664
0.776666, 0.278305
0.797102, 0.284947
0.816732, 0.292058
0.836437, 0.299073
0.857263, 0.305538
0.879975, 0.311338
0.904563, 0.316806
0.930428, 0.322478
0.957051, 0.328708
0.0373263, 0.346782
0.0645335, 0.341305
0.0908011, 0.336275
0.115442, 0.331288
0.137778, 0.325791
0.158028, 0.319539
0.177322, 0.312807
0.196963, 0.306175
0.217975, 0.300313
0.240865, 0.295774
0.265469, 0.292773
0.291193, 0.291193
0.317382, 0.290759
0.343507, 0.291153
0.369199, 0.292057
0.394249, 0.293174
0.418604, 0.294261
0.442334, 0.29515
0.465591, 0.295757
0.488562, 0.296059
0.511438, 0.296059
0.534409, 0.295757
0.557666, 0.29515
0.581396, 0.294261
0.605751, 0.293174
0.630801, 0.292057
0.656493, 0.291153
0.682618, 0.290759
0.708807, 0.291193
0.734531, 0.292773
0.759135, 0.295774
0.782025, 0.300313
0.803037, 0.306175
0.822678, 0.312807
0.841972, 0.319539
0.862222, 0.325791
0.884558, 0.331288
0.909199, 0.336275
0.935467, 0.341305
0.962674, 0.346782
0.0323931, 0.364842
0.0601235, 0.360086
0.0867204, 0.355674
0.111321, 0.35117
0.133218, 0.346036
0.152921, 0.340138
0.171925, 0.333876
0.191782, 0.327931
0.213631, 0.32303
0.237808, 0.319654
0.263797, 0.31785
0.290759, 0.317382
0.317921, 0.317921
0.344691, 0.319104
0.370673, 0.320561
0.395692, 0.321953
0.419779, 0.323033
0.443134, 0.323703
0.466028, 0.324018
0.488697, 0.324121
0.511303, 0.324121
0.533972, 0.324018
0.556866, 0.323703
0.580221, 0.323033
0.604308, 0.321953
0.629327, 0.320561
0.655309, 0.319104
0.682079, 0.317921
0.709241, 0.317382
0.736203, 0.31785
0.762192, 0.319654
0.786369, 0.32303
0.808218, 0.327931
0.828075, 0.333876
0.847079, 0.340138
0.866782, 0.346036
0.888679, 0.35117
0.91328, 0.355674
0.939876, 0.360086
0.967607, 0.364842
0.0281249, 0.382889
0.0563156, 0.378827
0.0831739, 0.375015
0.107668, 0.371011
0.129105, 0.366322
0.148326, 0.360919
0.167169, 0.355289
0.187426, 0.350169
0.210287, 0.346282
0.235792, 0.343971
0.263089, 0.343144
0.291153, 0.343507
0.319104, 0.344691
0.346269, 0.346269
0.37222, 0.347785
0.39684, 0.348821
0.420348, 0.349145
0.443209, 0.348838
0.465883, 0.34826
0.488611, 0.347836
0.511389, 0.347836
0.534117, 0.34826
0.556791, 0.348838
0.579652, 0.349145
0.60316, 0.348821
0.62778, 0.347785
0.653731, 0.346269
0.680896, 0.344691
0.708847, 0.343507
0.736911, 0.343144
0.764208, 0.343971
0.789713, 0.346282
0.812574, 0.350169
0.832831, 0.355289
0.851674, 0.360919
0.870895, 0.366322
0.892332, 0.371011
0.916826, 0.375015
0.943684, 0.378827
0.971875, 0.382889
0.0245014, 0.400926
0.0530878, 0.397531
0.0801474, 0.39431
0.104494, 0.390835
0.12549, 0.386679
0.144311, 0.3819
0.163108, 0.377024
0.183901, 0.372795
0.207834, 0.369863
0.2346, 0.368427
0.263066, 0.368313
0.292057, 0.369199
0.320561, 0.370673
0.347785, 0.37222
0.373243, 0.373243
0.396956, 0.373233
0.419549, 0.372086
0.441942, 0.370247
0.46478, 0.368448
0.488179, 0.367354
0.511821, 0.367354
0.53522, 0.368448
0.558058, 0.370247
0.580451, 0.372086
0.603044, 0.373233
0.626757, 0.373243
0.652215, 0.37222
0.679439, 0.370673
0.707943, 0.369199
0.736934, 0.368313
0.7654, 0.368427
0.792166, 0.369863
0.816099, 0.372795
0.836892, 0.377024
0.855689, 0.3819
0.87451, 0.386679
0.895506, 0.390835
0.919853, 0.39431
0.946912, 0.397531
0.975499, 0.400926
0.021506, 0.418953
0.0504226, 0.416204
0.0776319, 0.413568
0.101815, 0.410657
0.122416, 0.407123
0.140921, 0.403076
0.159763, 0.399036
0.181155, 0.395698
0.206116, 0.393595
0.234002, 0.39281
0.263464, 0.393137
0.293174, 0.394249
0.321953, 0.395692
0.348821, 0.39684
0.373233, 0.396956
0.395557, 0.395557
0.417104, 0.392854
0.439246, 0.389604
0.462706, 0.386728
0.487402, 0.385045
0.512598, 0.385045
0.537294, 0.386728
0.560754, 0.389604
0.582896, 0.392854
0.604443, 0.395557
0.626767, 0.396956
0.651179, 0.39684
0.678047, 0.395692
0.706826, 0.394249
0.736536, 0.393137
0.765998, 0.39281
0.793884, 0.393595
0.818845, 0.395698
0.840237, 0.399036
0.859079, 0.403076
0.877584, 0.407123
0.898185, 0.410657
0.922368, 0.413568
0.949577, 0.416204
0.978494, 0.418953
0.0191253, 0.436972
0.0483059, 0.434852
0.0756223, 0.432799
0.0996469, 0.430489
0.119917, 0.427655
0.138187, 0.424426
0.157132, 0.421267
0.179109, 0.418774
0.204971, 0.417346
0.233792, 0.416994
0.264049, 0.417518
0.294261, 0.418604
0.323033, 0.419779
0.349145, 0.420348
0.372086, 0.419549
0.392854, 0.417104
0.413438, 0.413438
0.43553, 0.409364
0.459944, 0.405876
0.486384, 0.40388
0.513616, 0.40388
0.540056, 0.405876
0.56447, 0.409364
0.586562, 0.413438
0.607146, 0.417104
0.627914, 0.419549
0.650855, 0.420348
0.676967, 0.419779
0.705739, 0.418604
0.735951, 0.417518
0.766208, 0.416994
0.795029, 0.417346
0.820891, 0.418774
0.842868, 0.421267
0.861813, 0.424426
0.880083, 0.427655
0.900353, 0.430489
0.924378, 0.432799
0.951694, 0.434852
0.980875, 0.436972
0.0173487, 0.454984
0.0467272, 0.45348
0.0741159, 0.452012
0.0980064, 0.450335
0.118021, 0.448263
0.136127, 0.445915
0.155193, 0.443658
0.177671, 0.441944
0.204252, 0.441045
0.233793, 0.440938
0.264637, 0.441457
0.29515, 0.442334
0.323703, 0.443134
0.348838, 0.443209
0.370247, 0.441942
0.389604, 0.439246
0.409364, 0.43553
0.431552, 0.431552
0.457103, 0.428305
0.485369, 0.426541
0.514631, 0.426541
0.542897, 0.428305
0.568448, 0.431552
0.590636, 0.43553
0.610396, 0.439246
0.629753, 0.441942
0.651162, 0.443209
0.676297, 0.443134
0.70485, 0.442334
0.735363, 0.441457
0.766207, 0.440938
0.795748, 0.441045
0.822329, 0.441944
0.844807, 0.443658
0.863873, 0.445915
0.881979, 0.448263
0.901994, 0.450335
0.925884, 0.452012
0.953273, 0.45348
0.982651, 0.454984
0.0161685, 0.472992
0.0456789, 0.472094
0.0731118, 0.471212
0.0969054, 0.470194
0.116747, 0.468933
0.134752, 0.467508
0.153919, 0.466155
0.176762, 0.465157
0.203841, 0.464668
0.233869, 0.464664
0.265096, 0.465032
0.295757, 0.465591
0.324018, 0.466028
0.34826, 0.465883
0.368448, 0.46478
0.386728, 0.462706
0.405876, 0.459944
0.428305, 0.457103
0.454931, 0.454931
0.484625, 0.453812
0.515375, 0.453812
0.545069, 0.454931
0.571695, 0.457103
0.594124, 0.459944
0.613272, 0.462706
0.631552, 0.46478
0.65174, 0.465883
0.675982, 0.466028
0.704243, 0.465591
0.734904, 0.465032
0.766131, 0.464664
0.796159, 0.464668
0.823238, 0.465157
0.846081, 0.466155
0.865248, 0.467508
0.883253, 0.468933
0.903095, 0.470194
0.926888, 0.471212
0.954321, 0.472094
0.983831, 0.472992
0.0155797, 0.490998
0.045156, 0.490699
0.0726097, 0.490405
0.0963528, 0.490064
0.116107, 0.48964
0.134063, 0.489162
0.15329, 0.488712
0.176323, 0.488385
0.203656, 0.48823
0.23393, 0.488239
0.265343, 0.488371
0.296059, 0.488562
0.324121, 0.488697
0.347836, 0.488611
0.367354, 0.488179
0.385045, 0.487402
0.40388, 0.486384
0.426541, 0.485369
0.453812, 0.484625
0.484251, 0.484251
0.515749, 0.484251
0.546188, 0.484625
0.573459, 0.485369
0.59612, 0.486384
0.614955, 0.487402
0.632646, 0.488179
0.652164, 0.488611
0.675879, 0.488697
0.703941, 0.488562
0.734657, 0.488371
0.76607, 0.488239
0.796344, 0.48823
0.823677, 0.488385
0.84671, 0.488712
0.865937, 0.489162
0.883893, 0.48964
0.903647, 0.490064
0.92739, 0.490405
0.954844, 0.490699
0.98442, 0.490998
0.0155797, 0.509002
0.045156, 0.509301
0.0726097, 0.509595
0.0963528, 0.509936
0.116107, 0.51036
0.134063, 0.510838
0.15329, 0.511288
0.176323, 0.511615
0.203656, 0.51177
0.23393, 0.511761
0.265343, 0.511629
0.296059, 0.511438
0.324121, 0.511303
0.347836, 0.511389
0.367354, 0.511821
0.385045, 0.512598
0.40388, 0.513616
0.426541, 0.514631
0.453812, 0.515375
0.484251, 0.515749
0.515749, 0.515749
0.546188, 0.515375
0.573459, 0.514631
0.59612, 0.513616
0.614955, 0.512598
0.632646, 0.511821
0.652164, 0.511389
0.675879, 0.511303
0.703941, 0.511438
0.734657, 0.511629
0.76607, 0.511761
0.796344, 0.51177
0.823677, 0.511615
0.84671, 0.511288
0.865937, 0.510838
0.883893, 0.51036
0.903647, 0.509936
0.92739, 0.509595
0.954844, 0.509301
0.98442, 0.509002
0.0161685, 0.527008
0.0456789, 0.527906
0.0731118, 0.528788
0.0969054, 0.529806
0.116747, 0.531067
0.134752, 0.532492
0.153919, 0.533845
0.176762, 0.534843
0.203841, 0.535332
0.233869, 0.535336
0.265096, 0.534968
0.295757, 0.534409
0.324018, 0.533972
0.34826, 0.534117
0.368448, 0.53522
0.386728, 0.537294
0.405876, 0.540056
0.428305, 0.542897
0.454931, 0.545069
0.484625, 0.546188
0.515375, 0.546188
0.545069, 0.545069
0.571695, 0.542897
0.594124, 0.540056
0.613272, 0.537294
0.631552, 0.53522
0.65174, 0.534117
0.675982, 0.533972
0.704243, 0.534409
0.734904, 0.534968
0.766131, 0.535336
0.796159, 0.535332
0.823238, 0.534843
0.846081, 0.533845
0.865248, 0.532492
0.883253, 0.531067
0.903095, 0.529806
0.926888, 0.528788
0.954321, 0.527906
0.983831, 0.527008
0.0173487, 0.545016
0.0467272, 0.54652
0.0741159, 0.547988
0.0980064, 0.549665
0.118021, 0.551737
0.136127, 0.554085
0.155193, 0.556342
0.177671, 0.558056
0.204252, 0.558955
0.233793, 0.559062
0.264637, 0.558543
0.29515, 0.557666
0.323703, 0.556866
0.348838, 0.556791
0.370247, 0.558058
0.389604, 0.560754
0.409364, 0.56447
0.431552, 0.568448
0.457103, 0.571695
0.485369, 0.573459
0.514631, 0.573459
0.542897, 0.571695
0.568448, 0.568448
0.590636, 0.56447
0.610396, 0.560754
0.629753, 0.558058
0.651162, 0.556791
0.676297, 0.556866
0.70485, 0.557666
0.735363, 0.558543
0.766207, 0.559062
0.795748, 0.558955
0.822329, 0.558056
0.844807, 0.556342
0.863873, 0.554085
0.881979, 0.551737
0.901994, 0.549665
0.925884, 0.547988
0.953273, 0.54652
0.982651, 0.545016
0.0191253, 0.563028
0.0483059, 0.565148
0.0756223, 0.567201
0.0996469, 0.569511
0.119917, 0.572345
0.138187, 0.575574
0.157132, 0.578733
0.179109, 0.581226
0.204971, 0.582654
0.233792, 0.583006
0.264049, 0.582482
0.294261, 0.581396
0.323033, 0.580221
0.349145, 0.579652
0.372086, 0.580451
0.392854, 0.582896
0.413438, 0.586562
0.43553, 0.590636
0.459944, 0.594124
0.486384, 0.59612
0.513616, 0.59612
0.540056, 0.594124
0.56447, 0.590636
0.586562, 0.586562
0.607146, 0.582896
0.627914, 0.580451
0.650855, 0.579652
0.676967, 0.580221
0.705739, 0.581396
0.735951, 0.582482
0.766208, 0.583006
0.795029, 0.582654
0.820891, 0.581226
0.842868, 0.578733
0.861813, 0.575574
0.880083, 0.572345
0.900353, 0.569511
0.924378, 0.567201
0.951694, 0.565148
0.980875, 0.563028
0.021506, 0.581047
0.0504226, 0.583796
0.0776319, 0.586432
0.101815, 0.589343
0.122416, 0.592877
0.140921, 0.596924
0.159763, 0.600964
0.181155, 0.604302
0.206116, 0.606405
0.234002, 0.60719
0.263464, 0.606863
0.293174, 0.605751
0.321953, 0.604308
0.348821, 0.60316
0.373233, 0.603044
0.395557, 0.604443
0.417104, 0.607146
0.439246, 0.610396
0.462706, 0.613272
0.487402, 0.614955
0.512598, 0.614955
0.537294, 0.613272
0.560754, 0.610396
0.582896, 0.607146
0.604443, 0.604443
0.626767, 0.603044
0.651179, 0.60316
0.678047, 0.604308
0.706826, 0.605751
0.736536, 0.606863
0.765998, 0.60719
0.793884, 0.606405
0.818845, 0.604302
0.840237, 0.600964
0.859079, 0.596924
0.877584, 0.592877
0.898185, 0.589343
0.922368, 0.586432
0.949577, 0.583796
0.978494, 0.581047
0.0245014, 0.599074
0.0530878, 0.602469
0.0801474, 0.60569
0.104494, 0.609165
0.12549, 0.613321
0.144311, 0.6181
0.163108, 0.622976
0.183901, 0.627205
0.207834, 0.630137
0.2346, 0.631573
0.263066, 0.631687
0.292057, 0.630801
0.320561, 0.629327
0.347785, 0.62778
0.373243, 0.626757
0.396956, 0.626767
0.419549, 0.627914
0.441942, 0.629753
0.46478, 0.631552
0.488179, 0.632646
0.511821, 0.632646
0.53522, 0.631552
0.558058, 0.629753
0.580451, 0.627914
0.603044, 0.626767
0.626757, 0.626757
0.652215, 0.62778
0.679439, 0.629327
0.707943, 0.630801
0.736934, 0.631687
0.7654, 0.631573
0.792166, 0.630137
0.816099, 0.627205
0.836892, 0.622976
0.855689, 0.6181
0.87451, 0.613321
0.895506, 0.609165
0.919853, 0.60569
0.946912, 0.602469
0.975499, 0.599074
0.0281249, 0.617111
0.0563156, 0.621173
0.0831739, 0.624985
0.107668, 0.628989
0.129105, 0.633678
0.148326, 0.639081
0.167169, 0.644711
0.187426, 0.649831
0.210287, 0.653718
0.235792, 0.656029
0.263089, 0.656856
0.291153, 0.656493
0.319104, 0.655309
0.346269, 0.653731
0.37222, 0.652215
0.39684, 0.651179
0.420348, 0.650855
0.443209, 0.651162
0.465883, 0.65174
0.488611, 0.652164
0.511389, 0.652164
0.534117, 0.65174
0.556791, 0.651162
0.579652, 0.650855
0.60316, 0.651179
0.62778, 0.652215
0.653731, 0.653731
0.680896, 0.655309
0.708847, 0.656493
0.736911, 0.656856
0.764208, 0.656029
0.789713, 0.653718
0.812574, 0.649831
0.832831, 0.644711
0.851674, 0.639081
0.870895, 0.633678
0.892332, 0.628989
0.916826, 0.624985
0.943684, 0.621173
0.971875, 0.617111
0.0323931, 0.635158
0.0601235, 0.639914
0.0867204, 0.644326
0.111321, 0.64883
0.133218, 0.653964
0.152921, 0.659862
0.171925, 0.666124
0.191782, 0.672069
0.213631, 0.67697
0.237808, 0.680346
0.263797, 0.68215
0.290759, 0.682618
0.317921, 0.682079
0.344691, 0.680896
0.370673, 0.679439
0.395692, 0.678047
0.419779, 0.676967
0.443134, 0.676297
0.466028, 0.675982
0.488697, 0.675879
0.511303, 0.675879
0.533972, 0.675982
0.556866, 0.676297
0.580221, 0.676967
0.604308, 0.678047
0.629327, 0.679439
0.655309, 0.680896
0.682079, 0.682079
0.709241, 0.682618
0.736203, 0.68215
0.762192, 0.680346
0.786369, 0.67697
0.808218, 0.672069
0.828075, 0.666124
0.847079, 0.659862
0.866782, 0.653964
0.888679, 0.64883
0.91328, 0.644326
0.939876, 0.639914
0.967607, 0.635158
0.0373263, 0.653218
0.0645335, 0.658695
0.0908011, 0.663725
0.115442, 0.668712
0.137778, 0.674209
0.158028, 0.680461
0.177322, 0.687193
0.196963, 0.693825
0.217975, 0.699687
0.240865, 0.704226
0.265469, 0.707227
0.291193, 0.708807
0.317382, 0.709241
0.343507, 0.708847
0.369199, 0.707943
0.394249, 0.706826
0.418604, 0.705739
0.442334, 0.70485
0.465591, 0.704243
0.488562, 0.703941
0.511438, 0.703941
0.534409, 0.704243
0.557666, 0.70485
0.581396, 0.705739
0.605751, 0.706826
0.630801, 0.707943
0.656493, 0.708847
0.682618, 0.709241
0.708807, 0.708807
0.734531, 0.707227
0.759135, 0.704226
0.782025, 0.699687
0.803037, 0.693825
0.822678, 0.687193
0.841972, 0.680461
0.862222, 0.674209
0.884558, 0.668712
0.909199, 0.663725
0.935467, 0.658695
0.962674, 0.653218
0.0429487, 0.671292
0.069572, 0.677522
0.0954368, 0.683194
0.120025, 0.688662
0.142737, 0.694462
0.163563, 0.700927
0.183268, 0.707942
0.202898, 0.715053
0.223334, 0.721695
0.245121, 0.727336
0.268368, 0.731632
0.292773, 0.734531
0.31785, 0.736203
0.343144, 0.736911
0.368313, 0.736934
0.393137, 0.736536
0.417518, 0.735951
0.441457, 0.735363
0.465032, 0.734904
0.488371, 0.734657
0.511629, 0.734657
0.534968, 0.734904
0.558543, 0.735363
0.582482, 0.735951
0.606863, 0.736536
0.631687, 0.736934
0.656856, 0.736911
0.68215, 0.736203
0.707227, 0.734531
0.731632, 0.731632
0.754879, 0.727336
0.776666, 0.721695
0.797102, 0.715053
0.816732, 0.707942
0.836437, 0.700927
0.857263, 0.694462
0.879975, 0.688662
0.904563, 0.683194
0.930428, 0.677522
0.957051, 0.671292
0.049289, 0.68938
0.0752708, 0.696398
0.100656, 0.702742
0.125082, 0.708708
0.148054, 0.714782
0.169429, 0.721348
0.189635, 0.728449
0.209447, 0.735789
0.229595, 0.742926
0.250589, 0.749411
0.272664, 0.754879
0.295774, 0.759135
0.319654, 0.762192
0.343971, 0.764208
0.368427, 0.7654
0.39281, 0.765998
0.416994, 0.766208
0.440938, 0.766207
0.464664, 0.766131
0.488239, 0.76607
0.511761, 0.76607
0.535336, 0.766131
0.559062, 0.766207
0.583006, 0.766208
0.60719, 0.765998
0.631573, 0.7654
0.656029, 0.764208
0.680346, 0.762192
0.704226, 0.759135
0.727336, 0.754879
0.749411, 0.749411
0.770405, 0.742926
0.790553, 0.735789
0.810365, 0.728449
0.830571, 0.721348
0.851946, 0.714782
0.874918, 0.708708
0.899344, 0.702742
0.924729, 0.696398
0.950711, 0.68938
0.0563812, 0.707483
0.0816681, 0.715325
0.106496, 0.722378
0.130635, 0.728879
0.153712, 0.73524
0.175532, 0.741843
0.196265, 0.748861
0.216409, 0.756172
0.23653, 0.76347
0.257074, 0.770405
0.278305, 0.776666
0.300313, 0.782025
0.32303, 0.786369
0.346282, 0.789713
0.369863, 0.792166
0.393595, 0.793884
0.417346, 0.795029
0.441045, 0.795748
0.464668, 0.796159
0.48823, 0.796344
0.51177, 0.796344
0.535332, 0.796159
0.558955, 0.795748
0.582654, 0.795029
0.606405, 0.793884
0.630137, 0.792166
0.653718, 0.789713
0.67697, 0.786369
0.699687, 0.782025
0.721695, 0.776666
0.742926, 0.770405
0.76347, 0.76347
0.783591, 0.756172
0.803735, 0.748861
0.824468, 0.741843
0.846288, 0.73524
0.869365, 0.728879
0.893504, 0.722378
0.918332, 0.715325
0.943619, 0.707483
0.0642658, 0.725602
0.0888084, 0.734302
0.113004, 0.742108
0.13673, 0.749194
0.159724, 0.755897
0.181807, 0.762552
0.202997, 0.769393
0.223543, 0.776457
0.243828, 0.783591
0.264211, 0.790553
0.284947, 0.797102
0.306175, 0.803037
0.327931, 0.808218
0.350169, 0.812574
0.372795, 0.816099
0.395698, 0.818845
0.418774, 0.820891
0.441944, 0.822329
0.465157, 0.823238
0.488385, 0.823677
0.511615, 0.823677
0.534843, 0.823238
0.558056, 0.822329
0.581226, 0.820891
0.604302, 0.818845
0.627205, 0.816099
0.649831, 0.812574
0.672069, 0.808218
0.693825, 0.803037
0.715053, 0.797102
0.735789, 0.790553
0.756172, 0.783591
0.776457, 0.776457
0.797003, 0.769393
0.818193, 0.762552
0.840276, 0.755897
0.86327, 0.749194
0.886996, 0.742108
0.911192, 0.734302
0.935734, 0.725602
0.0729904, 0.743738
0.0967446, 0.75333
0.120238, 0.761931
0.143428, 0.769667
0.166146, 0.776798
0.188254, 0.783596
0.209712, 0.790288
0.230607, 0.797003
0.251139, 0.803735
0.271551, 0.810365
0.292058, 0.816732
0.312807, 0.822678
0.333876, 0.828075
0.355289, 0.832831
0.377024, 0.836892
0.399036, 0.840237
0.421267, 0.842868
0.443658, 0.844807
0.466155, 0.846081
0.488712, 0.84671
0.511288, 0.84671
0.533845, 0.846081
0.556342, 0.844807
0.578733, 0.842868
0.600964, 0.840237
0.622976, 0.836892
0.644711, 0.832831
0.666124, 0.828075
0.687193, 0.822678
0.707942, 0.816732
0.728449, 0.810365
0.748861, 0.803735
0.769393, 0.797003
0.790288, 0.790288
0.811746, 0.783596
0.833854, 0.776798
0.856572, 0.769667
0.879762, 0.761931
0.903255, 0.75333
0.92701, 0.743738
0.0826123, 0.76189
0.105539, 0.772405
0.128267, 0.781845
0.150809, 0.790299
0.173068, 0.797965
0.194949, 0.805051
0.216404, 0.811746
0.237448, 0.818193
0.258157, 0.824468
0.278652, 0.830571
0.299073, 0.836437
0.319539, 0.841972
0.340138, 0.847079
0.360919, 0.851674
0.3819, 0.855689
0.403076, 0.859079
0.424426, 0.861813
0.445915, 0.863873
0.467508, 0.865248
0.489162, 0.865937
0.510838, 0.865937
0.532492, 0.865248
0.554085, 0.863873
0.575574, 0.861813
0.596924, 0.859079
0.6181, 0.855689
0.639081, 0.851674
0.659862, 0.847079
0.680461, 0.841972
0.700927, 0.836437
0.721348, 0.830571
0.741843, 0.824468
0.762552, 0.818193
0.783596, 0.811746
0.805051, 0.805051
0.826932, 0.797965
0.849191, 0.790299
0.871733, 0.781845
0.894461, 0.772405
0.917388, 0.76189
0.0931997, 0.780057
0.115264, 0.791521
0.137172, 0.801837
0.158972, 0.811076
0.180613, 0.819387
0.202035, 0.826932
0.223202, 0.833854
0.244103, 0.840276
0.26476, 0.846288
0.285218, 0.851946
0.305538, 0.857263
0.325791, 0.862222
0.346036, 0.866782
0.366322, 0.870895
0.386679, 0.87451
0.407123, 0.877584
0.427655, 0.880083
0.448263, 0.881979
0.468933, 0.883253
0.48964, 0.883893
0.51036, 0.883893
0.531067, 0.883253
0.551737, 0.881979
0.572345, 0.880083
0.592877, 0.877584
0.613321, 0.87451
0.633678, 0.870895
0.653964, 0.866782
0.674209, 0.862222
0.694462, 0.857263
0.714782, 0.851946
0.73524, 0.846288
0.755897, 0.840276
0.776798, 0.833854
0.797965, 0.826932
0.819387, 0.819387
0.841028, 0.811076
0.862828, 0.801837
0.884736, 0.791521
0.9068, 0.780057
0.104835, 0.798239
0.126006, 0.810671
0.147049, 0.821894
0.168028, 0.831972
0.188924, 0.841028
0.209701, 0.849191
0.230333, 0.856572
0.250806, 0.86327
0.271121, 0.869365
0.291292, 0.874918
0.311338, 0.879975
0.331288, 0.884558
0.35117, 0.888679
0.371011, 0.892332
0.390835, 0.895506
0.410657, 0.898185
0.430489, 0.900353
0.450335, 0.901994
0.470194, 0.903095
0.490064, 0.903647
0.509936, 0.903647
0.529806, 0.903095
0.549665, 0.901994
0.569511, 0.900353
0.589343, 0.898185
0.609165, 0.895506
0.628989, 0.892332
0.64883, 0.888679
0.668712, 0.884558
0.688662, 0.879975
0.708708, 0.874918
0.728879, 0.869365
0.749194, 0.86327
0.769667, 0.856572
0.790299, 0.849191
0.811076, 0.841028
0.831972, 0.831972
0.852951, 0.821894
0.873994, 0.810671
0.895165, 0.798239
0.117621, 0.816432
0.137868, 0.829843
0.158009, 0.841991
0.178106, 0.852951
0.198163, 0.862828
0.218155, 0.871733
0.238069, 0.879762
0.257892, 0.886996
0.277622, 0.893504
0.297258, 0.899344
0.316806, 0.904563
0.336275, 0.909199
0.355674, 0.91328
0.375015, 0.916826
0.39431, 0.919853
0.413568, 0.922368
0.432799, 0.924378
0.452012, 0.925884
0.471212, 0.926888
0.490405, 0.92739
0.509595, 0.92739
0.528788, 0.926888
0.547988, 0.925884
0.567201, 0.924378
0.586432, 0.922368
0.60569, 0.919853
0.624985, 0.916826
0.644326, 0.91328
0.663725, 0.909199
0.683194, 0.904563
0.702742, 0.899344
0.722378, 0.893504
0.742108, 0.886996
0.761931, 0.879762
0.781845, 0.871733
0.801837, 0.862828
0.821894, 0.852951
0.841991, 0.841991
0.862132, 0.829843
0.882379, 0.816432
0.13168, 0.834634
0.150976, 0.849024
0.170157, 0.862132
0.189329, 0.873994
0.208479, 0.884736
0.227595, 0.894461
0.24667, 0.903255
0.265698, 0.911192
0.284675, 0.918332
0.303602, 0.924729
0.322478, 0.930428
0.341305, 0.935467
0.360086, 0.939876
0.378827, 0.943684
0.397531, 0.946912
0.416204, 0.949577
0.434852, 0.951694
0.45348, 0.953273
0.472094, 0.954321
0.490699, 0.954844
0.509301, 0.954844
0.527906, 0.954321
0.54652, 0.953273
0.565148, 0.951694
0.583796, 0.949577
0.602469, 0.946912
0.621173, 0.943684
0.639914, 0.939876
0.658695, 0.935467
0.677522, 0.930428
0.696398, 0.924729
0.715325, 0.918332
0.734302, 0.911192
0.75333, 0.903255
0.772405, 0.894461
0.791521, 0.884736
0.810671, 0.873994
0.829843, 0.862132
0.849024, 0.849024
0.86832, 0.834634
0.147036, 0.852964
0.165366, 0.86832
0.183568, 0.882379
0.201761, 0.895165
0.219943, 0.9068
0.23811, 0.917388
0.256262, 0.92701
0.274398, 0.935734
0.292517, 0.943619
0.31062, 0.950711
0.328708, 0.957051
0.346782, 0.962674
0.364842, 0.967607
0.382889, 0.971875
0.400926, 0.975499
0.418953, 0.978494
0.436972, 0.980875
0.454984, 0.982651
0.472992, 0.983831
0.490998, 0.98442
0.509002, 0.98442
0.527008, 0.983831
0.545016, 0.982651
0.563028, 0.980875
0.581047, 0.978494
0.599074, 0.975499
0.617111, 0.971875
0.635158, 0.967607
0.653218, 0.962674
0.671292, 0.957051
0.68938, 0.950711
0.707483, 0.943619
0.725602, 0.935734
0.743738, 0.92701
0.76189, 0.917388
0.780057, 0.9068
0.798239, 0.895165
0.816432, 0.882379
0.834634, 0.86832
0.852964, 0.852964
