0.146447, 0.146447
0.164124, 0.129612
0.181802, 0.114319
0.19948, 0.100391
0.217157, 0.0876894
0.234835, 0.0761044
0.252513, 0.0655463
0.27019, 0.055942
0.287868, 0.0472307
0.305546, 0.0393619
0.323223, 0.0322928
0.340901, 0.0259879
0.358579, 0.0204168
0.376256, 0.0155544
0.393934, 0.0113795
0.411612, 0.00787451
0.429289, 0.00502525
0.446967, 0.00282045
0.464645, 0.00125157
0.482322, 0.000312598
0.5, 0
0.517678, 0.000312598
0.535355, 0.00125157
0.553033, 0.00282045
0.570711, 0.00502525
0.588388, 0.00787451
0.606066, 0.0113795
0.623744, 0.0155544
0.641421, 0.0204168
0.659099, 0.0259879
0.676777, 0.0322928
0.694454, 0.0393619
0.712132, 0.0472307
0.72981, 0.055942
0.747487, 0.0655463
0.765165, 0.0761044
0.782843, 0.0876894
0.80052, 0.100391
0.818198, 0.114319
0.835876, 0.129612
0.853553, 0.146447
0.129612, 0.164124
0.148687, 0.148687
0.1674, 0.134442
0.186107, 0.121525
0.204799, 0.109804
0.22347, 0.099167
0.242114, 0.0895208
0.260727, 0.0807891
0.279306, 0.0729072
0.297851, 0.0658205
0.316361, 0.0594821
0.334837, 0.0538522
0.35328, 0.0488966
0.371693, 0.0445864
0.390078, 0.040897
0.408438, 0.0378079
0.426776, 0.0353024
0.445098, 0.0333672
0.463406, 0.031992
0.481705, 0.0311697
0.5, 0.030896
0.518295, 0.0311697
0.536594, 0.031992
0.554902, 0.0333672
0.573224, 0.0353024
0.591562, 0.0378079
0.609922, 0.040897
0.628307, 0.0445864
0.64672, 0.0488966
0.665163, 0.0538522
0.683639, 0.0594821
0.702149, 0.0658205
0.720694, 0.0729072
0.739273, 0.0807891
0.757886, 0.0895208
0.77653, 0.099167
0.795201, 0.109804
0.813893, 0.121525
0.8326, 0.134442
0.851313, 0.148687
0.870388, 0.164124
0.114319, 0.181802
0.134442, 0.1674
0.15418, 0.15418
0.173843, 0.142201
0.193484, 0.131387
0.213084, 0.121622
0.232629, 0.11281
0.25211, 0.104867
0.271521, 0.0977236
0.290859, 0.0913188
0.310124, 0.0856018
0.32932, 0.0805296
0.348451, 0.0760663
0.367522, 0.0721828
0.386542, 0.0688554
0.405518, 0.0660656
0.424457, 0.0637994
0.443367, 0.0620462
0.462256, 0.0607987
0.481132, 0.060052
0.5, 0.0598035
0.518868, 0.060052
0.537744, 0.0607987
0.556633, 0.0620462
0.575543, 0.0637994
0.594482, 0.0660656
0.613458, 0.0688554
0.632478, 0.0721828
0.651549, 0.0760663
0.67068, 0.0805296
0.689876, 0.0856018
0.709141, 0.0913188
0.728479, 0.0977236
0.74789, 0.104867
0.767371, 0.11281
0.786916, 0.121622
0.806516, 0.131387
0.826157, 0.142201
0.84582, 0.15418
0.865558, 0.1674
0.885681, 0.181802
0.100391, 0.19948
0.121525, 0.186107
0.142201, 0.173843
0.162796, 0.162796
0.183337, 0.152864
0.203802, 0.14393
0.224165, 0.135883
0.244409, 0.128627
0.264528, 0.122081
0.284521, 0.116175
0.304397, 0.110855
0.324169, 0.106079
0.343852, 0.101818
0.363466, 0.0980547
0.383029, 0.0947809
0.402555, 0.0919956
0.422059, 0.089703
0.44155, 0.0879096
0.461035, 0.0866222
0.480518, 0.0858471
0.5, 0.0855883
0.519482, 0.0858471
0.538965, 0.0866222
0.55845, 0.0879096
0.577941, 0.089703
0.597445, 0.0919956
0.616971, 0.0947809
0.636534, 0.0980547
0.656148, 0.101818
0.675831, 0.106079
0.695603, 0.110855
0.715479, 0.116175
0.735472, 0.122081
0.755591, 0.128627
0.775835, 0.135883
0.796198, 0.14393
0.816663, 0.152864
0.837204, 0.162796
0.857799, 0.173843
0.878475, 0.186107
0.899609, 0.19948
0.0876894, 0.217157
0.109804, 0.204799
0.131387, 0.193484
0.152864, 0.183337
0.174241, 0.174241
0.195473, 0.166054
0.216518, 0.158639
0.237352, 0.151873
0.257974, 0.145656
0.2784, 0.139911
0.298662, 0.134588
0.318802, 0.129663
0.338869, 0.125141
0.358905, 0.121042
0.378946, 0.117399
0.399018, 0.114247
0.419134, 0.11162
0.439298, 0.109546
0.459505, 0.10805
0.479744, 0.107145
0.5, 0.106843
0.520256, 0.107145
0.540495, 0.10805
0.560702, 0.109546
0.580866, 0.11162
0.600982, 0.114247
0.621054, 0.117399
0.641095, 0.121042
0.661131, 0.125141
0.681198, 0.129663
0.701338, 0.134588
0.7216, 0.139911
0.742026, 0.145656
0.762648, 0.151873
0.783482, 0.158639
0.804527, 0.166054
0.825759, 0.174241
0.847136, 0.183337
0.868613, 0.193484
0.890196, 0.204799
0.912311, 0.217157
0.0761044, 0.234835
0.099167, 0.22347
0.121622, 0.213084
0.14393, 0.203802
0.166054, 0.195473
0.187912, 0.187912
0.20944, 0.180938
0.230613, 0.174392
0.251452, 0.168157
0.272021, 0.162168
0.292414, 0.15642
0.312733, 0.150958
0.333071, 0.145852
0.353497, 0.141182
0.374051, 0.137018
0.394753, 0.133418
0.4156, 0.130426
0.436577, 0.128074
0.457658, 0.126381
0.478811, 0.125361
0.5, 0.12502
0.521189, 0.125361
0.542342, 0.126381
0.563423, 0.128074
0.5844, 0.130426
0.605247, 0.133418
0.625949, 0.137018
0.646503, 0.141182
0.666929, 0.145852
0.687267, 0.150958
0.707586, 0.15642
0.727979, 0.162168
0.748548, 0.168157
0.769387, 0.174392
0.79056, 0.180938
0.812088, 0.187912
0.833946, 0.195473
0.85607, 0.203802
0.878378, 0.213084
0.900833, 0.22347
0.923896, 0.234835
0.0655463, 0.252513
0.0895208, 0.242114
0.11281, 0.232629
0.135883, 0.224165
0.158639, 0.216518
0.180938, 0.20944
0.202692, 0.202692
0.223897, 0.196085
0.244647, 0.189524
0.265114, 0.183022
0.28549, 0.176681
0.305943, 0.170635
0.32659, 0.165014
0.347497, 0.159925
0.368683, 0.155448
0.390137, 0.151633
0.411827, 0.148509
0.433706, 0.146084
0.455727, 0.14436
0.477841, 0.143329
0.5, 0.142986
0.522159, 0.143329
0.544273, 0.14436
0.566294, 0.146084
0.588173, 0.148509
0.609863, 0.151633
0.631317, 0.155448
0.652503, 0.159925
0.67341, 0.165014
0.694057, 0.170635
0.71451, 0.176681
0.734886, 0.183022
0.755353, 0.189524
0.776103, 0.196085
0.797308, 0.202692
0.819062, 0.20944
0.841361, 0.216518
0.864117, 0.224165
0.88719, 0.232629
0.910479, 0.242114
0.934454, 0.252513
0.055942, 0.27019
0.0807891, 0.260727
0.104867, 0.25211
0.128627, 0.244409
0.151873, 0.237352
0.174392, 0.230613
0.196085, 0.223897
0.217031, 0.217031
0.237481, 0.210021
0.25776, 0.203021
0.278151, 0.19624
0.298852, 0.189877
0.319971, 0.184097
0.341535, 0.17901
0.363512, 0.174679
0.385834, 0.171119
0.408418, 0.168309
0.431185, 0.166203
0.45407, 0.164748
0.47702, 0.163897
0.5, 0.163617
0.52298, 0.163897
0.54593, 0.164748
0.568815, 0.166203
0.591582, 0.168309
0.614166, 0.171119
0.636488, 0.174679
0.658465, 0.17901
0.680029, 0.184097
0.701148, 0.189877
0.721849, 0.19624
0.74224, 0.203021
0.762519, 0.210021
0.782969, 0.217031
0.803915, 0.223897
0.825608, 0.230613
0.848127, 0.237352
0.871373, 0.244409
0.895133, 0.25211
0.919211, 0.260727
0.944058, 0.27019
0.0472307, 0.287868
0.0729072, 0.279306
0.0977236, 0.271521
0.122081, 0.264528
0.145656, 0.257974
0.168157, 0.251452
0.189524, 0.244647
0.210021, 0.237481
0.230123, 0.230123
0.250292, 0.22286
0.270873, 0.215992
0.292061, 0.209772
0.313914, 0.20438
0.336375, 0.199913
0.359312, 0.19637
0.382567, 0.193675
0.406, 0.191711
0.429505, 0.190347
0.453019, 0.189466
0.476517, 0.188975
0.5, 0.188818
0.523483, 0.188975
0.546981, 0.189466
0.570495, 0.190347
0.594, 0.191711
0.617433, 0.193675
0.640688, 0.19637
0.663625, 0.199913
0.686086, 0.20438
0.707939, 0.209772
0.729127, 0.215992
0.749708, 0.22286
0.769877, 0.230123
0.789979, 0.237481
0.810476, 0.244647
0.831843, 0.251452
0.854344, 0.257974
0.877919, 0.264528
0.902276, 0.271521
0.927093, 0.279306
0.952769, 0.287868
0.0393619, 0.305546
0.0658205, 0.297851
0.0913188, 0.290859
0.116175, 0.284521
0.139911, 0.2784
0.162168, 0.272021
0.183022, 0.265114
0.203021, 0.25776
0.22286, 0.250292
0.243119, 0.243119
0.264176, 0.236622
0.286188, 0.231101
0.309092, 0.226716
0.33267, 0.223462
0.356644, 0.221203
0.38077, 0.219741
0.404874, 0.218871
0.428855, 0.218404
0.452684, 0.218186
0.476379, 0.218102
0.5, 0.218082
0.523621, 0.218102
0.547316, 0.218186
0.571145, 0.218404
0.595126, 0.218871
0.61923, 0.219741
0.643356, 0.221203
0.66733, 0.223462
0.690908, 0.226716
0.713812, 0.231101
0.735824, 0.236622
0.756881, 0.243119
0.77714, 0.250292
0.796979, 0.25776
0.816978, 0.265114
0.837832, 0.272021
0.860089, 0.2784
0.883825, 0.284521
0.908681, 0.290859
0.93418, 0.297851
0.960638, 0.305546
0.0322928, 0.323223
0.0594821, 0.316361
0.0856018, 0.310124
0.110855, 0.304397
0.134588, 0.298662
0.15642, 0.292414
0.176681, 0.28549
0.19624, 0.278151
0.215992, 0.270873
0.236622, 0.264176
0.258518, 0.258518
0.281705, 0.254182
0.30589, 0.251198
0.330645, 0.249394
0.355577, 0.248512
0.380398, 0.248282
0.404936, 0.248454
0.429121, 0.248814
0.452967, 0.24919
0.476553, 0.249464
0.5, 0.249563
0.523447, 0.249464
0.547033, 0.24919
0.570879, 0.248814
0.595064, 0.248454
0.619602, 0.248282
0.644423, 0.248512
0.669355, 0.249394
0.69411, 0.251198
0.718295, 0.254182
0.741482, 0.258518
0.763378, 0.264176
0.784008, 0.270873
0.80376, 0.278151
0.823319, 0.28549
0.84358, 0.292414
0.865412, 0.298662
0.889145, 0.304397
0.914398, 0.310124
0.940518, 0.316361
0.967707, 0.323223
0.0259879, 0.340901
0.0538522, 0.334837
0.0805296, 0.32932
0.106079, 0.324169
0.129663, 0.318802
0.150958, 0.312733
0.170635, 0.305943
0.189877, 0.298852
0.209772, 0.292061
0.231101, 0.286188
0.254182, 0.281705
0.278766, 0.278766
0.304274, 0.277216
0.33012, 0.276766
0.355849, 0.277096
0.38116, 0.277895
0.4059, 0.278889
0.430046, 0.279854
0.453676, 0.280632
0.476934, 0.281127
0.5, 0.281297
0.523066, 0.281127
0.546324, 0.280632
0.569954, 0.279854
0.5941, 0.278889
0.61884, 0.277895
0.644151, 0.277096
0.66988, 0.276766
0.695726, 0.277216
0.721234, 0.278766
0.745818, 0.281705
0.768899, 0.286188
0.790228, 0.292061
0.810123, 0.298852
0.829365, 0.305943
0.849042, 0.312733
0.870337, 0.318802
0.893921, 0.324169
0.91947, 0.32932
0.946148, 0.334837
0.974012, 0.340901
0.0204168, 0.358579
0.0488966, 0.35328
0.0760663, 0.348451
0.101818, 0.343852
0.125141, 0.338869
0.145852, 0.333071
0.165014, 0.32659
0.184097, 0.319971
0.20438, 0.313914
0.226716, 0.309092
0.251198, 0.30589
0.277216, 0.304274
0.303964, 0.303964
0.330753, 0.304609
0.357083, 0.305845
0.382653, 0.30732
0.407352, 0.308733
0.43124, 0.309876
0.454496, 0.310659
0.477344, 0.311091
0.5, 0.311226
0.522656, 0.311091
0.545504, 0.310659
0.56876, 0.309876
0.592648, 0.308733
0.617347, 0.30732
0.642917, 0.305845
0.669247, 0.304609
0.696036, 0.303964
0.722784, 0.304274
0.748802, 0.30589
0.773284, 0.309092
0.79562, 0.313914
0.815903, 0.319971
0.834986, 0.32659
0.854148, 0.333071
0.874859, 0.338869
0.898182, 0.343852
0.923934, 0.348451
0.951103, 0.35328
0.979583, 0.358579
0.0155544, 0.376256
0.0445864, 0.371693
0.0721828, 0.367522
0.0980547, 0.363466
0.121042, 0.358905
0.141182, 0.353497
0.159925, 0.347497
0.17901, 0.341535
0.199913, 0.336375
0.223462, 0.33267
0.249394, 0.330645
0.276766, 0.33012
0.304609, 0.330753
0.332145, 0.332145
0.35882, 0.333866
0.384338, 0.335492
0.408678, 0.336681
0.432071, 0.33728
0.454888, 0.337377
0.47747, 0.337245
0.5, 0.337162
0.52253, 0.337245
0.545112, 0.337377
0.567929, 0.33728
0.591322, 0.336681
0.615662, 0.335492
0.64118, 0.333866
0.667855, 0.332145
0.695391, 0.330753
0.723234, 0.33012
0.750606, 0.330645
0.776538, 0.33267
0.800087, 0.336375
0.82099, 0.341535
0.840075, 0.347497
0.858818, 0.353497
0.878958, 0.358905
0.901945, 0.363466
0.927817, 0.367522
0.955414, 0.371693
0.984446, 0.376256
0.0113795, 0.393934
0.040897, 0.390078
0.0688554, 0.386542
0.0947809, 0.383029
0.117399, 0.378946
0.137018, 0.374051
0.155448, 0.368683
0.174679, 0.363512
0.19637, 0.359312
0.221203, 0.356644
0.248512, 0.355577
0.277096, 0.355849
0.305845, 0.357083
0.333866, 0.35882
0.360521, 0.360521
0.385525, 0.361634
0.409053, 0.361777
0.431708, 0.360979
0.4542, 0.359704
0.47696, 0.358593
0.5, 0.358158
0.52304, 0.358593
0.5458, 0.359704
0.568292, 0.360979
0.590947, 0.361777
0.614475, 0.361634
0.639479, 0.360521
0.666134, 0.35882
0.694155, 0.357083
0.722904, 0.355849
0.751488, 0.355577
0.778797, 0.356644
0.80363, 0.359312
0.825321, 0.363512
0.844552, 0.368683
0.862982, 0.374051
0.882601, 0.378946
0.905219, 0.383029
0.931145, 0.386542
0.959103, 0.390078
0.988621, 0.393934
0.00787451, 0.411612
0.0378079, 0.408438
0.0660656, 0.405518
0.0919956, 0.402555
0.114247, 0.399018
0.133418, 0.394753
0.151633, 0.390137
0.171119, 0.385834
0.193675, 0.382567
0.219741, 0.38077
0.248282, 0.380398
0.277895, 0.38116
0.30732, 0.382653
0.335492, 0.384338
0.361634, 0.385525
0.385526, 0.385526
0.407804, 0.384075
0.429683, 0.381589
0.452191, 0.378883
0.475725, 0.376815
0.5, 0.376042
0.524275, 0.376815
0.547809, 0.378883
0.570317, 0.381589
0.592196, 0.384075
0.614474, 0.385526
0.638366, 0.385525
0.664508, 0.384338
0.69268, 0.382653
0.722105, 0.38116
0.751718, 0.380398
0.780259, 0.38077
0.806325, 0.382567
0.828881, 0.385834
0.848367, 0.390137
0.866582, 0.394753
0.885753, 0.399018
0.908004, 0.402555
0.933934, 0.405518
0.962192, 0.408438
0.992125, 0.411612
0.00502525, 0.429289
0.0353024, 0.426776
0.0637994, 0.424457
0.089703, 0.422059
0.11162, 0.419134
0.130426, 0.4156
0.148509, 0.411827
0.168309, 0.408418
0.191711, 0.406
0.218871, 0.404874
0.248454, 0.404936
0.278889, 0.4059
0.308733, 0.407352
0.336681, 0.408678
0.361777, 0.409053
0.384075, 0.407804
0.404975, 0.404975
0.426241, 0.401229
0.449095, 0.397478
0.473892, 0.3947
0.5, 0.393677
0.526108, 0.3947
0.550905, 0.397478
0.573759, 0.401229
0.595025, 0.404975
0.615925, 0.407804
0.638223, 0.409053
0.663319, 0.408678
0.691267, 0.407352
0.721111, 0.4059
0.751546, 0.404936
0.781129, 0.404874
0.808289, 0.406
0.831691, 0.408418
0.851491, 0.411827
0.869574, 0.4156
0.88838, 0.419134
0.910297, 0.422059
0.936201, 0.424457
0.964698, 0.426776
0.994975, 0.429289
0.00282045, 0.446967
0.0333672, 0.445098
0.0620462, 0.443367
0.0879096, 0.44155
0.109546, 0.439298
0.128074, 0.436577
0.146084, 0.433706
0.166203, 0.431185
0.190347, 0.429505
0.218404, 0.428855
0.248814, 0.429121
0.279854, 0.430046
0.309876, 0.43124
0.33728, 0.432071
0.360979, 0.431708
0.381589, 0.429683
0.401229, 0.426241
0.422018, 0.422018
0.445421, 0.417921
0.471772, 0.414985
0.5, 0.413932
0.528228, 0.414985
0.554579, 0.417921
0.577982, 0.422018
0.598771, 0.426241
0.618411, 0.429683
0.639021, 0.431708
0.66272, 0.432071
0.690124, 0.43124
0.720146, 0.430046
0.751186, 0.429121
0.781596, 0.428855
0.809653, 0.429505
0.833797, 0.431185
0.853916, 0.433706
0.871926, 0.436577
0.890454, 0.439298
0.91209, 0.44155
0.937954, 0.443367
0.966633, 0.445098
0.99718, 0.446967
0.00125157, 0.464645
0.031992, 0.463406
0.0607987, 0.462256
0.0866222, 0.461035
0.10805, 0.459505
0.126381, 0.457658
0.14436, 0.455727
0.164748, 0.45407
0.189466, 0.453019
0.218186, 0.452684
0.24919, 0.452967
0.280632, 0.453676
0.310659, 0.454496
0.337377, 0.454888
0.359704, 0.4542
0.378883, 0.452191
0.397478, 0.449095
0.417921, 0.445421
0.442007, 0.442007
0.469898, 0.439711
0.5, 0.438925
0.530102, 0.439711
0.557993, 0.442007
0.582079, 0.445421
0.602522, 0.449095
0.621117, 0.452191
0.640296, 0.4542
0.662623, 0.454888
0.689341, 0.454496
0.719368, 0.453676
0.75081, 0.452967
0.781814, 0.452684
0.810534, 0.453019
0.835252, 0.45407
0.85564, 0.455727
0.873619, 0.457658
0.89195, 0.459505
0.913378, 0.461035
0.939201, 0.462256
0.968008, 0.463406
0.998748, 0.464645
0.000312598, 0.482322
0.0311697, 0.481705
0.060052, 0.481132
0.0858471, 0.480518
0.107145, 0.479744
0.125361, 0.478811
0.143329, 0.477841
0.163897, 0.47702
0.188975, 0.476517
0.218102, 0.476379
0.249464, 0.476553
0.281127, 0.476934
0.311091, 0.477344
0.337245, 0.47747
0.358593, 0.47696
0.376815, 0.475725
0.3947, 0.473892
0.414985, 0.471772
0.439711, 0.469898
0.468707, 0.468707
0.5, 0.468311
0.531293, 0.468707
0.560289, 0.469898
0.585015, 0.471772
0.6053, 0.473892
0.623185, 0.475725
0.641407, 0.47696
0.662755, 0.47747
0.688909, 0.477344
0.718873, 0.476934
0.750536, 0.476553
0.781898, 0.476379
0.811025, 0.476517
0.836103, 0.47702
0.856671, 0.477841
0.874639, 0.478811
0.892855, 0.479744
0.914153, 0.480518
0.939948, 0.481132
0.96883, 0.481705
0.999687, 0.482322
0, 0.5
0.030896, 0.5
0.0598035, 0.5
0.0855883, 0.5
0.106843, 0.5
0.12502, 0.5
0.142986, 0.5
0.163617, 0.5
0.188818, 0.5
0.218082, 0.5
0.249563, 0.5
0.281297, 0.5
0.311226, 0.5
0.337162, 0.5
0.358158, 0.5
0.376042, 0.5
0.393677, 0.5
0.413932, 0.5
0.438925, 0.5
0.468311, 0.5
0.5, 0.5
0.531689, 0.5
0.561075, 0.5
0.586068, 0.5
0.606323, 0.5
0.623958, 0.5
0.641842, 0.5
0.662838, 0.5
0.688774, 0.5
0.718703, 0.5
0.750437, 0.5
0.781918, 0.5
0.811182, 0.5
0.836383, 0.5
0.857014, 0.5
0.87498, 0.5
0.893157, 0.5
0.914412, 0.5
0.940197, 0.5
0.969104, 0.5
1, 0.5
0.000312598, 0.517678
0.0311697, 0.518295
0.060052, 0.518868
0.0858471, 0.519482
0.107145, 0.520256
0.125361, 0.521189
0.143329, 0.522159
0.163897, 0.52298
0.188975, 0.523483
0.218102, 0.523621
0.249464, 0.523447
0.281127, 0.523066
0.311091, 0.522656
0.337245, 0.52253
0.358593, 0.52304
0.376815, 0.524275
0.3947, 0.526108
0.414985, 0.528228
0.439711, 0.530102
0.468707, 0.531293
0.5, 0.531689
0.531293, 0.531293
0.560289, 0.530102
0.585015, 0.528228
0.6053, 0.526108
0.623185, 0.524275
0.641407, 0.52304
0.662755, 0.52253
0.688909, 0.522656
0.718873, 0.523066
0.750536, 0.523447
0.781898, 0.523621
0.811025, 0.523483
0.836103, 0.52298
0.856671, 0.522159
0.874639, 0.521189
0.892855, 0.520256
0.914153, 0.519482
0.939948, 0.518868
0.96883, 0.518295
0.999687, 0.517678
0.00125157, 0.535355
0.031992, 0.536594
0.0607987, 0.537744
0.0866222, 0.538965
0.10805, 0.540495
0.126381, 0.542342
0.14436, 0.544273
0.164748, 0.54593
0.189466, 0.546981
0.218186, 0.547316
0.24919, 0.547033
0.280632, 0.546324
0.310659, 0.545504
0.337377, 0.545112
0.359704, 0.5458
0.378883, 0.547809
0.397478, 0.550905
0.417921, 0.554579
0.442007, 0.557993
0.469898, 0.560289
0.5, 0.561075
0.530102, 0.560289
0.557993, 0.557993
0.582079, 0.554579
0.602522, 0.550905
0.621117, 0.547809
0.640296, 0.5458
0.662623, 0.545112
0.689341, 0.545504
0.719368, 0.546324
0.75081, 0.547033
0.781814, 0.547316
0.810534, 0.546981
0.835252, 0.54593
0.85564, 0.544273
0.873619, 0.542342
0.89195, 0.540495
0.913378, 0.538965
0.939201, 0.537744
0.968008, 0.536594
0.998748, 0.535355
0.00282045, 0.553033
0.0333672, 0.554902
0.0620462, 0.556633
0.0879096, 0.55845
0.109546, 0.560702
0.128074, 0.563423
0.146084, 0.566294
0.166203, 0.568815
0.190347, 0.570495
0.218404, 0.571145
0.248814, 0.570879
0.279854, 0.569954
0.309876, 0.56876
0.33728, 0.567929
0.360979, 0.568292
0.381589, 0.570317
0.401229, 0.573759
0.422018, 0.577982
0.445421, 0.582079
0.471772, 0.585015
0.5, 0.586068
0.528228, 0.585015
0.554579, 0.582079
0.577982, 0.577982
0.598771, 0.573759
0.618411, 0.570317
0.639021, 0.568292
0.66272, 0.567929
0.690124, 0.56876
0.720146, 0.569954
0.751186, 0.570879
0.781596, 0.571145
0.809653, 0.570495
0.833797, 0.568815
0.853916, 0.566294
0.871926, 0.563423
0.890454, 0.560702
0.91209, 0.55845
0.937954, 0.556633
0.966633, 0.554902
0.99718, 0.553033
0.00502525, 0.570711
0.0353024, 0.573224
0.0637994, 0.575543
0.089703, 0.577941
0.11162, 0.580866
0.130426, 0.5844
0.148509, 0.588173
0.168309, 0.591582
0.191711, 0.594
0.218871, 0.595126
0.248454, 0.595064
0.278889, 0.5941
0.308733, 0.592648
0.336681, 0.591322
0.361777, 0.590947
0.384075, 0.592196
0.404975, 0.595025
0.426241, 0.598771
0.449095, 0.602522
0.473892, 0.6053
0.5, 0.606323
0.526108, 0.6053
0.550905, 0.602522
0.573759, 0.598771
0.595025, 0.595025
0.615925, 0.592196
0.638223, 0.590947
0.663319, 0.591322
0.691267, 0.592648
0.721111, 0.5941
0.751546, 0.595064
0.781129, 0.595126
0.808289, 0.594
0.831691, 0.591582
0.851491, 0.588173
0.869574, 0.5844
0.88838, 0.580866
0.910297, 0.577941
0.936201, 0.575543
0.964698, 0.573224
0.994975, 0.570711
0.00787451, 0.588388
0.0378079, 0.591562
0.0660656, 0.594482
0.0919956, 0.597445
0.114247, 0.600982
0.133418, 0.605247
0.151633, 0.609863
0.171119, 0.614166
0.193675, 0.617433
0.219741, 0.61923
0.248282, 0.619602
0.277895, 0.61884
0.30732, 0.617347
0.335492, 0.615662
0.361634, 0.614475
0.385526, 0.614474
0.407804, 0.615925
0.429683, 0.618411
0.452191, 0.621117
0.475725, 0.623185
0.5, 0.623958
0.524275, 0.623185
0.547809, 0.621117
0.570317, 0.618411
0.592196, 0.615925
0.614474, 0.614474
0.638366, 0.614475
0.664508, 0.615662
0.69268, 0.617347
0.722105, 0.61884
0.751718, 0.619602
0.780259, 0.61923
0.806325, 0.617433
0.828881, 0.614166
0.848367, 0.609863
0.866582, 0.605247
0.885753, 0.600982
0.908004, 0.597445
0.933934, 0.594482
0.962192, 0.591562
0.992125, 0.588388
0.0113795, 0.606066
0.040897, 0.609922
0.0688554, 0.613458
0.0947809, 0.616971
0.117399, 0.621054
0.137018, 0.625949
0.155448, 0.631317
0.174679, 0.636488
0.19637, 0.640688
0.221203, 0.643356
0.248512, 0.644423
0.277096, 0.644151
0.305845, 0.642917
0.333866, 0.64118
0.360521, 0.639479
0.385525, 0.638366
0.409053, 0.638223
0.431708, 0.639021
0.4542, 0.640296
0.47696, 0.641407
0.5, 0.641842
0.52304, 0.641407
0.5458, 0.640296
0.568292, 0.639021
0.590947, 0.638223
0.614475, 0.638366
0.639479, 0.639479
0.666134, 0.64118
0.694155, 0.642917
0.722904, 0.644151
0.751488, 0.644423
0.778797, 0.643356
0.80363, 0.640688
0.825321, 0.636488
0.844552, 0.631317
0.862982, 0.625949
0.882601, 0.621054
0.905219, 0.616971
0.931145, 0.613458
0.959103, 0.609922
0.988621, 0.606066
0.0155544, 0.623744
0.0445864, 0.628307
0.0721828, 0.632478
0.0980547, 0.636534
0.121042, 0.641095
0.141182, 0.646503
0.159925, 0.652503
0.17901, 0.658465
0.199913, 0.663625
0.223462, 0.66733
0.249394, 0.669355
0.276766, 0.66988
0.304609, 0.669247
0.332145, 0.667855
0.35882, 0.666134
0.384338, 0.664508
0.408678, 0.663319
0.432071, 0.66272
0.454888, 0.662623
0.47747, 0.662755
0.5, 0.662838
0.52253, 0.662755
0.545112, 0.662623
0.567929, 0.66272
0.591322, 0.663319
0.615662, 0.664508
0.64118, 0.666134
0.667855, 0.667855
0.695391, 0.669247
0.723234, 0.66988
0.750606, 0.669355
0.776538, 0.66733
0.800087, 0.663625
0.82099, 0.658465
0.840075, 0.652503
0.858818, 0.646503
0.878958, 0.641095
0.901945, 0.636534
0.927817, 0.632478
0.955414, 0.628307
0.984446, 0.623744
0.0204168, 0.641421
0.0488966, 0.64672
0.0760663, 0.651549
0.101818, 0.656148
0.125141, 0.661131
0.145852, 0.666929
0.165014, 0.67341
0.184097, 0.680029
0.20438, 0.686086
0.226716, 0.690908
0.251198, 0.69411
0.277216, 0.695726
0.303964, 0.696036
0.330753, 0.695391
0.357083, 0.694155
0.382653, 0.69268
0.407352, 0.691267
0.43124, 0.690124
0.454496, 0.689341
0.477344, 0.688909
0.5, 0.688774
0.522656, 0.688909
0.545504, 0.689341
0.56876, 0.690124
0.592648, 0.691267
0.617347, 0.69268
0.642917, 0.694155
0.669247, 0.695391
0.696036, 0.696036
0.722784, 0.695726
0.748802, 0.69411
0.773284, 0.690908
0.79562, 0.686086
0.815903, 0.680029
0.834986, 0.67341
0.854148, 0.666929
0.874859, 0.661131
0.898182, 0.656148
0.923934, 0.651549
0.951103, 0.64672
0.979583, 0.641421
0.0259879, 0.659099
0.0538522, 0.665163
0.0805296, 0.67068
0.106079, 0.675831
0.129663, 0.681198
0.150958, 0.687267
0.170635, 0.694057
0.189877, 0.701148
0.209772, 0.707939
0.231101, 0.713812
0.254182, 0.718295
0.278766, 0.721234
0.304274, 0.722784
0.33012, 0.723234
0.355849, 0.722904
0.38116, 0.722105
0.4059, 0.721111
0.430046, 0.720146
0.453676, 0.719368
0.476934, 0.718873
0.5, 0.718703
0.523066, 0.718873
0.546324, 0.719368
0.569954, 0.720146
0.5941, 0.721111
0.61884, 0.722105
0.644151, 0.722904
0.66988, 0.723234
0.695726, 0.722784
0.721234, 0.721234
0.745818, 0.718295
0.768899, 0.713812
0.790228, 0.707939
0.810123, 0.701148
0.829365, 0.694057
0.849042, 0.687267
0.870337, 0.681198
0.893921, 0.675831
0.91947, 0.67068
0.946148, 0.665163
0.974012, 0.659099
0.0322928, 0.676777
0.0594821, 0.683639
0.0856018, 0.689876
0.110855, 0.695603
0.134588, 0.701338
0.15642, 0.707586
0.176681, 0.71451
0.19624, 0.721849
0.215992, 0.729127
0.236622, 0.735824
0.258518, 0.741482
0.281705, 0.745818
0.30589, 0.748802
0.330645, 0.750606
0.355577, 0.751488
0.380398, 0.751718
0.404936, 0.751546
0.429121, 0.751186
0.452967, 0.75081
0.476553, 0.750536
0.5, 0.750437
0.523447, 0.750536
0.547033, 0.75081
0.570879, 0.751186
0.595064, 0.751546
0.619602, 0.751718
0.644423, 0.751488
0.669355, 0.750606
0.69411, 0.748802
0.718295, 0.745818
0.741482, 0.741482
0.763378, 0.735824
0.784008, 0.729127
0.80376, 0.721849
0.823319, 0.71451
0.84358, 0.707586
0.865412, 0.701338
0.889145, 0.695603
0.914398, 0.689876
0.940518, 0.683639
0.967707, 0.676777
0.0393619, 0.694454
0.0658205, 0.702149
0.0913188, 0.709141
0.116175, 0.715479
0.139911, 0.7216
0.162168, 0.727979
0.183022, 0.734886
0.203021, 0.74224
0.22286, 0.749708
0.243119, 0.756881
0.264176, 0.763378
0.286188, 0.768899
0.309092, 0.773284
0.33267, 0.776538
0.356644, 0.778797
0.38077, 0.780259
0.404874, 0.781129
0.428855, 0.781596
0.452684, 0.781814
0.476379, 0.781898
0.5, 0.781918
0.523621, 0.781898
0.547316, 0.781814
0.571145, 0.781596
0.595126, 0.781129
0.61923, 0.780259
0.643356, 0.778797
0.66733, 0.776538
0.690908, 0.773284
0.713812, 0.768899
0.735824, 0.763378
0.756881, 0.756881
0.77714, 0.749708
0.796979, 0.74224
0.816978, 0.734886
0.837832, 0.727979
0.860089, 0.7216
0.883825, 0.715479
0.908681, 0.709141
0.93418, 0.702149
0.960638, 0.694454
0.0472307, 0.712132
0.0729072, 0.720694
0.0977236, 0.728479
0.122081, 0.735472
0.145656, 0.742026
0.168157, 0.748548
0.189524, 0.755353
0.210021, 0.762519
0.230123, 0.769877
0.250292, 0.77714
0.270873, 0.784008
0.292061, 0.790228
0.313914, 0.79562
0.336375, 0.800087
0.359312, 0.80363
0.382567, 0.806325
0.406, 0.808289
0.429505, 0.809653
0.453019, 0.810534
0.476517, 0.811025
0.5, 0.811182
0.523483, 0.811025
0.546981, 0.810534
0.570495, 0.809653
0.594, 0.808289
0.617433, 0.806325
0.640688, 0.80363
0.663625, 0.800087
0.686086, 0.79562
0.707939, 0.790228
0.729127, 0.784008
0.749708, 0.77714
0.769877, 0.769877
0.789979, 0.762519
0.810476, 0.755353
0.831843, 0.748548
0.854344, 0.742026
0.877919, 0.735472
0.902276, 0.728479
0.927093, 0.720694
0.952769, 0.712132
0.055942, 0.72981
0.0807891, 0.739273
0.104867, 0.74789
0.128627, 0.755591
0.151873, 0.762648
0.174392, 0.769387
0.196085, 0.776103
0.217031, 0.782969
0.237481, 0.789979
0.25776, 0.796979
0.278151, 0.80376
0.298852, 0.810123
0.319971, 0.815903
0.341535, 0.82099
0.363512, 0.825321
0.385834, 0.828881
0.408418, 0.831691
0.431185, 0.833797
0.45407, 0.835252
0.47702, 0.836103
0.5, 0.836383
0.52298, 0.836103
0.54593, 0.835252
0.568815, 0.833797
0.591582, 0.831691
0.614166, 0.828881
0.636488, 0.825321
0.658465, 0.82099
0.680029, 0.815903
0.701148, 0.810123
0.721849, 0.80376
0.74224, 0.796979
0.762519, 0.789979
0.782969, 0.782969
0.803915, 0.776103
0.825608, 0.769387
0.848127, 0.762648
0.871373, 0.755591
0.895133, 0.74789
0.919211, 0.739273
0.944058, 0.72981
0.0655463, 0.747487
0.0895208, 0.757886
0.11281, 0.767371
0.135883, 0.775835
0.158639, 0.783482
0.180938, 0.79056
0.202692, 0.797308
0.223897, 0.803915
0.244647, 0.810476
0.265114, 0.816978
0.28549, 0.823319
0.305943, 0.829365
0.32659, 0.834986
0.347497, 0.840075
0.368683, 0.844552
0.390137, 0.848367
0.411827, 0.851491
0.433706, 0.853916
0.455727, 0.85564
0.477841, 0.856671
0.5, 0.857014
0.522159, 0.856671
0.544273, 0.85564
0.566294, 0.853916
0.588173, 0.851491
0.609863, 0.848367
0.631317, 0.844552
0.652503, 0.840075
0.67341, 0.834986
0.694057, 0.829365
0.71451, 0.823319
0.734886, 0.816978
0.755353, 0.810476
0.776103, 0.803915
0.797308, 0.797308
0.819062, 0.79056
0.841361, 0.783482
0.864117, 0.775835
0.88719, 0.767371
0.910479, 0.757886
0.934454, 0.747487
0.0761044, 0.765165
0.099167, 0.77653
0.121622, 0.786916
0.14393, 0.796198
0.166054, 0.804527
0.187912, 0.812088
0.20944, 0.819062
0.230613, 0.825608
0.251452, 0.831843
0.272021, 0.837832
0.292414, 0.84358
0.312733, 0.849042
0.333071, 0.854148
0.353497, 0.858818
0.374051, 0.862982
0.394753, 0.866582
0.4156, 0.869574
0.436577, 0.871926
0.457658, 0.873619
0.478811, 0.874639
0.5, 0.87498
0.521189, 0.874639
0.542342, 0.873619
0.563423, 0.871926
0.5844, 0.869574
0.605247, 0.866582
0.625949, 0.862982
0.646503, 0.858818
0.666929, 0.854148
0.687267, 0.849042
0.707586, 0.84358
0.727979, 0.837832
0.748548, 0.831843
0.769387, 0.825608
0.79056, 0.819062
0.812088, 0.812088
0.833946, 0.804527
0.85607, 0.796198
0.878378, 0.786916
0.900833, 0.77653
0.923896, 0.765165
0.0876894, 0.782843
0.109804, 0.795201
0.131387, 0.806516
0.152864, 0.816663
0.174241, 0.825759
0.195473, 0.833946
0.216518, 0.841361
0.237352, 0.848127
0.257974, 0.854344
0.2784, 0.860089
0.298662, 0.865412
0.318802, 0.870337
0.338869, 0.874859
0.358905, 0.878958
0.378946, 0.882601
0.399018, 0.885753
0.419134, 0.88838
0.439298, 0.890454
0.459505, 0.89195
0.479744, 0.892855
0.5, 0.893157
0.520256, 0.892855
0.540495, 0.89195
0.560702, 0.890454
0.580866, 0.88838
0.600982, 0.885753
0.621054, 0.882601
0.641095, 0.878958
0.661131, 0.874859
0.681198, 0.870337
0.701338, 0.865412
0.7216, 0.860089
0.742026, 0.854344
0.762648, 0.848127
0.783482, 0.841361
0.804527, 0.833946
0.825759, 0.825759
0.847136, 0.816663
0.868613, 0.806516
0.890196, 0.795201
0.912311, 0.782843
0.100391, 0.80052
0.121525, 0.813893
0.142201, 0.826157
0.162796, 0.837204
0.183337, 0.847136
0.203802, 0.85607
0.224165, 0.864117
0.244409, 0.871373
0.264528, 0.877919
0.284521, 0.883825
0.304397, 0.889145
0.324169, 0.893921
0.343852, 0.898182
0.363466, 0.901945
0.383029, 0.905219
0.402555, 0.908004
0.422059, 0.910297
0.44155, 0.91209
0.461035, 0.913378
0.480518, 0.914153
0.5, 0.914412
0.519482, 0.914153
0.538965, 0.913378
0.55845, 0.91209
0.577941, 0.910297
0.597445, 0.908004
0.616971, 0.905219
0.636534, 0.901945
0.656148, 0.898182
0.675831, 0.893921
0.695603, 0.889145
0.715479, 0.883825
0.735472, 0.877919
0.755591, 0.871373
0.775835, 0.864117
0.796198, 0.85607
0.816663, 0.847136
0.837204, 0.837204
0.857799, 0.826157
0.878475, 0.813893
0.899609, 0.80052
0.114319, 0.818198
0.134442, 0.8326
0.15418, 0.84582
0.173843, 0.857799
0.193484, 0.868613
0.213084, 0.878378
0.232629, 0.88719
0.25211, 0.895133
0.271521, 0.902276
0.290859, 0.908681
0.310124, 0.914398
0.32932, 0.91947
0.348451, 0.923934
0.367522, 0.927817
0.386542, 0.931145
0.405518, 0.933934
0.424457, 0.936201
0.443367, 0.937954
0.462256, 0.939201
0.481132, 0.939948
0.5, 0.940197
0.518868, 0.939948
0.537744, 0.939201
0.556633, 0.937954
0.575543, 0.936201
0.594482, 0.933934
0.613458, 0.931145
0.632478, 0.927817
0.651549, 0.923934
0.67068, 0.91947
0.689876, 0.914398
0.709141, 0.908681
0.728479, 0.902276
0.74789, 0.895133
0.767371, 0.88719
0.786916, 0.878378
0.806516, 0.868613
0.826157, 0.857799
0.84582, 0.84582
0.865558, 0.8326
0.885681, 0.818198
0.129612, 0.835876
0.148687, 0.851313
0.1674, 0.865558
0.186107, 0.878475
0.204799, 0.890196
0.22347, 0.900833
0.242114, 0.910479
0.260727, 0.919211
0.279306, 0.927093
0.297851, 0.93418
0.316361, 0.940518
0.334837, 0.946148
0.35328, 0.951103
0.371693, 0.955414
0.390078, 0.959103
0.408438, 0.962192
0.426776, 0.964698
0.445098, 0.966633
0.463406, 0.968008
0.481705, 0.96883
0.5, 0.969104
0.518295, 0.96883
0.536594, 0.968008
0.554902, 0.966633
0.573224, 0.964698
0.591562, 0.962192
0.609922, 0.959103
0.628307, 0.955414
0.64672, 0.951103
0.665163, 0.946148
0.683639, 0.940518
0.702149, 0.93418
0.720694, 0.927093
0.739273, 0.919211
0.757886, 0.910479
0.77653, 0.900833
0.795201, 0.890196
0.813893, 0.878475
0.8326, 0.865558
0.851313, 0.851313
0.870388, 0.835876
0.146447, 0.853553
0.164124, 0.870388
0.181802, 0.885681
0.19948, 0.899609
0.217157, 0.912311
0.234835, 0.923896
0.252513, 0.934454
0.27019, 0.944058
0.287868, 0.952769
0.305546, 0.960638
0.323223, 0.967707
0.340901, 0.974012
0.358579, 0.979583
0.376256, 0.984446
0.393934, 0.988621
0.411612, 0.992125
0.429289, 0.994975
0.446967, 0.99718
0.464645, 0.998748
0.482322, 0.999687
0.5, 1
0.517678, 0.999687
0.535355, 0.998748
0.553033, 0.99718
0.570711, 0.994975
0.588388, 0.992125
0.606066, 0.988621
0.623744, 0.984446
0.641421, 0.979583
0.659099, 0.974012
0.676777, 0.967707
0.694454, 0.960638
0.712132, 0.952769
0.72981, 0.944058
0.747487, 0.934454
0.765165, 0.923896
0.782843, 0.912311
0.80052, 0.899609
0.818198, 0.885681
0.835876, 0.870388
0.853553, 0.853553
0.146986, 0.146986
0.165389, 0.131707
0.183594, 0.117655
0.20179, 0.104878
0.219974, 0.0932495
0.238143, 0.0826696
0.256296, 0.0730553
0.274432, 0.0643379
0.292551, 0.0564605
0.310653, 0.049375
0.32874, 0.0430411
0.346812, 0.0374247
0.364869, 0.0324969
0.382914, 0.0282336
0.400948, 0.0246144
0.418971, 0.0216227
0.436986, 0.0192449
0.454995, 0.0174706
0.472999, 0.016292
0.491, 0.0157039
0.509, 0.0157039
0.527001, 0.016292
0.545005, 0.0174706
0.563014, 0.0192449
0.581029, 0.0216227
0.599052, 0.0246144
0.617086, 0.0282336
0.635131, 0.0324969
0.653188, 0.0374247
0.67126, 0.0430411
0.689347, 0.049375
0.707449, 0.0564605
0.725568, 0.0643379
0.743704, 0.0730553
0.761857, 0.0826696
0.780026, 0.0932495
0.79821, 0.104878
0.816406, 0.117655
0.834611, 0.131707
0.853014, 0.146986
0.131707, 0.165389
0.151026, 0.151026
0.170217, 0.137937
0.189399, 0.126092
0.208556, 0.115369
0.227679, 0.105664
0.246758, 0.0968893
0.265789, 0.0889727
0.284767, 0.0818516
0.303693, 0.0754728
0.322566, 0.0697913
0.341388, 0.0647689
0.360164, 0.0603735
0.378897, 0.0565784
0.397592, 0.0533617
0.416256, 0.0507057
0.434893, 0.0485965
0.45351, 0.0470234
0.472112, 0.0459788
0.490705, 0.0454576
0.509295, 0.0454576
0.527888, 0.0459788
0.54649, 0.0470234
0.565107, 0.0485965
0.583744, 0.0507057
0.602408, 0.0533617
0.621103, 0.0565784
0.639836, 0.0603735
0.658612, 0.0647689
0.677434, 0.0697913
0.696307, 0.0754728
0.715233, 0.0818516
0.734211, 0.0889727
0.753242, 0.0968893
0.772321, 0.105664
0.791444, 0.115369
0.810601, 0.126092
0.829783, 0.137937
0.848974, 0.151026
0.868293, 0.165389
0.117655, 0.183594
0.137937, 0.170217
0.158099, 0.158099
0.178212, 0.147166
0.198282, 0.137317
0.218285, 0.12844
0.238206, 0.12044
0.258033, 0.113233
0.277763, 0.10675
0.297397, 0.100933
0.316939, 0.0957342
0.336399, 0.0911155
0.355787, 0.0870487
0.375116, 0.0835131
0.394396, 0.0804949
0.413639, 0.0779855
0.432855, 0.07598
0.452052, 0.0744764
0.471236, 0.073474
0.490413, 0.0729727
0.509587, 0.0729727
0.528764, 0.073474
0.547948, 0.0744764
0.567145, 0.07598
0.586361, 0.0779855
0.605604, 0.0804949
0.624884, 0.0835131
0.644213, 0.0870487
0.663601, 0.0911155
0.683061, 0.0957342
0.702603, 0.100933
0.722237, 0.10675
0.741967, 0.113233
0.761794, 0.12044
0.781715, 0.12844
0.801718, 0.137317
0.821788, 0.147166
0.841901, 0.158099
0.862063, 0.170217
0.882345, 0.183594
0.104878, 0.20179
0.126092, 0.189399
0.147166, 0.178212
0.168168, 0.168168
0.189083, 0.159146
0.209874, 0.151018
0.230512, 0.143668
0.250987, 0.136998
0.271298, 0.130924
0.291459, 0.125385
0.311492, 0.120337
0.331425, 0.115756
0.351289, 0.111634
0.371112, 0.107975
0.390918, 0.104793
0.410723, 0.102106
0.430539, 0.0999308
0.45037, 0.0982841
0.470215, 0.0971788
0.49007, 0.0966238
0.50993, 0.0966238
0.529785, 0.0971788
0.54963, 0.0982841
0.569461, 0.0999308
0.589277, 0.102106
0.609082, 0.104793
0.628888, 0.107975
0.648711, 0.111634
0.668575, 0.115756
0.688508, 0.120337
0.708541, 0.125385
0.728702, 0.130924
0.749013, 0.136998
0.769488, 0.143668
0.790126, 0.151018
0.810917, 0.159146
0.831832, 0.168168
0.852834, 0.178212
0.873908, 0.189399
0.895122, 0.20179
0.0932495, 0.219974
0.115369, 0.208556
0.137317, 0.198282
0.159146, 0.189083
0.18081, 0.18081
0.202245, 0.173299
0.223413, 0.166402
0.244307, 0.159996
0.264946, 0.153987
0.28538, 0.148321
0.305675, 0.142987
0.325901, 0.138006
0.346123, 0.133421
0.366388, 0.129284
0.386728, 0.125646
0.407159, 0.122551
0.427679, 0.120036
0.448279, 0.118128
0.468941, 0.116846
0.489643, 0.116201
0.510357, 0.116201
0.531059, 0.116846
0.551721, 0.118128
0.572321, 0.120036
0.592841, 0.122551
0.613272, 0.125646
0.633612, 0.129284
0.653877, 0.133421
0.674099, 0.138006
0.694325, 0.142987
0.71462, 0.148321
0.735054, 0.153987
0.755693, 0.159996
0.776587, 0.166402
0.797755, 0.173299
0.81919, 0.18081
0.840854, 0.189083
0.862683, 0.198282
0.884631, 0.208556
0.90675, 0.219974
0.0826696, 0.238143
0.105664, 0.227679
0.12844, 0.218285
0.151018, 0.209874
0.173299, 0.202245
0.195185, 0.195185
0.216628, 0.188501
0.237645, 0.182046
0.258318, 0.175747
0.278774, 0.16961
0.299159, 0.163704
0.319595, 0.158128
0.340169, 0.152983
0.360931, 0.148354
0.3819, 0.144307
0.403069, 0.14089
0.424415, 0.138134
0.445905, 0.136058
0.467501, 0.134671
0.48916, 0.133976
0.51084, 0.133976
0.532499, 0.134671
0.554095, 0.136058
0.575585, 0.138134
0.596931, 0.14089
0.6181, 0.144307
0.639069, 0.148354
0.659831, 0.152983
0.680405, 0.158128
0.700841, 0.163704
0.721226, 0.16961
0.741682, 0.175747
0.762355, 0.182046
0.783372, 0.188501
0.804815, 0.195185
0.826701, 0.202245
0.848982, 0.209874
0.87156, 0.218285
0.894336, 0.227679
0.91733, 0.238143
0.0730553, 0.256296
0.0968893, 0.246758
0.12044, 0.238206
0.143668, 0.230512
0.166402, 0.223413
0.188501, 0.216628
0.209924, 0.209924
0.230769, 0.203175
0.251247, 0.196397
0.271611, 0.189714
0.292077, 0.183294
0.312794, 0.177297
0.33384, 0.171852
0.355237, 0.167051
0.376965, 0.162949
0.398977, 0.159568
0.421214, 0.156907
0.443617, 0.154945
0.466129, 0.153656
0.488703, 0.153019
0.511297, 0.153019
0.533871, 0.153656
0.556383, 0.154945
0.578786, 0.156907
0.601023, 0.159568
0.623035, 0.162949
0.644763, 0.167051
0.66616, 0.171852
0.687206, 0.177297
0.707923, 0.183294
0.728389, 0.189714
0.748753, 0.196397
0.769231, 0.203175
0.790076, 0.209924
0.811499, 0.216628
0.833598, 0.223413
0.856332, 0.230512
0.87956, 0.238206
0.903111, 0.246758
0.926945, 0.256296
0.0643379, 0.274432
0.0889727, 0.265789
0.113233, 0.258033
0.136998, 0.250987
0.159996, 0.244307
0.182046, 0.237645
0.203175, 0.230769
0.223652, 0.223652
0.243871, 0.216457
0.264199, 0.209432
0.284891, 0.202821
0.306086, 0.196823
0.327819, 0.191582
0.350046, 0.187172
0.372673, 0.183601
0.395587, 0.18082
0.418682, 0.178749
0.441876, 0.177295
0.465115, 0.176377
0.488371, 0.175934
0.511629, 0.175934
0.534885, 0.176377
0.558124, 0.177295
0.581318, 0.178749
0.604413, 0.18082
0.627327, 0.183601
0.649954, 0.187172
0.672181, 0.191582
0.693914, 0.196823
0.715109, 0.202821
0.735801, 0.209432
0.756129, 0.216457
0.776348, 0.223652
0.796825, 0.230769
0.817954, 0.237645
0.840004, 0.244307
0.863002, 0.250987
0.886767, 0.258033
0.911027, 0.265789
0.935662, 0.274432
0.0564605, 0.292551
0.0818516, 0.284767
0.10675, 0.277763
0.130924, 0.271298
0.153987, 0.264946
0.175747, 0.258318
0.196397, 0.251247
0.216457, 0.243871
0.236505, 0.236505
0.256986, 0.229498
0.278168, 0.223163
0.300142, 0.217735
0.322844, 0.213333
0.3461, 0.209947
0.369702, 0.207472
0.393461, 0.205747
0.417244, 0.204605
0.440974, 0.203895
0.464627, 0.203492
0.488217, 0.203313
0.511783, 0.203313
0.535373, 0.203492
0.559026, 0.203895
0.582756, 0.204605
0.606539, 0.205747
0.630298, 0.207472
0.6539, 0.209947
0.677156, 0.213333
0.699858, 0.217735
0.721832, 0.223163
0.743014, 0.229498
0.763495, 0.236505
0.783543, 0.243871
0.803603, 0.251247
0.824253, 0.258318
0.846013, 0.264946
0.869076, 0.271298
0.89325, 0.277763
0.918148, 0.284767
0.943539, 0.292551
0.049375, 0.310653
0.0754728, 0.303693
0.100933, 0.297397
0.125385, 0.291459
0.148321, 0.28538
0.16961, 0.278774
0.189714, 0.271611
0.209432, 0.264199
0.229498, 0.256986
0.250422, 0.250422
0.272448, 0.244879
0.295537, 0.240566
0.319428, 0.23748
0.343777, 0.235464
0.368276, 0.234293
0.392701, 0.23373
0.416923, 0.233559
0.440896, 0.233597
0.464642, 0.233701
0.488232, 0.233776
0.511768, 0.233776
0.535358, 0.233701
0.559104, 0.233597
0.583077, 0.233559
0.607299, 0.23373
0.631724, 0.234293
0.656223, 0.235464
0.680572, 0.23748
0.704463, 0.240566
0.727552, 0.244879
0.749578, 0.250422
0.770502, 0.256986
0.790568, 0.264199
0.810286, 0.271611
0.83039, 0.278774
0.851679, 0.28538
0.874615, 0.291459
0.899067, 0.297397
0.924527, 0.303693
0.950625, 0.310653
0.0430411, 0.32874
0.0697913, 0.322566
0.0957342, 0.316939
0.120337, 0.311492
0.142987, 0.305675
0.163704, 0.299159
0.183294, 0.292077
0.202821, 0.284891
0.223163, 0.278168
0.244879, 0.272448
0.268094, 0.268094
0.292511, 0.265174
0.317636, 0.263519
0.342992, 0.262858
0.368222, 0.262901
0.393096, 0.26337
0.417511, 0.264024
0.441467, 0.264669
0.465044, 0.265168
0.488376, 0.265436
0.511624, 0.265436
0.534956, 0.265168
0.558533, 0.264669
0.582489, 0.264024
0.606904, 0.26337
0.631778, 0.262901
0.657008, 0.262858
0.682364, 0.263519
0.707489, 0.265174
0.731906, 0.268094
0.755121, 0.272448
0.776837, 0.278168
0.797179, 0.284891
0.816706, 0.292077
0.836296, 0.299159
0.857013, 0.305675
0.879663, 0.311492
0.904266, 0.316939
0.930209, 0.322566
0.956959, 0.32874
0.0374247, 0.346812
0.0647689, 0.341388
0.0911155, 0.336399
0.115756, 0.331425
0.138006, 0.325901
0.158128, 0.319595
0.177297, 0.312794
0.196823, 0.306086
0.217735, 0.300142
0.240566, 0.295537
0.265174, 0.292511
0.290954, 0.290954
0.317228, 0.290581
0.34344, 0.291062
0.369204, 0.292063
0.394302, 0.293274
0.418678, 0.294443
0.442404, 0.295395
0.46564, 0.296043
0.488579, 0.296365
0.511421, 0.296365
0.53436, 0.296043
0.557596, 0.295395
0.581322, 0.294443
0.605698, 0.293274
0.630796, 0.292063
0.65656, 0.291062
0.682772, 0.290581
0.709046, 0.290954
0.734826, 0.292511
0.759434, 0.295537
0.782265, 0.300142
0.803177, 0.306086
0.822703, 0.312794
0.841872, 0.319595
0.861994, 0.325901
0.884244, 0.331425
0.908884, 0.336399
0.935231, 0.341388
0.962575, 0.346812
0.0324969, 0.364869
0.0603735, 0.360164
0.0870487, 0.355787
0.111634, 0.351289
0.133421, 0.346123
0.152983, 0.340169
0.171852, 0.33384
0.191582, 0.327819
0.213333, 0.322844
0.23748, 0.319428
0.263519, 0.317636
0.290581, 0.317228
0.31786, 0.31786
0.344734, 0.319154
0.370789, 0.320721
0.395842, 0.322207
0.419926, 0.323356
0.443253, 0.324067
0.466103, 0.324403
0.488722, 0.324512
0.511278, 0.324512
0.533897, 0.324403
0.556747, 0.324067
0.580074, 0.323356
0.604158, 0.322207
0.629211, 0.320721
0.655266, 0.319154
0.68214, 0.31786
0.709419, 0.317228
0.736481, 0.317636
0.76252, 0.319428
0.786667, 0.322844
0.808418, 0.327819
0.828148, 0.33384
0.847017, 0.340169
0.866579, 0.346123
0.888366, 0.351289
0.912951, 0.355787
0.939627, 0.360164
0.967503, 0.364869
0.0282336, 0.382914
0.0565784, 0.378897
0.0835131, 0.375116
0.107975, 0.371112
0.129284, 0.366388
0.148354, 0.360931
0.167051, 0.355237
0.187172, 0.350046
0.209947, 0.3461
0.235464, 0.343777
0.262858, 0.342992
0.291062, 0.34344
0.319154, 0.344734
0.346427, 0.346427
0.372436, 0.348041
0.397059, 0.349141
0.42053, 0.349488
0.443336, 0.349175
0.465956, 0.348581
0.488634, 0.348146
0.511366, 0.348146
0.534044, 0.348581
0.556664, 0.349175
0.57947, 0.349488
0.602941, 0.349141
0.627564, 0.348041
0.653573, 0.346427
0.680846, 0.344734
0.708938, 0.34344
0.737142, 0.342992
0.764536, 0.343777
0.790053, 0.3461
0.812828, 0.350046
0.832949, 0.355237
0.851646, 0.360931
0.870716, 0.366388
0.892025, 0.371112
0.916487, 0.375116
0.943422, 0.378897
0.971766, 0.382914
0.0246144, 0.400948
0.0533617, 0.397592
0.0804949, 0.394396
0.104793, 0.390918
0.125646, 0.386728
0.144307, 0.3819
0.162949, 0.376965
0.183601, 0.372673
0.207472, 0.369702
0.234293, 0.368276
0.262901, 0.368222
0.292063, 0.369204
0.320721, 0.370789
0.348041, 0.372436
0.373521, 0.373521
0.397189, 0.373519
0.41971, 0.372339
0.442038, 0.370457
0.464828, 0.368621
0.488194, 0.367507
0.511806, 0.367507
0.535172, 0.368621
0.557962, 0.370457
0.58029, 0.372339
0.602811, 0.373519
0.626479, 0.373521
0.651959, 0.372436
0.679279, 0.370789
0.707937, 0.369204
0.737099, 0.368222
0.765707, 0.368276
0.792528, 0.369702
0.816399, 0.372673
0.837051, 0.376965
0.855693, 0.3819
0.874354, 0.386728
0.895207, 0.390918
0.919505, 0.394396
0.946638, 0.397592
0.975386, 0.400948
0.0216227, 0.418971
0.0507057, 0.416256
0.0779855, 0.413639
0.102106, 0.410723
0.122551, 0.407159
0.14089, 0.403069
0.159568, 0.398977
0.18082, 0.395587
0.205747, 0.393461
0.23373, 0.392701
0.26337, 0.393096
0.293274, 0.394302
0.322207, 0.395842
0.349141, 0.397059
0.373519, 0.397189
0.395752, 0.395752
0.417211, 0.39299
0.439291, 0.389681
0.462717, 0.386754
0.487403, 0.385041
0.512597, 0.385041
0.537283, 0.386754
0.560709, 0.389681
0.582789, 0.39299
0.604248, 0.395752
0.626481, 0.397189
0.650859, 0.397059
0.677793, 0.395842
0.706726, 0.394302
0.73663, 0.393096
0.76627, 0.392701
0.794253, 0.393461
0.81918, 0.395587
0.840432, 0.398977
0.85911, 0.403069
0.877449, 0.407159
0.897894, 0.410723
0.922015, 0.413639
0.949294, 0.416256
0.978377, 0.418971
0.0192449, 0.436986
0.0485965, 0.434893
0.07598, 0.432855
0.0999308, 0.430539
0.120036, 0.427679
0.138134, 0.424415
0.156907, 0.421214
0.178749, 0.418682
0.204605, 0.417244
0.233559, 0.416923
0.264024, 0.417511
0.294443, 0.418678
0.323356, 0.419926
0.349488, 0.42053
0.372339, 0.41971
0.39299, 0.417211
0.413478, 0.413478
0.435504, 0.409325
0.459895, 0.405755
0.48636, 0.403702
0.51364, 0.403702
0.540105, 0.405755
0.564496, 0.409325
0.586522, 0.413478
0.60701, 0.417211
0.627661, 0.41971
0.650512, 0.42053
0.676644, 0.419926
0.705557, 0.418678
0.735976, 0.417511
0.766441, 0.416923
0.795395, 0.417244
0.821251, 0.418682
0.843093, 0.421214
0.861866, 0.424415
0.879964, 0.427679
0.900069, 0.430539
0.92402, 0.432855
0.951403, 0.434893
0.980755, 0.436986
0.0174706, 0.454995
0.0470234, 0.45351
0.0744764, 0.452052
0.0982841, 0.45037
0.118128, 0.448279
0.136058, 0.445905
0.154945, 0.443617
0.177295, 0.441876
0.203895, 0.440974
0.233597, 0.440896
0.264669, 0.441467
0.295395, 0.442404
0.324067, 0.443253
0.349175, 0.443336
0.370457, 0.442038
0.389681, 0.439291
0.409325, 0.435504
0.431425, 0.431425
0.456959, 0.428064
0.485307, 0.426225
0.514693, 0.426225
0.543041, 0.428064
0.568575, 0.431425
0.590675, 0.435504
0.610319, 0.439291
0.629543, 0.442038
0.650825, 0.443336
0.675933, 0.443253
0.704605, 0.442404
0.735331, 0.441467
0.766403, 0.440896
0.796105, 0.440974
0.822705, 0.441876
0.845055, 0.443617
0.863942, 0.445905
0.881872, 0.448279
0.901716, 0.45037
0.925524, 0.452052
0.952977, 0.45351
0.982529, 0.454995
0.016292, 0.472999
0.0459788, 0.472112
0.073474, 0.471236
0.0971788, 0.470215
0.116846, 0.468941
0.134671, 0.467501
0.153656, 0.466129
0.176377, 0.465115
0.203492, 0.464627
0.233701, 0.464642
0.265168, 0.465044
0.296043, 0.46564
0.324403, 0.466103
0.348581, 0.465956
0.368621, 0.464828
0.386754, 0.462717
0.405755, 0.459895
0.428064, 0.456959
0.454692, 0.454692
0.484527, 0.453518
0.515473, 0.453518
0.545308, 0.454692
0.571936, 0.456959
0.594245, 0.459895
0.613246, 0.462717
0.631379, 0.464828
0.651419, 0.465956
0.675597, 0.466103
0.703957, 0.46564
0.734832, 0.465044
0.766299, 0.464642
0.796508, 0.464627
0.823623, 0.465115
0.846344, 0.466129
0.865329, 0.467501
0.883154, 0.468941
0.902821, 0.470215
0.926526, 0.471236
0.954021, 0.472112
0.983708, 0.472999
0.0157039, 0.491
0.0454576, 0.490705
0.0729727, 0.490413
0.0966238, 0.49007
0.116201, 0.489643
0.133976, 0.48916
0.153019, 0.488703
0.175934, 0.488371
0.203313, 0.488217
0.233776, 0.488232
0.265436, 0.488376
0.296365, 0.488579
0.324512, 0.488722
0.348146, 0.488634
0.367507, 0.488194
0.385041, 0.487403
0.403702, 0.48636
0.426225, 0.485307
0.453518, 0.484527
0.484134, 0.484134
0.515866, 0.484134
0.546482, 0.484527
0.573775, 0.485307
0.596298, 0.48636
0.614959, 0.487403
0.632493, 0.488194
0.651854, 0.488634
0.675488, 0.488722
0.703635, 0.488579
0.734564, 0.488376
0.766224, 0.488232
0.796687, 0.488217
0.824066, 0.488371
0.846981, 0.488703
0.866024, 0.48916
0.883799, 0.489643
0.903376, 0.49007
0.927027, 0.490413
0.954542, 0.490705
0.984296, 0.491
0.0157039, 0.509
0.0454576, 0.509295
0.0729727, 0.509587
0.0966238, 0.50993
0.116201, 0.510357
0.133976, 0.51084
0.153019, 0.511297
0.175934, 0.511629
0.203313, 0.511783
0.233776, 0.511768
0.265436, 0.511624
0.296365, 0.511421
0.324512, 0.511278
0.348146, 0.511366
0.367507, 0.511806
0.385041, 0.512597
0.403702, 0.51364
0.426225, 0.514693
0.453518, 0.515473
0.484134, 0.515866
0.515866, 0.515866
0.546482, 0.515473
0.573775, 0.514693
0.596298, 0.51364
0.614959, 0.512597
0.632493, 0.511806
0.651854, 0.511366
0.675488, 0.511278
0.703635, 0.511421
0.734564, 0.511624
0.766224, 0.511768
0.796687, 0.511783
0.824066, 0.511629
0.846981, 0.511297
0.866024, 0.51084
0.883799, 0.510357
0.903376, 0.50993
0.927027, 0.509587
0.954542, 0.509295
0.984296, 0.509
0.016292, 0.527001
0.0459788, 0.527888
0.073474, 0.528764
0.0971788, 0.529785
0.116846, 0.531059
0.134671, 0.532499
0.153656, 0.533871
0.176377, 0.534885
0.203492, 0.535373
0.233701, 0.535358
0.265168, 0.534956
0.296043, 0.53436
0.324403, 0.533897
0.348581, 0.534044
0.368621, 0.535172
0.386754, 0.537283
0.405755, 0.540105
0.428064, 0.543041
0.454692, 0.545308
0.484527, 0.546482
0.515473, 0.546482
0.545308, 0.545308
0.571936, 0.543041
0.594245, 0.540105
0.613246, 0.537283
0.631379, 0.535172
0.651419, 0.534044
0.675597, 0.533897
0.703957, 0.53436
0.734832, 0.534956
0.766299, 0.535358
0.796508, 0.535373
0.823623, 0.534885
0.846344, 0.533871
0.865329, 0.532499
0.883154, 0.531059
0.902821, 0.529785
0.926526, 0.528764
0.954021, 0.527888
0.983708, 0.527001
0.0174706, 0.545005
0.0470234, 0.54649
0.0744764, 0.547948
0.0982841, 0.54963
0.118128, 0.551721
0.136058, 0.554095
0.154945, 0.556383
0.177295, 0.558124
0.203895, 0.559026
0.233597, 0.559104
0.264669, 0.558533
0.295395, 0.557596
0.324067, 0.556747
0.349175, 0.556664
0.370457, 0.557962
0.389681, 0.560709
0.409325, 0.564496
0.431425, 0.568575
0.456959, 0.571936
0.485307, 0.573775
0.514693, 0.573775
0.543041, 0.571936
0.568575, 0.568575
0.590675, 0.564496
0.610319, 0.560709
0.629543, 0.557962
0.650825, 0.556664
0.675933, 0.556747
0.704605, 0.557596
0.735331, 0.558533
0.766403, 0.559104
0.796105, 0.559026
0.822705, 0.558124
0.845055, 0.556383
0.863942, 0.554095
0.881872, 0.551721
0.901716, 0.54963
0.925524, 0.547948
0.952977, 0.54649
0.982529, 0.545005
0.0192449, 0.563014
0.0485965, 0.565107
0.07598, 0.567145
0.0999308, 0.569461
0.120036, 0.572321
0.138134, 0.575585
0.156907, 0.578786
0.178749, 0.581318
0.204605, 0.582756
0.233559, 0.583077
0.264024, 0.582489
0.294443, 0.581322
0.323356, 0.580074
0.349488, 0.57947
0.372339, 0.58029
0.39299, 0.582789
0.413478, 0.586522
0.435504, 0.590675
0.459895, 0.594245
0.48636, 0.596298
0.51364, 0.596298
0.540105, 0.594245
0.564496, 0.590675
0.586522, 0.586522
0.60701, 0.582789
0.627661, 0.58029
0.650512, 0.57947
0.676644, 0.580074
0.705557, 0.581322
0.735976, 0.582489
0.766441, 0.583077
0.795395, 0.582756
0.821251, 0.581318
0.843093, 0.578786
0.861866, 0.575585
0.879964, 0.572321
0.900069, 0.569461
0.92402, 0.567145
0.951403, 0.565107
0.980755, 0.563014
0.0216227, 0.581029
0.0507057, 0.583744
0.0779855, 0.586361
0.102106, 0.589277
0.122551, 0.592841
0.14089, 0.596931
0.159568, 0.601023
0.18082, 0.604413
0.205747, 0.606539
0.23373, 0.607299
0.26337, 0.606904
0.293274, 0.605698
0.322207, 0.604158
0.349141, 0.602941
0.373519, 0.602811
0.395752, 0.604248
0.417211, 0.60701
0.439291, 0.610319
0.462717, 0.613246
0.487403, 0.614959
0.512597, 0.614959
0.537283, 0.613246
0.560709, 0.610319
0.582789, 0.60701
0.604248, 0.604248
0.626481, 0.602811
0.650859, 0.602941
0.677793, 0.604158
0.706726, 0.605698
0.73663, 0.606904
0.76627, 0.607299
0.794253, 0.606539
0.81918, 0.604413
0.840432, 0.601023
0.85911, 0.596931
0.877449, 0.592841
0.897894, 0.589277
0.922015, 0.586361
0.949294, 0.583744
0.978377, 0.581029
0.0246144, 0.599052
0.0533617, 0.602408
0.0804949, 0.605604
0.104793, 0.609082
0.125646, 0.613272
0.144307, 0.6181
0.162949, 0.623035
0.183601, 0.627327
0.207472, 0.630298
0.234293, 0.631724
0.262901, 0.631778
0.292063, 0.630796
0.320721, 0.629211
0.348041, 0.627564
0.373521, 0.626479
0.397189, 0.626481
0.41971, 0.627661
0.442038, 0.629543
0.464828, 0.631379
0.488194, 0.632493
0.511806, 0.632493
0.535172, 0.631379
0.557962, 0.629543
0.58029, 0.627661
0.602811, 0.626481
0.626479, 0.626479
0.651959, 0.627564
0.679279, 0.629211
0.707937, 0.630796
0.737099, 0.631778
0.765707, 0.631724
0.792528, 0.630298
0.816399, 0.627327
0.837051, 0.623035
0.855693, 0.6181
0.874354, 0.613272
0.895207, 0.609082
0.919505, 0.605604
0.946638, 0.602408
0.975386, 0.599052
0.0282336, 0.617086
0.0565784, 0.621103
0.0835131, 0.624884
0.107975, 0.628888
0.129284, 0.633612
0.148354, 0.639069
0.167051, 0.644763
0.187172, 0.649954
0.209947, 0.6539
0.235464, 0.656223
0.262858, 0.657008
0.291062, 0.65656
0.319154, 0.655266
0.346427, 0.653573
0.372436, 0.651959
0.397059, 0.650859
0.42053, 0.650512
0.443336, 0.650825
0.465956, 0.651419
0.488634, 0.651854
0.511366, 0.651854
0.534044, 0.651419
0.556664, 0.650825
0.57947, 0.650512
0.602941, 0.650859
0.627564, 0.651959
0.653573, 0.653573
0.680846, 0.655266
0.708938, 0.65656
0.737142, 0.657008
0.764536, 0.656223
0.790053, 0.6539
0.812828, 0.649954
0.832949, 0.644763
0.851646, 0.639069
0.870716, 0.633612
0.892025, 0.628888
0.916487, 0.624884
0.943422, 0.621103
0.971766, 0.617086
0.0324969, 0.635131
0.0603735, 0.639836
0.0870487, 0.644213
0.111634, 0.648711
0.133421, 0.653877
0.152983, 0.659831
0.171852, 0.66616
0.191582, 0.672181
0.213333, 0.677156
0.23748, 0.680572
0.263519, 0.682364
0.290581, 0.682772
0.31786, 0.68214
0.344734, 0.680846
0.370789, 0.679279
0.395842, 0.677793
0.419926, 0.676644
0.443253, 0.675933
0.466103, 0.675597
0.488722, 0.675488
0.511278, 0.675488
0.533897, 0.675597
0.556747, 0.675933
0.580074, 0.676644
0.604158, 0.677793
0.629211, 0.679279
0.655266, 0.680846
0.68214, 0.68214
0.709419, 0.682772
0.736481, 0.682364
0.76252, 0.680572
0.786667, 0.677156
0.808418, 0.672181
0.828148, 0.66616
0.847017, 0.659831
0.866579, 0.653877
0.888366, 0.648711
0.912951, 0.644213
0.939627, 0.639836
0.967503, 0.635131
0.0374247, 0.653188
0.0647689, 0.658612
0.0911155, 0.663601
0.115756, 0.668575
0.138006, 0.674099
0.158128, 0.680405
0.177297, 0.687206
0.196823, 0.693914
0.217735, 0.699858
0.240566, 0.704463
0.265174, 0.707489
0.290954, 0.709046
0.317228, 0.709419
0.34344, 0.708938
0.369204, 0.707937
0.394302, 0.706726
0.418678, 0.705557
0.442404, 0.704605
0.46564, 0.703957
0.488579, 0.703635
0.511421, 0.703635
0.53436, 0.703957
0.557596, 0.704605
0.581322, 0.705557
0.605698, 0.706726
0.630796, 0.707937
0.65656, 0.708938
0.682772, 0.709419
0.709046, 0.709046
0.734826, 0.707489
0.759434, 0.704463
0.782265, 0.699858
0.803177, 0.693914
0.822703, 0.687206
0.841872, 0.680405
0.861994, 0.674099
0.884244, 0.668575
0.908884, 0.663601
0.935231, 0.658612
0.962575, 0.653188
0.0430411, 0.67126
0.0697913, 0.677434
0.0957342, 0.683061
0.120337, 0.688508
0.142987, 0.694325
0.163704, 0.700841
0.183294, 0.707923
0.202821, 0.715109
0.223163, 0.721832
0.244879, 0.727552
0.268094, 0.731906
0.292511, 0.734826
0.317636, 0.736481
0.342992, 0.737142
0.368222, 0.737099
0.393096, 0.73663
0.417511, 0.735976
0.441467, 0.735331
0.465044, 0.734832
0.488376, 0.734564
0.511624, 0.734564
0.534956, 0.734832
0.558533, 0.735331
0.582489, 0.735976
0.606904, 0.73663
0.631778, 0.737099
0.657008, 0.737142
0.682364, 0.736481
0.707489, 0.734826
0.731906, 0.731906
0.755121, 0.727552
0.776837, 0.721832
0.797179, 0.715109
0.816706, 0.707923
0.836296, 0.700841
0.857013, 0.694325
0.879663, 0.688508
0.904266, 0.683061
0.930209, 0.677434
0.956959, 0.67126
0.049375, 0.689347
0.0754728, 0.696307
0.100933, 0.702603
0.125385, 0.708541
0.148321, 0.71462
0.16961, 0.721226
0.189714, 0.728389
0.209432, 0.735801
0.229498, 0.743014
0.250422, 0.749578
0.272448, 0.755121
0.295537, 0.759434
0.319428, 0.76252
0.343777, 0.764536
0.368276, 0.765707
0.392701, 0.76627
0.416923, 0.766441
0.440896, 0.766403
0.464642, 0.766299
0.488232, 0.766224
0.511768, 0.766224
0.535358, 0.766299
0.559104, 0.766403
0.583077, 0.766441
0.607299, 0.76627
0.631724, 0.765707
0.656223, 0.764536
0.680572, 0.76252
0.704463, 0.759434
0.727552, 0.755121
0.749578, 0.749578
0.770502, 0.743014
0.790568, 0.735801
0.810286, 0.728389
0.83039, 0.721226
0.851679, 0.71462
0.874615, 0.708541
0.899067, 0.702603
0.924527, 0.696307
0.950625, 0.689347
0.0564605, 0.707449
0.0818516, 0.715233
0.10675, 0.722237
0.130924, 0.728702
0.153987, 0.735054
0.175747, 0.741682
0.196397, 0.748753
0.216457, 0.756129
0.236505, 0.763495
0.256986, 0.770502
0.278168, 0.776837
0.300142, 0.782265
0.322844, 0.786667
0.3461, 0.790053
0.369702, 0.792528
0.393461, 0.794253
0.417244, 0.795395
0.440974, 0.796105
0.464627, 0.796508
0.488217, 0.796687
0.511783, 0.796687
0.535373, 0.796508
0.559026, 0.796105
0.582756, 0.795395
0.606539, 0.794253
0.630298, 0.792528
0.6539, 0.790053
0.677156, 0.786667
0.699858, 0.782265
0.721832, 0.776837
0.743014, 0.770502
0.763495, 0.763495
0.783543, 0.756129
0.803603, 0.748753
0.824253, 0.741682
0.846013, 0.735054
0.869076, 0.728702
0.89325, 0.722237
0.918148, 0.715233
0.943539, 0.707449
0.0643379, 0.725568
0.0889727, 0.734211
0.113233, 0.741967
0.136998, 0.749013
0.159996, 0.755693
0.182046, 0.762355
0.203175, 0.769231
0.223652, 0.776348
0.243871, 0.783543
0.264199, 0.790568
0.284891, 0.797179
0.306086, 0.803177
0.327819, 0.808418
0.350046, 0.812828
0.372673, 0.816399
0.395587, 0.81918
0.418682, 0.821251
0.441876, 0.822705
0.465115, 0.823623
0.488371, 0.824066
0.511629, 0.824066
0.534885, 0.823623
0.558124, 0.822705
0.581318, 0.821251
0.604413, 0.81918
0.627327, 0.816399
0.649954, 0.812828
0.672181, 0.808418
0.693914, 0.803177
0.715109, 0.797179
0.735801, 0.790568
0.756129, 0.783543
0.776348, 0.776348
0.796825, 0.769231
0.817954, 0.762355
0.840004, 0.755693
0.863002, 0.749013
0.886767, 0.741967
0.911027, 0.734211
0.935662, 0.725568
0.0730553, 0.743704
0.0968893, 0.753242
0.12044, 0.761794
0.143668, 0.769488
0.166402, 0.776587
0.188501, 0.783372
0.209924, 0.790076
0.230769, 0.796825
0.251247, 0.803603
0.271611, 0.810286
0.292077, 0.816706
0.312794, 0.822703
0.33384, 0.828148
0.355237, 0.832949
0.376965, 0.837051
0.398977, 0.840432
0.421214, 0.843093
0.443617, 0.845055
0.466129, 0.846344
0.488703, 0.846981
0.511297, 0.846981
0.533871, 0.846344
0.556383, 0.845055
0.578786, 0.843093
0.601023, 0.840432
0.623035, 0.837051
0.644763, 0.832949
0.66616, 0.828148
0.687206, 0.822703
0.707923, 0.816706
0.728389, 0.810286
0.748753, 0.803603
0.769231, 0.796825
0.790076, 0.790076
0.811499, 0.783372
0.833598, 0.776587
0.856332, 0.769488
0.87956, 0.761794
0.903111, 0.753242
0.926945, 0.743704
0.0826696, 0.761857
0.105664, 0.772321
0.12844, 0.781715
0.151018, 0.790126
0.173299, 0.797755
0.195185, 0.804815
0.216628, 0.811499
0.237645, 0.817954
0.258318, 0.824253
0.278774, 0.83039
0.299159, 0.836296
0.319595, 0.841872
0.340169, 0.847017
0.360931, 0.851646
0.3819, 0.855693
0.403069, 0.85911
0.424415, 0.861866
0.445905, 0.863942
0.467501, 0.865329
0.48916, 0.866024
0.51084, 0.866024
0.532499, 0.865329
0.554095, 0.863942
0.575585, 0.861866
0.596931, 0.85911
0.6181, 0.855693
0.639069, 0.851646
0.659831, 0.847017
0.680405, 0.841872
0.700841, 0.836296
0.721226, 0.83039
0.741682, 0.824253
0.762355, 0.817954
0.783372, 0.811499
0.804815, 0.804815
0.826701, 0.797755
0.848982, 0.790126
0.87156, 0.781715
0.894336, 0.772321
0.91733, 0.761857
0.0932495, 0.780026
0.115369, 0.791444
0.137317, 0.801718
0.159146, 0.810917
0.18081, 0.81919
0.202245, 0.826701
0.223413, 0.833598
0.244307, 0.840004
0.264946, 0.846013
0.28538, 0.851679
0.305675, 0.857013
0.325901, 0.861994
0.346123, 0.866579
0.366388, 0.870716
0.386728, 0.874354
0.407159, 0.877449
0.427679, 0.879964
0.448279, 0.881872
0.468941, 0.883154
0.489643, 0.883799
0.510357, 0.883799
0.531059, 0.883154
0.551721, 0.881872
0.572321, 0.879964
0.592841, 0.877449
0.613272, 0.874354
0.633612, 0.870716
0.653877, 0.866579
0.674099, 0.861994
0.694325, 0.857013
0.71462, 0.851679
0.735054, 0.846013
0.755693, 0.840004
0.776587, 0.833598
0.797755, 0.826701
0.81919, 0.81919
0.840854, 0.810917
0.862683, 0.801718
0.884631, 0.791444
0.90675, 0.780026
0.104878, 0.79821
0.126092, 0.810601
0.147166, 0.821788
0.168168, 0.831832
0.189083, 0.840854
0.209874, 0.848982
0.230512, 0.856332
0.250987, 0.863002
0.271298, 0.869076
0.291459, 0.874615
0.311492, 0.879663
0.331425, 0.884244
0.351289, 0.888366
0.371112, 0.892025
0.390918, 0.895207
0.410723, 0.897894
0.430539, 0.900069
0.45037, 0.901716
0.470215, 0.902821
0.49007, 0.903376
0.50993, 0.903376
0.529785, 0.902821
0.54963, 0.901716
0.569461, 0.900069
0.589277, 0.897894
0.609082, 0.895207
0.628888, 0.892025
0.648711, 0.888366
0.668575, 0.884244
0.688508, 0.879663
0.708541, 0.874615
0.728702, 0.869076
0.749013, 0.863002
0.769488, 0.856332
0.790126, 0.848982
0.810917, 0.840854
0.831832, 0.831832
0.852834, 0.821788
0.873908, 0.810601
0.895122, 0.79821
0.117655, 0.816406
0.137937, 0.829783
0.158099, 0.841901
0.178212, 0.852834
0.198282, 0.862683
0.218285, 0.87156
0.238206, 0.87956
0.258033, 0.886767
0.277763, 0.89325
0.297397, 0.899067
0.316939, 0.904266
0.336399, 0.908884
0.355787, 0.912951
0.375116, 0.916487
0.394396, 0.919505
0.413639, 0.922015
0.432855, 0.92402
0.452052, 0.925524
0.471236, 0.926526
0.490413, 0.927027
0.509587, 0.927027
0.528764, 0.926526
0.547948, 0.925524
0.567145, 0.92402
0.586361, 0.922015
0.605604, 0.919505
0.624884, 0.916487
0.644213, 0.912951
0.663601, 0.908884
0.683061, 0.904266
0.702603, 0.899067
0.722237, 0.89325
0.741967, 0.886767
0.761794, 0.87956
0.781715, 0.87156
0.801718, 0.862683
0.821788, 0.852834
0.841901, 0.841901
0.862063, 0.829783
0.882345, 0.816406
0.131707, 0.834611
0.151026, 0.848974
0.170217, 0.862063
0.189399, 0.873908
0.208556, 0.884631
0.227679, 0.894336
0.246758, 0.903111
0.265789, 0.911027
0.284767, 0.918148
0.303693, 0.924527
0.322566, 0.930209
0.341388, 0.935231
0.360164, 0.939627
0.378897, 0.943422
0.397592, 0.946638
0.416256, 0.949294
0.434893, 0.951403
0.45351, 0.952977
0.472112, 0.954021
0.490705, 0.954542
0.509295, 0.954542
0.527888, 0.954021
0.54649, 0.952977
0.565107, 0.951403
0.583744, 0.949294
0.602408, 0.946638
0.621103, 0.943422
0.639836, 0.939627
0.658612, 0.935231
0.677434, 0.930209
0.696307, 0.924527
0.715233, 0.918148
0.734211, 0.911027
0.753242, 0.903111
0.772321, 0.894336
0.791444, 0.884631
0.810601, 0.873908
0.829783, 0.862063
0.848974, 0.848974
0.868293, 0.834611
0.146986, 0.853014
0.165389, 0.868293
0.183594, 0.882345
0.20179, 0.895122
0.219974, 0.90675
0.238143, 0.91733
0.256296, 0.926945
0.274432, 0.935662
0.292551, 0.943539
0.310653, 0.950625
0.32874, 0.956959
0.346812, 0.962575
0.364869, 0.967503
0.382914, 0.971766
0.400948, 0.975386
0.418971, 0.978377
0.436986, 0.980755
0.454995, 0.982529
0.472999, 0.983708
0.491, 0.984296
0.509, 0.984296
0.527001, 0.983708
0.545005, 0.982529
0.563014, 0.980755
0.581029, 0.978377
0.599052, 0.975386
0.617086, 0.971766
0.635131, 0.967503
0.653188, 0.962575
0.67126, 0.956959
0.689347, 0.950625
0.707449, 0.943539
0.725568, 0.935662
0.743704, 0.926945
0.761857, 0.91733
0.780026, 0.90675
0.79821, 0.895122
0.816406, 0.882345
0.834611, 0.868293
0.853014, 0.853014
