0.146447, 0.146447
0.164124, 0.129612
0.181802, 0.114319
0.19948, 0.100391
0.217157, 0.0876894
0.234835, 0.0761044
0.252513, 0.0655463
0.27019, 0.055942
0.287868, 0.0472307
0.305546, 0.0393619
0.323223, 0.0322928
0.340901, 0.0259879
0.358579, 0.0204168
0.376256, 0.0155544
0.393934, 0.0113795
0.411612, 0.00787451
0.429289, 0.00502525
0.446967, 0.00282045
0.464645, 0.00125157
0.482322, 0.000312598
0.5, 0
0.517678, 0.000312598
0.535355, 0.00125157
0.553033, 0.00282045
0.570711, 0.00502525
0.588388, 0.00787451
0.606066, 0.0113795
0.623744, 0.0155544
0.641421, 0.0204168
0.659099, 0.0259879
0.676777, 0.0322928
0.694454, 0.0393619
0.712132, 0.0472307
0.72981, 0.055942
0.747487, 0.0655463
0.765165, 0.0761044
0.782843, 0.0876894
0.80052, 0.100391
0.818198, 0.114319
0.835876, 0.129612
0.853553, 0.146447
0.129612, 0.164124
0.148708, 0.148708
0.167442, 0.134491
0.186156, 0.121587
0.204854, 0.109881
0.22353, 0.0992575
0.242177, 0.0896257
0.260792, 0.0809084
0.279372, 0.0730406
0.297917, 0.0659675
0.316425, 0.0596422
0.334898, 0.0540247
0.353338, 0.0490806
0.371746, 0.0447808
0.390125, 0.0411007
0.408478, 0.0380197
0.426809, 0.035521
0.445123, 0.033591
0.463423, 0.0322197
0.481714, 0.0313997
0.5, 0.0311269
0.518286, 0.0313997
0.536577, 0.0322197
0.554877, 0.033591
0.573191, 0.035521
0.591522, 0.0380197
0.609875, 0.0411007
0.628254, 0.0447808
0.646662, 0.0490806
0.665102, 0.0540247
0.683575, 0.0596422
0.702083, 0.0659675
0.720628, 0.0730406
0.739208, 0.0809084
0.757823, 0.0896257
0.77647, 0.0992575
0.795146, 0.109881
0.813844, 0.121587
0.832558, 0.134491
0.851292, 0.148708
0.870388, 0.164124
0.114319, 0.181802
0.134491, 0.167442
0.154252, 0.154252
0.173929, 0.142296
0.193581, 0.131506
0.21319, 0.121766
0.232742, 0.112978
0.252228, 0.10506
0.27164, 0.0979394
0.290977, 0.0915566
0.310239, 0.0858601
0.32943, 0.0808065
0.348553, 0.07636
0.367615, 0.072491
0.386625, 0.0691759
0.405588, 0.0663964
0.424514, 0.0641383
0.443411, 0.0623914
0.462286, 0.0611483
0.481146, 0.0604042
0.5, 0.0601564
0.518854, 0.0604042
0.537714, 0.0611483
0.556589, 0.0623914
0.575486, 0.0641383
0.594412, 0.0663964
0.613375, 0.0691759
0.632385, 0.072491
0.651447, 0.07636
0.67057, 0.0808065
0.689761, 0.0858601
0.709023, 0.0915566
0.72836, 0.0979394
0.747772, 0.10506
0.767258, 0.112978
0.78681, 0.121766
0.806419, 0.131506
0.826071, 0.142296
0.845748, 0.154252
0.865509, 0.167442
0.885681, 0.181802
0.100391, 0.19948
0.121587, 0.186156
0.142296, 0.173929
0.162914, 0.162914
0.183472, 0.153013
0.203951, 0.144111
0.224323, 0.136095
0.244572, 0.128868
0.264691, 0.122347
0.284681, 0.116463
0.304549, 0.111161
0.324309, 0.106398
0.343979, 0.102145
0.363578, 0.0983869
0.383124, 0.0951149
0.402634, 0.0923294
0.422122, 0.0900352
0.441597, 0.0882396
0.461066, 0.0869502
0.480533, 0.0861738
0.5, 0.0859144
0.519467, 0.0861738
0.538934, 0.0869502
0.558403, 0.0882396
0.577878, 0.0900352
0.597366, 0.0923294
0.616876, 0.0951149
0.636422, 0.0983869
0.656021, 0.102145
0.675691, 0.106398
0.695451, 0.111161
0.715319, 0.116463
0.735309, 0.122347
0.755428, 0.128868
0.775677, 0.136095
0.796049, 0.144111
0.816528, 0.153013
0.837086, 0.162914
0.857704, 0.173929
0.878413, 0.186156
0.899609, 0.19948
0.0876894, 0.217157
0.109881, 0.204854
0.131506, 0.193581
0.153013, 0.183472
0.174414, 0.174414
0.195662, 0.166262
0.216715, 0.158878
0.23755, 0.152137
0.258164, 0.145936
0.278575, 0.140199
0.298818, 0.134873
0.318938, 0.12994
0.338982, 0.125403
0.358998, 0.121288
0.37902, 0.117627
0.399076, 0.114458
0.419177, 0.111817
0.439329, 0.109732
0.459525, 0.108227
0.479754, 0.107317
0.5, 0.107013
0.520246, 0.107317
0.540475, 0.108227
0.560671, 0.109732
0.580823, 0.111817
0.600924, 0.114458
0.62098, 0.117627
0.641002, 0.121288
0.661018, 0.125403
0.681062, 0.12994
0.701182, 0.134873
0.721425, 0.140199
0.741836, 0.145936
0.76245, 0.152137
0.783285, 0.158878
0.804338, 0.166262
0.825586, 0.174414
0.846987, 0.183472
0.868494, 0.193581
0.890119, 0.204854
0.912311, 0.217157
0.0761044, 0.234835
0.0992575, 0.22353
0.121766, 0.21319
0.144111, 0.203951
0.166262, 0.195662
0.188135, 0.188135
0.209663, 0.181183
0.230823, 0.174647
0.251639, 0.168407
0.272177, 0.162399
0.292537, 0.156623
0.312827, 0.151128
0.333139, 0.145991
0.353544, 0.14129
0.374082, 0.137099
0.394772, 0.133476
0.415611, 0.130464
0.436582, 0.128096
0.45766, 0.126393
0.478811, 0.125366
0.5, 0.125023
0.521189, 0.125366
0.54234, 0.126393
0.563418, 0.128096
0.584389, 0.130464
0.605228, 0.133476
0.625918, 0.137099
0.646456, 0.14129
0.666861, 0.145991
0.687173, 0.151128
0.707463, 0.156623
0.727823, 0.162399
0.748361, 0.168407
0.769177, 0.174647
0.790337, 0.181183
0.811865, 0.188135
0.833738, 0.195662
0.855889, 0.203951
0.878234, 0.21319
0.900743, 0.22353
0.923896, 0.234835
0.0655463, 0.252513
0.0896257, 0.242177
0.112978, 0.232742
0.136095, 0.224323
0.158878, 0.216715
0.181183, 0.209663
0.202922, 0.202922
0.224093, 0.196302
0.2448, 0.189708
0.265221, 0.183165
0.285557, 0.176779
0.305978, 0.170689
0.326599, 0.165027
0.347486, 0.159901
0.36866, 0.155389
0.390108, 0.151543
0.411796, 0.148392
0.433679, 0.145947
0.455707, 0.144207
0.47783, 0.143167
0.5, 0.142821
0.52217, 0.143167
0.544293, 0.144207
0.566321, 0.145947
0.588204, 0.148392
0.609892, 0.151543
0.63134, 0.155389
0.652514, 0.159901
0.673401, 0.165027
0.694022, 0.170689
0.714443, 0.176779
0.734779, 0.183165
0.7552, 0.189708
0.775907, 0.196302
0.797078, 0.202922
0.818817, 0.209663
0.841122, 0.216715
0.863905, 0.224323
0.887022, 0.232742
0.910374, 0.242177
0.934454, 0.252513
0.055942, 0.27019
0.0809084, 0.260792
0.10506, 0.252228
0.128868, 0.244572
0.152137, 0.23755
0.174647, 0.230823
0.196302, 0.224093
0.21719, 0.21719
0.237581, 0.21013
0.257806, 0.203076
0.278153, 0.196241
0.298819, 0.189826
0.319912, 0.183994
0.341458, 0.178858
0.363427, 0.174482
0.385749, 0.170882
0.408341, 0.168038
0.431123, 0.165906
0.454025, 0.164433
0.476997, 0.163571
0.5, 0.163288
0.523003, 0.163571
0.545975, 0.164433
0.568877, 0.165906
0.591659, 0.168038
0.614251, 0.170882
0.636573, 0.174482
0.658542, 0.178858
0.680088, 0.183994
0.701181, 0.189826
0.721847, 0.196241
0.742194, 0.203076
0.762419, 0.21013
0.78281, 0.21719
0.803698, 0.224093
0.825353, 0.230823
0.847863, 0.23755
0.871132, 0.244572
0.89494, 0.252228
0.919092, 0.260792
0.944058, 0.27019
0.0472307, 0.287868
0.0730406, 0.279372
0.0979394, 0.27164
0.122347, 0.264691
0.145936, 0.258164
0.168407, 0.251639
0.189708, 0.2448
0.21013, 0.237581
0.230162, 0.230162
0.250272, 0.222838
0.270804, 0.215907
0.291953, 0.209623
0.31378, 0.20417
0.336227, 0.199645
0.359165, 0.196056
0.382433, 0.193328
0.405887, 0.191343
0.429418, 0.189968
0.452961, 0.189082
0.476488, 0.18859
0.5, 0.188433
0.523512, 0.18859
0.547039, 0.189082
0.570582, 0.189968
0.594113, 0.191343
0.617567, 0.193328
0.640835, 0.196056
0.663773, 0.199645
0.68622, 0.20417
0.708047, 0.209623
0.729196, 0.215907
0.749728, 0.222838
0.769838, 0.230162
0.78987, 0.237581
0.810292, 0.2448
0.831593, 0.251639
0.854064, 0.258164
0.877653, 0.264691
0.902061, 0.27164
0.926959, 0.279372
0.952769, 0.287868
0.0393619, 0.305546
0.0659675, 0.297917
0.0915566, 0.290977
0.116463, 0.284681
0.140199, 0.278575
0.162399, 0.272177
0.183165, 0.265221
0.203076, 0.257806
0.222838, 0.250272
0.24303, 0.24303
0.264031, 0.236461
0.286002, 0.230869
0.308888, 0.226425
0.33247, 0.223132
0.356467, 0.220857
0.380625, 0.2194
0.404764, 0.218546
0.428779, 0.2181
0.452636, 0.217902
0.476357, 0.217832
0.5, 0.217817
0.523643, 0.217832
0.547364, 0.217902
0.571221, 0.2181
0.595236, 0.218546
0.619375, 0.2194
0.643533, 0.220857
0.66753, 0.223132
0.691112, 0.226425
0.713998, 0.230869
0.735969, 0.236461
0.75697, 0.24303
0.777162, 0.250272
0.796924, 0.257806
0.816835, 0.265221
0.837601, 0.272177
0.859801, 0.278575
0.883537, 0.284681
0.908443, 0.290977
0.934032, 0.297917
0.960638, 0.305546
0.0322928, 0.323223
0.0596422, 0.316425
0.0858601, 0.310239
0.111161, 0.304549
0.134873, 0.298818
0.156623, 0.292537
0.176779, 0.285557
0.196241, 0.278153
0.215907, 0.270804
0.236461, 0.264031
0.258297, 0.258297
0.281457, 0.253902
0.305651, 0.250891
0.330442, 0.249093
0.355423, 0.248243
0.380295, 0.248063
0.404875, 0.24829
0.429089, 0.248701
0.452954, 0.24912
0.476549, 0.24942
0.5, 0.249528
0.523451, 0.24942
0.547046, 0.24912
0.570911, 0.248701
0.595125, 0.24829
0.619705, 0.248063
0.644577, 0.248243
0.669558, 0.249093
0.694349, 0.250891
0.718543, 0.253902
0.741703, 0.258297
0.763539, 0.264031
0.784093, 0.270804
0.803759, 0.278153
0.823221, 0.285557
0.843377, 0.292537
0.865127, 0.298818
0.888839, 0.304549
0.91414, 0.310239
0.940358, 0.316425
0.967707, 0.323223
0.0259879, 0.340901
0.0540247, 0.334898
0.0808065, 0.32943
0.106398, 0.324309
0.12994, 0.318938
0.151128, 0.312827
0.170689, 0.305978
0.189826, 0.298819
0.209623, 0.291953
0.230869, 0.286002
0.253902, 0.281457
0.278492, 0.278492
0.304049, 0.27696
0.329967, 0.276565
0.355769, 0.276971
0.381139, 0.277856
0.405919, 0.278932
0.430083, 0.279968
0.453712, 0.280799
0.476956, 0.281328
0.5, 0.281508
0.523044, 0.281328
0.546288, 0.280799
0.569917, 0.279968
0.594081, 0.278932
0.618861, 0.277856
0.644231, 0.276971
0.670033, 0.276565
0.695951, 0.27696
0.721508, 0.278492
0.746098, 0.281457
0.769131, 0.286002
0.790377, 0.291953
0.810174, 0.298819
0.829311, 0.305978
0.848872, 0.312827
0.87006, 0.318938
0.893602, 0.324309
0.919193, 0.32943
0.945975, 0.334898
0.974012, 0.340901
0.0204168, 0.358579
0.0490806, 0.353338
0.07636, 0.348553
0.102145, 0.343979
0.125403, 0.338982
0.145991, 0.333139
0.165027, 0.326599
0.183994, 0.319912
0.20417, 0.31378
0.226425, 0.308888
0.250891, 0.305651
0.27696, 0.304049
0.3038, 0.3038
0.330691, 0.304537
0.357108, 0.305879
0.382737, 0.307457
0.407462, 0.308959
0.431347, 0.31017
0.454578, 0.310997
0.477388, 0.311453
0.5, 0.311595
0.522612, 0.311453
0.545422, 0.310997
0.568653, 0.31017
0.592538, 0.308959
0.617263, 0.307457
0.642892, 0.305879
0.669309, 0.304537
0.6962, 0.3038
0.72304, 0.304049
0.749109, 0.305651
0.773575, 0.308888
0.79583, 0.31378
0.816006, 0.319912
0.834973, 0.326599
0.854009, 0.333139
0.874597, 0.338982
0.897855, 0.343979
0.92364, 0.348553
0.950919, 0.353338
0.979583, 0.358579
0.0155544, 0.376256
0.0447808, 0.371746
0.072491, 0.367615
0.0983869, 0.363578
0.121288, 0.358998
0.14129, 0.353544
0.159901, 0.347486
0.178858, 0.341458
0.199645, 0.336227
0.223132, 0.33247
0.249093, 0.330442
0.276565, 0.329967
0.304537, 0.330691
0.332195, 0.332195
0.358959, 0.334029
0.384521, 0.335751
0.40886, 0.337005
0.43222, 0.337634
0.454989, 0.337737
0.477519, 0.3376
0.5, 0.337515
0.522481, 0.3376
0.545011, 0.337737
0.56778, 0.337634
0.59114, 0.337005
0.615479, 0.335751
0.641041, 0.334029
0.667805, 0.332195
0.695463, 0.330691
0.723435, 0.329967
0.750907, 0.330442
0.776868, 0.33247
0.800355, 0.336227
0.821142, 0.341458
0.840099, 0.347486
0.85871, 0.353544
0.878712, 0.358998
0.901613, 0.363578
0.927509, 0.367615
0.955219, 0.371746
0.984446, 0.376256
0.0113795, 0.393934
0.0411007, 0.390125
0.0691759, 0.386625
0.0951149, 0.383124
0.117627, 0.37902
0.137099, 0.374082
0.155389, 0.36866
0.174482, 0.363427
0.196056, 0.359165
0.220857, 0.356467
0.248243, 0.355423
0.276971, 0.355769
0.305879, 0.357108
0.334029, 0.358959
0.360758, 0.360758
0.385769, 0.361928
0.409254, 0.36208
0.431845, 0.361257
0.454281, 0.35995
0.476997, 0.358815
0.5, 0.358372
0.523003, 0.358815
0.545719, 0.35995
0.568155, 0.361257
0.590746, 0.36208
0.614231, 0.361928
0.639242, 0.360758
0.665971, 0.358959
0.694121, 0.357108
0.723029, 0.355769
0.751757, 0.355423
0.779143, 0.356467
0.803944, 0.359165
0.825518, 0.363427
0.844611, 0.36866
0.862901, 0.374082
0.882373, 0.37902
0.904885, 0.383124
0.930824, 0.386625
0.958899, 0.390125
0.988621, 0.393934
0.00787451, 0.411612
0.0380197, 0.408478
0.0663964, 0.405588
0.0923294, 0.402634
0.114458, 0.399076
0.133476, 0.394772
0.151543, 0.390108
0.170882, 0.385749
0.193328, 0.382433
0.2194, 0.380625
0.248063, 0.380295
0.277856, 0.381139
0.307457, 0.382737
0.335751, 0.384521
0.361928, 0.385769
0.385773, 0.385773
0.407969, 0.384282
0.429778, 0.381746
0.452237, 0.378997
0.475741, 0.376897
0.5, 0.376112
0.524259, 0.376897
0.547763, 0.378997
0.570222, 0.381746
0.592031, 0.384282
0.614227, 0.385773
0.638072, 0.385769
0.664249, 0.384521
0.692543, 0.382737
0.722144, 0.381139
0.751937, 0.380295
0.7806, 0.380625
0.806672, 0.382433
0.829118, 0.385749
0.848457, 0.390108
0.866524, 0.394772
0.885542, 0.399076
0.907671, 0.402634
0.933604, 0.405588
0.96198, 0.408478
0.992125, 0.411612
0.00502525, 0.429289
0.035521, 0.426809
0.0641383, 0.424514
0.0900352, 0.422122
0.111817, 0.419177
0.130464, 0.415611
0.148392, 0.411796
0.168038, 0.408341
0.191343, 0.405887
0.218546, 0.404764
0.24829, 0.404875
0.278932, 0.405919
0.308959, 0.407462
0.337005, 0.40886
0.36208, 0.409254
0.384282, 0.407969
0.405086, 0.405086
0.426282, 0.401283
0.449092, 0.397472
0.473877, 0.394644
0.5, 0.393599
0.526123, 0.394644
0.550908, 0.397472
0.573718, 0.401283
0.594914, 0.405086
0.615718, 0.407969
0.63792, 0.409254
0.662995, 0.40886
0.691041, 0.407462
0.721068, 0.405919
0.75171, 0.404875
0.781454, 0.404764
0.808657, 0.405887
0.831962, 0.408341
0.851608, 0.411796
0.869536, 0.415611
0.888183, 0.419177
0.909965, 0.422122
0.935862, 0.424514
0.964479, 0.426809
0.994975, 0.429289
0.00282045, 0.446967
0.033591, 0.445123
0.0623914, 0.443411
0.0882396, 0.441597
0.109732, 0.439329
0.128096, 0.436582
0.145947, 0.433679
0.165906, 0.431123
0.189968, 0.429418
0.2181, 0.428779
0.248701, 0.429089
0.279968, 0.430083
0.31017, 0.431347
0.337634, 0.43222
0.361257, 0.431845
0.381746, 0.429778
0.401283, 0.426282
0.421989, 0.421989
0.445341, 0.417803
0.471701, 0.414779
0.5, 0.41369
0.528299, 0.414779
0.554659, 0.417803
0.578011, 0.421989
0.598717, 0.426282
0.618254, 0.429778
0.638743, 0.431845
0.662366, 0.43222
0.68983, 0.431347
0.720032, 0.430083
0.751299, 0.429089
0.7819, 0.428779
0.810032, 0.429418
0.834094, 0.431123
0.854053, 0.433679
0.871904, 0.436582
0.890268, 0.439329
0.91176, 0.441597
0.937609, 0.443411
0.966409, 0.445123
0.99718, 0.446967
0.00125157, 0.464645
0.0322197, 0.463423
0.0611483, 0.462286
0.0869502, 0.461066
0.108227, 0.459525
0.126393, 0.45766
0.144207, 0.455707
0.164433, 0.454025
0.189082, 0.452961
0.217902, 0.452636
0.24912, 0.452954
0.280799, 0.453712
0.310997, 0.454578
0.337737, 0.454989
0.35995, 0.454281
0.378997, 0.452237
0.397472, 0.449092
0.417803, 0.445341
0.441817, 0.441817
0.469754, 0.439426
0.5, 0.438603
0.530246, 0.439426
0.558183, 0.441817
0.582197, 0.445341
0.602528, 0.449092
0.621003, 0.452237
0.64005, 0.454281
0.662263, 0.454989
0.689003, 0.454578
0.719201, 0.453712
0.75088, 0.452954
0.782098, 0.452636
0.810918, 0.452961
0.835567, 0.454025
0.855793, 0.455707
0.873607, 0.45766
0.891773, 0.459525
0.91305, 0.461066
0.938852, 0.462286
0.96778, 0.463423
0.998748, 0.464645
0.000312598, 0.482322
0.0313997, 0.481714
0.0604042, 0.481146
0.0861738, 0.480533
0.107317, 0.479754
0.125366, 0.478811
0.143167, 0.47783
0.163571, 0.476997
0.18859, 0.476488
0.217832, 0.476357
0.24942, 0.476549
0.281328, 0.476956
0.311453, 0.477388
0.3376, 0.477519
0.358815, 0.476997
0.376897, 0.475741
0.394644, 0.473877
0.414779, 0.471701
0.439426, 0.469754
0.468507, 0.468507
0.5, 0.46809
0.531493, 0.468507
0.560574, 0.469754
0.585221, 0.471701
0.605356, 0.473877
0.623103, 0.475741
0.641185, 0.476997
0.6624, 0.477519
0.688547, 0.477388
0.718672, 0.476956
0.75058, 0.476549
0.782168, 0.476357
0.81141, 0.476488
0.836429, 0.476997
0.856833, 0.47783
0.874634, 0.478811
0.892683, 0.479754
0.913826, 0.480533
0.939596, 0.481146
0.9686, 0.481714
0.999687, 0.482322
0, 0.5
0.0311269, 0.5
0.0601564, 0.5
0.0859144, 0.5
0.107013, 0.5
0.125023, 0.5
0.142821, 0.5
0.163288, 0.5
0.188433, 0.5
0.217817, 0.5
0.249528, 0.5
0.281508, 0.5
0.311595, 0.5
0.337515, 0.5
0.358372, 0.5
0.376112, 0.5
0.393599, 0.5
0.41369, 0.5
0.438603, 0.5
0.46809, 0.5
0.5, 0.5
0.53191, 0.5
0.561397, 0.5
0.58631, 0.5
0.606401, 0.5
0.623888, 0.5
0.641628, 0.5
0.662485, 0.5
0.688405, 0.5
0.718492, 0.5
0.750472, 0.5
0.782183, 0.5
0.811567, 0.5
0.836712, 0.5
0.857179, 0.5
0.874977, 0.5
0.892987, 0.5
0.914086, 0.5
0.939844, 0.5
0.968873, 0.5
1, 0.5
0.000312598, 0.517678
0.0313997, 0.518286
0.0604042, 0.518854
0.0861738, 0.519467
0.107317, 0.520246
0.125366, 0.521189
0.143167, 0.52217
0.163571, 0.523003
0.18859, 0.523512
0.217832, 0.523643
0.24942, 0.523451
0.281328, 0.523044
0.311453, 0.522612
0.3376, 0.522481
0.358815, 0.523003
0.376897, 0.524259
0.394644, 0.526123
0.414779, 0.528299
0.439426, 0.530246
0.468507, 0.531493
0.5, 0.53191
0.531493, 0.531493
0.560574, 0.530246
0.585221, 0.528299
0.605356, 0.526123
0.623103, 0.524259
0.641185, 0.523003
0.6624, 0.522481
0.688547, 0.522612
0.718672, 0.523044
0.75058, 0.523451
0.782168, 0.523643
0.81141, 0.523512
0.836429, 0.523003
0.856833, 0.52217
0.874634, 0.521189
0.892683, 0.520246
0.913826, 0.519467
0.939596, 0.518854
0.9686, 0.518286
0.999687, 0.517678
0.00125157, 0.535355
0.0322197, 0.536577
0.0611483, 0.537714
0.0869502, 0.538934
0.108227, 0.540475
0.126393, 0.54234
0.144207, 0.544293
0.164433, 0.545975
0.189082, 0.547039
0.217902, 0.547364
0.24912, 0.547046
0.280799, 0.546288
0.310997, 0.545422
0.337737, 0.545011
0.35995, 0.545719
0.378997, 0.547763
0.397472, 0.550908
0.417803, 0.554659
0.441817, 0.558183
0.469754, 0.560574
0.5, 0.561397
0.530246, 0.560574
0.558183, 0.558183
0.582197, 0.554659
0.602528, 0.550908
0.621003, 0.547763
0.64005, 0.545719
0.662263, 0.545011
0.689003, 0.545422
0.719201, 0.546288
0.75088, 0.547046
0.782098, 0.547364
0.810918, 0.547039
0.835567, 0.545975
0.855793, 0.544293
0.873607, 0.54234
0.891773, 0.540475
0.91305, 0.538934
0.938852, 0.537714
0.96778, 0.536577
0.998748, 0.535355
0.00282045, 0.553033
0.033591, 0.554877
0.0623914, 0.556589
0.0882396, 0.558403
0.109732, 0.560671
0.128096, 0.563418
0.145947, 0.566321
0.165906, 0.568877
0.189968, 0.570582
0.2181, 0.571221
0.248701, 0.570911
0.279968, 0.569917
0.31017, 0.568653
0.337634, 0.56778
0.361257, 0.568155
0.381746, 0.570222
0.401283, 0.573718
0.421989, 0.578011
0.445341, 0.582197
0.471701, 0.585221
0.5, 0.58631
0.528299, 0.585221
0.554659, 0.582197
0.578011, 0.578011
0.598717, 0.573718
0.618254, 0.570222
0.638743, 0.568155
0.662366, 0.56778
0.68983, 0.568653
0.720032, 0.569917
0.751299, 0.570911
0.7819, 0.571221
0.810032, 0.570582
0.834094, 0.568877
0.854053, 0.566321
0.871904, 0.563418
0.890268, 0.560671
0.91176, 0.558403
0.937609, 0.556589
0.966409, 0.554877
0.99718, 0.553033
0.00502525, 0.570711
0.035521, 0.573191
0.0641383, 0.575486
0.0900352, 0.577878
0.111817, 0.580823
0.130464, 0.584389
0.148392, 0.588204
0.168038, 0.591659
0.191343, 0.594113
0.218546, 0.595236
0.24829, 0.595125
0.278932, 0.594081
0.308959, 0.592538
0.337005, 0.59114
0.36208, 0.590746
0.384282, 0.592031
0.405086, 0.594914
0.426282, 0.598717
0.449092, 0.602528
0.473877, 0.605356
0.5, 0.606401
0.526123, 0.605356
0.550908, 0.602528
0.573718, 0.598717
0.594914, 0.594914
0.615718, 0.592031
0.63792, 0.590746
0.662995, 0.59114
0.691041, 0.592538
0.721068, 0.594081
0.75171, 0.595125
0.781454, 0.595236
0.808657, 0.594113
0.831962, 0.591659
0.851608, 0.588204
0.869536, 0.584389
0.888183, 0.580823
0.909965, 0.577878
0.935862, 0.575486
0.964479, 0.573191
0.994975, 0.570711
0.00787451, 0.588388
0.0380197, 0.591522
0.0663964, 0.594412
0.0923294, 0.597366
0.114458, 0.600924
0.133476, 0.605228
0.151543, 0.609892
0.170882, 0.614251
0.193328, 0.617567
0.2194, 0.619375
0.248063, 0.619705
0.277856, 0.618861
0.307457, 0.617263
0.335751, 0.615479
0.361928, 0.614231
0.385773, 0.614227
0.407969, 0.615718
0.429778, 0.618254
0.452237, 0.621003
0.475741, 0.623103
0.5, 0.623888
0.524259, 0.623103
0.547763, 0.621003
0.570222, 0.618254
0.592031, 0.615718
0.614227, 0.614227
0.638072, 0.614231
0.664249, 0.615479
0.692543, 0.617263
0.722144, 0.618861
0.751937, 0.619705
0.7806, 0.619375
0.806672, 0.617567
0.829118, 0.614251
0.848457, 0.609892
0.866524, 0.605228
0.885542, 0.600924
0.907671, 0.597366
0.933604, 0.594412
0.96198, 0.591522
0.992125, 0.588388
0.0113795, 0.606066
0.0411007, 0.609875
0.0691759, 0.613375
0.0951149, 0.616876
0.117627, 0.62098
0.137099, 0.625918
0.155389, 0.63134
0.174482, 0.636573
0.196056, 0.640835
0.220857, 0.643533
0.248243, 0.644577
0.276971, 0.644231
0.305879, 0.642892
0.334029, 0.641041
0.360758, 0.639242
0.385769, 0.638072
0.409254, 0.63792
0.431845, 0.638743
0.454281, 0.64005
0.476997, 0.641185
0.5, 0.641628
0.523003, 0.641185
0.545719, 0.64005
0.568155, 0.638743
0.590746, 0.63792
0.614231, 0.638072
0.639242, 0.639242
0.665971, 0.641041
0.694121, 0.642892
0.723029, 0.644231
0.751757, 0.644577
0.779143, 0.643533
0.803944, 0.640835
0.825518, 0.636573
0.844611, 0.63134
0.862901, 0.625918
0.882373, 0.62098
0.904885, 0.616876
0.930824, 0.613375
0.958899, 0.609875
0.988621, 0.606066
0.0155544, 0.623744
0.0447808, 0.628254
0.072491, 0.632385
0.0983869, 0.636422
0.121288, 0.641002
0.14129, 0.646456
0.159901, 0.652514
0.178858, 0.658542
0.199645, 0.663773
0.223132, 0.66753
0.249093, 0.669558
0.276565, 0.670033
0.304537, 0.669309
0.332195, 0.667805
0.358959, 0.665971
0.384521, 0.664249
0.40886, 0.662995
0.43222, 0.662366
0.454989, 0.662263
0.477519, 0.6624
0.5, 0.662485
0.522481, 0.6624
0.545011, 0.662263
0.56778, 0.662366
0.59114, 0.662995
0.615479, 0.664249
0.641041, 0.665971
0.667805, 0.667805
0.695463, 0.669309
0.723435, 0.670033
0.750907, 0.669558
0.776868, 0.66753
0.800355, 0.663773
0.821142, 0.658542
0.840099, 0.652514
0.85871, 0.646456
0.878712, 0.641002
0.901613, 0.636422
0.927509, 0.632385
0.955219, 0.628254
0.984446, 0.623744
0.0204168, 0.641421
0.0490806, 0.646662
0.07636, 0.651447
0.102145, 0.656021
0.125403, 0.661018
0.145991, 0.666861
0.165027, 0.673401
0.183994, 0.680088
0.20417, 0.68622
0.226425, 0.691112
0.250891, 0.694349
0.27696, 0.695951
0.3038, 0.6962
0.330691, 0.695463
0.357108, 0.694121
0.382737, 0.692543
0.407462, 0.691041
0.431347, 0.68983
0.454578, 0.689003
0.477388, 0.688547
0.5, 0.688405
0.522612, 0.688547
0.545422, 0.689003
0.568653, 0.68983
0.592538, 0.691041
0.617263, 0.692543
0.642892, 0.694121
0.669309, 0.695463
0.6962, 0.6962
0.72304, 0.695951
0.749109, 0.694349
0.773575, 0.691112
0.79583, 0.68622
0.816006, 0.680088
0.834973, 0.673401
0.854009, 0.666861
0.874597, 0.661018
0.897855, 0.656021
0.92364, 0.651447
0.950919, 0.646662
0.979583, 0.641421
0.0259879, 0.659099
0.0540247, 0.665102
0.0808065, 0.67057
0.106398, 0.675691
0.12994, 0.681062
0.151128, 0.687173
0.170689, 0.694022
0.189826, 0.701181
0.209623, 0.708047
0.230869, 0.713998
0.253902, 0.718543
0.278492, 0.721508
0.304049, 0.72304
0.329967, 0.723435
0.355769, 0.723029
0.381139, 0.722144
0.405919, 0.721068
0.430083, 0.720032
0.453712, 0.719201
0.476956, 0.718672
0.5, 0.718492
0.523044, 0.718672
0.546288, 0.719201
0.569917, 0.720032
0.594081, 0.721068
0.618861, 0.722144
0.644231, 0.723029
0.670033, 0.723435
0.695951, 0.72304
0.721508, 0.721508
0.746098, 0.718543
0.769131, 0.713998
0.790377, 0.708047
0.810174, 0.701181
0.829311, 0.694022
0.848872, 0.687173
0.87006, 0.681062
0.893602, 0.675691
0.919193, 0.67057
0.945975, 0.665102
0.974012, 0.659099
0.0322928, 0.676777
0.0596422, 0.683575
0.0858601, 0.689761
0.111161, 0.695451
0.134873, 0.701182
0.156623, 0.707463
0.176779, 0.714443
0.196241, 0.721847
0.215907, 0.729196
0.236461, 0.735969
0.258297, 0.741703
0.281457, 0.746098
0.305651, 0.749109
0.330442, 0.750907
0.355423, 0.751757
0.380295, 0.751937
0.404875, 0.75171
0.429089, 0.751299
0.452954, 0.75088
0.476549, 0.75058
0.5, 0.750472
0.523451, 0.75058
0.547046, 0.75088
0.570911, 0.751299
0.595125, 0.75171
0.619705, 0.751937
0.644577, 0.751757
0.669558, 0.750907
0.694349, 0.749109
0.718543, 0.746098
0.741703, 0.741703
0.763539, 0.735969
0.784093, 0.729196
0.803759, 0.721847
0.823221, 0.714443
0.843377, 0.707463
0.865127, 0.701182
0.888839, 0.695451
0.91414, 0.689761
0.940358, 0.683575
0.967707, 0.676777
0.0393619, 0.694454
0.0659675, 0.702083
0.0915566, 0.709023
0.116463, 0.715319
0.140199, 0.721425
0.162399, 0.727823
0.183165, 0.734779
0.203076, 0.742194
0.222838, 0.749728
0.24303, 0.75697
0.264031, 0.763539
0.286002, 0.769131
0.308888, 0.773575
0.33247, 0.776868
0.356467, 0.779143
0.380625, 0.7806
0.404764, 0.781454
0.428779, 0.7819
0.452636, 0.782098
0.476357, 0.782168
0.5, 0.782183
0.523643, 0.782168
0.547364, 0.782098
0.571221, 0.7819
0.595236, 0.781454
0.619375, 0.7806
0.643533, 0.779143
0.66753, 0.776868
0.691112, 0.773575
0.713998, 0.769131
0.735969, 0.763539
0.75697, 0.75697
0.777162, 0.749728
0.796924, 0.742194
0.816835, 0.734779
0.837601, 0.727823
0.859801, 0.721425
0.883537, 0.715319
0.908443, 0.709023
0.934032, 0.702083
0.960638, 0.694454
0.0472307, 0.712132
0.0730406, 0.720628
0.0979394, 0.72836
0.122347, 0.735309
0.145936, 0.741836
0.168407, 0.748361
0.189708, 0.7552
0.21013, 0.762419
0.230162, 0.769838
0.250272, 0.777162
0.270804, 0.784093
0.291953, 0.790377
0.31378, 0.79583
0.336227, 0.800355
0.359165, 0.803944
0.382433, 0.806672
0.405887, 0.808657
0.429418, 0.810032
0.452961, 0.810918
0.476488, 0.81141
0.5, 0.811567
0.523512, 0.81141
0.547039, 0.810918
0.570582, 0.810032
0.594113, 0.808657
0.617567, 0.806672
0.640835, 0.803944
0.663773, 0.800355
0.68622, 0.79583
0.708047, 0.790377
0.729196, 0.784093
0.749728, 0.777162
0.769838, 0.769838
0.78987, 0.762419
0.810292, 0.7552
0.831593, 0.748361
0.854064, 0.741836
0.877653, 0.735309
0.902061, 0.72836
0.926959, 0.720628
0.952769, 0.712132
0.055942, 0.72981
0.0809084, 0.739208
0.10506, 0.747772
0.128868, 0.755428
0.152137, 0.76245
0.174647, 0.769177
0.196302, 0.775907
0.21719, 0.78281
0.237581, 0.78987
0.257806, 0.796924
0.278153, 0.803759
0.298819, 0.810174
0.319912, 0.816006
0.341458, 0.821142
0.363427, 0.825518
0.385749, 0.829118
0.408341, 0.831962
0.431123, 0.834094
0.454025, 0.835567
0.476997, 0.836429
0.5, 0.836712
0.523003, 0.836429
0.545975, 0.835567
0.568877, 0.834094
0.591659, 0.831962
0.614251, 0.829118
0.636573, 0.825518
0.658542, 0.821142
0.680088, 0.816006
0.701181, 0.810174
0.721847, 0.803759
0.742194, 0.796924
0.762419, 0.78987
0.78281, 0.78281
0.803698, 0.775907
0.825353, 0.769177
0.847863, 0.76245
0.871132, 0.755428
0.89494, 0.747772
0.919092, 0.739208
0.944058, 0.72981
0.0655463, 0.747487
0.0896257, 0.757823
0.112978, 0.767258
0.136095, 0.775677
0.158878, 0.783285
0.181183, 0.790337
0.202922, 0.797078
0.224093, 0.803698
0.2448, 0.810292
0.265221, 0.816835
0.285557, 0.823221
0.305978, 0.829311
0.326599, 0.834973
0.347486, 0.840099
0.36866, 0.844611
0.390108, 0.848457
0.411796, 0.851608
0.433679, 0.854053
0.455707, 0.855793
0.47783, 0.856833
0.5, 0.857179
0.52217, 0.856833
0.544293, 0.855793
0.566321, 0.854053
0.588204, 0.851608
0.609892, 0.848457
0.63134, 0.844611
0.652514, 0.840099
0.673401, 0.834973
0.694022, 0.829311
0.714443, 0.823221
0.734779, 0.816835
0.7552, 0.810292
0.775907, 0.803698
0.797078, 0.797078
0.818817, 0.790337
0.841122, 0.783285
0.863905, 0.775677
0.887022, 0.767258
0.910374, 0.757823
0.934454, 0.747487
0.0761044, 0.765165
0.0992575, 0.77647
0.121766, 0.78681
0.144111, 0.796049
0.166262, 0.804338
0.188135, 0.811865
0.209663, 0.818817
0.230823, 0.825353
0.251639, 0.831593
0.272177, 0.837601
0.292537, 0.843377
0.312827, 0.848872
0.333139, 0.854009
0.353544, 0.85871
0.374082, 0.862901
0.394772, 0.866524
0.415611, 0.869536
0.436582, 0.871904
0.45766, 0.873607
0.478811, 0.874634
0.5, 0.874977
0.521189, 0.874634
0.54234, 0.873607
0.563418, 0.871904
0.584389, 0.869536
0.605228, 0.866524
0.625918, 0.862901
0.646456, 0.85871
0.666861, 0.854009
0.687173, 0.848872
0.707463, 0.843377
0.727823, 0.837601
0.748361, 0.831593
0.769177, 0.825353
0.790337, 0.818817
0.811865, 0.811865
0.833738, 0.804338
0.855889, 0.796049
0.878234, 0.78681
0.900743, 0.77647
0.923896, 0.765165
0.0876894, 0.782843
0.109881, 0.795146
0.131506, 0.806419
0.153013, 0.816528
0.174414, 0.825586
0.195662, 0.833738
0.216715, 0.841122
0.23755, 0.847863
0.258164, 0.854064
0.278575, 0.859801
0.298818, 0.865127
0.318938, 0.87006
0.338982, 0.874597
0.358998, 0.878712
0.37902, 0.882373
0.399076, 0.885542
0.419177, 0.888183
0.439329, 0.890268
0.459525, 0.891773
0.479754, 0.892683
0.5, 0.892987
0.520246, 0.892683
0.540475, 0.891773
0.560671, 0.890268
0.580823, 0.888183
0.600924, 0.885542
0.62098, 0.882373
0.641002, 0.878712
0.661018, 0.874597
0.681062, 0.87006
0.701182, 0.865127
0.721425, 0.859801
0.741836, 0.854064
0.76245, 0.847863
0.783285, 0.841122
0.804338, 0.833738
0.825586, 0.825586
0.846987, 0.816528
0.868494, 0.806419
0.890119, 0.795146
0.912311, 0.782843
0.100391, 0.80052
0.121587, 0.813844
0.142296, 0.826071
0.162914, 0.837086
0.183472, 0.846987
0.203951, 0.855889
0.224323, 0.863905
0.244572, 0.871132
0.264691, 0.877653
0.284681, 0.883537
0.304549, 0.888839
0.324309, 0.893602
0.343979, 0.897855
0.363578, 0.901613
0.383124, 0.904885
0.402634, 0.907671
0.422122, 0.909965
0.441597, 0.91176
0.461066, 0.91305
0.480533, 0.913826
0.5, 0.914086
0.519467, 0.913826
0.538934, 0.91305
0.558403, 0.91176
0.577878, 0.909965
0.597366, 0.907671
0.616876, 0.904885
0.636422, 0.901613
0.656021, 0.897855
0.675691, 0.893602
0.695451, 0.888839
0.715319, 0.883537
0.735309, 0.877653
0.755428, 0.871132
0.775677, 0.863905
0.796049, 0.855889
0.816528, 0.846987
0.837086, 0.837086
0.857704, 0.826071
0.878413, 0.813844
0.899609, 0.80052
0.114319, 0.818198
0.134491, 0.832558
0.154252, 0.845748
0.173929, 0.857704
0.193581, 0.868494
0.21319, 0.878234
0.232742, 0.887022
0.252228, 0.89494
0.27164, 0.902061
0.290977, 0.908443
0.310239, 0.91414
0.32943, 0.919193
0.348553, 0.92364
0.367615, 0.927509
0.386625, 0.930824
0.405588, 0.933604
0.424514, 0.935862
0.443411, 0.937609
0.462286, 0.938852
0.481146, 0.939596
0.5, 0.939844
0.518854, 0.939596
0.537714, 0.938852
0.556589, 0.937609
0.575486, 0.935862
0.594412, 0.933604
0.613375, 0.930824
0.632385, 0.927509
0.651447, 0.92364
0.67057, 0.919193
0.689761, 0.91414
0.709023, 0.908443
0.72836, 0.902061
0.747772, 0.89494
0.767258, 0.887022
0.78681, 0.878234
0.806419, 0.868494
0.826071, 0.857704
0.845748, 0.845748
0.865509, 0.832558
0.885681, 0.818198
0.129612, 0.835876
0.148708, 0.851292
0.167442, 0.865509
0.186156, 0.878413
0.204854, 0.890119
0.22353, 0.900743
0.242177, 0.910374
0.260792, 0.919092
0.279372, 0.926959
0.297917, 0.934032
0.316425, 0.940358
0.334898, 0.945975
0.353338, 0.950919
0.371746, 0.955219
0.390125, 0.958899
0.408478, 0.96198
0.426809, 0.964479
0.445123, 0.966409
0.463423, 0.96778
0.481714, 0.9686
0.5, 0.968873
0.518286, 0.9686
0.536577, 0.96778
0.554877, 0.966409
0.573191, 0.964479
0.591522, 0.96198
0.609875, 0.958899
0.628254, 0.955219
0.646662, 0.950919
0.665102, 0.945975
0.683575, 0.940358
0.702083, 0.934032
0.720628, 0.926959
0.739208, 0.919092
0.757823, 0.910374
0.77647, 0.900743
0.795146, 0.890119
0.813844, 0.878413
0.832558, 0.865509
0.851292, 0.851292
0.870388, 0.835876
0.146447, 0.853553
0.164124, 0.870388
0.181802, 0.885681
0.19948, 0.899609
0.217157, 0.912311
0.234835, 0.923896
0.252513, 0.934454
0.27019, 0.944058
0.287868, 0.952769
0.305546, 0.960638
0.323223, 0.967707
0.340901, 0.974012
0.358579, 0.979583
0.376256, 0.984446
0.393934, 0.988621
0.411612, 0.992125
0.429289, 0.994975
0.446967, 0.99718
0.464645, 0.998748
0.482322, 0.999687
0.5, 1
0.517678, 0.999687
0.535355, 0.998748
0.553033, 0.99718
0.570711, 0.994975
0.588388, 0.992125
0.606066, 0.988621
0.623744, 0.984446
0.641421, 0.979583
0.659099, 0.974012
0.676777, 0.967707
0.694454, 0.960638
0.712132, 0.952769
0.72981, 0.944058
0.747487, 0.934454
0.765165, 0.923896
0.782843, 0.912311
0.80052, 0.899609
0.818198, 0.885681
0.835876, 0.870388
0.853553, 0.853553
0.146952, 0.146952
0.165413, 0.131736
0.183621, 0.117691
0.20182, 0.104921
0.220006, 0.0933006
0.238176, 0.0827283
0.25633, 0.0731215
0.274466, 0.0644115
0.292585, 0.0565412
0.310687, 0.0494625
0.328773, 0.043135
0.346843, 0.0375246
0.364898, 0.0326023
0.38294, 0.028344
0.40097, 0.0247291
0.41899, 0.0217411
0.437002, 0.0193664
0.455006, 0.0175943
0.473006, 0.0164172
0.491002, 0.0158299
0.508998, 0.0158299
0.526994, 0.0164172
0.544994, 0.0175943
0.562998, 0.0193664
0.58101, 0.0217411
0.59903, 0.0247291
0.61706, 0.028344
0.635102, 0.0326023
0.653157, 0.0375246
0.671227, 0.043135
0.689313, 0.0494625
0.707415, 0.0565412
0.725534, 0.0644115
0.74367, 0.0731215
0.761824, 0.0827283
0.779994, 0.0933006
0.79818, 0.104921
0.816379, 0.117691
0.834587, 0.131736
0.853048, 0.146952
0.131736, 0.165413
0.151079, 0.151079
0.17028, 0.138007
0.189471, 0.126181
0.208636, 0.115477
0.227764, 0.105791
0.246848, 0.0970369
0.265881, 0.08914
0.284861, 0.0820382
0.303785, 0.0756779
0.322655, 0.0700139
0.341473, 0.0650076
0.360242, 0.0606268
0.378968, 0.0568446
0.397654, 0.0536391
0.416308, 0.0509924
0.434934, 0.0488906
0.45354, 0.0473231
0.47213, 0.0462822
0.490711, 0.0457629
0.509289, 0.0457629
0.52787, 0.0462822
0.54646, 0.0473231
0.565066, 0.0488906
0.583692, 0.0509924
0.602346, 0.0536391
0.621032, 0.0568446
0.639758, 0.0606268
0.658527, 0.0650076
0.677345, 0.0700139
0.696215, 0.0756779
0.715139, 0.0820382
0.734119, 0.08914
0.753152, 0.0970369
0.772236, 0.105791
0.791364, 0.115477
0.810529, 0.126181
0.82972, 0.138007
0.848921, 0.151079
0.868264, 0.165413
0.117691, 0.183621
0.138007, 0.17028
0.158192, 0.158192
0.178321, 0.147286
0.198403, 0.137466
0.218417, 0.128618
0.238345, 0.120645
0.258176, 0.113466
0.277906, 0.107008
0.297536, 0.101214
0.317073, 0.0960348
0.336524, 0.0914329
0.355901, 0.0873797
0.375217, 0.0838548
0.394483, 0.0808446
0.413711, 0.078341
0.432911, 0.0763395
0.452092, 0.0748385
0.47126, 0.0738376
0.490421, 0.073337
0.509579, 0.073337
0.52874, 0.0738376
0.547908, 0.0748385
0.567089, 0.0763395
0.586289, 0.078341
0.605517, 0.0808446
0.624783, 0.0838548
0.644099, 0.0873797
0.663476, 0.0914329
0.682927, 0.0960348
0.702464, 0.101214
0.722094, 0.107008
0.741824, 0.113466
0.761655, 0.120645
0.781583, 0.128618
0.801597, 0.137466
0.821679, 0.147286
0.841808, 0.158192
0.861993, 0.17028
0.882309, 0.183621
0.104921, 0.20182
0.126181, 0.189471
0.147286, 0.178321
0.168312, 0.168312
0.189245, 0.159325
0.210048, 0.15123
0.230695, 0.143912
0.25117, 0.137268
0.271476, 0.131215
0.291627, 0.12569
0.311646, 0.12065
0.331562, 0.116071
0.351408, 0.111945
0.371213, 0.108281
0.391, 0.105091
0.410789, 0.102395
0.430588, 0.100212
0.450404, 0.0985592
0.470235, 0.0974494
0.490077, 0.0968921
0.509923, 0.0968921
0.529765, 0.0974494
0.549596, 0.0985592
0.569412, 0.100212
0.589211, 0.102395
0.609, 0.105091
0.628787, 0.108281
0.648592, 0.111945
0.668438, 0.116071
0.688354, 0.12065
0.708373, 0.12569
0.728524, 0.131215
0.74883, 0.137268
0.769305, 0.143912
0.789952, 0.15123
0.810755, 0.159325
0.831688, 0.168312
0.852714, 0.178321
0.873819, 0.189471
0.895079, 0.20182
0.0933006, 0.220006
0.115477, 0.208636
0.137466, 0.198403
0.159325, 0.189245
0.18101, 0.18101
0.202457, 0.173532
0.223627, 0.166661
0.244511, 0.160269
0.265132, 0.154262
0.285543, 0.148588
0.305811, 0.143236
0.326011, 0.138232
0.346209, 0.133622
0.366454, 0.12946
0.386777, 0.125799
0.407193, 0.122685
0.427703, 0.120154
0.448295, 0.118233
0.46895, 0.116942
0.489645, 0.116294
0.510355, 0.116294
0.53105, 0.116942
0.551705, 0.118233
0.572297, 0.120154
0.592807, 0.122685
0.613223, 0.125799
0.633546, 0.12946
0.653791, 0.133622
0.673989, 0.138232
0.694189, 0.143236
0.714457, 0.148588
0.734868, 0.154262
0.755489, 0.160269
0.776373, 0.166661
0.797543, 0.173532
0.81899, 0.18101
0.840675, 0.189245
0.862534, 0.198403
0.884523, 0.208636
0.906699, 0.220006
0.0827283, 0.238176
0.105791, 0.227764
0.128618, 0.218417
0.15123, 0.210048
0.173532, 0.202457
0.195423, 0.195423
0.216853, 0.188748
0.237842, 0.182284
0.258477, 0.17596
0.278895, 0.169788
0.299244, 0.163842
0.319649, 0.158227
0.340199, 0.153044
0.360944, 0.14838
0.381901, 0.144303
0.403062, 0.14086
0.424405, 0.138083
0.445896, 0.13599
0.467494, 0.134592
0.489157, 0.133892
0.510843, 0.133892
0.532506, 0.134592
0.554104, 0.13599
0.575595, 0.138083
0.596938, 0.14086
0.618099, 0.144303
0.639056, 0.14838
0.659801, 0.153044
0.680351, 0.158227
0.700756, 0.163842
0.721105, 0.169788
0.741523, 0.17596
0.762158, 0.182284
0.783147, 0.188748
0.804577, 0.195423
0.826468, 0.202457
0.84877, 0.210048
0.871382, 0.218417
0.894209, 0.227764
0.917272, 0.238176
0.0731215, 0.25633
0.0970369, 0.246848
0.120645, 0.238345
0.143912, 0.230695
0.166661, 0.223627
0.188748, 0.216853
0.210136, 0.210136
0.23093, 0.203352
0.251354, 0.196526
0.271669, 0.189791
0.292095, 0.18332
0.312781, 0.177273
0.333805, 0.171781
0.355187, 0.166936
0.376907, 0.162793
0.398919, 0.159377
0.421162, 0.156686
0.443576, 0.154701
0.466103, 0.153398
0.488694, 0.152752
0.511306, 0.152752
0.533897, 0.153398
0.556424, 0.154701
0.578838, 0.156686
0.601081, 0.159377
0.623093, 0.162793
0.644813, 0.166936
0.666195, 0.171781
0.687219, 0.177273
0.707905, 0.18332
0.728331, 0.189791
0.748646, 0.196526
0.76907, 0.203352
0.789864, 0.210136
0.811252, 0.216853
0.833339, 0.223627
0.856088, 0.230695
0.879355, 0.238345
0.902963, 0.246848
0.926879, 0.25633
0.0644115, 0.274466
0.08914, 0.265881
0.113466, 0.258176
0.137268, 0.25117
0.160269, 0.244511
0.182284, 0.237842
0.203352, 0.23093
0.223758, 0.223758
0.243914, 0.216503
0.264188, 0.209417
0.284836, 0.202744
0.305997, 0.196686
0.327708, 0.191386
0.349924, 0.186922
0.372552, 0.183305
0.395477, 0.180488
0.41859, 0.178391
0.441808, 0.17692
0.465073, 0.175992
0.488356, 0.175545
0.511644, 0.175545
0.534927, 0.175992
0.558192, 0.17692
0.58141, 0.178391
0.604523, 0.180488
0.627448, 0.183305
0.650076, 0.186922
0.672292, 0.191386
0.694003, 0.196686
0.715164, 0.202744
0.735812, 0.209417
0.756086, 0.216503
0.776242, 0.223758
0.796648, 0.23093
0.817716, 0.237842
0.839731, 0.244511
0.862732, 0.25117
0.886534, 0.258176
0.91086, 0.265881
0.935588, 0.274466
0.0565412, 0.292585
0.0820382, 0.284861
0.107008, 0.277906
0.131215, 0.271476
0.154262, 0.265132
0.17596, 0.258477
0.196526, 0.251354
0.216503, 0.243914
0.236479, 0.236479
0.2569, 0.229402
0.278033, 0.222996
0.299973, 0.217498
0.32266, 0.213036
0.34592, 0.209608
0.36954, 0.207109
0.393327, 0.205376
0.417141, 0.204238
0.440903, 0.203535
0.464585, 0.203141
0.488203, 0.202966
0.511797, 0.202966
0.535415, 0.203141
0.559097, 0.203535
0.582859, 0.204238
0.606673, 0.205376
0.63046, 0.207109
0.65408, 0.209608
0.67734, 0.213036
0.700027, 0.217498
0.721967, 0.222996
0.7431, 0.229402
0.763521, 0.236479
0.783497, 0.243914
0.803474, 0.251354
0.82404, 0.258477
0.845738, 0.265132
0.868785, 0.271476
0.892992, 0.277906
0.917962, 0.284861
0.943459, 0.292585
0.0494625, 0.310687
0.0756779, 0.303785
0.101214, 0.297536
0.12569, 0.291627
0.148588, 0.285543
0.169788, 0.278895
0.189791, 0.271669
0.209417, 0.264188
0.229402, 0.2569
0.250257, 0.250257
0.272234, 0.24464
0.295302, 0.240267
0.319202, 0.237151
0.343583, 0.235133
0.368124, 0.233983
0.392592, 0.233455
0.416851, 0.233324
0.440853, 0.233397
0.46462, 0.233529
0.488226, 0.233619
0.511774, 0.233619
0.53538, 0.233529
0.559147, 0.233397
0.583149, 0.233324
0.607408, 0.233455
0.631876, 0.233983
0.656417, 0.235133
0.680798, 0.237151
0.704698, 0.240267
0.727766, 0.24464
0.749743, 0.250257
0.770598, 0.2569
0.790583, 0.264188
0.810209, 0.271669
0.830212, 0.278895
0.851412, 0.285543
0.87431, 0.291627
0.898786, 0.297536
0.924322, 0.303785
0.950537, 0.310687
0.043135, 0.328773
0.0700139, 0.322655
0.0960348, 0.317073
0.12065, 0.311646
0.143236, 0.305811
0.163842, 0.299244
0.18332, 0.292095
0.202744, 0.284836
0.222996, 0.278033
0.24464, 0.272234
0.26782, 0.26782
0.292249, 0.264877
0.317419, 0.263238
0.342839, 0.262624
0.36813, 0.262732
0.393055, 0.263274
0.417503, 0.263996
0.441476, 0.264699
0.465056, 0.265239
0.488381, 0.265529
0.511619, 0.265529
0.534944, 0.265239
0.558524, 0.264699
0.582497, 0.263996
0.606945, 0.263274
0.63187, 0.262732
0.657161, 0.262624
0.682581, 0.263238
0.707751, 0.264877
0.73218, 0.26782
0.75536, 0.272234
0.777004, 0.278033
0.797256, 0.284836
0.81668, 0.292095
0.836158, 0.299244
0.856764, 0.305811
0.87935, 0.311646
0.903965, 0.317073
0.929986, 0.322655
0.956865, 0.328773
0.0375246, 0.346843
0.0650076, 0.341473
0.0914329, 0.336524
0.116071, 0.331562
0.138232, 0.326011
0.158227, 0.319649
0.177273, 0.312781
0.196686, 0.305997
0.217498, 0.299973
0.240267, 0.295302
0.264877, 0.292249
0.290713, 0.290713
0.317071, 0.290401
0.343372, 0.290969
0.369209, 0.292067
0.394355, 0.293374
0.418752, 0.294626
0.442475, 0.295641
0.465689, 0.29633
0.488597, 0.296672
0.511403, 0.296672
0.534311, 0.29633
0.557525, 0.295641
0.581248, 0.294626
0.605645, 0.293374
0.630791, 0.292067
0.656628, 0.290969
0.682929, 0.290401
0.709287, 0.290713
0.735123, 0.292249
0.759733, 0.295302
0.782502, 0.299973
0.803314, 0.305997
0.822727, 0.312781
0.841773, 0.319649
0.861768, 0.326011
0.883929, 0.331562
0.908567, 0.336524
0.934992, 0.341473
0.962475, 0.346843
0.0326023, 0.364898
0.0606268, 0.360242
0.0873797, 0.355901
0.111945, 0.351408
0.133622, 0.346209
0.153044, 0.340199
0.171781, 0.333805
0.191386, 0.327708
0.213036, 0.32266
0.237151, 0.319202
0.263238, 0.317419
0.290401, 0.317071
0.317798, 0.317798
0.344776, 0.319202
0.370906, 0.32088
0.395992, 0.322462
0.420074, 0.32368
0.443371, 0.324432
0.466177, 0.324786
0.488747, 0.324902
0.511253, 0.324902
0.533823, 0.324786
0.556629, 0.324432
0.579926, 0.32368
0.604008, 0.322462
0.629094, 0.32088
0.655224, 0.319202
0.682202, 0.317798
0.709599, 0.317071
0.736762, 0.317419
0.762849, 0.319202
0.786964, 0.32266
0.808614, 0.327708
0.828219, 0.333805
0.846956, 0.340199
0.866378, 0.346209
0.888055, 0.351408
0.91262, 0.355901
0.939373, 0.360242
0.967398, 0.364898
0.028344, 0.38294
0.0568446, 0.378968
0.0838548, 0.375217
0.108281, 0.371213
0.12946, 0.366454
0.14838, 0.360944
0.166936, 0.355187
0.186922, 0.349924
0.209608, 0.34592
0.235133, 0.343583
0.262624, 0.342839
0.290969, 0.343372
0.319202, 0.344776
0.346586, 0.346586
0.372653, 0.348299
0.397278, 0.349462
0.420711, 0.34983
0.443463, 0.349509
0.466029, 0.348898
0.488658, 0.348452
0.511342, 0.348452
0.533971, 0.348898
0.556537, 0.349509
0.579289, 0.34983
0.602722, 0.349462
0.627347, 0.348299
0.653414, 0.346586
0.680798, 0.344776
0.709031, 0.343372
0.737376, 0.342839
0.764867, 0.343583
0.790392, 0.34592
0.813078, 0.349924
0.833064, 0.355187
0.85162, 0.360944
0.87054, 0.366454
0.891719, 0.371213
0.916145, 0.375217
0.943155, 0.378968
0.971656, 0.38294
0.0247291, 0.40097
0.0536391, 0.397654
0.0808446, 0.394483
0.105091, 0.391
0.125799, 0.386777
0.144303, 0.381901
0.162793, 0.376907
0.183305, 0.372552
0.207109, 0.36954
0.233983, 0.368124
0.262732, 0.36813
0.292067, 0.369209
0.32088, 0.370906
0.348299, 0.372653
0.373799, 0.373799
0.39742, 0.373803
0.41987, 0.37259
0.442133, 0.370664
0.464876, 0.368792
0.488208, 0.367659
0.511792, 0.367659
0.535124, 0.368792
0.557867, 0.370664
0.58013, 0.37259
0.60258, 0.373803
0.626201, 0.373799
0.651701, 0.372653
0.67912, 0.370906
0.707933, 0.369209
0.737268, 0.36813
0.766017, 0.368124
0.792891, 0.36954
0.816695, 0.372552
0.837207, 0.376907
0.855697, 0.381901
0.874201, 0.386777
0.894909, 0.391
0.919155, 0.394483
0.946361, 0.397654
0.975271, 0.40097
0.0217411, 0.41899
0.0509924, 0.416308
0.078341, 0.413711
0.102395, 0.410789
0.122685, 0.407193
0.14086, 0.403062
0.159377, 0.398919
0.180488, 0.395477
0.205376, 0.393327
0.233455, 0.392592
0.263274, 0.393055
0.293374, 0.394355
0.322462, 0.395992
0.349462, 0.397278
0.373803, 0.39742
0.395944, 0.395944
0.417317, 0.393125
0.439337, 0.38976
0.462731, 0.386785
0.487405, 0.385042
0.512595, 0.385042
0.537269, 0.386785
0.560663, 0.38976
0.582683, 0.393125
0.604056, 0.395944
0.626197, 0.39742
0.650538, 0.397278
0.677538, 0.395992
0.706626, 0.394355
0.736726, 0.393055
0.766545, 0.392592
0.794624, 0.393327
0.819512, 0.395477
0.840623, 0.398919
0.85914, 0.403062
0.877315, 0.407193
0.897605, 0.410789
0.921659, 0.413711
0.949008, 0.416308
0.978259, 0.41899
0.0193664, 0.437002
0.0488906, 0.434934
0.0763395, 0.432911
0.100212, 0.430588
0.120154, 0.427703
0.138083, 0.424405
0.156686, 0.421162
0.178391, 0.41859
0.204238, 0.417141
0.233324, 0.416851
0.263996, 0.417503
0.294626, 0.418752
0.32368, 0.420074
0.34983, 0.420711
0.37259, 0.41987
0.393125, 0.417317
0.41352, 0.41352
0.435483, 0.409291
0.45985, 0.405642
0.486338, 0.403535
0.513662, 0.403535
0.54015, 0.405642
0.564517, 0.409291
0.58648, 0.41352
0.606875, 0.417317
0.62741, 0.41987
0.65017, 0.420711
0.67632, 0.420074
0.705374, 0.418752
0.736004, 0.417503
0.766676, 0.416851
0.795762, 0.417141
0.821609, 0.41859
0.843314, 0.421162
0.861917, 0.424405
0.879846, 0.427703
0.899788, 0.430588
0.92366, 0.432911
0.951109, 0.434934
0.980634, 0.437002
0.0175943, 0.455006
0.0473231, 0.45354
0.0748385, 0.452092
0.0985592, 0.450404
0.118233, 0.448295
0.13599, 0.445896
0.154701, 0.443576
0.17692, 0.441808
0.203535, 0.440903
0.233397, 0.440853
0.264699, 0.441476
0.295641, 0.442475
0.324432, 0.443371
0.349509, 0.443463
0.370664, 0.442133
0.38976, 0.439337
0.409291, 0.435483
0.431304, 0.431304
0.456821, 0.42783
0.485246, 0.425917
0.514754, 0.425917
0.543179, 0.42783
0.568696, 0.431304
0.590709, 0.435483
0.61024, 0.439337
0.629336, 0.442133
0.650491, 0.443463
0.675568, 0.443371
0.704359, 0.442475
0.735301, 0.441476
0.766603, 0.440853
0.796465, 0.440903
0.82308, 0.441808
0.845299, 0.443576
0.86401, 0.445896
0.881767, 0.448295
0.901441, 0.450404
0.925161, 0.452092
0.952677, 0.45354
0.982406, 0.455006
0.0164172, 0.473006
0.0462822, 0.47213
0.0738376, 0.47126
0.0974494, 0.470235
0.116942, 0.46895
0.134592, 0.467494
0.153398, 0.466103
0.175992, 0.465073
0.203141, 0.464585
0.233529, 0.46462
0.265239, 0.465056
0.29633, 0.465689
0.324786, 0.466177
0.348898, 0.466029
0.368792, 0.464876
0.386785, 0.462731
0.405642, 0.45985
0.42783, 0.456821
0.454456, 0.454456
0.48443, 0.453226
0.51557, 0.453226
0.545544, 0.454456
0.57217, 0.456821
0.594358, 0.45985
0.613215, 0.462731
0.631208, 0.464876
0.651102, 0.466029
0.675214, 0.466177
0.70367, 0.465689
0.734761, 0.465056
0.766471, 0.46462
0.796859, 0.464585
0.824008, 0.465073
0.846602, 0.466103
0.865408, 0.467494
0.883058, 0.46895
0.902551, 0.470235
0.926162, 0.47126
0.953718, 0.47213
0.983583, 0.473006
0.0158299, 0.491002
0.0457629, 0.490711
0.073337, 0.490421
0.0968921, 0.490077
0.116294, 0.489645
0.133892, 0.489157
0.152752, 0.488694
0.175545, 0.488356
0.202966, 0.488203
0.233619, 0.488226
0.265529, 0.488381
0.296672, 0.488597
0.324902, 0.488747
0.348452, 0.488658
0.367659, 0.488208
0.385042, 0.487405
0.403535, 0.486338
0.425917, 0.485246
0.453226, 0.48443
0.484017, 0.484017
0.515983, 0.484017
0.546774, 0.48443
0.574083, 0.485246
0.596465, 0.486338
0.614958, 0.487405
0.632341, 0.488208
0.651548, 0.488658
0.675098, 0.488747
0.703328, 0.488597
0.734471, 0.488381
0.766381, 0.488226
0.797034, 0.488203
0.824455, 0.488356
0.847248, 0.488694
0.866108, 0.489157
0.883706, 0.489645
0.903108, 0.490077
0.926663, 0.490421
0.954237, 0.490711
0.98417, 0.491002
0.0158299, 0.508998
0.0457629, 0.509289
0.073337, 0.509579
0.0968921, 0.509923
0.116294, 0.510355
0.133892, 0.510843
0.152752, 0.511306
0.175545, 0.511644
0.202966, 0.511797
0.233619, 0.511774
0.265529, 0.511619
0.296672, 0.511403
0.324902, 0.511253
0.348452, 0.511342
0.367659, 0.511792
0.385042, 0.512595
0.403535, 0.513662
0.425917, 0.514754
0.453226, 0.51557
0.484017, 0.515983
0.515983, 0.515983
0.546774, 0.51557
0.574083, 0.514754
0.596465, 0.513662
0.614958, 0.512595
0.632341, 0.511792
0.651548, 0.511342
0.675098, 0.511253
0.703328, 0.511403
0.734471, 0.511619
0.766381, 0.511774
0.797034, 0.511797
0.824455, 0.511644
0.847248, 0.511306
0.866108, 0.510843
0.883706, 0.510355
0.903108, 0.509923
0.926663, 0.509579
0.954237, 0.509289
0.98417, 0.508998
0.0164172, 0.526994
0.0462822, 0.52787
0.0738376, 0.52874
0.0974494, 0.529765
0.116942, 0.53105
0.134592, 0.532506
0.153398, 0.533897
0.175992, 0.534927
0.203141, 0.535415
0.233529, 0.53538
0.265239, 0.534944
0.29633, 0.534311
0.324786, 0.533823
0.348898, 0.533971
0.368792, 0.535124
0.386785, 0.537269
0.405642, 0.54015
0.42783, 0.543179
0.454456, 0.545544
0.48443, 0.546774
0.51557, 0.546774
0.545544, 0.545544
0.57217, 0.543179
0.594358, 0.54015
0.613215, 0.537269
0.631208, 0.535124
0.651102, 0.533971
0.675214, 0.533823
0.70367, 0.534311
0.734761, 0.534944
0.766471, 0.53538
0.796859, 0.535415
0.824008, 0.534927
0.846602, 0.533897
0.865408, 0.532506
0.883058, 0.53105
0.902551, 0.529765
0.926162, 0.52874
0.953718, 0.52787
0.983583, 0.526994
0.0175943, 0.544994
0.0473231, 0.54646
0.0748385, 0.547908
0.0985592, 0.549596
0.118233, 0.551705
0.13599, 0.554104
0.154701, 0.556424
0.17692, 0.558192
0.203535, 0.559097
0.233397, 0.559147
0.264699, 0.558524
0.295641, 0.557525
0.324432, 0.556629
0.349509, 0.556537
0.370664, 0.557867
0.38976, 0.560663
0.409291, 0.564517
0.431304, 0.568696
0.456821, 0.57217
0.485246, 0.574083
0.514754, 0.574083
0.543179, 0.57217
0.568696, 0.568696
0.590709, 0.564517
0.61024, 0.560663
0.629336, 0.557867
0.650491, 0.556537
0.675568, 0.556629
0.704359, 0.557525
0.735301, 0.558524
0.766603, 0.559147
0.796465, 0.559097
0.82308, 0.558192
0.845299, 0.556424
0.86401, 0.554104
0.881767, 0.551705
0.901441, 0.549596
0.925161, 0.547908
0.952677, 0.54646
0.982406, 0.544994
0.0193664, 0.562998
0.0488906, 0.565066
0.0763395, 0.567089
0.100212, 0.569412
0.120154, 0.572297
0.138083, 0.575595
0.156686, 0.578838
0.178391, 0.58141
0.204238, 0.582859
0.233324, 0.583149
0.263996, 0.582497
0.294626, 0.581248
0.32368, 0.579926
0.34983, 0.579289
0.37259, 0.58013
0.393125, 0.582683
0.41352, 0.58648
0.435483, 0.590709
0.45985, 0.594358
0.486338, 0.596465
0.513662, 0.596465
0.54015, 0.594358
0.564517, 0.590709
0.58648, 0.58648
0.606875, 0.582683
0.62741, 0.58013
0.65017, 0.579289
0.67632, 0.579926
0.705374, 0.581248
0.736004, 0.582497
0.766676, 0.583149
0.795762, 0.582859
0.821609, 0.58141
0.843314, 0.578838
0.861917, 0.575595
0.879846, 0.572297
0.899788, 0.569412
0.92366, 0.567089
0.951109, 0.565066
0.980634, 0.562998
0.0217411, 0.58101
0.0509924, 0.583692
0.078341, 0.586289
0.102395, 0.589211
0.122685, 0.592807
0.14086, 0.596938
0.159377, 0.601081
0.180488, 0.604523
0.205376, 0.606673
0.233455, 0.607408
0.263274, 0.606945
0.293374, 0.605645
0.322462, 0.604008
0.349462, 0.602722
0.373803, 0.60258
0.395944, 0.604056
0.417317, 0.606875
0.439337, 0.61024
0.462731, 0.613215
0.487405, 0.614958
0.512595, 0.614958
0.537269, 0.613215
0.560663, 0.61024
0.582683, 0.606875
0.604056, 0.604056
0.626197, 0.60258
0.650538, 0.602722
0.677538, 0.604008
0.706626, 0.605645
0.736726, 0.606945
0.766545, 0.607408
0.794624, 0.606673
0.819512, 0.604523
0.840623, 0.601081
0.85914, 0.596938
0.877315, 0.592807
0.897605, 0.589211
0.921659, 0.586289
0.949008, 0.583692
0.978259, 0.58101
0.0247291, 0.59903
0.0536391, 0.602346
0.0808446, 0.605517
0.105091, 0.609
0.125799, 0.613223
0.144303, 0.618099
0.162793, 0.623093
0.183305, 0.627448
0.207109, 0.63046
0.233983, 0.631876
0.262732, 0.63187
0.292067, 0.630791
0.32088, 0.629094
0.348299, 0.627347
0.373799, 0.626201
0.39742, 0.626197
0.41987, 0.62741
0.442133, 0.629336
0.464876, 0.631208
0.488208, 0.632341
0.511792, 0.632341
0.535124, 0.631208
0.557867, 0.629336
0.58013, 0.62741
0.60258, 0.626197
0.626201, 0.626201
0.651701, 0.627347
0.67912, 0.629094
0.707933, 0.630791
0.737268, 0.63187
0.766017, 0.631876
0.792891, 0.63046
0.816695, 0.627448
0.837207, 0.623093
0.855697, 0.618099
0.874201, 0.613223
0.894909, 0.609
0.919155, 0.605517
0.946361, 0.602346
0.975271, 0.59903
0.028344, 0.61706
0.0568446, 0.621032
0.0838548, 0.624783
0.108281, 0.628787
0.12946, 0.633546
0.14838, 0.639056
0.166936, 0.644813
0.186922, 0.650076
0.209608, 0.65408
0.235133, 0.656417
0.262624, 0.657161
0.290969, 0.656628
0.319202, 0.655224
0.346586, 0.653414
0.372653, 0.651701
0.397278, 0.650538
0.420711, 0.65017
0.443463, 0.650491
0.466029, 0.651102
0.488658, 0.651548
0.511342, 0.651548
0.533971, 0.651102
0.556537, 0.650491
0.579289, 0.65017
0.602722, 0.650538
0.627347, 0.651701
0.653414, 0.653414
0.680798, 0.655224
0.709031, 0.656628
0.737376, 0.657161
0.764867, 0.656417
0.790392, 0.65408
0.813078, 0.650076
0.833064, 0.644813
0.85162, 0.639056
0.87054, 0.633546
0.891719, 0.628787
0.916145, 0.624783
0.943155, 0.621032
0.971656, 0.61706
0.0326023, 0.635102
0.0606268, 0.639758
0.0873797, 0.644099
0.111945, 0.648592
0.133622, 0.653791
0.153044, 0.659801
0.171781, 0.666195
0.191386, 0.672292
0.213036, 0.67734
0.237151, 0.680798
0.263238, 0.682581
0.290401, 0.682929
0.317798, 0.682202
0.344776, 0.680798
0.370906, 0.67912
0.395992, 0.677538
0.420074, 0.67632
0.443371, 0.675568
0.466177, 0.675214
0.488747, 0.675098
0.511253, 0.675098
0.533823, 0.675214
0.556629, 0.675568
0.579926, 0.67632
0.604008, 0.677538
0.629094, 0.67912
0.655224, 0.680798
0.682202, 0.682202
0.709599, 0.682929
0.736762, 0.682581
0.762849, 0.680798
0.786964, 0.67734
0.808614, 0.672292
0.828219, 0.666195
0.846956, 0.659801
0.866378, 0.653791
0.888055, 0.648592
0.91262, 0.644099
0.939373, 0.639758
0.967398, 0.635102
0.0375246, 0.653157
0.0650076, 0.658527
0.0914329, 0.663476
0.116071, 0.668438
0.138232, 0.673989
0.158227, 0.680351
0.177273, 0.687219
0.196686, 0.694003
0.217498, 0.700027
0.240267, 0.704698
0.264877, 0.707751
0.290713, 0.709287
0.317071, 0.709599
0.343372, 0.709031
0.369209, 0.707933
0.394355, 0.706626
0.418752, 0.705374
0.442475, 0.704359
0.465689, 0.70367
0.488597, 0.703328
0.511403, 0.703328
0.534311, 0.70367
0.557525, 0.704359
0.581248, 0.705374
0.605645, 0.706626
0.630791, 0.707933
0.656628, 0.709031
0.682929, 0.709599
0.709287, 0.709287
0.735123, 0.707751
0.759733, 0.704698
0.782502, 0.700027
0.803314, 0.694003
0.822727, 0.687219
0.841773, 0.680351
0.861768, 0.673989
0.883929, 0.668438
0.908567, 0.663476
0.934992, 0.658527
0.962475, 0.653157
0.043135, 0.671227
0.0700139, 0.677345
0.0960348, 0.682927
0.12065, 0.688354
0.143236, 0.694189
0.163842, 0.700756
0.18332, 0.707905
0.202744, 0.715164
0.222996, 0.721967
0.24464, 0.727766
0.26782, 0.73218
0.292249, 0.735123
0.317419, 0.736762
0.342839, 0.737376
0.36813, 0.737268
0.393055, 0.736726
0.417503, 0.736004
0.441476, 0.735301
0.465056, 0.734761
0.488381, 0.734471
0.511619, 0.734471
0.534944, 0.734761
0.558524, 0.735301
0.582497, 0.736004
0.606945, 0.736726
0.63187, 0.737268
0.657161, 0.737376
0.682581, 0.736762
0.707751, 0.735123
0.73218, 0.73218
0.75536, 0.727766
0.777004, 0.721967
0.797256, 0.715164
0.81668, 0.707905
0.836158, 0.700756
0.856764, 0.694189
0.87935, 0.688354
0.903965, 0.682927
0.929986, 0.677345
0.956865, 0.671227
0.0494625, 0.689313
0.0756779, 0.696215
0.101214, 0.702464
0.12569, 0.708373
0.148588, 0.714457
0.169788, 0.721105
0.189791, 0.728331
0.209417, 0.735812
0.229402, 0.7431
0.250257, 0.749743
0.272234, 0.75536
0.295302, 0.759733
0.319202, 0.762849
0.343583, 0.764867
0.368124, 0.766017
0.392592, 0.766545
0.416851, 0.766676
0.440853, 0.766603
0.46462, 0.766471
0.488226, 0.766381
0.511774, 0.766381
0.53538, 0.766471
0.559147, 0.766603
0.583149, 0.766676
0.607408, 0.766545
0.631876, 0.766017
0.656417, 0.764867
0.680798, 0.762849
0.704698, 0.759733
0.727766, 0.75536
0.749743, 0.749743
0.770598, 0.7431
0.790583, 0.735812
0.810209, 0.728331
0.830212, 0.721105
0.851412, 0.714457
0.87431, 0.708373
0.898786, 0.702464
0.924322, 0.696215
0.950537, 0.689313
0.0565412, 0.707415
0.0820382, 0.715139
0.107008, 0.722094
0.131215, 0.728524
0.154262, 0.734868
0.17596, 0.741523
0.196526, 0.748646
0.216503, 0.756086
0.236479, 0.763521
0.2569, 0.770598
0.278033, 0.777004
0.299973, 0.782502
0.32266, 0.786964
0.34592, 0.790392
0.36954, 0.792891
0.393327, 0.794624
0.417141, 0.795762
0.440903, 0.796465
0.464585, 0.796859
0.488203, 0.797034
0.511797, 0.797034
0.535415, 0.796859
0.559097, 0.796465
0.582859, 0.795762
0.606673, 0.794624
0.63046, 0.792891
0.65408, 0.790392
0.67734, 0.786964
0.700027, 0.782502
0.721967, 0.777004
0.7431, 0.770598
0.763521, 0.763521
0.783497, 0.756086
0.803474, 0.748646
0.82404, 0.741523
0.845738, 0.734868
0.868785, 0.728524
0.892992, 0.722094
0.917962, 0.715139
0.943459, 0.707415
0.0644115, 0.725534
0.08914, 0.734119
0.113466, 0.741824
0.137268, 0.74883
0.160269, 0.755489
0.182284, 0.762158
0.203352, 0.76907
0.223758, 0.776242
0.243914, 0.783497
0.264188, 0.790583
0.284836, 0.797256
0.305997, 0.803314
0.327708, 0.808614
0.349924, 0.813078
0.372552, 0.816695
0.395477, 0.819512
0.41859, 0.821609
0.441808, 0.82308
0.465073, 0.824008
0.488356, 0.824455
0.511644, 0.824455
0.534927, 0.824008
0.558192, 0.82308
0.58141, 0.821609
0.604523, 0.819512
0.627448, 0.816695
0.650076, 0.813078
0.672292, 0.808614
0.694003, 0.803314
0.715164, 0.797256
0.735812, 0.790583
0.756086, 0.783497
0.776242, 0.776242
0.796648, 0.76907
0.817716, 0.762158
0.839731, 0.755489
0.862732, 0.74883
0.886534, 0.741824
0.91086, 0.734119
0.935588, 0.725534
0.0731215, 0.74367
0.0970369, 0.753152
0.120645, 0.761655
0.143912, 0.769305
0.166661, 0.776373
0.188748, 0.783147
0.210136, 0.789864
0.23093, 0.796648
0.251354, 0.803474
0.271669, 0.810209
0.292095, 0.81668
0.312781, 0.822727
0.333805, 0.828219
0.355187, 0.833064
0.376907, 0.837207
0.398919, 0.840623
0.421162, 0.843314
0.443576, 0.845299
0.466103, 0.846602
0.488694, 0.847248
0.511306, 0.847248
0.533897, 0.846602
0.556424, 0.845299
0.578838, 0.843314
0.601081, 0.840623
0.623093, 0.837207
0.644813, 0.833064
0.666195, 0.828219
0.687219, 0.822727
0.707905, 0.81668
0.728331, 0.810209
0.748646, 0.803474
0.76907, 0.796648
0.789864, 0.789864
0.811252, 0.783147
0.833339, 0.776373
0.856088, 0.769305
0.879355, 0.761655
0.902963, 0.753152
0.926879, 0.74367
0.0827283, 0.761824
0.105791, 0.772236
0.128618, 0.781583
0.15123, 0.789952
0.173532, 0.797543
0.195423, 0.804577
0.216853, 0.811252
0.237842, 0.817716
0.258477, 0.82404
0.278895, 0.830212
0.299244, 0.836158
0.319649, 0.841773
0.340199, 0.846956
0.360944, 0.85162
0.381901, 0.855697
0.403062, 0.85914
0.424405, 0.861917
0.445896, 0.86401
0.467494, 0.865408
0.489157, 0.866108
0.510843, 0.866108
0.532506, 0.865408
0.554104, 0.86401
0.575595, 0.861917
0.596938, 0.85914
0.618099, 0.855697
0.639056, 0.85162
0.659801, 0.846956
0.680351, 0.841773
0.700756, 0.836158
0.721105, 0.830212
0.741523, 0.82404
0.762158, 0.817716
0.783147, 0.811252
0.804577, 0.804577
0.826468, 0.797543
0.84877, 0.789952
0.871382, 0.781583
0.894209, 0.772236
0.917272, 0.761824
0.0933006, 0.779994
0.115477, 0.791364
0.137466, 0.801597
0.159325, 0.810755
0.18101, 0.81899
0.202457, 0.826468
0.223627, 0.833339
0.244511, 0.839731
0.265132, 0.845738
0.285543, 0.851412
0.305811, 0.856764
0.326011, 0.861768
0.346209, 0.866378
0.366454, 0.87054
0.386777, 0.874201
0.407193, 0.877315
0.427703, 0.879846
0.448295, 0.881767
0.46895, 0.883058
0.489645, 0.883706
0.510355, 0.883706
0.53105, 0.883058
0.551705, 0.881767
0.572297, 0.879846
0.592807, 0.877315
0.613223, 0.874201
0.633546, 0.87054
0.653791, 0.866378
0.673989, 0.861768
0.694189, 0.856764
0.714457, 0.851412
0.734868, 0.845738
0.755489, 0.839731
0.776373, 0.833339
0.797543, 0.826468
0.81899, 0.81899
0.840675, 0.810755
0.862534, 0.801597
0.884523, 0.791364
0.906699, 0.779994
0.104921, 0.79818
0.126181, 0.810529
0.147286, 0.821679
0.168312, 0.831688
0.189245, 0.840675
0.210048, 0.84877
0.230695, 0.856088
0.25117, 0.862732
0.271476, 0.868785
0.291627, 0.87431
0.311646, 0.87935
0.331562, 0.883929
0.351408, 0.888055
0.371213, 0.891719
0.391, 0.894909
0.410789, 0.897605
0.430588, 0.899788
0.450404, 0.901441
0.470235, 0.902551
0.490077, 0.903108
0.509923, 0.903108
0.529765, 0.902551
0.549596, 0.901441
0.569412, 0.899788
0.589211, 0.897605
0.609, 0.894909
0.628787, 0.891719
0.648592, 0.888055
0.668438, 0.883929
0.688354, 0.87935
0.708373, 0.87431
0.728524, 0.868785
0.74883, 0.862732
0.769305, 0.856088
0.789952, 0.84877
0.810755, 0.840675
0.831688, 0.831688
0.852714, 0.821679
0.873819, 0.810529
0.895079, 0.79818
0.117691, 0.816379
0.138007, 0.82972
0.158192, 0.841808
0.178321, 0.852714
0.198403, 0.862534
0.218417, 0.871382
0.238345, 0.879355
0.258176, 0.886534
0.277906, 0.892992
0.297536, 0.898786
0.317073, 0.903965
0.336524, 0.908567
0.355901, 0.91262
0.375217, 0.916145
0.394483, 0.919155
0.413711, 0.921659
0.432911, 0.92366
0.452092, 0.925161
0.47126, 0.926162
0.490421, 0.926663
0.509579, 0.926663
0.52874, 0.926162
0.547908, 0.925161
0.567089, 0.92366
0.586289, 0.921659
0.605517, 0.919155
0.624783, 0.916145
0.644099, 0.91262
0.663476, 0.908567
0.682927, 0.903965
0.702464, 0.898786
0.722094, 0.892992
0.741824, 0.886534
0.761655, 0.879355
0.781583, 0.871382
0.801597, 0.862534
0.821679, 0.852714
0.841808, 0.841808
0.861993, 0.82972
0.882309, 0.816379
0.131736, 0.834587
0.151079, 0.848921
0.17028, 0.861993
0.189471, 0.873819
0.208636, 0.884523
0.227764, 0.894209
0.246848, 0.902963
0.265881, 0.91086
0.284861, 0.917962
0.303785, 0.924322
0.322655, 0.929986
0.341473, 0.934992
0.360242, 0.939373
0.378968, 0.943155
0.397654, 0.946361
0.416308, 0.949008
0.434934, 0.951109
0.45354, 0.952677
0.47213, 0.953718
0.490711, 0.954237
0.509289, 0.954237
0.52787, 0.953718
0.54646, 0.952677
0.565066, 0.951109
0.583692, 0.949008
0.602346, 0.946361
0.621032, 0.943155
0.639758, 0.939373
0.658527, 0.934992
0.677345, 0.929986
0.696215, 0.924322
0.715139, 0.917962
0.734119, 0.91086
0.753152, 0.902963
0.772236, 0.894209
0.791364, 0.884523
0.810529, 0.873819
0.82972, 0.861993
0.848921, 0.848921
0.868264, 0.834587
0.146952, 0.853048
0.165413, 0.868264
0.183621, 0.882309
0.20182, 0.895079
0.220006, 0.906699
0.238176, 0.917272
0.25633, 0.926879
0.274466, 0.935588
0.292585, 0.943459
0.310687, 0.950537
0.328773, 0.956865
0.346843, 0.962475
0.364898, 0.967398
0.38294, 0.971656
0.40097, 0.975271
0.41899, 0.978259
0.437002, 0.980634
0.455006, 0.982406
0.473006, 0.983583
0.491002, 0.98417
0.508998, 0.98417
0.526994, 0.983583
0.544994, 0.982406
0.562998, 0.980634
0.58101, 0.978259
0.59903, 0.975271
0.61706, 0.971656
0.635102, 0.967398
0.653157, 0.962475
0.671227, 0.956865
0.689313, 0.950537
0.707415, 0.943459
0.725534, 0.935588
0.74367, 0.926879
0.761824, 0.917272
0.779994, 0.906699
0.79818, 0.895079
0.816379, 0.882309
0.834587, 0.868264
0.853048, 0.853048
