0.146447, 0.146447
0.164124, 0.129612
0.181802, 0.114319
0.19948, 0.100391
0.217157, 0.0876894
0.234835, 0.0761044
0.252513, 0.0655463
0.27019, 0.055942
0.287868, 0.0472307
0.305546, 0.0393619
0.323223, 0.0322928
0.340901, 0.0259879
0.358579, 0.0204168
0.376256, 0.0155544
0.393934, 0.0113795
0.411612, 0.00787451
0.429289, 0.00502525
0.446967, 0.00282045
0.464645, 0.00125157
0.482322, 0.000312598
0.5, 0
0.517678, 0.000312598
0.535355, 0.00125157
0.553033, 0.00282045
0.570711, 0.00502525
0.588388, 0.00787451
0.606066, 0.0113795
0.623744, 0.0155544
0.641421, 0.0204168
0.659099, 0.0259879
0.676777, 0.0322928
0.694454, 0.0393619
0.712132, 0.0472307
0.72981, 0.055942
0.747487, 0.0655463
0.765165, 0.0761044
0.782843, 0.0876894
0.80052, 0.100391
0.818198, 0.114319
0.835876, 0.129612
0.853553, 0.146447
0.129612, 0.164124
0.148722, 0.148722
0.167485, 0.134541
0.186206, 0.121651
0.204911, 0.109959
0.223591, 0.0993501
0.242241, 0.089733
0.260858, 0.0810302
0.279439, 0.0731768
0.297984, 0.0661175
0.31649, 0.0598054
0.334961, 0.0542003
0.353396, 0.0492677
0.371799, 0.0449785
0.390172, 0.0413077
0.408519, 0.0382349
0.426843, 0.0357429
0.445149, 0.0338184
0.46344, 0.0324509
0.481723, 0.0316333
0.5, 0.0313612
0.518277, 0.0316333
0.53656, 0.0324509
0.554851, 0.0338184
0.573157, 0.0357429
0.591481, 0.0382349
0.609828, 0.0413077
0.628201, 0.0449785
0.646604, 0.0492677
0.665039, 0.0542003
0.68351, 0.0598054
0.702016, 0.0661175
0.720561, 0.0731768
0.739142, 0.0810302
0.757759, 0.089733
0.776409, 0.0993501
0.795089, 0.109959
0.813794, 0.121651
0.832515, 0.134541
0.851278, 0.148722
0.870388, 0.164124
0.114319, 0.181802
0.134541, 0.167485
0.154326, 0.154326
0.174016, 0.142394
0.19368, 0.131628
0.213299, 0.121913
0.232858, 0.11315
0.252347, 0.105256
0.271761, 0.0981593
0.291098, 0.0917986
0.310356, 0.0861226
0.329541, 0.0810877
0.348656, 0.0766576
0.367709, 0.072803
0.386708, 0.0695002
0.405659, 0.0667307
0.424572, 0.0644806
0.443455, 0.0627398
0.462315, 0.0615008
0.481161, 0.0607592
0.5, 0.0605123
0.518839, 0.0607592
0.537685, 0.0615008
0.556545, 0.0627398
0.575428, 0.0644806
0.594341, 0.0667307
0.613292, 0.0695002
0.632291, 0.072803
0.651344, 0.0766576
0.670459, 0.0810877
0.689644, 0.0861226
0.708902, 0.0917986
0.728239, 0.0981593
0.747653, 0.105256
0.767142, 0.11315
0.786701, 0.121913
0.80632, 0.131628
0.825984, 0.142394
0.845674, 0.154326
0.865459, 0.167485
0.885681, 0.181802
0.100391, 0.19948
0.121651, 0.186206
0.142394, 0.174016
0.163035, 0.163035
0.183611, 0.153166
0.204103, 0.144296
0.224484, 0.136311
0.244738, 0.129113
0.264857, 0.122618
0.284842, 0.116755
0.304701, 0.11147
0.32445, 0.106719
0.344107, 0.102474
0.36369, 0.09872
0.38322, 0.095449
0.402713, 0.0926624
0.422184, 0.0903659
0.441643, 0.0885677
0.461097, 0.087276
0.480549, 0.0864979
0.5, 0.086238
0.519451, 0.0864979
0.538903, 0.087276
0.558357, 0.0885677
0.577816, 0.0903659
0.597287, 0.0926624
0.61678, 0.095449
0.63631, 0.09872
0.655893, 0.102474
0.67555, 0.106719
0.695299, 0.11147
0.715158, 0.116755
0.735143, 0.122618
0.755262, 0.129113
0.775516, 0.136311
0.795897, 0.144296
0.816389, 0.153166
0.836965, 0.163035
0.857606, 0.174016
0.878349, 0.186206
0.899609, 0.19948
0.0876894, 0.217157
0.109959, 0.204911
0.131628, 0.19368
0.153166, 0.183611
0.17459, 0.17459
0.195854, 0.166474
0.216915, 0.15912
0.237749, 0.152404
0.258355, 0.146219
0.278752, 0.140487
0.298975, 0.135159
0.319073, 0.130215
0.339095, 0.125663
0.35909, 0.12153
0.379093, 0.117851
0.399132, 0.114666
0.41922, 0.11201
0.439359, 0.109914
0.459544, 0.1084
0.479763, 0.107485
0.5, 0.107179
0.520237, 0.107485
0.540456, 0.1084
0.560641, 0.109914
0.58078, 0.11201
0.600868, 0.114666
0.620907, 0.117851
0.64091, 0.12153
0.660905, 0.125663
0.680927, 0.130215
0.701025, 0.135159
0.721248, 0.140487
0.741645, 0.146219
0.762251, 0.152404
0.783085, 0.15912
0.804146, 0.166474
0.82541, 0.17459
0.846834, 0.183611
0.868372, 0.19368
0.890041, 0.204911
0.912311, 0.217157
0.0761044, 0.234835
0.0993501, 0.223591
0.121913, 0.213299
0.144296, 0.204103
0.166474, 0.195854
0.18836, 0.18836
0.209888, 0.181432
0.231035, 0.174904
0.251825, 0.168656
0.272332, 0.162628
0.29266, 0.156823
0.312919, 0.151296
0.333206, 0.146126
0.35359, 0.141396
0.374112, 0.137178
0.39479, 0.133532
0.415621, 0.130501
0.436587, 0.128119
0.457662, 0.126404
0.478812, 0.125371
0.5, 0.125026
0.521188, 0.125371
0.542338, 0.126404
0.563413, 0.128119
0.584379, 0.130501
0.60521, 0.133532
0.625888, 0.137178
0.64641, 0.141396
0.666794, 0.146126
0.687081, 0.151296
0.70734, 0.156823
0.727668, 0.162628
0.748175, 0.168656
0.768965, 0.174904
0.790112, 0.181432
0.81164, 0.18836
0.833526, 0.195854
0.855704, 0.204103
0.878087, 0.213299
0.90065, 0.223591
0.923896, 0.234835
0.0655463, 0.252513
0.089733, 0.242241
0.11315, 0.232858
0.136311, 0.224484
0.15912, 0.216915
0.181432, 0.209888
0.203154, 0.203154
0.224289, 0.196517
0.24495, 0.189891
0.265327, 0.183306
0.285623, 0.176875
0.306011, 0.170742
0.326607, 0.16504
0.347476, 0.159877
0.368638, 0.155331
0.39008, 0.151456
0.411767, 0.14828
0.433653, 0.145814
0.455688, 0.144059
0.47782, 0.14301
0.5, 0.14266
0.52218, 0.14301
0.544312, 0.144059
0.566347, 0.145814
0.588233, 0.14828
0.60992, 0.151456
0.631362, 0.155331
0.652524, 0.159877
0.673393, 0.16504
0.693989, 0.170742
0.714377, 0.176875
0.734673, 0.183306
0.75505, 0.189891
0.775711, 0.196517
0.796846, 0.203154
0.818568, 0.209888
0.84088, 0.216915
0.863689, 0.224484
0.88685, 0.232858
0.910267, 0.242241
0.934454, 0.252513
0.055942, 0.27019
0.0810302, 0.260858
0.105256, 0.252347
0.129113, 0.244738
0.152404, 0.237749
0.174904, 0.231035
0.196517, 0.224289
0.217347, 0.217347
0.237678, 0.210237
0.25785, 0.203129
0.278154, 0.196241
0.298787, 0.189776
0.319854, 0.183894
0.341384, 0.178711
0.363344, 0.17429
0.385666, 0.17065
0.408266, 0.167772
0.431061, 0.165614
0.453982, 0.164123
0.476975, 0.16325
0.5, 0.162963
0.523025, 0.16325
0.546018, 0.164123
0.568939, 0.165614
0.591734, 0.167772
0.614334, 0.17065
0.636656, 0.17429
0.658616, 0.178711
0.680146, 0.183894
0.701213, 0.189776
0.721846, 0.196241
0.74215, 0.203129
0.762322, 0.210237
0.782653, 0.217347
0.803483, 0.224289
0.825096, 0.231035
0.847596, 0.237749
0.870887, 0.244738
0.894744, 0.252347
0.91897, 0.260858
0.944058, 0.27019
0.0472307, 0.287868
0.0731768, 0.279439
0.0981593, 0.271761
0.122618, 0.264857
0.146219, 0.258355
0.168656, 0.251825
0.189891, 0.24495
0.210237, 0.237678
0.2302, 0.2302
0.250253, 0.222816
0.270736, 0.215824
0.291848, 0.209477
0.313648, 0.203963
0.336082, 0.199382
0.35902, 0.195745
0.3823, 0.192983
0.405775, 0.190976
0.429331, 0.189589
0.452902, 0.188697
0.476459, 0.188204
0.5, 0.188046
0.523541, 0.188204
0.547098, 0.188697
0.570669, 0.189589
0.594225, 0.190976
0.6177, 0.192983
0.64098, 0.195745
0.663918, 0.199382
0.686352, 0.203963
0.708152, 0.209477
0.729264, 0.215824
0.749747, 0.222816
0.7698, 0.2302
0.789763, 0.237678
0.810109, 0.24495
0.831344, 0.251825
0.853781, 0.258355
0.877382, 0.264857
0.901841, 0.271761
0.926823, 0.279439
0.952769, 0.287868
0.0393619, 0.305546
0.0661175, 0.297984
0.0917986, 0.291098
0.116755, 0.284842
0.140487, 0.278752
0.162628, 0.272332
0.183306, 0.265327
0.203129, 0.25785
0.222816, 0.250253
0.242942, 0.242942
0.263888, 0.236302
0.285819, 0.230639
0.308685, 0.226135
0.33227, 0.222803
0.356288, 0.220511
0.380479, 0.219056
0.404654, 0.218217
0.428702, 0.217793
0.452588, 0.217614
0.476334, 0.217557
0.5, 0.217547
0.523666, 0.217557
0.547412, 0.217614
0.571298, 0.217793
0.595346, 0.218217
0.619521, 0.219056
0.643712, 0.220511
0.66773, 0.222803
0.691315, 0.226135
0.714181, 0.230639
0.736112, 0.236302
0.757058, 0.242942
0.777184, 0.250253
0.796871, 0.25785
0.816694, 0.265327
0.837372, 0.272332
0.859513, 0.278752
0.883245, 0.284842
0.908201, 0.291098
0.933883, 0.297984
0.960638, 0.305546
0.0322928, 0.323223
0.0598054, 0.31649
0.0861226, 0.310356
0.11147, 0.304701
0.135159, 0.298975
0.156823, 0.29266
0.176875, 0.285623
0.196241, 0.278154
0.215824, 0.270736
0.236302, 0.263888
0.258079, 0.258079
0.281209, 0.253623
0.30541, 0.250582
0.330237, 0.248789
0.355268, 0.247972
0.380189, 0.24784
0.404812, 0.248123
0.429057, 0.248586
0.452941, 0.249047
0.476545, 0.249374
0.5, 0.249492
0.523455, 0.249374
0.547059, 0.249047
0.570943, 0.248586
0.595188, 0.248123
0.619811, 0.24784
0.644732, 0.247972
0.669763, 0.248789
0.69459, 0.250582
0.718791, 0.253623
0.741921, 0.258079
0.763698, 0.263888
0.784176, 0.270736
0.803759, 0.278154
0.823125, 0.285623
0.843177, 0.29266
0.864841, 0.298975
0.88853, 0.304701
0.913877, 0.310356
0.940195, 0.31649
0.967707, 0.323223
0.0259879, 0.340901
0.0542003, 0.334961
0.0810877, 0.329541
0.106719, 0.32445
0.130215, 0.319073
0.151296, 0.312919
0.170742, 0.306011
0.189776, 0.298787
0.209477, 0.291848
0.230639, 0.285819
0.253623, 0.281209
0.278216, 0.278216
0.303823, 0.276703
0.329812, 0.276361
0.355687, 0.276844
0.381118, 0.277815
0.405937, 0.278975
0.43012, 0.280082
0.453748, 0.280967
0.476977, 0.281529
0.5, 0.28172
0.523023, 0.281529
0.546252, 0.280967
0.56988, 0.280082
0.594063, 0.278975
0.618882, 0.277815
0.644313, 0.276844
0.670188, 0.276361
0.696177, 0.276703
0.721784, 0.278216
0.746377, 0.281209
0.769361, 0.285819
0.790523, 0.291848
0.810224, 0.298787
0.829258, 0.306011
0.848704, 0.312919
0.869785, 0.319073
0.893281, 0.32445
0.918912, 0.329541
0.9458, 0.334961
0.974012, 0.340901
0.0204168, 0.358579
0.0492677, 0.353396
0.0766576, 0.348656
0.102474, 0.344107
0.125663, 0.339095
0.146126, 0.333206
0.16504, 0.326607
0.183894, 0.319854
0.203963, 0.313648
0.226135, 0.308685
0.250582, 0.30541
0.276703, 0.303823
0.303635, 0.303635
0.330627, 0.304464
0.357132, 0.305911
0.382821, 0.307594
0.407573, 0.309186
0.431455, 0.310465
0.454661, 0.311336
0.477432, 0.311815
0.5, 0.311964
0.522568, 0.311815
0.545339, 0.311336
0.568545, 0.310465
0.592427, 0.309186
0.617179, 0.307594
0.642868, 0.305911
0.669373, 0.304464
0.696365, 0.303635
0.723297, 0.303823
0.749418, 0.30541
0.773865, 0.308685
0.796037, 0.313648
0.816106, 0.319854
0.83496, 0.326607
0.853874, 0.333206
0.874337, 0.339095
0.897526, 0.344107
0.923342, 0.348656
0.950732, 0.353396
0.979583, 0.358579
0.0155544, 0.376256
0.0449785, 0.371799
0.072803, 0.367709
0.09872, 0.36369
0.12153, 0.35909
0.141396, 0.35359
0.159877, 0.347476
0.178711, 0.341384
0.199382, 0.336082
0.222803, 0.33227
0.248789, 0.330237
0.276361, 0.329812
0.304464, 0.330627
0.332244, 0.332244
0.359099, 0.334193
0.384704, 0.33601
0.409042, 0.337328
0.432368, 0.337986
0.455089, 0.338093
0.477569, 0.337951
0.5, 0.337863
0.522431, 0.337951
0.544911, 0.338093
0.567632, 0.337986
0.590958, 0.337328
0.615296, 0.33601
0.640901, 0.334193
0.667756, 0.332244
0.695536, 0.330627
0.723639, 0.329812
0.751211, 0.330237
0.777197, 0.33227
0.800618, 0.336082
0.821289, 0.341384
0.840123, 0.347476
0.858604, 0.35359
0.87847, 0.35909
0.90128, 0.36369
0.927197, 0.367709
0.955022, 0.371799
0.984446, 0.376256
0.0113795, 0.393934
0.0413077, 0.390172
0.0695002, 0.386708
0.095449, 0.38322
0.117851, 0.379093
0.137178, 0.374112
0.155331, 0.368638
0.17429, 0.363344
0.195745, 0.35902
0.220511, 0.356288
0.247972, 0.355268
0.276844, 0.355687
0.305911, 0.357132
0.334193, 0.359099
0.360995, 0.360995
0.386013, 0.362222
0.409452, 0.36238
0.431981, 0.361531
0.45436, 0.360192
0.477033, 0.359034
0.5, 0.358582
0.522967, 0.359034
0.54564, 0.360192
0.568019, 0.361531
0.590548, 0.36238
0.613987, 0.362222
0.639005, 0.360995
0.665807, 0.359099
0.694089, 0.357132
0.723156, 0.355687
0.752028, 0.355268
0.779489, 0.356288
0.804255, 0.35902
0.82571, 0.363344
0.844669, 0.368638
0.862822, 0.374112
0.882149, 0.379093
0.904551, 0.38322
0.9305, 0.386708
0.958692, 0.390172
0.988621, 0.393934
0.00787451, 0.411612
0.0382349, 0.408519
0.0667307, 0.405659
0.0926624, 0.402713
0.114666, 0.399132
0.133532, 0.39479
0.151456, 0.39008
0.17065, 0.385666
0.192983, 0.3823
0.219056, 0.380479
0.24784, 0.380189
0.277815, 0.381118
0.307594, 0.382821
0.33601, 0.384704
0.362222, 0.386013
0.386017, 0.386017
0.408132, 0.384485
0.429872, 0.381901
0.452283, 0.379111
0.475759, 0.376982
0.5, 0.376186
0.524241, 0.376982
0.547717, 0.379111
0.570128, 0.381901
0.591868, 0.384485
0.613983, 0.386017
0.637778, 0.386013
0.66399, 0.384704
0.692406, 0.382821
0.722185, 0.381118
0.75216, 0.380189
0.780944, 0.380479
0.807017, 0.3823
0.82935, 0.385666
0.848544, 0.39008
0.866468, 0.39479
0.885334, 0.399132
0.907338, 0.402713
0.933269, 0.405659
0.961765, 0.408519
0.992125, 0.411612
0.00502525, 0.429289
0.0357429, 0.426843
0.0644806, 0.424572
0.0903659, 0.422184
0.11201, 0.41922
0.130501, 0.415621
0.14828, 0.411767
0.167772, 0.408266
0.190976, 0.405775
0.218217, 0.404654
0.248123, 0.404812
0.278975, 0.405937
0.309186, 0.407573
0.337328, 0.409042
0.36238, 0.409452
0.384485, 0.408132
0.405197, 0.405197
0.426325, 0.401339
0.449092, 0.397473
0.473864, 0.394596
0.5, 0.393531
0.526136, 0.394596
0.550908, 0.397473
0.573675, 0.401339
0.594803, 0.405197
0.615515, 0.408132
0.63762, 0.409452
0.662672, 0.409042
0.690814, 0.407573
0.721025, 0.405937
0.751877, 0.404812
0.781783, 0.404654
0.809024, 0.405775
0.832228, 0.408266
0.85172, 0.411767
0.869499, 0.415621
0.88799, 0.41922
0.909634, 0.422184
0.935519, 0.424572
0.964257, 0.426843
0.994975, 0.429289
0.00282045, 0.446967
0.0338184, 0.445149
0.0627398, 0.443455
0.0885677, 0.441643
0.109914, 0.439359
0.128119, 0.436587
0.145814, 0.433653
0.165614, 0.431061
0.189589, 0.429331
0.217793, 0.428702
0.248586, 0.429057
0.280082, 0.43012
0.310465, 0.431455
0.337986, 0.432368
0.361531, 0.431981
0.381901, 0.429872
0.401339, 0.426325
0.421966, 0.421966
0.445267, 0.417694
0.471635, 0.414585
0.5, 0.413461
0.528365, 0.414585
0.554733, 0.417694
0.578034, 0.421966
0.598661, 0.426325
0.618099, 0.429872
0.638469, 0.431981
0.662014, 0.432368
0.689535, 0.431455
0.719918, 0.43012
0.751414, 0.429057
0.782207, 0.428702
0.810411, 0.429331
0.834386, 0.431061
0.854186, 0.433653
0.871881, 0.436587
0.890086, 0.439359
0.911432, 0.441643
0.93726, 0.443455
0.966182, 0.445149
0.99718, 0.446967
0.00125157, 0.464645
0.0324509, 0.46344
0.0615008, 0.462315
0.087276, 0.461097
0.1084, 0.459544
0.126404, 0.457662
0.144059, 0.455688
0.164123, 0.453982
0.188697, 0.452902
0.217614, 0.452588
0.249047, 0.452941
0.280967, 0.453748
0.311336, 0.454661
0.338093, 0.455089
0.360192, 0.45436
0.379111, 0.452283
0.397473, 0.449092
0.417694, 0.445267
0.441635, 0.441635
0.469614, 0.439146
0.5, 0.438286
0.530386, 0.439146
0.558365, 0.441635
0.582306, 0.445267
0.602527, 0.449092
0.620889, 0.452283
0.639808, 0.45436
0.661907, 0.455089
0.688664, 0.454661
0.719033, 0.453748
0.750953, 0.452941
0.782386, 0.452588
0.811303, 0.452902
0.835877, 0.453982
0.855941, 0.455688
0.873596, 0.457662
0.8916, 0.459544
0.912724, 0.461097
0.938499, 0.462315
0.967549, 0.46344
0.998748, 0.464645
0.000312598, 0.482322
0.0316333, 0.481723
0.0607592, 0.481161
0.0864979, 0.480549
0.107485, 0.479763
0.125371, 0.478812
0.14301, 0.47782
0.16325, 0.476975
0.188204, 0.476459
0.217557, 0.476334
0.249374, 0.476545
0.281529, 0.476977
0.311815, 0.477432
0.337951, 0.477569
0.359034, 0.477033
0.376982, 0.475759
0.394596, 0.473864
0.414585, 0.471635
0.439146, 0.469614
0.468307, 0.468307
0.5, 0.46787
0.531693, 0.468307
0.560854, 0.469614
0.585415, 0.471635
0.605404, 0.473864
0.623018, 0.475759
0.640966, 0.477033
0.662049, 0.477569
0.688185, 0.477432
0.718471, 0.476977
0.750626, 0.476545
0.782443, 0.476334
0.811796, 0.476459
0.83675, 0.476975
0.85699, 0.47782
0.874629, 0.478812
0.892515, 0.479763
0.913502, 0.480549
0.939241, 0.481161
0.968367, 0.481723
0.999687, 0.482322
0, 0.5
0.0313612, 0.5
0.0605123, 0.5
0.086238, 0.5
0.107179, 0.5
0.125026, 0.5
0.14266, 0.5
0.162963, 0.5
0.188046, 0.5
0.217547, 0.5
0.249492, 0.5
0.28172, 0.5
0.311964, 0.5
0.337863, 0.5
0.358582, 0.5
0.376186, 0.5
0.393531, 0.5
0.413461, 0.5
0.438286, 0.5
0.46787, 0.5
0.5, 0.5
0.53213, 0.5
0.561714, 0.5
0.586539, 0.5
0.606469, 0.5
0.623814, 0.5
0.641418, 0.5
0.662137, 0.5
0.688036, 0.5
0.71828, 0.5
0.750508, 0.5
0.782453, 0.5
0.811954, 0.5
0.837037, 0.5
0.85734, 0.5
0.874974, 0.5
0.892821, 0.5
0.913762, 0.5
0.939488, 0.5
0.968639, 0.5
1, 0.5
0.000312598, 0.517678
0.0316333, 0.518277
0.0607592, 0.518839
0.0864979, 0.519451
0.107485, 0.520237
0.125371, 0.521188
0.14301, 0.52218
0.16325, 0.523025
0.188204, 0.523541
0.217557, 0.523666
0.249374, 0.523455
0.281529, 0.523023
0.311815, 0.522568
0.337951, 0.522431
0.359034, 0.522967
0.376982, 0.524241
0.394596, 0.526136
0.414585, 0.528365
0.439146, 0.530386
0.468307, 0.531693
0.5, 0.53213
0.531693, 0.531693
0.560854, 0.530386
0.585415, 0.528365
0.605404, 0.526136
0.623018, 0.524241
0.640966, 0.522967
0.662049, 0.522431
0.688185, 0.522568
0.718471, 0.523023
0.750626, 0.523455
0.782443, 0.523666
0.811796, 0.523541
0.83675, 0.523025
0.85699, 0.52218
0.874629, 0.521188
0.892515, 0.520237
0.913502, 0.519451
0.939241, 0.518839
0.968367, 0.518277
0.999687, 0.517678
0.00125157, 0.535355
0.0324509, 0.53656
0.0615008, 0.537685
0.087276, 0.538903
0.1084, 0.540456
0.126404, 0.542338
0.144059, 0.544312
0.164123, 0.546018
0.188697, 0.547098
0.217614, 0.547412
0.249047, 0.547059
0.280967, 0.546252
0.311336, 0.545339
0.338093, 0.544911
0.360192, 0.54564
0.379111, 0.547717
0.397473, 0.550908
0.417694, 0.554733
0.441635, 0.558365
0.469614, 0.560854
0.5, 0.561714
0.530386, 0.560854
0.558365, 0.558365
0.582306, 0.554733
0.602527, 0.550908
0.620889, 0.547717
0.639808, 0.54564
0.661907, 0.544911
0.688664, 0.545339
0.719033, 0.546252
0.750953, 0.547059
0.782386, 0.547412
0.811303, 0.547098
0.835877, 0.546018
0.855941, 0.544312
0.873596, 0.542338
0.8916, 0.540456
0.912724, 0.538903
0.938499, 0.537685
0.967549, 0.53656
0.998748, 0.535355
0.00282045, 0.553033
0.0338184, 0.554851
0.0627398, 0.556545
0.0885677, 0.558357
0.109914, 0.560641
0.128119, 0.563413
0.145814, 0.566347
0.165614, 0.568939
0.189589, 0.570669
0.217793, 0.571298
0.248586, 0.570943
0.280082, 0.56988
0.310465, 0.568545
0.337986, 0.567632
0.361531, 0.568019
0.381901, 0.570128
0.401339, 0.573675
0.421966, 0.578034
0.445267, 0.582306
0.471635, 0.585415
0.5, 0.586539
0.528365, 0.585415
0.554733, 0.582306
0.578034, 0.578034
0.598661, 0.573675
0.618099, 0.570128
0.638469, 0.568019
0.662014, 0.567632
0.689535, 0.568545
0.719918, 0.56988
0.751414, 0.570943
0.782207, 0.571298
0.810411, 0.570669
0.834386, 0.568939
0.854186, 0.566347
0.871881, 0.563413
0.890086, 0.560641
0.911432, 0.558357
0.93726, 0.556545
0.966182, 0.554851
0.99718, 0.553033
0.00502525, 0.570711
0.0357429, 0.573157
0.0644806, 0.575428
0.0903659, 0.577816
0.11201, 0.58078
0.130501, 0.584379
0.14828, 0.588233
0.167772, 0.591734
0.190976, 0.594225
0.218217, 0.595346
0.248123, 0.595188
0.278975, 0.594063
0.309186, 0.592427
0.337328, 0.590958
0.36238, 0.590548
0.384485, 0.591868
0.405197, 0.594803
0.426325, 0.598661
0.449092, 0.602527
0.473864, 0.605404
0.5, 0.606469
0.526136, 0.605404
0.550908, 0.602527
0.573675, 0.598661
0.594803, 0.594803
0.615515, 0.591868
0.63762, 0.590548
0.662672, 0.590958
0.690814, 0.592427
0.721025, 0.594063
0.751877, 0.595188
0.781783, 0.595346
0.809024, 0.594225
0.832228, 0.591734
0.85172, 0.588233
0.869499, 0.584379
0.88799, 0.58078
0.909634, 0.577816
0.935519, 0.575428
0.964257, 0.573157
0.994975, 0.570711
0.00787451, 0.588388
0.0382349, 0.591481
0.0667307, 0.594341
0.0926624, 0.597287
0.114666, 0.600868
0.133532, 0.60521
0.151456, 0.60992
0.17065, 0.614334
0.192983, 0.6177
0.219056, 0.619521
0.24784, 0.619811
0.277815, 0.618882
0.307594, 0.617179
0.33601, 0.615296
0.362222, 0.613987
0.386017, 0.613983
0.408132, 0.615515
0.429872, 0.618099
0.452283, 0.620889
0.475759, 0.623018
0.5, 0.623814
0.524241, 0.623018
0.547717, 0.620889
0.570128, 0.618099
0.591868, 0.615515
0.613983, 0.613983
0.637778, 0.613987
0.66399, 0.615296
0.692406, 0.617179
0.722185, 0.618882
0.75216, 0.619811
0.780944, 0.619521
0.807017, 0.6177
0.82935, 0.614334
0.848544, 0.60992
0.866468, 0.60521
0.885334, 0.600868
0.907338, 0.597287
0.933269, 0.594341
0.961765, 0.591481
0.992125, 0.588388
0.0113795, 0.606066
0.0413077, 0.609828
0.0695002, 0.613292
0.095449, 0.61678
0.117851, 0.620907
0.137178, 0.625888
0.155331, 0.631362
0.17429, 0.636656
0.195745, 0.64098
0.220511, 0.643712
0.247972, 0.644732
0.276844, 0.644313
0.305911, 0.642868
0.334193, 0.640901
0.360995, 0.639005
0.386013, 0.637778
0.409452, 0.63762
0.431981, 0.638469
0.45436, 0.639808
0.477033, 0.640966
0.5, 0.641418
0.522967, 0.640966
0.54564, 0.639808
0.568019, 0.638469
0.590548, 0.63762
0.613987, 0.637778
0.639005, 0.639005
0.665807, 0.640901
0.694089, 0.642868
0.723156, 0.644313
0.752028, 0.644732
0.779489, 0.643712
0.804255, 0.64098
0.82571, 0.636656
0.844669, 0.631362
0.862822, 0.625888
0.882149, 0.620907
0.904551, 0.61678
0.9305, 0.613292
0.958692, 0.609828
0.988621, 0.606066
0.0155544, 0.623744
0.0449785, 0.628201
0.072803, 0.632291
0.09872, 0.63631
0.12153, 0.64091
0.141396, 0.64641
0.159877, 0.652524
0.178711, 0.658616
0.199382, 0.663918
0.222803, 0.66773
0.248789, 0.669763
0.276361, 0.670188
0.304464, 0.669373
0.332244, 0.667756
0.359099, 0.665807
0.384704, 0.66399
0.409042, 0.662672
0.432368, 0.662014
0.455089, 0.661907
0.477569, 0.662049
0.5, 0.662137
0.522431, 0.662049
0.544911, 0.661907
0.567632, 0.662014
0.590958, 0.662672
0.615296, 0.66399
0.640901, 0.665807
0.667756, 0.667756
0.695536, 0.669373
0.723639, 0.670188
0.751211, 0.669763
0.777197, 0.66773
0.800618, 0.663918
0.821289, 0.658616
0.840123, 0.652524
0.858604, 0.64641
0.87847, 0.64091
0.90128, 0.63631
0.927197, 0.632291
0.955022, 0.628201
0.984446, 0.623744
0.0204168, 0.641421
0.0492677, 0.646604
0.0766576, 0.651344
0.102474, 0.655893
0.125663, 0.660905
0.146126, 0.666794
0.16504, 0.673393
0.183894, 0.680146
0.203963, 0.686352
0.226135, 0.691315
0.250582, 0.69459
0.276703, 0.696177
0.303635, 0.696365
0.330627, 0.695536
0.357132, 0.694089
0.382821, 0.692406
0.407573, 0.690814
0.431455, 0.689535
0.454661, 0.688664
0.477432, 0.688185
0.5, 0.688036
0.522568, 0.688185
0.545339, 0.688664
0.568545, 0.689535
0.592427, 0.690814
0.617179, 0.692406
0.642868, 0.694089
0.669373, 0.695536
0.696365, 0.696365
0.723297, 0.696177
0.749418, 0.69459
0.773865, 0.691315
0.796037, 0.686352
0.816106, 0.680146
0.83496, 0.673393
0.853874, 0.666794
0.874337, 0.660905
0.897526, 0.655893
0.923342, 0.651344
0.950732, 0.646604
0.979583, 0.641421
0.0259879, 0.659099
0.0542003, 0.665039
0.0810877, 0.670459
0.106719, 0.67555
0.130215, 0.680927
0.151296, 0.687081
0.170742, 0.693989
0.189776, 0.701213
0.209477, 0.708152
0.230639, 0.714181
0.253623, 0.718791
0.278216, 0.721784
0.303823, 0.723297
0.329812, 0.723639
0.355687, 0.723156
0.381118, 0.722185
0.405937, 0.721025
0.43012, 0.719918
0.453748, 0.719033
0.476977, 0.718471
0.5, 0.71828
0.523023, 0.718471
0.546252, 0.719033
0.56988, 0.719918
0.594063, 0.721025
0.618882, 0.722185
0.644313, 0.723156
0.670188, 0.723639
0.696177, 0.723297
0.721784, 0.721784
0.746377, 0.718791
0.769361, 0.714181
0.790523, 0.708152
0.810224, 0.701213
0.829258, 0.693989
0.848704, 0.687081
0.869785, 0.680927
0.893281, 0.67555
0.918912, 0.670459
0.9458, 0.665039
0.974012, 0.659099
0.0322928, 0.676777
0.0598054, 0.68351
0.0861226, 0.689644
0.11147, 0.695299
0.135159, 0.701025
0.156823, 0.70734
0.176875, 0.714377
0.196241, 0.721846
0.215824, 0.729264
0.236302, 0.736112
0.258079, 0.741921
0.281209, 0.746377
0.30541, 0.749418
0.330237, 0.751211
0.355268, 0.752028
0.380189, 0.75216
0.404812, 0.751877
0.429057, 0.751414
0.452941, 0.750953
0.476545, 0.750626
0.5, 0.750508
0.523455, 0.750626
0.547059, 0.750953
0.570943, 0.751414
0.595188, 0.751877
0.619811, 0.75216
0.644732, 0.752028
0.669763, 0.751211
0.69459, 0.749418
0.718791, 0.746377
0.741921, 0.741921
0.763698, 0.736112
0.784176, 0.729264
0.803759, 0.721846
0.823125, 0.714377
0.843177, 0.70734
0.864841, 0.701025
0.88853, 0.695299
0.913877, 0.689644
0.940195, 0.68351
0.967707, 0.676777
0.0393619, 0.694454
0.0661175, 0.702016
0.0917986, 0.708902
0.116755, 0.715158
0.140487, 0.721248
0.162628, 0.727668
0.183306, 0.734673
0.203129, 0.74215
0.222816, 0.749747
0.242942, 0.757058
0.263888, 0.763698
0.285819, 0.769361
0.308685, 0.773865
0.33227, 0.777197
0.356288, 0.779489
0.380479, 0.780944
0.404654, 0.781783
0.428702, 0.782207
0.452588, 0.782386
0.476334, 0.782443
0.5, 0.782453
0.523666, 0.782443
0.547412, 0.782386
0.571298, 0.782207
0.595346, 0.781783
0.619521, 0.780944
0.643712, 0.779489
0.66773, 0.777197
0.691315, 0.773865
0.714181, 0.769361
0.736112, 0.763698
0.757058, 0.757058
0.777184, 0.749747
0.796871, 0.74215
0.816694, 0.734673
0.837372, 0.727668
0.859513, 0.721248
0.883245, 0.715158
0.908201, 0.708902
0.933883, 0.702016
0.960638, 0.694454
0.0472307, 0.712132
0.0731768, 0.720561
0.0981593, 0.728239
0.122618, 0.735143
0.146219, 0.741645
0.168656, 0.748175
0.189891, 0.75505
0.210237, 0.762322
0.2302, 0.7698
0.250253, 0.777184
0.270736, 0.784176
0.291848, 0.790523
0.313648, 0.796037
0.336082, 0.800618
0.35902, 0.804255
0.3823, 0.807017
0.405775, 0.809024
0.429331, 0.810411
0.452902, 0.811303
0.476459, 0.811796
0.5, 0.811954
0.523541, 0.811796
0.547098, 0.811303
0.570669, 0.810411
0.594225, 0.809024
0.6177, 0.807017
0.64098, 0.804255
0.663918, 0.800618
0.686352, 0.796037
0.708152, 0.790523
0.729264, 0.784176
0.749747, 0.777184
0.7698, 0.7698
0.789763, 0.762322
0.810109, 0.75505
0.831344, 0.748175
0.853781, 0.741645
0.877382, 0.735143
0.901841, 0.728239
0.926823, 0.720561
0.952769, 0.712132
0.055942, 0.72981
0.0810302, 0.739142
0.105256, 0.747653
0.129113, 0.755262
0.152404, 0.762251
0.174904, 0.768965
0.196517, 0.775711
0.217347, 0.782653
0.237678, 0.789763
0.25785, 0.796871
0.278154, 0.803759
0.298787, 0.810224
0.319854, 0.816106
0.341384, 0.821289
0.363344, 0.82571
0.385666, 0.82935
0.408266, 0.832228
0.431061, 0.834386
0.453982, 0.835877
0.476975, 0.83675
0.5, 0.837037
0.523025, 0.83675
0.546018, 0.835877
0.568939, 0.834386
0.591734, 0.832228
0.614334, 0.82935
0.636656, 0.82571
0.658616, 0.821289
0.680146, 0.816106
0.701213, 0.810224
0.721846, 0.803759
0.74215, 0.796871
0.762322, 0.789763
0.782653, 0.782653
0.803483, 0.775711
0.825096, 0.768965
0.847596, 0.762251
0.870887, 0.755262
0.894744, 0.747653
0.91897, 0.739142
0.944058, 0.72981
0.0655463, 0.747487
0.089733, 0.757759
0.11315, 0.767142
0.136311, 0.775516
0.15912, 0.783085
0.181432, 0.790112
0.203154, 0.796846
0.224289, 0.803483
0.24495, 0.810109
0.265327, 0.816694
0.285623, 0.823125
0.306011, 0.829258
0.326607, 0.83496
0.347476, 0.840123
0.368638, 0.844669
0.39008, 0.848544
0.411767, 0.85172
0.433653, 0.854186
0.455688, 0.855941
0.47782, 0.85699
0.5, 0.85734
0.52218, 0.85699
0.544312, 0.855941
0.566347, 0.854186
0.588233, 0.85172
0.60992, 0.848544
0.631362, 0.844669
0.652524, 0.840123
0.673393, 0.83496
0.693989, 0.829258
0.714377, 0.823125
0.734673, 0.816694
0.75505, 0.810109
0.775711, 0.803483
0.796846, 0.796846
0.818568, 0.790112
0.84088, 0.783085
0.863689, 0.775516
0.88685, 0.767142
0.910267, 0.757759
0.934454, 0.747487
0.0761044, 0.765165
0.0993501, 0.776409
0.121913, 0.786701
0.144296, 0.795897
0.166474, 0.804146
0.18836, 0.81164
0.209888, 0.818568
0.231035, 0.825096
0.251825, 0.831344
0.272332, 0.837372
0.29266, 0.843177
0.312919, 0.848704
0.333206, 0.853874
0.35359, 0.858604
0.374112, 0.862822
0.39479, 0.866468
0.415621, 0.869499
0.436587, 0.871881
0.457662, 0.873596
0.478812, 0.874629
0.5, 0.874974
0.521188, 0.874629
0.542338, 0.873596
0.563413, 0.871881
0.584379, 0.869499
0.60521, 0.866468
0.625888, 0.862822
0.64641, 0.858604
0.666794, 0.853874
0.687081, 0.848704
0.70734, 0.843177
0.727668, 0.837372
0.748175, 0.831344
0.768965, 0.825096
0.790112, 0.818568
0.81164, 0.81164
0.833526, 0.804146
0.855704, 0.795897
0.878087, 0.786701
0.90065, 0.776409
0.923896, 0.765165
0.0876894, 0.782843
0.109959, 0.795089
0.131628, 0.80632
0.153166, 0.816389
0.17459, 0.82541
0.195854, 0.833526
0.216915, 0.84088
0.237749, 0.847596
0.258355, 0.853781
0.278752, 0.859513
0.298975, 0.864841
0.319073, 0.869785
0.339095, 0.874337
0.35909, 0.87847
0.379093, 0.882149
0.399132, 0.885334
0.41922, 0.88799
0.439359, 0.890086
0.459544, 0.8916
0.479763, 0.892515
0.5, 0.892821
0.520237, 0.892515
0.540456, 0.8916
0.560641, 0.890086
0.58078, 0.88799
0.600868, 0.885334
0.620907, 0.882149
0.64091, 0.87847
0.660905, 0.874337
0.680927, 0.869785
0.701025, 0.864841
0.721248, 0.859513
0.741645, 0.853781
0.762251, 0.847596
0.783085, 0.84088
0.804146, 0.833526
0.82541, 0.82541
0.846834, 0.816389
0.868372, 0.80632
0.890041, 0.795089
0.912311, 0.782843
0.100391, 0.80052
0.121651, 0.813794
0.142394, 0.825984
0.163035, 0.836965
0.183611, 0.846834
0.204103, 0.855704
0.224484, 0.863689
0.244738, 0.870887
0.264857, 0.877382
0.284842, 0.883245
0.304701, 0.88853
0.32445, 0.893281
0.344107, 0.897526
0.36369, 0.90128
0.38322, 0.904551
0.402713, 0.907338
0.422184, 0.909634
0.441643, 0.911432
0.461097, 0.912724
0.480549, 0.913502
0.5, 0.913762
0.519451, 0.913502
0.538903, 0.912724
0.558357, 0.911432
0.577816, 0.909634
0.597287, 0.907338
0.61678, 0.904551
0.63631, 0.90128
0.655893, 0.897526
0.67555, 0.893281
0.695299, 0.88853
0.715158, 0.883245
0.735143, 0.877382
0.755262, 0.870887
0.775516, 0.863689
0.795897, 0.855704
0.816389, 0.846834
0.836965, 0.836965
0.857606, 0.825984
0.878349, 0.813794
0.899609, 0.80052
0.114319, 0.818198
0.134541, 0.832515
0.154326, 0.845674
0.174016, 0.857606
0.19368, 0.868372
0.213299, 0.878087
0.232858, 0.88685
0.252347, 0.894744
0.271761, 0.901841
0.291098, 0.908201
0.310356, 0.913877
0.329541, 0.918912
0.348656, 0.923342
0.367709, 0.927197
0.386708, 0.9305
0.405659, 0.933269
0.424572, 0.935519
0.443455, 0.93726
0.462315, 0.938499
0.481161, 0.939241
0.5, 0.939488
0.518839, 0.939241
0.537685, 0.938499
0.556545, 0.93726
0.575428, 0.935519
0.594341, 0.933269
0.613292, 0.9305
0.632291, 0.927197
0.651344, 0.923342
0.670459, 0.918912
0.689644, 0.913877
0.708902, 0.908201
0.728239, 0.901841
0.747653, 0.894744
0.767142, 0.88685
0.786701, 0.878087
0.80632, 0.868372
0.825984, 0.857606
0.845674, 0.845674
0.865459, 0.832515
0.885681, 0.818198
0.129612, 0.835876
0.148722, 0.851278
0.167485, 0.865459
0.186206, 0.878349
0.204911, 0.890041
0.223591, 0.90065
0.242241, 0.910267
0.260858, 0.91897
0.279439, 0.926823
0.297984, 0.933883
0.31649, 0.940195
0.334961, 0.9458
0.353396, 0.950732
0.371799, 0.955022
0.390172, 0.958692
0.408519, 0.961765
0.426843, 0.964257
0.445149, 0.966182
0.46344, 0.967549
0.481723, 0.968367
0.5, 0.968639
0.518277, 0.968367
0.53656, 0.967549
0.554851, 0.966182
0.573157, 0.964257
0.591481, 0.961765
0.609828, 0.958692
0.628201, 0.955022
0.646604, 0.950732
0.665039, 0.9458
0.68351, 0.940195
0.702016, 0.933883
0.720561, 0.926823
0.739142, 0.91897
0.757759, 0.910267
0.776409, 0.90065
0.795089, 0.890041
0.813794, 0.878349
0.832515, 0.865459
0.851278, 0.851278
0.870388, 0.835876
0.146447, 0.853553
0.164124, 0.870388
0.181802, 0.885681
0.19948, 0.899609
0.217157, 0.912311
0.234835, 0.923896
0.252513, 0.934454
0.27019, 0.944058
0.287868, 0.952769
0.305546, 0.960638
0.323223, 0.967707
0.340901, 0.974012
0.358579, 0.979583
0.376256, 0.984446
0.393934, 0.988621
0.411612, 0.992125
0.429289, 0.994975
0.446967, 0.99718
0.464645, 0.998748
0.482322, 0.999687
0.5, 1
0.517678, 0.999687
0.535355, 0.998748
0.553033, 0.99718
0.570711, 0.994975
0.588388, 0.992125
0.606066, 0.988621
0.623744, 0.984446
0.641421, 0.979583
0.659099, 0.974012
0.676777, 0.967707
0.694454, 0.960638
0.712132, 0.952769
0.72981, 0.944058
0.747487, 0.934454
0.765165, 0.923896
0.782843, 0.912311
0.80052, 0.899609
0.818198, 0.885681
0.835876, 0.870388
0.853553, 0.853553
0.146935, 0.146935
0.165438, 0.131766
0.183649, 0.117728
0.201851, 0.104966
0.220039, 0.093353
0.23821, 0.0827883
0.256365, 0.073189
0.274502, 0.0644864
0.29262, 0.0566232
0.310722, 0.0495514
0.328806, 0.0432304
0.346874, 0.037626
0.364927, 0.0327093
0.382966, 0.0284559
0.400993, 0.0248455
0.419009, 0.0218612
0.437017, 0.0194895
0.455017, 0.0177198
0.473012, 0.0165442
0.491004, 0.0159577
0.508996, 0.0159577
0.526988, 0.0165442
0.544983, 0.0177198
0.562983, 0.0194895
0.580991, 0.0218612
0.599007, 0.0248455
0.617034, 0.0284559
0.635073, 0.0327093
0.653126, 0.037626
0.671194, 0.0432304
0.689278, 0.0495514
0.70738, 0.0566232
0.725498, 0.0644864
0.743635, 0.073189
0.76179, 0.0827883
0.779961, 0.093353
0.798149, 0.104966
0.816351, 0.117728
0.834562, 0.131766
0.853065, 0.146935
0.131766, 0.165438
0.151132, 0.151132
0.170345, 0.13808
0.189544, 0.126273
0.208717, 0.115588
0.227852, 0.105922
0.24694, 0.0971874
0.265975, 0.0893103
0.284955, 0.0822278
0.303878, 0.0758861
0.322745, 0.0702395
0.341558, 0.0652494
0.360321, 0.0608833
0.379039, 0.0571141
0.397717, 0.0539197
0.416361, 0.0512824
0.434976, 0.049188
0.45357, 0.047626
0.472148, 0.0465888
0.490717, 0.0460714
0.509283, 0.0460714
0.527852, 0.0465888
0.54643, 0.047626
0.565024, 0.049188
0.583639, 0.0512824
0.602283, 0.0539197
0.620961, 0.0571141
0.639679, 0.0608833
0.658442, 0.0652494
0.677255, 0.0702395
0.696122, 0.0758861
0.715045, 0.0822278
0.734025, 0.0893103
0.75306, 0.0971874
0.772148, 0.105922
0.791283, 0.115588
0.810456, 0.126273
0.829655, 0.13808
0.848868, 0.151132
0.868234, 0.165438
0.117728, 0.183649
0.13808, 0.170345
0.158288, 0.158288
0.178432, 0.14741
0.198528, 0.137618
0.218552, 0.128798
0.238486, 0.120854
0.258321, 0.113702
0.278051, 0.107269
0.297678, 0.101498
0.317208, 0.0963383
0.336649, 0.0917529
0.356015, 0.087713
0.375318, 0.0841985
0.39457, 0.081196
0.413783, 0.0786978
0.432968, 0.0767001
0.452132, 0.0752015
0.471284, 0.0742019
0.490429, 0.0737019
0.509571, 0.0737019
0.528716, 0.0742019
0.547868, 0.0752015
0.567032, 0.0767001
0.586217, 0.0786978
0.60543, 0.081196
0.624682, 0.0841985
0.643985, 0.087713
0.663351, 0.0917529
0.682792, 0.0963383
0.702322, 0.101498
0.721949, 0.107269
0.741679, 0.113702
0.761514, 0.120854
0.781448, 0.128798
0.801472, 0.137618
0.821568, 0.14741
0.841712, 0.158288
0.86192, 0.170345
0.882272, 0.183649
0.104966, 0.201851
0.126273, 0.189544
0.14741, 0.178432
0.168458, 0.168458
0.189409, 0.159506
0.210226, 0.151446
0.230879, 0.144158
0.251355, 0.13754
0.271656, 0.131508
0.291796, 0.125997
0.3118, 0.120964
0.331699, 0.116385
0.351527, 0.112256
0.371313, 0.108584
0.391082, 0.105386
0.410854, 0.102682
0.430637, 0.100491
0.450438, 0.0988311
0.470256, 0.0977166
0.490084, 0.097157
0.509916, 0.097157
0.529744, 0.0977166
0.549562, 0.0988311
0.569363, 0.100491
0.589146, 0.102682
0.608918, 0.105386
0.628687, 0.108584
0.648473, 0.112256
0.668301, 0.116385
0.6882, 0.120964
0.708204, 0.125997
0.728344, 0.131508
0.748645, 0.13754
0.769121, 0.144158
0.789774, 0.151446
0.810591, 0.159506
0.831542, 0.168458
0.85259, 0.178432
0.873727, 0.189544
0.895034, 0.201851
0.093353, 0.220039
0.115588, 0.208717
0.137618, 0.198528
0.159506, 0.189409
0.181212, 0.181212
0.202671, 0.173768
0.223842, 0.166922
0.244716, 0.160543
0.265318, 0.154537
0.285704, 0.148852
0.305946, 0.143482
0.32612, 0.138454
0.346294, 0.133819
0.366518, 0.129632
0.386825, 0.125949
0.407228, 0.122815
0.427727, 0.120268
0.44831, 0.118335
0.468958, 0.117037
0.489648, 0.116384
0.510352, 0.116384
0.531042, 0.117037
0.55169, 0.118335
0.572273, 0.120268
0.592772, 0.122815
0.613175, 0.125949
0.633482, 0.129632
0.653706, 0.133819
0.67388, 0.138454
0.694054, 0.143482
0.714296, 0.148852
0.734682, 0.154537
0.755284, 0.160543
0.776158, 0.166922
0.797329, 0.173768
0.818788, 0.181212
0.840494, 0.189409
0.862382, 0.198528
0.884412, 0.208717
0.906647, 0.220039
0.0827883, 0.23821
0.105922, 0.227852
0.128798, 0.218552
0.151446, 0.210226
0.173768, 0.202671
0.195662, 0.195662
0.217078, 0.188996
0.238037, 0.182522
0.258635, 0.176171
0.279014, 0.169963
0.299327, 0.163978
0.319702, 0.158323
0.340229, 0.153103
0.360956, 0.148406
0.381901, 0.1443
0.403056, 0.140832
0.424396, 0.138034
0.445886, 0.135925
0.467487, 0.134515
0.489155, 0.13381
0.510845, 0.13381
0.532513, 0.134515
0.554114, 0.135925
0.575604, 0.138034
0.596944, 0.140832
0.618099, 0.1443
0.639044, 0.148406
0.659771, 0.153103
0.680298, 0.158323
0.700673, 0.163978
0.720986, 0.169963
0.741365, 0.176171
0.761963, 0.182522
0.782922, 0.188996
0.804338, 0.195662
0.826232, 0.202671
0.848554, 0.210226
0.871202, 0.218552
0.894078, 0.227852
0.917212, 0.23821
0.073189, 0.256365
0.0971874, 0.24694
0.120854, 0.238486
0.144158, 0.230879
0.166922, 0.223842
0.188996, 0.217078
0.210346, 0.210346
0.231088, 0.203526
0.251459, 0.196652
0.271726, 0.189867
0.292113, 0.183345
0.312769, 0.17725
0.33377, 0.171711
0.355138, 0.166823
0.376851, 0.162641
0.398863, 0.15919
0.421112, 0.15647
0.443536, 0.154463
0.466077, 0.153144
0.488685, 0.152491
0.511315, 0.152491
0.533923, 0.153144
0.556464, 0.154463
0.578888, 0.15647
0.601137, 0.15919
0.623149, 0.162641
0.644862, 0.166823
0.66623, 0.171711
0.687231, 0.17725
0.707887, 0.183345
0.728274, 0.189867
0.748541, 0.196652
0.768912, 0.203526
0.789654, 0.210346
0.811004, 0.217078
0.833078, 0.223842
0.855842, 0.230879
0.879146, 0.238486
0.902813, 0.24694
0.926811, 0.256365
0.0644864, 0.274502
0.0893103, 0.265975
0.113702, 0.258321
0.13754, 0.251355
0.160543, 0.244716
0.182522, 0.238037
0.203526, 0.231088
0.223863, 0.223863
0.243955, 0.216549
0.264176, 0.209402
0.284782, 0.202669
0.305911, 0.196551
0.327599, 0.191194
0.349805, 0.186676
0.372433, 0.183012
0.395368, 0.180159
0.418499, 0.178035
0.44174, 0.176547
0.465032, 0.17561
0.488342, 0.175158
0.511658, 0.175158
0.534968, 0.17561
0.55826, 0.176547
0.581501, 0.178035
0.604632, 0.180159
0.627567, 0.183012
0.650195, 0.186676
0.672401, 0.191194
0.694089, 0.196551
0.715218, 0.202669
0.735824, 0.209402
0.756045, 0.216549
0.776137, 0.223863
0.796474, 0.231088
0.817478, 0.238037
0.839457, 0.244716
0.86246, 0.251355
0.886298, 0.258321
0.91069, 0.265975
0.935514, 0.274502
0.0566232, 0.29262
0.0822278, 0.284955
0.107269, 0.278051
0.131508, 0.271656
0.154537, 0.265318
0.176171, 0.258635
0.196652, 0.251459
0.216549, 0.243955
0.236454, 0.236454
0.256815, 0.229308
0.2779, 0.222831
0.299807, 0.217265
0.322477, 0.212743
0.34574, 0.209271
0.369378, 0.206746
0.393192, 0.205004
0.417038, 0.203868
0.440831, 0.203173
0.464543, 0.202787
0.488189, 0.202617
0.511811, 0.202617
0.535457, 0.202787
0.559169, 0.203173
0.582962, 0.203868
0.606808, 0.205004
0.630622, 0.206746
0.65426, 0.209271
0.677523, 0.212743
0.700193, 0.217265
0.7221, 0.222831
0.743185, 0.229308
0.763546, 0.236454
0.783451, 0.243955
0.803348, 0.251459
0.823829, 0.258635
0.845463, 0.265318
0.868492, 0.271656
0.892731, 0.278051
0.917772, 0.284955
0.943377, 0.29262
0.0495514, 0.310722
0.0758861, 0.303878
0.101498, 0.297678
0.125997, 0.291796
0.148852, 0.285704
0.169963, 0.279014
0.189867, 0.271726
0.209402, 0.264176
0.229308, 0.256815
0.250095, 0.250095
0.272022, 0.244403
0.295067, 0.239971
0.318975, 0.236821
0.343387, 0.2348
0.36797, 0.23367
0.392481, 0.233177
0.416778, 0.233085
0.44081, 0.233195
0.464598, 0.233354
0.488219, 0.233459
0.511781, 0.233459
0.535402, 0.233354
0.55919, 0.233195
0.583222, 0.233085
0.607519, 0.233177
0.63203, 0.23367
0.656613, 0.2348
0.681025, 0.236821
0.704933, 0.239971
0.727978, 0.244403
0.749905, 0.250095
0.770692, 0.256815
0.790598, 0.264176
0.810133, 0.271726
0.830037, 0.279014
0.851148, 0.285704
0.874003, 0.291796
0.898502, 0.297678
0.924114, 0.303878
0.950449, 0.310722
0.0432304, 0.328806
0.0702395, 0.322745
0.0963383, 0.317208
0.120964, 0.3118
0.143482, 0.305946
0.163978, 0.299327
0.183345, 0.292113
0.202669, 0.284782
0.222831, 0.2779
0.244403, 0.272022
0.267547, 0.267547
0.291985, 0.264578
0.317202, 0.262954
0.342683, 0.262387
0.368037, 0.262561
0.393013, 0.263175
0.417495, 0.263967
0.441485, 0.264729
0.465067, 0.26531
0.488386, 0.265621
0.511614, 0.265621
0.534933, 0.26531
0.558515, 0.264729
0.582505, 0.263967
0.606987, 0.263175
0.631963, 0.262561
0.657317, 0.262387
0.682798, 0.262954
0.708015, 0.264578
0.732453, 0.267547
0.755597, 0.272022
0.777169, 0.2779
0.797331, 0.284782
0.816655, 0.292113
0.836022, 0.299327
0.856518, 0.305946
0.879036, 0.3118
0.903662, 0.317208
0.92976, 0.322745
0.95677, 0.328806
0.037626, 0.346874
0.0652494, 0.341558
0.0917529, 0.336649
0.116385, 0.331699
0.138454, 0.32612
0.158323, 0.319702
0.17725, 0.312769
0.196551, 0.305911
0.217265, 0.299807
0.239971, 0.295067
0.264578, 0.291985
0.290469, 0.290469
0.316912, 0.290218
0.343301, 0.290873
0.369213, 0.292071
0.394408, 0.293474
0.418826, 0.294809
0.442546, 0.295887
0.465738, 0.296618
0.488614, 0.296979
0.511386, 0.296979
0.534262, 0.296618
0.557454, 0.295887
0.581174, 0.294809
0.605592, 0.293474
0.630787, 0.292071
0.656699, 0.290873
0.683088, 0.290218
0.709531, 0.290469
0.735422, 0.291985
0.760029, 0.295067
0.782735, 0.299807
0.803449, 0.305911
0.82275, 0.312769
0.841677, 0.319702
0.861546, 0.32612
0.883615, 0.331699
0.908247, 0.336649
0.934751, 0.341558
0.962374, 0.346874
0.0327093, 0.364927
0.0608833, 0.360321
0.087713, 0.356015
0.112256, 0.351527
0.133819, 0.346294
0.153103, 0.340229
0.171711, 0.33377
0.191194, 0.327599
0.212743, 0.322477
0.236821, 0.318975
0.262954, 0.317202
0.290218, 0.316912
0.317733, 0.317733
0.344818, 0.319251
0.371022, 0.32104
0.396143, 0.322717
0.420222, 0.324004
0.44349, 0.324796
0.466252, 0.325169
0.488773, 0.325292
0.511227, 0.325292
0.533748, 0.325169
0.55651, 0.324796
0.579778, 0.324004
0.603857, 0.322717
0.628978, 0.32104
0.655182, 0.319251
0.682267, 0.317733
0.709782, 0.316912
0.737046, 0.317202
0.763179, 0.318975
0.787257, 0.322477
0.808806, 0.327599
0.828289, 0.33377
0.846897, 0.340229
0.866181, 0.346294
0.887744, 0.351527
0.912287, 0.356015
0.939117, 0.360321
0.967291, 0.364927
0.0284559, 0.382966
0.0571141, 0.379039
0.0841985, 0.375318
0.108584, 0.371313
0.129632, 0.366518
0.148406, 0.360956
0.166823, 0.355138
0.186676, 0.349805
0.209271, 0.34574
0.2348, 0.343387
0.262387, 0.342683
0.290873, 0.343301
0.319251, 0.344818
0.346745, 0.346745
0.37287, 0.348557
0.397498, 0.349782
0.420892, 0.35017
0.443589, 0.34984
0.4661, 0.349212
0.488681, 0.348753
0.511319, 0.348753
0.5339, 0.349212
0.556411, 0.34984
0.579108, 0.35017
0.602502, 0.349782
0.62713, 0.348557
0.653255, 0.346745
0.680749, 0.344818
0.709127, 0.343301
0.737613, 0.342683
0.7652, 0.343387
0.790729, 0.34574
0.813324, 0.349805
0.833177, 0.355138
0.851594, 0.360956
0.870368, 0.366518
0.891416, 0.371313
0.915802, 0.375318
0.942886, 0.379039
0.971544, 0.382966
0.0248455, 0.400993
0.0539197, 0.397717
0.081196, 0.39457
0.105386, 0.391082
0.125949, 0.386825
0.1443, 0.381901
0.162641, 0.376851
0.183012, 0.372433
0.206746, 0.369378
0.23367, 0.36797
0.262561, 0.368037
0.292071, 0.369213
0.32104, 0.371022
0.348557, 0.37287
0.374076, 0.374076
0.39765, 0.374084
0.420027, 0.372837
0.442227, 0.370869
0.464924, 0.368963
0.488222, 0.367811
0.511778, 0.367811
0.535076, 0.368963
0.557773, 0.370869
0.579973, 0.372837
0.60235, 0.374084
0.625924, 0.374076
0.651443, 0.37287
0.67896, 0.371022
0.707929, 0.369213
0.737439, 0.368037
0.76633, 0.36797
0.793254, 0.369378
0.816988, 0.372433
0.837359, 0.376851
0.8557, 0.381901
0.874051, 0.386825
0.894614, 0.391082
0.918804, 0.39457
0.94608, 0.397717
0.975155, 0.400993
0.0218612, 0.419009
0.0512824, 0.416361
0.0786978, 0.413783
0.102682, 0.410854
0.122815, 0.407228
0.140832, 0.403056
0.15919, 0.398863
0.180159, 0.395368
0.205004, 0.393192
0.233177, 0.392481
0.263175, 0.393013
0.293474, 0.394408
0.322717, 0.396143
0.349782, 0.397498
0.374084, 0.39765
0.396134, 0.396134
0.417423, 0.393259
0.439385, 0.38984
0.462746, 0.386819
0.487407, 0.38505
0.512593, 0.38505
0.537254, 0.386819
0.560615, 0.38984
0.582577, 0.393259
0.603866, 0.396134
0.625916, 0.39765
0.650218, 0.397498
0.677283, 0.396143
0.706526, 0.394408
0.736825, 0.393013
0.766823, 0.392481
0.794996, 0.393192
0.819841, 0.395368
0.84081, 0.398863
0.859168, 0.403056
0.877185, 0.407228
0.897318, 0.410854
0.921302, 0.413783
0.948718, 0.416361
0.978139, 0.419009
0.0194895, 0.437017
0.049188, 0.434976
0.0767001, 0.432968
0.100491, 0.430637
0.120268, 0.427727
0.138034, 0.424396
0.15647, 0.421112
0.178035, 0.418499
0.203868, 0.417038
0.233085, 0.416778
0.263967, 0.417495
0.294809, 0.418826
0.324004, 0.420222
0.35017, 0.420892
0.372837, 0.420027
0.393259, 0.417423
0.413565, 0.413565
0.435467, 0.409264
0.45981, 0.405539
0.486317, 0.403379
0.513683, 0.403379
0.54019, 0.405539
0.564533, 0.409264
0.586435, 0.413565
0.606741, 0.417423
0.627163, 0.420027
0.64983, 0.420892
0.675996, 0.420222
0.705191, 0.418826
0.736033, 0.417495
0.766915, 0.416778
0.796132, 0.417038
0.821965, 0.418499
0.84353, 0.421112
0.861966, 0.424396
0.879732, 0.427727
0.899509, 0.430637
0.9233, 0.432968
0.950812, 0.434976
0.98051, 0.437017
0.0177198, 0.455017
0.047626, 0.45357
0.0752015, 0.452132
0.0988311, 0.450438
0.118335, 0.44831
0.135925, 0.445886
0.154463, 0.443536
0.176547, 0.44174
0.203173, 0.440831
0.233195, 0.44081
0.264729, 0.441485
0.295887, 0.442546
0.324796, 0.44349
0.34984, 0.443589
0.370869, 0.442227
0.38984, 0.439385
0.409264, 0.435467
0.431192, 0.431192
0.456688, 0.427606
0.485187, 0.425618
0.514813, 0.425618
0.543312, 0.427606
0.568808, 0.431192
0.590736, 0.435467
0.61016, 0.439385
0.629131, 0.442227
0.65016, 0.443589
0.675204, 0.44349
0.704113, 0.442546
0.735271, 0.441485
0.766805, 0.44081
0.796827, 0.440831
0.823453, 0.44174
0.845537, 0.443536
0.864075, 0.445886
0.881665, 0.44831
0.901169, 0.450438
0.924799, 0.452132
0.952374, 0.45357
0.98228, 0.455017
0.0165442, 0.473012
0.0465888, 0.472148
0.0742019, 0.471284
0.0977166, 0.470256
0.117037, 0.468958
0.134515, 0.467487
0.153144, 0.466077
0.17561, 0.465032
0.202787, 0.464543
0.233354, 0.464598
0.26531, 0.465067
0.296618, 0.465738
0.325169, 0.466252
0.349212, 0.4661
0.368963, 0.464924
0.386819, 0.462746
0.405539, 0.45981
0.427606, 0.456688
0.454224, 0.454224
0.484333, 0.452935
0.515667, 0.452935
0.545776, 0.454224
0.572394, 0.456688
0.594461, 0.45981
0.613181, 0.462746
0.631037, 0.464924
0.650788, 0.4661
0.674831, 0.466252
0.703382, 0.465738
0.73469, 0.465067
0.766646, 0.464598
0.797213, 0.464543
0.82439, 0.465032
0.846856, 0.466077
0.865485, 0.467487
0.882963, 0.468958
0.902283, 0.470256
0.925798, 0.471284
0.953411, 0.472148
0.983456, 0.473012
0.0159577, 0.491004
0.0460714, 0.490717
0.0737019, 0.490429
0.097157, 0.490084
0.116384, 0.489648
0.13381, 0.489155
0.152491, 0.488685
0.175158, 0.488342
0.202617, 0.488189
0.233459, 0.488219
0.265621, 0.488386
0.296979, 0.488614
0.325292, 0.488773
0.348753, 0.488681
0.367811, 0.488222
0.38505, 0.487407
0.403379, 0.486317
0.425618, 0.485187
0.452935, 0.484333
0.4839, 0.4839
0.5161, 0.4839
0.547065, 0.484333
0.574382, 0.485187
0.596621, 0.486317
0.61495, 0.487407
0.632189, 0.488222
0.651247, 0.488681
0.674708, 0.488773
0.703021, 0.488614
0.734379, 0.488386
0.766541, 0.488219
0.797383, 0.488189
0.824842, 0.488342
0.847509, 0.488685
0.86619, 0.489155
0.883616, 0.489648
0.902843, 0.490084
0.926298, 0.490429
0.953929, 0.490717
0.984042, 0.491004
0.0159577, 0.508996
0.0460714, 0.509283
0.0737019, 0.509571
0.097157, 0.509916
0.116384, 0.510352
0.13381, 0.510845
0.152491, 0.511315
0.175158, 0.511658
0.202617, 0.511811
0.233459, 0.511781
0.265621, 0.511614
0.296979, 0.511386
0.325292, 0.511227
0.348753, 0.511319
0.367811, 0.511778
0.38505, 0.512593
0.403379, 0.513683
0.425618, 0.514813
0.452935, 0.515667
0.4839, 0.5161
0.5161, 0.5161
0.547065, 0.515667
0.574382, 0.514813
0.596621, 0.513683
0.61495, 0.512593
0.632189, 0.511778
0.651247, 0.511319
0.674708, 0.511227
0.703021, 0.511386
0.734379, 0.511614
0.766541, 0.511781
0.797383, 0.511811
0.824842, 0.511658
0.847509, 0.511315
0.86619, 0.510845
0.883616, 0.510352
0.902843, 0.509916
0.926298, 0.509571
0.953929, 0.509283
0.984042, 0.508996
0.0165442, 0.526988
0.0465888, 0.527852
0.0742019, 0.528716
0.0977166, 0.529744
0.117037, 0.531042
0.134515, 0.532513
0.153144, 0.533923
0.17561, 0.534968
0.202787, 0.535457
0.233354, 0.535402
0.26531, 0.534933
0.296618, 0.534262
0.325169, 0.533748
0.349212, 0.5339
0.368963, 0.535076
0.386819, 0.537254
0.405539, 0.54019
0.427606, 0.543312
0.454224, 0.545776
0.484333, 0.547065
0.515667, 0.547065
0.545776, 0.545776
0.572394, 0.543312
0.594461, 0.54019
0.613181, 0.537254
0.631037, 0.535076
0.650788, 0.5339
0.674831, 0.533748
0.703382, 0.534262
0.73469, 0.534933
0.766646, 0.535402
0.797213, 0.535457
0.82439, 0.534968
0.846856, 0.533923
0.865485, 0.532513
0.882963, 0.531042
0.902283, 0.529744
0.925798, 0.528716
0.953411, 0.527852
0.983456, 0.526988
0.0177198, 0.544983
0.047626, 0.54643
0.0752015, 0.547868
0.0988311, 0.549562
0.118335, 0.55169
0.135925, 0.554114
0.154463, 0.556464
0.176547, 0.55826
0.203173, 0.559169
0.233195, 0.55919
0.264729, 0.558515
0.295887, 0.557454
0.324796, 0.55651
0.34984, 0.556411
0.370869, 0.557773
0.38984, 0.560615
0.409264, 0.564533
0.431192, 0.568808
0.456688, 0.572394
0.485187, 0.574382
0.514813, 0.574382
0.543312, 0.572394
0.568808, 0.568808
0.590736, 0.564533
0.61016, 0.560615
0.629131, 0.557773
0.65016, 0.556411
0.675204, 0.55651
0.704113, 0.557454
0.735271, 0.558515
0.766805, 0.55919
0.796827, 0.559169
0.823453, 0.55826
0.845537, 0.556464
0.864075, 0.554114
0.881665, 0.55169
0.901169, 0.549562
0.924799, 0.547868
0.952374, 0.54643
0.98228, 0.544983
0.0194895, 0.562983
0.049188, 0.565024
0.0767001, 0.567032
0.100491, 0.569363
0.120268, 0.572273
0.138034, 0.575604
0.15647, 0.578888
0.178035, 0.581501
0.203868, 0.582962
0.233085, 0.583222
0.263967, 0.582505
0.294809, 0.581174
0.324004, 0.579778
0.35017, 0.579108
0.372837, 0.579973
0.393259, 0.582577
0.413565, 0.586435
0.435467, 0.590736
0.45981, 0.594461
0.486317, 0.596621
0.513683, 0.596621
0.54019, 0.594461
0.564533, 0.590736
0.586435, 0.586435
0.606741, 0.582577
0.627163, 0.579973
0.64983, 0.579108
0.675996, 0.579778
0.705191, 0.581174
0.736033, 0.582505
0.766915, 0.583222
0.796132, 0.582962
0.821965, 0.581501
0.84353, 0.578888
0.861966, 0.575604
0.879732, 0.572273
0.899509, 0.569363
0.9233, 0.567032
0.950812, 0.565024
0.98051, 0.562983
0.0218612, 0.580991
0.0512824, 0.583639
0.0786978, 0.586217
0.102682, 0.589146
0.122815, 0.592772
0.140832, 0.596944
0.15919, 0.601137
0.180159, 0.604632
0.205004, 0.606808
0.233177, 0.607519
0.263175, 0.606987
0.293474, 0.605592
0.322717, 0.603857
0.349782, 0.602502
0.374084, 0.60235
0.396134, 0.603866
0.417423, 0.606741
0.439385, 0.61016
0.462746, 0.613181
0.487407, 0.61495
0.512593, 0.61495
0.537254, 0.613181
0.560615, 0.61016
0.582577, 0.606741
0.603866, 0.603866
0.625916, 0.60235
0.650218, 0.602502
0.677283, 0.603857
0.706526, 0.605592
0.736825, 0.606987
0.766823, 0.607519
0.794996, 0.606808
0.819841, 0.604632
0.84081, 0.601137
0.859168, 0.596944
0.877185, 0.592772
0.897318, 0.589146
0.921302, 0.586217
0.948718, 0.583639
0.978139, 0.580991
0.0248455, 0.599007
0.0539197, 0.602283
0.081196, 0.60543
0.105386, 0.608918
0.125949, 0.613175
0.1443, 0.618099
0.162641, 0.623149
0.183012, 0.627567
0.206746, 0.630622
0.23367, 0.63203
0.262561, 0.631963
0.292071, 0.630787
0.32104, 0.628978
0.348557, 0.62713
0.374076, 0.625924
0.39765, 0.625916
0.420027, 0.627163
0.442227, 0.629131
0.464924, 0.631037
0.488222, 0.632189
0.511778, 0.632189
0.535076, 0.631037
0.557773, 0.629131
0.579973, 0.627163
0.60235, 0.625916
0.625924, 0.625924
0.651443, 0.62713
0.67896, 0.628978
0.707929, 0.630787
0.737439, 0.631963
0.76633, 0.63203
0.793254, 0.630622
0.816988, 0.627567
0.837359, 0.623149
0.8557, 0.618099
0.874051, 0.613175
0.894614, 0.608918
0.918804, 0.60543
0.94608, 0.602283
0.975155, 0.599007
0.0284559, 0.617034
0.0571141, 0.620961
0.0841985, 0.624682
0.108584, 0.628687
0.129632, 0.633482
0.148406, 0.639044
0.166823, 0.644862
0.186676, 0.650195
0.209271, 0.65426
0.2348, 0.656613
0.262387, 0.657317
0.290873, 0.656699
0.319251, 0.655182
0.346745, 0.653255
0.37287, 0.651443
0.397498, 0.650218
0.420892, 0.64983
0.443589, 0.65016
0.4661, 0.650788
0.488681, 0.651247
0.511319, 0.651247
0.5339, 0.650788
0.556411, 0.65016
0.579108, 0.64983
0.602502, 0.650218
0.62713, 0.651443
0.653255, 0.653255
0.680749, 0.655182
0.709127, 0.656699
0.737613, 0.657317
0.7652, 0.656613
0.790729, 0.65426
0.813324, 0.650195
0.833177, 0.644862
0.851594, 0.639044
0.870368, 0.633482
0.891416, 0.628687
0.915802, 0.624682
0.942886, 0.620961
0.971544, 0.617034
0.0327093, 0.635073
0.0608833, 0.639679
0.087713, 0.643985
0.112256, 0.648473
0.133819, 0.653706
0.153103, 0.659771
0.171711, 0.66623
0.191194, 0.672401
0.212743, 0.677523
0.236821, 0.681025
0.262954, 0.682798
0.290218, 0.683088
0.317733, 0.682267
0.344818, 0.680749
0.371022, 0.67896
0.396143, 0.677283
0.420222, 0.675996
0.44349, 0.675204
0.466252, 0.674831
0.488773, 0.674708
0.511227, 0.674708
0.533748, 0.674831
0.55651, 0.675204
0.579778, 0.675996
0.603857, 0.677283
0.628978, 0.67896
0.655182, 0.680749
0.682267, 0.682267
0.709782, 0.683088
0.737046, 0.682798
0.763179, 0.681025
0.787257, 0.677523
0.808806, 0.672401
0.828289, 0.66623
0.846897, 0.659771
0.866181, 0.653706
0.887744, 0.648473
0.912287, 0.643985
0.939117, 0.639679
0.967291, 0.635073
0.037626, 0.653126
0.0652494, 0.658442
0.0917529, 0.663351
0.116385, 0.668301
0.138454, 0.67388
0.158323, 0.680298
0.17725, 0.687231
0.196551, 0.694089
0.217265, 0.700193
0.239971, 0.704933
0.264578, 0.708015
0.290469, 0.709531
0.316912, 0.709782
0.343301, 0.709127
0.369213, 0.707929
0.394408, 0.706526
0.418826, 0.705191
0.442546, 0.704113
0.465738, 0.703382
0.488614, 0.703021
0.511386, 0.703021
0.534262, 0.703382
0.557454, 0.704113
0.581174, 0.705191
0.605592, 0.706526
0.630787, 0.707929
0.656699, 0.709127
0.683088, 0.709782
0.709531, 0.709531
0.735422, 0.708015
0.760029, 0.704933
0.782735, 0.700193
0.803449, 0.694089
0.82275, 0.687231
0.841677, 0.680298
0.861546, 0.67388
0.883615, 0.668301
0.908247, 0.663351
0.934751, 0.658442
0.962374, 0.653126
0.0432304, 0.671194
0.0702395, 0.677255
0.0963383, 0.682792
0.120964, 0.6882
0.143482, 0.694054
0.163978, 0.700673
0.183345, 0.707887
0.202669, 0.715218
0.222831, 0.7221
0.244403, 0.727978
0.267547, 0.732453
0.291985, 0.735422
0.317202, 0.737046
0.342683, 0.737613
0.368037, 0.737439
0.393013, 0.736825
0.417495, 0.736033
0.441485, 0.735271
0.465067, 0.73469
0.488386, 0.734379
0.511614, 0.734379
0.534933, 0.73469
0.558515, 0.735271
0.582505, 0.736033
0.606987, 0.736825
0.631963, 0.737439
0.657317, 0.737613
0.682798, 0.737046
0.708015, 0.735422
0.732453, 0.732453
0.755597, 0.727978
0.777169, 0.7221
0.797331, 0.715218
0.816655, 0.707887
0.836022, 0.700673
0.856518, 0.694054
0.879036, 0.6882
0.903662, 0.682792
0.92976, 0.677255
0.95677, 0.671194
0.0495514, 0.689278
0.0758861, 0.696122
0.101498, 0.702322
0.125997, 0.708204
0.148852, 0.714296
0.169963, 0.720986
0.189867, 0.728274
0.209402, 0.735824
0.229308, 0.743185
0.250095, 0.749905
0.272022, 0.755597
0.295067, 0.760029
0.318975, 0.763179
0.343387, 0.7652
0.36797, 0.76633
0.392481, 0.766823
0.416778, 0.766915
0.44081, 0.766805
0.464598, 0.766646
0.488219, 0.766541
0.511781, 0.766541
0.535402, 0.766646
0.55919, 0.766805
0.583222, 0.766915
0.607519, 0.766823
0.63203, 0.76633
0.656613, 0.7652
0.681025, 0.763179
0.704933, 0.760029
0.727978, 0.755597
0.749905, 0.749905
0.770692, 0.743185
0.790598, 0.735824
0.810133, 0.728274
0.830037, 0.720986
0.851148, 0.714296
0.874003, 0.708204
0.898502, 0.702322
0.924114, 0.696122
0.950449, 0.689278
0.0566232, 0.70738
0.0822278, 0.715045
0.107269, 0.721949
0.131508, 0.728344
0.154537, 0.734682
0.176171, 0.741365
0.196652, 0.748541
0.216549, 0.756045
0.236454, 0.763546
0.256815, 0.770692
0.2779, 0.777169
0.299807, 0.782735
0.322477, 0.787257
0.34574, 0.790729
0.369378, 0.793254
0.393192, 0.794996
0.417038, 0.796132
0.440831, 0.796827
0.464543, 0.797213
0.488189, 0.797383
0.511811, 0.797383
0.535457, 0.797213
0.559169, 0.796827
0.582962, 0.796132
0.606808, 0.794996
0.630622, 0.793254
0.65426, 0.790729
0.677523, 0.787257
0.700193, 0.782735
0.7221, 0.777169
0.743185, 0.770692
0.763546, 0.763546
0.783451, 0.756045
0.803348, 0.748541
0.823829, 0.741365
0.845463, 0.734682
0.868492, 0.728344
0.892731, 0.721949
0.917772, 0.715045
0.943377, 0.70738
0.0644864, 0.725498
0.0893103, 0.734025
0.113702, 0.741679
0.13754, 0.748645
0.160543, 0.755284
0.182522, 0.761963
0.203526, 0.768912
0.223863, 0.776137
0.243955, 0.783451
0.264176, 0.790598
0.284782, 0.797331
0.305911, 0.803449
0.327599, 0.808806
0.349805, 0.813324
0.372433, 0.816988
0.395368, 0.819841
0.418499, 0.821965
0.44174, 0.823453
0.465032, 0.82439
0.488342, 0.824842
0.511658, 0.824842
0.534968, 0.82439
0.55826, 0.823453
0.581501, 0.821965
0.604632, 0.819841
0.627567, 0.816988
0.650195, 0.813324
0.672401, 0.808806
0.694089, 0.803449
0.715218, 0.797331
0.735824, 0.790598
0.756045, 0.783451
0.776137, 0.776137
0.796474, 0.768912
0.817478, 0.761963
0.839457, 0.755284
0.86246, 0.748645
0.886298, 0.741679
0.91069, 0.734025
0.935514, 0.725498
0.073189, 0.743635
0.0971874, 0.75306
0.120854, 0.761514
0.144158, 0.769121
0.166922, 0.776158
0.188996, 0.782922
0.210346, 0.789654
0.231088, 0.796474
0.251459, 0.803348
0.271726, 0.810133
0.292113, 0.816655
0.312769, 0.82275
0.33377, 0.828289
0.355138, 0.833177
0.376851, 0.837359
0.398863, 0.84081
0.421112, 0.84353
0.443536, 0.845537
0.466077, 0.846856
0.488685, 0.847509
0.511315, 0.847509
0.533923, 0.846856
0.556464, 0.845537
0.578888, 0.84353
0.601137, 0.84081
0.623149, 0.837359
0.644862, 0.833177
0.66623, 0.828289
0.687231, 0.82275
0.707887, 0.816655
0.728274, 0.810133
0.748541, 0.803348
0.768912, 0.796474
0.789654, 0.789654
0.811004, 0.782922
0.833078, 0.776158
0.855842, 0.769121
0.879146, 0.761514
0.902813, 0.75306
0.926811, 0.743635
0.0827883, 0.76179
0.105922, 0.772148
0.128798, 0.781448
0.151446, 0.789774
0.173768, 0.797329
0.195662, 0.804338
0.217078, 0.811004
0.238037, 0.817478
0.258635, 0.823829
0.279014, 0.830037
0.299327, 0.836022
0.319702, 0.841677
0.340229, 0.846897
0.360956, 0.851594
0.381901, 0.8557
0.403056, 0.859168
0.424396, 0.861966
0.445886, 0.864075
0.467487, 0.865485
0.489155, 0.86619
0.510845, 0.86619
0.532513, 0.865485
0.554114, 0.864075
0.575604, 0.861966
0.596944, 0.859168
0.618099, 0.8557
0.639044, 0.851594
0.659771, 0.846897
0.680298, 0.841677
0.700673, 0.836022
0.720986, 0.830037
0.741365, 0.823829
0.761963, 0.817478
0.782922, 0.811004
0.804338, 0.804338
0.826232, 0.797329
0.848554, 0.789774
0.871202, 0.781448
0.894078, 0.772148
0.917212, 0.76179
0.093353, 0.779961
0.115588, 0.791283
0.137618, 0.801472
0.159506, 0.810591
0.181212, 0.818788
0.202671, 0.826232
0.223842, 0.833078
0.244716, 0.839457
0.265318, 0.845463
0.285704, 0.851148
0.305946, 0.856518
0.32612, 0.861546
0.346294, 0.866181
0.366518, 0.870368
0.386825, 0.874051
0.407228, 0.877185
0.427727, 0.879732
0.44831, 0.881665
0.468958, 0.882963
0.489648, 0.883616
0.510352, 0.883616
0.531042, 0.882963
0.55169, 0.881665
0.572273, 0.879732
0.592772, 0.877185
0.613175, 0.874051
0.633482, 0.870368
0.653706, 0.866181
0.67388, 0.861546
0.694054, 0.856518
0.714296, 0.851148
0.734682, 0.845463
0.755284, 0.839457
0.776158, 0.833078
0.797329, 0.826232
0.818788, 0.818788
0.840494, 0.810591
0.862382, 0.801472
0.884412, 0.791283
0.906647, 0.779961
0.104966, 0.798149
0.126273, 0.810456
0.14741, 0.821568
0.168458, 0.831542
0.189409, 0.840494
0.210226, 0.848554
0.230879, 0.855842
0.251355, 0.86246
0.271656, 0.868492
0.291796, 0.874003
0.3118, 0.879036
0.331699, 0.883615
0.351527, 0.887744
0.371313, 0.891416
0.391082, 0.894614
0.410854, 0.897318
0.430637, 0.899509
0.450438, 0.901169
0.470256, 0.902283
0.490084, 0.902843
0.509916, 0.902843
0.529744, 0.902283
0.549562, 0.901169
0.569363, 0.899509
0.589146, 0.897318
0.608918, 0.894614
0.628687, 0.891416
0.648473, 0.887744
0.668301, 0.883615
0.6882, 0.879036
0.708204, 0.874003
0.728344, 0.868492
0.748645, 0.86246
0.769121, 0.855842
0.789774, 0.848554
0.810591, 0.840494
0.831542, 0.831542
0.85259, 0.821568
0.873727, 0.810456
0.895034, 0.798149
0.117728, 0.816351
0.13808, 0.829655
0.158288, 0.841712
0.178432, 0.85259
0.198528, 0.862382
0.218552, 0.871202
0.238486, 0.879146
0.258321, 0.886298
0.278051, 0.892731
0.297678, 0.898502
0.317208, 0.903662
0.336649, 0.908247
0.356015, 0.912287
0.375318, 0.915802
0.39457, 0.918804
0.413783, 0.921302
0.432968, 0.9233
0.452132, 0.924799
0.471284, 0.925798
0.490429, 0.926298
0.509571, 0.926298
0.528716, 0.925798
0.547868, 0.924799
0.567032, 0.9233
0.586217, 0.921302
0.60543, 0.918804
0.624682, 0.915802
0.643985, 0.912287
0.663351, 0.908247
0.682792, 0.903662
0.702322, 0.898502
0.721949, 0.892731
0.741679, 0.886298
0.761514, 0.879146
0.781448, 0.871202
0.801472, 0.862382
0.821568, 0.85259
0.841712, 0.841712
0.86192, 0.829655
0.882272, 0.816351
0.131766, 0.834562
0.151132, 0.848868
0.170345, 0.86192
0.189544, 0.873727
0.208717, 0.884412
0.227852, 0.894078
0.24694, 0.902813
0.265975, 0.91069
0.284955, 0.917772
0.303878, 0.924114
0.322745, 0.92976
0.341558, 0.934751
0.360321, 0.939117
0.379039, 0.942886
0.397717, 0.94608
0.416361, 0.948718
0.434976, 0.950812
0.45357, 0.952374
0.472148, 0.953411
0.490717, 0.953929
0.509283, 0.953929
0.527852, 0.953411
0.54643, 0.952374
0.565024, 0.950812
0.583639, 0.948718
0.602283, 0.94608
0.620961, 0.942886
0.639679, 0.939117
0.658442, 0.934751
0.677255, 0.92976
0.696122, 0.924114
0.715045, 0.917772
0.734025, 0.91069
0.75306, 0.902813
0.772148, 0.894078
0.791283, 0.884412
0.810456, 0.873727
0.829655, 0.86192
0.848868, 0.848868
0.868234, 0.834562
0.146935, 0.853065
0.165438, 0.868234
0.183649, 0.882272
0.201851, 0.895034
0.220039, 0.906647
0.23821, 0.917212
0.256365, 0.926811
0.274502, 0.935514
0.29262, 0.943377
0.310722, 0.950449
0.328806, 0.95677
0.346874, 0.962374
0.364927, 0.967291
0.382966, 0.971544
0.400993, 0.975155
0.419009, 0.978139
0.437017, 0.98051
0.455017, 0.98228
0.473012, 0.983456
0.491004, 0.984042
0.508996, 0.984042
0.526988, 0.983456
0.544983, 0.98228
0.562983, 0.98051
0.580991, 0.978139
0.599007, 0.975155
0.617034, 0.971544
0.635073, 0.967291
0.653126, 0.962374
0.671194, 0.95677
0.689278, 0.950449
0.70738, 0.943377
0.725498, 0.935514
0.743635, 0.926811
0.76179, 0.917212
0.779961, 0.906647
0.798149, 0.895034
0.816351, 0.882272
0.834562, 0.868234
0.853065, 0.853065
