0.146447, 0.146447
0.164124, 0.129612
0.181802, 0.114319
0.19948, 0.100391
0.217157, 0.0876894
0.234835, 0.0761044
0.252513, 0.0655463
0.27019, 0.055942
0.287868, 0.0472307
0.305546, 0.0393619
0.323223, 0.0322928
0.340901, 0.0259879
0.358579, 0.0204168
0.376256, 0.0155544
0.393934, 0.0113795
0.411612, 0.00787451
0.429289, 0.00502525
0.446967, 0.00282045
0.464645, 0.00125157
0.482322, 0.000312598
0.5, 0
0.517678, 0.000312598
0.535355, 0.00125157
0.553033, 0.00282045
0.570711, 0.00502525
0.588388, 0.00787451
0.606066, 0.0113795
0.623744, 0.0155544
0.641421, 0.0204168
0.659099, 0.0259879
0.676777, 0.0322928
0.694454, 0.0393619
0.712132, 0.0472307
0.72981, 0.055942
0.747487, 0.0655463
0.765165, 0.0761044
0.782843, 0.0876894
0.80052, 0.100391
0.818198, 0.114319
0.835876, 0.129612
0.853553, 0.146447
0.129612, 0.164124
0.148728, 0.148728
0.16753, 0.134593
0.186258, 0.121717
0.204968, 0.110039
0.223653, 0.0994449
0.242307, 0.0898426
0.260926, 0.0811546
0.279508, 0.0733155
0.298051, 0.0662702
0.316557, 0.0599715
0.335024, 0.0543789
0.353455, 0.049458
0.371853, 0.0451794
0.39022, 0.0415181
0.40856, 0.0384534
0.426877, 0.0359683
0.445175, 0.0340491
0.463458, 0.0326856
0.481731, 0.0318703
0.5, 0.031599
0.518269, 0.0318703
0.536542, 0.0326856
0.554825, 0.0340491
0.573123, 0.0359683
0.59144, 0.0384534
0.60978, 0.0415181
0.628147, 0.0451794
0.646545, 0.049458
0.664976, 0.0543789
0.683443, 0.0599715
0.701949, 0.0662702
0.720492, 0.0733155
0.739074, 0.0811546
0.757693, 0.0898426
0.776347, 0.0994449
0.795032, 0.110039
0.813742, 0.121717
0.83247, 0.134593
0.851272, 0.148728
0.870388, 0.164124
0.114319, 0.181802
0.134593, 0.16753
0.154402, 0.154402
0.174106, 0.142494
0.193782, 0.131753
0.21341, 0.122063
0.232976, 0.113326
0.252469, 0.105456
0.271885, 0.0983831
0.29122, 0.0920447
0.310475, 0.0863892
0.329654, 0.0813729
0.348761, 0.0769593
0.367804, 0.0731189
0.386791, 0.0698281
0.405731, 0.0670685
0.42463, 0.0648262
0.443499, 0.0630912
0.462345, 0.0618564
0.481176, 0.0611172
0.5, 0.060871
0.518824, 0.0611172
0.537655, 0.0618564
0.556501, 0.0630912
0.57537, 0.0648262
0.594269, 0.0670685
0.613209, 0.0698281
0.632196, 0.0731189
0.651239, 0.0769593
0.670346, 0.0813729
0.689525, 0.0863892
0.70878, 0.0920447
0.728115, 0.0983831
0.747531, 0.105456
0.767024, 0.113326
0.78659, 0.122063
0.806218, 0.131753
0.825894, 0.142494
0.845598, 0.154402
0.865407, 0.16753
0.885681, 0.181802
0.100391, 0.19948
0.121717, 0.186258
0.142494, 0.174106
0.163159, 0.163159
0.183753, 0.153323
0.204258, 0.144485
0.224649, 0.136532
0.244907, 0.129362
0.265025, 0.122892
0.285005, 0.117051
0.304856, 0.111781
0.324592, 0.107042
0.344235, 0.102805
0.363802, 0.0990535
0.383316, 0.0957827
0.402792, 0.0929943
0.422247, 0.090695
0.44169, 0.0888936
0.461127, 0.0875992
0.480564, 0.0868194
0.5, 0.0865588
0.519436, 0.0868194
0.538873, 0.0875992
0.55831, 0.0888936
0.577753, 0.090695
0.597208, 0.0929943
0.616684, 0.0957827
0.636198, 0.0990535
0.655765, 0.102805
0.675408, 0.107042
0.695144, 0.111781
0.714995, 0.117051
0.734975, 0.122892
0.755093, 0.129362
0.775351, 0.136532
0.795742, 0.144485
0.816247, 0.153323
0.836841, 0.163159
0.857506, 0.174106
0.878283, 0.186258
0.899609, 0.19948
0.0876894, 0.217157
0.110039, 0.204968
0.131753, 0.193782
0.153323, 0.183753
0.17477, 0.17477
0.196049, 0.166689
0.217118, 0.159367
0.237951, 0.152673
0.258547, 0.146503
0.278928, 0.140776
0.299132, 0.135444
0.319207, 0.130488
0.339207, 0.125921
0.35918, 0.121769
0.379165, 0.118072
0.399188, 0.11487
0.419261, 0.112199
0.439388, 0.110091
0.459562, 0.108569
0.479772, 0.107649
0.5, 0.107341
0.520228, 0.107649
0.540438, 0.108569
0.560612, 0.110091
0.580739, 0.112199
0.600812, 0.11487
0.620835, 0.118072
0.64082, 0.121769
0.660793, 0.125921
0.680793, 0.130488
0.700868, 0.135444
0.721072, 0.140776
0.741453, 0.146503
0.762049, 0.152673
0.782882, 0.159367
0.803951, 0.166689
0.82523, 0.17477
0.846677, 0.183753
0.868247, 0.193782
0.889961, 0.204968
0.912311, 0.217157
0.0761044, 0.234835
0.0994449, 0.223653
0.122063, 0.21341
0.144485, 0.204258
0.166689, 0.196049
0.188589, 0.188589
0.210116, 0.181682
0.231247, 0.175161
0.252011, 0.168905
0.272486, 0.162855
0.292781, 0.15702
0.31301, 0.15146
0.333271, 0.146258
0.353635, 0.141498
0.374142, 0.137255
0.394808, 0.133586
0.415631, 0.130538
0.436592, 0.12814
0.457664, 0.126415
0.478812, 0.125376
0.5, 0.125029
0.521188, 0.125376
0.542336, 0.126415
0.563408, 0.12814
0.584369, 0.130538
0.605192, 0.133586
0.625858, 0.137255
0.646365, 0.141498
0.666729, 0.146258
0.68699, 0.15146
0.707219, 0.15702
0.727514, 0.162855
0.747989, 0.168905
0.768753, 0.175161
0.789884, 0.181682
0.811411, 0.188589
0.833311, 0.196049
0.855515, 0.204258
0.877937, 0.21341
0.900555, 0.223653
0.923896, 0.234835
0.0655463, 0.252513
0.0898426, 0.242307
0.113326, 0.232976
0.136532, 0.224649
0.159367, 0.217118
0.181682, 0.210116
0.203386, 0.203386
0.224484, 0.196732
0.2451, 0.190071
0.26543, 0.183443
0.285688, 0.176969
0.306044, 0.170794
0.326616, 0.165052
0.347467, 0.159853
0.368617, 0.155275
0.390052, 0.151371
0.411738, 0.148171
0.433628, 0.145685
0.455669, 0.143915
0.47781, 0.142857
0.5, 0.142505
0.52219, 0.142857
0.544331, 0.143915
0.566372, 0.145685
0.588262, 0.148171
0.609948, 0.151371
0.631383, 0.155275
0.652533, 0.159853
0.673384, 0.165052
0.693956, 0.170794
0.714312, 0.176969
0.73457, 0.183443
0.7549, 0.190071
0.775516, 0.196732
0.796614, 0.203386
0.818318, 0.210116
0.840633, 0.217118
0.863468, 0.224649
0.886674, 0.232976
0.910157, 0.242307
0.934454, 0.252513
0.055942, 0.27019
0.0811546, 0.260926
0.105456, 0.252469
0.129362, 0.244907
0.152673, 0.237951
0.175161, 0.231247
0.196732, 0.224484
0.217502, 0.217502
0.237773, 0.210341
0.257894, 0.203181
0.278156, 0.196242
0.298755, 0.189726
0.319797, 0.183796
0.341311, 0.178567
0.363263, 0.174102
0.385585, 0.170423
0.408192, 0.167512
0.431001, 0.165328
0.453939, 0.163818
0.476953, 0.162934
0.5, 0.162644
0.523047, 0.162934
0.546061, 0.163818
0.568999, 0.165328
0.591808, 0.167512
0.614415, 0.170423
0.636737, 0.174102
0.658689, 0.178567
0.680203, 0.183796
0.701245, 0.189726
0.721844, 0.196242
0.742106, 0.203181
0.762227, 0.210341
0.782498, 0.217502
0.803268, 0.224484
0.824839, 0.231247
0.847327, 0.237951
0.870638, 0.244907
0.894544, 0.252469
0.918845, 0.260926
0.944058, 0.27019
0.0472307, 0.287868
0.0733155, 0.279508
0.0983831, 0.271885
0.122892, 0.265025
0.146503, 0.258547
0.168905, 0.252011
0.190071, 0.2451
0.210341, 0.237773
0.230237, 0.230237
0.250233, 0.222793
0.27067, 0.215742
0.291744, 0.209335
0.313518, 0.203759
0.335938, 0.199122
0.358875, 0.195437
0.382167, 0.19264
0.405662, 0.190609
0.429245, 0.189209
0.452844, 0.188312
0.476429, 0.187816
0.5, 0.187658
0.523571, 0.187816
0.547156, 0.188312
0.570755, 0.189209
0.594338, 0.190609
0.617833, 0.19264
0.641125, 0.195437
0.664062, 0.199122
0.686482, 0.203759
0.708256, 0.209335
0.72933, 0.215742
0.749767, 0.222793
0.769763, 0.230237
0.789659, 0.237773
0.809929, 0.2451
0.831095, 0.252011
0.853497, 0.258547
0.877108, 0.265025
0.901617, 0.271885
0.926684, 0.279508
0.952769, 0.287868
0.0393619, 0.305546
0.0662702, 0.298051
0.0920447, 0.29122
0.117051, 0.285005
0.140776, 0.278928
0.162855, 0.272486
0.183443, 0.26543
0.203181, 0.257894
0.222793, 0.250233
0.242857, 0.242857
0.263748, 0.236146
0.285638, 0.230414
0.308483, 0.225848
0.33207, 0.222474
0.35611, 0.220164
0.380332, 0.21871
0.404542, 0.217886
0.428624, 0.217481
0.45254, 0.217322
0.476311, 0.217279
0.5, 0.217274
0.523689, 0.217279
0.54746, 0.217322
0.571376, 0.217481
0.595458, 0.217886
0.619668, 0.21871
0.64389, 0.220164
0.66793, 0.222474
0.691517, 0.225848
0.714362, 0.230414
0.736252, 0.236146
0.757143, 0.242857
0.777207, 0.250233
0.796819, 0.257894
0.816557, 0.26543
0.837145, 0.272486
0.859224, 0.278928
0.882949, 0.285005
0.907955, 0.29122
0.93373, 0.298051
0.960638, 0.305546
0.0322928, 0.323223
0.0599715, 0.316557
0.0863892, 0.310475
0.111781, 0.304856
0.135444, 0.299132
0.15702, 0.292781
0.176969, 0.285688
0.196242, 0.278156
0.215742, 0.27067
0.236146, 0.263748
0.257863, 0.257863
0.280962, 0.253346
0.305169, 0.250273
0.33003, 0.248483
0.35511, 0.247697
0.380083, 0.247615
0.404748, 0.247953
0.429025, 0.248469
0.452927, 0.248972
0.476541, 0.249326
0.5, 0.249453
0.523459, 0.249326
0.547073, 0.248972
0.570975, 0.248469
0.595252, 0.247953
0.619917, 0.247615
0.64489, 0.247697
0.66997, 0.248483
0.694831, 0.250273
0.719038, 0.253346
0.742137, 0.257863
0.763854, 0.263748
0.784258, 0.27067
0.803758, 0.278156
0.823031, 0.285688
0.84298, 0.292781
0.864556, 0.299132
0.888219, 0.304856
0.913611, 0.310475
0.940029, 0.316557
0.967707, 0.323223
0.0259879, 0.340901
0.0543789, 0.335024
0.0813729, 0.329654
0.107042, 0.324592
0.130488, 0.319207
0.15146, 0.31301
0.170794, 0.306044
0.189726, 0.298755
0.209335, 0.291744
0.230414, 0.285638
0.253346, 0.280962
0.27794, 0.27794
0.303594, 0.276442
0.329655, 0.276153
0.355603, 0.276714
0.381095, 0.277772
0.405956, 0.279016
0.430156, 0.280196
0.453784, 0.281135
0.476999, 0.28173
0.5, 0.281933
0.523001, 0.28173
0.546216, 0.281135
0.569844, 0.280196
0.594044, 0.279016
0.618905, 0.277772
0.644397, 0.276714
0.670345, 0.276153
0.696406, 0.276442
0.72206, 0.27794
0.746654, 0.280962
0.769586, 0.285638
0.790665, 0.291744
0.810274, 0.298755
0.829206, 0.306044
0.84854, 0.31301
0.869512, 0.319207
0.892958, 0.324592
0.918627, 0.329654
0.945621, 0.335024
0.974012, 0.340901
0.0204168, 0.358579
0.049458, 0.353455
0.0769593, 0.348761
0.102805, 0.344235
0.125921, 0.339207
0.146258, 0.333271
0.165052, 0.326616
0.183796, 0.319797
0.203759, 0.313518
0.225848, 0.308483
0.250273, 0.305169
0.276442, 0.303594
0.303466, 0.303466
0.330561, 0.304388
0.357156, 0.305942
0.382905, 0.307731
0.407684, 0.309414
0.431563, 0.310761
0.454743, 0.311676
0.477476, 0.312178
0.5, 0.312333
0.522524, 0.312178
0.545257, 0.311676
0.568437, 0.310761
0.592316, 0.309414
0.617095, 0.307731
0.642844, 0.305942
0.669439, 0.304388
0.696534, 0.303466
0.723558, 0.303594
0.749727, 0.305169
0.774152, 0.308483
0.796241, 0.313518
0.816204, 0.319797
0.834948, 0.326616
0.853742, 0.333271
0.874079, 0.339207
0.897195, 0.344235
0.923041, 0.348761
0.950542, 0.353455
0.979583, 0.358579
0.0155544, 0.376256
0.0451794, 0.371853
0.0731189, 0.367804
0.0990535, 0.363802
0.121769, 0.35918
0.141498, 0.353635
0.159853, 0.347467
0.178567, 0.341311
0.199122, 0.335938
0.222474, 0.33207
0.248483, 0.33003
0.276153, 0.329655
0.304388, 0.330561
0.332293, 0.332293
0.359239, 0.334357
0.384888, 0.336271
0.409224, 0.337651
0.432516, 0.338337
0.455188, 0.338446
0.477617, 0.338298
0.5, 0.338206
0.522383, 0.338298
0.544812, 0.338446
0.567484, 0.338337
0.590776, 0.337651
0.615112, 0.336271
0.640761, 0.334357
0.667707, 0.332293
0.695612, 0.330561
0.723847, 0.329655
0.751517, 0.33003
0.777526, 0.33207
0.800878, 0.335938
0.821433, 0.341311
0.840147, 0.347467
0.858502, 0.353635
0.878231, 0.35918
0.900946, 0.363802
0.926881, 0.367804
0.954821, 0.371853
0.984446, 0.376256
0.0113795, 0.393934
0.0415181, 0.39022
0.0698281, 0.386791
0.0957827, 0.383316
0.118072, 0.379165
0.137255, 0.374142
0.155275, 0.368617
0.174102, 0.363263
0.195437, 0.358875
0.220164, 0.35611
0.247697, 0.35511
0.276714, 0.355603
0.305942, 0.357156
0.334357, 0.359239
0.361233, 0.361233
0.386256, 0.362514
0.409648, 0.362677
0.432114, 0.361801
0.454439, 0.360429
0.477069, 0.359249
0.5, 0.35879
0.522931, 0.359249
0.545561, 0.360429
0.567886, 0.361801
0.590352, 0.362677
0.613744, 0.362514
0.638767, 0.361233
0.665643, 0.359239
0.694058, 0.357156
0.723286, 0.355603
0.752303, 0.35511
0.779836, 0.35611
0.804563, 0.358875
0.825898, 0.363263
0.844725, 0.368617
0.862745, 0.374142
0.881928, 0.379165
0.904217, 0.383316
0.930172, 0.386791
0.958482, 0.39022
0.988621, 0.393934
0.00787451, 0.411612
0.0384534, 0.40856
0.0670685, 0.405731
0.0929943, 0.402792
0.11487, 0.399188
0.133586, 0.394808
0.151371, 0.390052
0.170423, 0.385585
0.19264, 0.382167
0.21871, 0.380332
0.247615, 0.380083
0.277772, 0.381095
0.307731, 0.382905
0.336271, 0.384888
0.362514, 0.386256
0.386258, 0.386258
0.408291, 0.384685
0.429964, 0.382055
0.45233, 0.379226
0.475776, 0.37707
0.5, 0.376264
0.524224, 0.37707
0.54767, 0.379226
0.570036, 0.382055
0.591709, 0.384685
0.613742, 0.386258
0.637486, 0.386256
0.663729, 0.384888
0.692269, 0.382905
0.722228, 0.381095
0.752385, 0.380083
0.78129, 0.380332
0.80736, 0.382167
0.829577, 0.385585
0.848629, 0.390052
0.866414, 0.394808
0.88513, 0.399188
0.907006, 0.402792
0.932932, 0.405731
0.961547, 0.40856
0.992125, 0.411612
0.00502525, 0.429289
0.0359683, 0.426877
0.0648262, 0.42463
0.090695, 0.422247
0.112199, 0.419261
0.130538, 0.415631
0.148171, 0.411738
0.167512, 0.408192
0.190609, 0.405662
0.217886, 0.404542
0.247953, 0.404748
0.279016, 0.405956
0.309414, 0.407684
0.337651, 0.409224
0.362677, 0.409648
0.384685, 0.408291
0.405307, 0.405307
0.426369, 0.401398
0.449095, 0.397479
0.473853, 0.394557
0.5, 0.393473
0.526147, 0.394557
0.550905, 0.397479
0.573631, 0.401398
0.594693, 0.405307
0.615315, 0.408291
0.637323, 0.409648
0.662349, 0.409224
0.690586, 0.407684
0.720984, 0.405956
0.752047, 0.404748
0.782114, 0.404542
0.809391, 0.405662
0.832488, 0.408192
0.851829, 0.411738
0.869462, 0.415631
0.887801, 0.419261
0.909305, 0.422247
0.935174, 0.42463
0.964032, 0.426877
0.994975, 0.429289
0.00282045, 0.446967
0.0340491, 0.445175
0.0630912, 0.443499
0.0888936, 0.44169
0.110091, 0.439388
0.12814, 0.436592
0.145685, 0.433628
0.165328, 0.431001
0.189209, 0.429245
0.217481, 0.428624
0.248469, 0.429025
0.280196, 0.430156
0.310761, 0.431563
0.338337, 0.432516
0.361801, 0.432114
0.382055, 0.429964
0.401398, 0.426369
0.421949, 0.421949
0.445199, 0.417595
0.471572, 0.414403
0.5, 0.413243
0.528428, 0.414403
0.554801, 0.417595
0.578051, 0.421949
0.598602, 0.426369
0.617945, 0.429964
0.638199, 0.432114
0.661663, 0.432516
0.689239, 0.431563
0.719804, 0.430156
0.751531, 0.429025
0.782519, 0.428624
0.810791, 0.429245
0.834672, 0.431001
0.854315, 0.433628
0.87186, 0.436592
0.889909, 0.439388
0.911106, 0.44169
0.936909, 0.443499
0.965951, 0.445175
0.99718, 0.446967
0.00125157, 0.464645
0.0326856, 0.463458
0.0618564, 0.462345
0.0875992, 0.461127
0.108569, 0.459562
0.126415, 0.457664
0.143915, 0.455669
0.163818, 0.453939
0.188312, 0.452844
0.217322, 0.45254
0.248972, 0.452927
0.281135, 0.453784
0.311676, 0.454743
0.338446, 0.455188
0.360429, 0.454439
0.379226, 0.45233
0.397479, 0.449095
0.417595, 0.445199
0.441462, 0.441462
0.469476, 0.438873
0.5, 0.437975
0.530524, 0.438873
0.558538, 0.441462
0.582405, 0.445199
0.602521, 0.449095
0.620774, 0.45233
0.639571, 0.454439
0.661554, 0.455188
0.688324, 0.454743
0.718865, 0.453784
0.751028, 0.452927
0.782678, 0.45254
0.811688, 0.452844
0.836182, 0.453939
0.856085, 0.455669
0.873585, 0.457664
0.891431, 0.459562
0.912401, 0.461127
0.938144, 0.462345
0.967314, 0.463458
0.998748, 0.464645
0.000312598, 0.482322
0.0318703, 0.481731
0.0611172, 0.481176
0.0868194, 0.480564
0.107649, 0.479772
0.125376, 0.478812
0.142857, 0.47781
0.162934, 0.476953
0.187816, 0.476429
0.217279, 0.476311
0.249326, 0.476541
0.28173, 0.476999
0.312178, 0.477476
0.338298, 0.477617
0.359249, 0.477069
0.37707, 0.475776
0.394557, 0.473853
0.414403, 0.471572
0.438873, 0.469476
0.468109, 0.468109
0.5, 0.46765
0.531891, 0.468109
0.561127, 0.469476
0.585597, 0.471572
0.605443, 0.473853
0.62293, 0.475776
0.640751, 0.477069
0.661702, 0.477617
0.687822, 0.477476
0.71827, 0.476999
0.750674, 0.476541
0.782721, 0.476311
0.812184, 0.476429
0.837066, 0.476953
0.857143, 0.47781
0.874624, 0.478812
0.892351, 0.479772
0.913181, 0.480564
0.938883, 0.481176
0.96813, 0.481731
0.999687, 0.482322
0, 0.5
0.031599, 0.5
0.060871, 0.5
0.0865588, 0.5
0.107341, 0.5
0.125029, 0.5
0.142505, 0.5
0.162644, 0.5
0.187658, 0.5
0.217274, 0.5
0.249453, 0.5
0.281933, 0.5
0.312333, 0.5
0.338206, 0.5
0.35879, 0.5
0.376264, 0.5
0.393473, 0.5
0.413243, 0.5
0.437975, 0.5
0.46765, 0.5
0.5, 0.5
0.53235, 0.5
0.562025, 0.5
0.586757, 0.5
0.606527, 0.5
0.623736, 0.5
0.64121, 0.5
0.661794, 0.5
0.687667, 0.5
0.718067, 0.5
0.750547, 0.5
0.782726, 0.5
0.812342, 0.5
0.837356, 0.5
0.857495, 0.5
0.874971, 0.5
0.892659, 0.5
0.913441, 0.5
0.939129, 0.5
0.968401, 0.5
1, 0.5
0.000312598, 0.517678
0.0318703, 0.518269
0.0611172, 0.518824
0.0868194, 0.519436
0.107649, 0.520228
0.125376, 0.521188
0.142857, 0.52219
0.162934, 0.523047
0.187816, 0.523571
0.217279, 0.523689
0.249326, 0.523459
0.28173, 0.523001
0.312178, 0.522524
0.338298, 0.522383
0.359249, 0.522931
0.37707, 0.524224
0.394557, 0.526147
0.414403, 0.528428
0.438873, 0.530524
0.468109, 0.531891
0.5, 0.53235
0.531891, 0.531891
0.561127, 0.530524
0.585597, 0.528428
0.605443, 0.526147
0.62293, 0.524224
0.640751, 0.522931
0.661702, 0.522383
0.687822, 0.522524
0.71827, 0.523001
0.750674, 0.523459
0.782721, 0.523689
0.812184, 0.523571
0.837066, 0.523047
0.857143, 0.52219
0.874624, 0.521188
0.892351, 0.520228
0.913181, 0.519436
0.938883, 0.518824
0.96813, 0.518269
0.999687, 0.517678
0.00125157, 0.535355
0.0326856, 0.536542
0.0618564, 0.537655
0.0875992, 0.538873
0.108569, 0.540438
0.126415, 0.542336
0.143915, 0.544331
0.163818, 0.546061
0.188312, 0.547156
0.217322, 0.54746
0.248972, 0.547073
0.281135, 0.546216
0.311676, 0.545257
0.338446, 0.544812
0.360429, 0.545561
0.379226, 0.54767
0.397479, 0.550905
0.417595, 0.554801
0.441462, 0.558538
0.469476, 0.561127
0.5, 0.562025
0.530524, 0.561127
0.558538, 0.558538
0.582405, 0.554801
0.602521, 0.550905
0.620774, 0.54767
0.639571, 0.545561
0.661554, 0.544812
0.688324, 0.545257
0.718865, 0.546216
0.751028, 0.547073
0.782678, 0.54746
0.811688, 0.547156
0.836182, 0.546061
0.856085, 0.544331
0.873585, 0.542336
0.891431, 0.540438
0.912401, 0.538873
0.938144, 0.537655
0.967314, 0.536542
0.998748, 0.535355
0.00282045, 0.553033
0.0340491, 0.554825
0.0630912, 0.556501
0.0888936, 0.55831
0.110091, 0.560612
0.12814, 0.563408
0.145685, 0.566372
0.165328, 0.568999
0.189209, 0.570755
0.217481, 0.571376
0.248469, 0.570975
0.280196, 0.569844
0.310761, 0.568437
0.338337, 0.567484
0.361801, 0.567886
0.382055, 0.570036
0.401398, 0.573631
0.421949, 0.578051
0.445199, 0.582405
0.471572, 0.585597
0.5, 0.586757
0.528428, 0.585597
0.554801, 0.582405
0.578051, 0.578051
0.598602, 0.573631
0.617945, 0.570036
0.638199, 0.567886
0.661663, 0.567484
0.689239, 0.568437
0.719804, 0.569844
0.751531, 0.570975
0.782519, 0.571376
0.810791, 0.570755
0.834672, 0.568999
0.854315, 0.566372
0.87186, 0.563408
0.889909, 0.560612
0.911106, 0.55831
0.936909, 0.556501
0.965951, 0.554825
0.99718, 0.553033
0.00502525, 0.570711
0.0359683, 0.573123
0.0648262, 0.57537
0.090695, 0.577753
0.112199, 0.580739
0.130538, 0.584369
0.148171, 0.588262
0.167512, 0.591808
0.190609, 0.594338
0.217886, 0.595458
0.247953, 0.595252
0.279016, 0.594044
0.309414, 0.592316
0.337651, 0.590776
0.362677, 0.590352
0.384685, 0.591709
0.405307, 0.594693
0.426369, 0.598602
0.449095, 0.602521
0.473853, 0.605443
0.5, 0.606527
0.526147, 0.605443
0.550905, 0.602521
0.573631, 0.598602
0.594693, 0.594693
0.615315, 0.591709
0.637323, 0.590352
0.662349, 0.590776
0.690586, 0.592316
0.720984, 0.594044
0.752047, 0.595252
0.782114, 0.595458
0.809391, 0.594338
0.832488, 0.591808
0.851829, 0.588262
0.869462, 0.584369
0.887801, 0.580739
0.909305, 0.577753
0.935174, 0.57537
0.964032, 0.573123
0.994975, 0.570711
0.00787451, 0.588388
0.0384534, 0.59144
0.0670685, 0.594269
0.0929943, 0.597208
0.11487, 0.600812
0.133586, 0.605192
0.151371, 0.609948
0.170423, 0.614415
0.19264, 0.617833
0.21871, 0.619668
0.247615, 0.619917
0.277772, 0.618905
0.307731, 0.617095
0.336271, 0.615112
0.362514, 0.613744
0.386258, 0.613742
0.408291, 0.615315
0.429964, 0.617945
0.45233, 0.620774
0.475776, 0.62293
0.5, 0.623736
0.524224, 0.62293
0.54767, 0.620774
0.570036, 0.617945
0.591709, 0.615315
0.613742, 0.613742
0.637486, 0.613744
0.663729, 0.615112
0.692269, 0.617095
0.722228, 0.618905
0.752385, 0.619917
0.78129, 0.619668
0.80736, 0.617833
0.829577, 0.614415
0.848629, 0.609948
0.866414, 0.605192
0.88513, 0.600812
0.907006, 0.597208
0.932932, 0.594269
0.961547, 0.59144
0.992125, 0.588388
0.0113795, 0.606066
0.0415181, 0.60978
0.0698281, 0.613209
0.0957827, 0.616684
0.118072, 0.620835
0.137255, 0.625858
0.155275, 0.631383
0.174102, 0.636737
0.195437, 0.641125
0.220164, 0.64389
0.247697, 0.64489
0.276714, 0.644397
0.305942, 0.642844
0.334357, 0.640761
0.361233, 0.638767
0.386256, 0.637486
0.409648, 0.637323
0.432114, 0.638199
0.454439, 0.639571
0.477069, 0.640751
0.5, 0.64121
0.522931, 0.640751
0.545561, 0.639571
0.567886, 0.638199
0.590352, 0.637323
0.613744, 0.637486
0.638767, 0.638767
0.665643, 0.640761
0.694058, 0.642844
0.723286, 0.644397
0.752303, 0.64489
0.779836, 0.64389
0.804563, 0.641125
0.825898, 0.636737
0.844725, 0.631383
0.862745, 0.625858
0.881928, 0.620835
0.904217, 0.616684
0.930172, 0.613209
0.958482, 0.60978
0.988621, 0.606066
0.0155544, 0.623744
0.0451794, 0.628147
0.0731189, 0.632196
0.0990535, 0.636198
0.121769, 0.64082
0.141498, 0.646365
0.159853, 0.652533
0.178567, 0.658689
0.199122, 0.664062
0.222474, 0.66793
0.248483, 0.66997
0.276153, 0.670345
0.304388, 0.669439
0.332293, 0.667707
0.359239, 0.665643
0.384888, 0.663729
0.409224, 0.662349
0.432516, 0.661663
0.455188, 0.661554
0.477617, 0.661702
0.5, 0.661794
0.522383, 0.661702
0.544812, 0.661554
0.567484, 0.661663
0.590776, 0.662349
0.615112, 0.663729
0.640761, 0.665643
0.667707, 0.667707
0.695612, 0.669439
0.723847, 0.670345
0.751517, 0.66997
0.777526, 0.66793
0.800878, 0.664062
0.821433, 0.658689
0.840147, 0.652533
0.858502, 0.646365
0.878231, 0.64082
0.900946, 0.636198
0.926881, 0.632196
0.954821, 0.628147
0.984446, 0.623744
0.0204168, 0.641421
0.049458, 0.646545
0.0769593, 0.651239
0.102805, 0.655765
0.125921, 0.660793
0.146258, 0.666729
0.165052, 0.673384
0.183796, 0.680203
0.203759, 0.686482
0.225848, 0.691517
0.250273, 0.694831
0.276442, 0.696406
0.303466, 0.696534
0.330561, 0.695612
0.357156, 0.694058
0.382905, 0.692269
0.407684, 0.690586
0.431563, 0.689239
0.454743, 0.688324
0.477476, 0.687822
0.5, 0.687667
0.522524, 0.687822
0.545257, 0.688324
0.568437, 0.689239
0.592316, 0.690586
0.617095, 0.692269
0.642844, 0.694058
0.669439, 0.695612
0.696534, 0.696534
0.723558, 0.696406
0.749727, 0.694831
0.774152, 0.691517
0.796241, 0.686482
0.816204, 0.680203
0.834948, 0.673384
0.853742, 0.666729
0.874079, 0.660793
0.897195, 0.655765
0.923041, 0.651239
0.950542, 0.646545
0.979583, 0.641421
0.0259879, 0.659099
0.0543789, 0.664976
0.0813729, 0.670346
0.107042, 0.675408
0.130488, 0.680793
0.15146, 0.68699
0.170794, 0.693956
0.189726, 0.701245
0.209335, 0.708256
0.230414, 0.714362
0.253346, 0.719038
0.27794, 0.72206
0.303594, 0.723558
0.329655, 0.723847
0.355603, 0.723286
0.381095, 0.722228
0.405956, 0.720984
0.430156, 0.719804
0.453784, 0.718865
0.476999, 0.71827
0.5, 0.718067
0.523001, 0.71827
0.546216, 0.718865
0.569844, 0.719804
0.594044, 0.720984
0.618905, 0.722228
0.644397, 0.723286
0.670345, 0.723847
0.696406, 0.723558
0.72206, 0.72206
0.746654, 0.719038
0.769586, 0.714362
0.790665, 0.708256
0.810274, 0.701245
0.829206, 0.693956
0.84854, 0.68699
0.869512, 0.680793
0.892958, 0.675408
0.918627, 0.670346
0.945621, 0.664976
0.974012, 0.659099
0.0322928, 0.676777
0.0599715, 0.683443
0.0863892, 0.689525
0.111781, 0.695144
0.135444, 0.700868
0.15702, 0.707219
0.176969, 0.714312
0.196242, 0.721844
0.215742, 0.72933
0.236146, 0.736252
0.257863, 0.742137
0.280962, 0.746654
0.305169, 0.749727
0.33003, 0.751517
0.35511, 0.752303
0.380083, 0.752385
0.404748, 0.752047
0.429025, 0.751531
0.452927, 0.751028
0.476541, 0.750674
0.5, 0.750547
0.523459, 0.750674
0.547073, 0.751028
0.570975, 0.751531
0.595252, 0.752047
0.619917, 0.752385
0.64489, 0.752303
0.66997, 0.751517
0.694831, 0.749727
0.719038, 0.746654
0.742137, 0.742137
0.763854, 0.736252
0.784258, 0.72933
0.803758, 0.721844
0.823031, 0.714312
0.84298, 0.707219
0.864556, 0.700868
0.888219, 0.695144
0.913611, 0.689525
0.940029, 0.683443
0.967707, 0.676777
0.0393619, 0.694454
0.0662702, 0.701949
0.0920447, 0.70878
0.117051, 0.714995
0.140776, 0.721072
0.162855, 0.727514
0.183443, 0.73457
0.203181, 0.742106
0.222793, 0.749767
0.242857, 0.757143
0.263748, 0.763854
0.285638, 0.769586
0.308483, 0.774152
0.33207, 0.777526
0.35611, 0.779836
0.380332, 0.78129
0.404542, 0.782114
0.428624, 0.782519
0.45254, 0.782678
0.476311, 0.782721
0.5, 0.782726
0.523689, 0.782721
0.54746, 0.782678
0.571376, 0.782519
0.595458, 0.782114
0.619668, 0.78129
0.64389, 0.779836
0.66793, 0.777526
0.691517, 0.774152
0.714362, 0.769586
0.736252, 0.763854
0.757143, 0.757143
0.777207, 0.749767
0.796819, 0.742106
0.816557, 0.73457
0.837145, 0.727514
0.859224, 0.721072
0.882949, 0.714995
0.907955, 0.70878
0.93373, 0.701949
0.960638, 0.694454
0.0472307, 0.712132
0.0733155, 0.720492
0.0983831, 0.728115
0.122892, 0.734975
0.146503, 0.741453
0.168905, 0.747989
0.190071, 0.7549
0.210341, 0.762227
0.230237, 0.769763
0.250233, 0.777207
0.27067, 0.784258
0.291744, 0.790665
0.313518, 0.796241
0.335938, 0.800878
0.358875, 0.804563
0.382167, 0.80736
0.405662, 0.809391
0.429245, 0.810791
0.452844, 0.811688
0.476429, 0.812184
0.5, 0.812342
0.523571, 0.812184
0.547156, 0.811688
0.570755, 0.810791
0.594338, 0.809391
0.617833, 0.80736
0.641125, 0.804563
0.664062, 0.800878
0.686482, 0.796241
0.708256, 0.790665
0.72933, 0.784258
0.749767, 0.777207
0.769763, 0.769763
0.789659, 0.762227
0.809929, 0.7549
0.831095, 0.747989
0.853497, 0.741453
0.877108, 0.734975
0.901617, 0.728115
0.926684, 0.720492
0.952769, 0.712132
0.055942, 0.72981
0.0811546, 0.739074
0.105456, 0.747531
0.129362, 0.755093
0.152673, 0.762049
0.175161, 0.768753
0.196732, 0.775516
0.217502, 0.782498
0.237773, 0.789659
0.257894, 0.796819
0.278156, 0.803758
0.298755, 0.810274
0.319797, 0.816204
0.341311, 0.821433
0.363263, 0.825898
0.385585, 0.829577
0.408192, 0.832488
0.431001, 0.834672
0.453939, 0.836182
0.476953, 0.837066
0.5, 0.837356
0.523047, 0.837066
0.546061, 0.836182
0.568999, 0.834672
0.591808, 0.832488
0.614415, 0.829577
0.636737, 0.825898
0.658689, 0.821433
0.680203, 0.816204
0.701245, 0.810274
0.721844, 0.803758
0.742106, 0.796819
0.762227, 0.789659
0.782498, 0.782498
0.803268, 0.775516
0.824839, 0.768753
0.847327, 0.762049
0.870638, 0.755093
0.894544, 0.747531
0.918845, 0.739074
0.944058, 0.72981
0.0655463, 0.747487
0.0898426, 0.757693
0.113326, 0.767024
0.136532, 0.775351
0.159367, 0.782882
0.181682, 0.789884
0.203386, 0.796614
0.224484, 0.803268
0.2451, 0.809929
0.26543, 0.816557
0.285688, 0.823031
0.306044, 0.829206
0.326616, 0.834948
0.347467, 0.840147
0.368617, 0.844725
0.390052, 0.848629
0.411738, 0.851829
0.433628, 0.854315
0.455669, 0.856085
0.47781, 0.857143
0.5, 0.857495
0.52219, 0.857143
0.544331, 0.856085
0.566372, 0.854315
0.588262, 0.851829
0.609948, 0.848629
0.631383, 0.844725
0.652533, 0.840147
0.673384, 0.834948
0.693956, 0.829206
0.714312, 0.823031
0.73457, 0.816557
0.7549, 0.809929
0.775516, 0.803268
0.796614, 0.796614
0.818318, 0.789884
0.840633, 0.782882
0.863468, 0.775351
0.886674, 0.767024
0.910157, 0.757693
0.934454, 0.747487
0.0761044, 0.765165
0.0994449, 0.776347
0.122063, 0.78659
0.144485, 0.795742
0.166689, 0.803951
0.188589, 0.811411
0.210116, 0.818318
0.231247, 0.824839
0.252011, 0.831095
0.272486, 0.837145
0.292781, 0.84298
0.31301, 0.84854
0.333271, 0.853742
0.353635, 0.858502
0.374142, 0.862745
0.394808, 0.866414
0.415631, 0.869462
0.436592, 0.87186
0.457664, 0.873585
0.478812, 0.874624
0.5, 0.874971
0.521188, 0.874624
0.542336, 0.873585
0.563408, 0.87186
0.584369, 0.869462
0.605192, 0.866414
0.625858, 0.862745
0.646365, 0.858502
0.666729, 0.853742
0.68699, 0.84854
0.707219, 0.84298
0.727514, 0.837145
0.747989, 0.831095
0.768753, 0.824839
0.789884, 0.818318
0.811411, 0.811411
0.833311, 0.803951
0.855515, 0.795742
0.877937, 0.78659
0.900555, 0.776347
0.923896, 0.765165
0.0876894, 0.782843
0.110039, 0.795032
0.131753, 0.806218
0.153323, 0.816247
0.17477, 0.82523
0.196049, 0.833311
0.217118, 0.840633
0.237951, 0.847327
0.258547, 0.853497
0.278928, 0.859224
0.299132, 0.864556
0.319207, 0.869512
0.339207, 0.874079
0.35918, 0.878231
0.379165, 0.881928
0.399188, 0.88513
0.419261, 0.887801
0.439388, 0.889909
0.459562, 0.891431
0.479772, 0.892351
0.5, 0.892659
0.520228, 0.892351
0.540438, 0.891431
0.560612, 0.889909
0.580739, 0.887801
0.600812, 0.88513
0.620835, 0.881928
0.64082, 0.878231
0.660793, 0.874079
0.680793, 0.869512
0.700868, 0.864556
0.721072, 0.859224
0.741453, 0.853497
0.762049, 0.847327
0.782882, 0.840633
0.803951, 0.833311
0.82523, 0.82523
0.846677, 0.816247
0.868247, 0.806218
0.889961, 0.795032
0.912311, 0.782843
0.100391, 0.80052
0.121717, 0.813742
0.142494, 0.825894
0.163159, 0.836841
0.183753, 0.846677
0.204258, 0.855515
0.224649, 0.863468
0.244907, 0.870638
0.265025, 0.877108
0.285005, 0.882949
0.304856, 0.888219
0.324592, 0.892958
0.344235, 0.897195
0.363802, 0.900946
0.383316, 0.904217
0.402792, 0.907006
0.422247, 0.909305
0.44169, 0.911106
0.461127, 0.912401
0.480564, 0.913181
0.5, 0.913441
0.519436, 0.913181
0.538873, 0.912401
0.55831, 0.911106
0.577753, 0.909305
0.597208, 0.907006
0.616684, 0.904217
0.636198, 0.900946
0.655765, 0.897195
0.675408, 0.892958
0.695144, 0.888219
0.714995, 0.882949
0.734975, 0.877108
0.755093, 0.870638
0.775351, 0.863468
0.795742, 0.855515
0.816247, 0.846677
0.836841, 0.836841
0.857506, 0.825894
0.878283, 0.813742
0.899609, 0.80052
0.114319, 0.818198
0.134593, 0.83247
0.154402, 0.845598
0.174106, 0.857506
0.193782, 0.868247
0.21341, 0.877937
0.232976, 0.886674
0.252469, 0.894544
0.271885, 0.901617
0.29122, 0.907955
0.310475, 0.913611
0.329654, 0.918627
0.348761, 0.923041
0.367804, 0.926881
0.386791, 0.930172
0.405731, 0.932932
0.42463, 0.935174
0.443499, 0.936909
0.462345, 0.938144
0.481176, 0.938883
0.5, 0.939129
0.518824, 0.938883
0.537655, 0.938144
0.556501, 0.936909
0.57537, 0.935174
0.594269, 0.932932
0.613209, 0.930172
0.632196, 0.926881
0.651239, 0.923041
0.670346, 0.918627
0.689525, 0.913611
0.70878, 0.907955
0.728115, 0.901617
0.747531, 0.894544
0.767024, 0.886674
0.78659, 0.877937
0.806218, 0.868247
0.825894, 0.857506
0.845598, 0.845598
0.865407, 0.83247
0.885681, 0.818198
0.129612, 0.835876
0.148728, 0.851272
0.16753, 0.865407
0.186258, 0.878283
0.204968, 0.889961
0.223653, 0.900555
0.242307, 0.910157
0.260926, 0.918845
0.279508, 0.926684
0.298051, 0.93373
0.316557, 0.940029
0.335024, 0.945621
0.353455, 0.950542
0.371853, 0.954821
0.39022, 0.958482
0.40856, 0.961547
0.426877, 0.964032
0.445175, 0.965951
0.463458, 0.967314
0.481731, 0.96813
0.5, 0.968401
0.518269, 0.96813
0.536542, 0.967314
0.554825, 0.965951
0.573123, 0.964032
0.59144, 0.961547
0.60978, 0.958482
0.628147, 0.954821
0.646545, 0.950542
0.664976, 0.945621
0.683443, 0.940029
0.701949, 0.93373
0.720492, 0.926684
0.739074, 0.918845
0.757693, 0.910157
0.776347, 0.900555
0.795032, 0.889961
0.813742, 0.878283
0.83247, 0.865407
0.851272, 0.851272
0.870388, 0.835876
0.146447, 0.853553
0.164124, 0.870388
0.181802, 0.885681
0.19948, 0.899609
0.217157, 0.912311
0.234835, 0.923896
0.252513, 0.934454
0.27019, 0.944058
0.287868, 0.952769
0.305546, 0.960638
0.323223, 0.967707
0.340901, 0.974012
0.358579, 0.979583
0.376256, 0.984446
0.393934, 0.988621
0.411612, 0.992125
0.429289, 0.994975
0.446967, 0.99718
0.464645, 0.998748
0.482322, 0.999687
0.5, 1
0.517678, 0.999687
0.535355, 0.998748
0.553033, 0.99718
0.570711, 0.994975
0.588388, 0.992125
0.606066, 0.988621
0.623744, 0.984446
0.641421, 0.979583
0.659099, 0.974012
0.676777, 0.967707
0.694454, 0.960638
0.712132, 0.952769
0.72981, 0.944058
0.747487, 0.934454
0.765165, 0.923896
0.782843, 0.912311
0.80052, 0.899609
0.818198, 0.885681
0.835876, 0.870388
0.853553, 0.853553
0.146936, 0.146936
0.165464, 0.131797
0.183678, 0.117767
0.201882, 0.105012
0.220072, 0.0934066
0.238245, 0.0828496
0.256401, 0.0732579
0.274538, 0.0645627
0.292656, 0.0567067
0.310756, 0.0496417
0.328839, 0.0433272
0.346905, 0.0377289
0.364956, 0.0328178
0.382992, 0.0285694
0.401016, 0.0249634
0.419029, 0.0219829
0.437032, 0.0196143
0.455028, 0.0178469
0.473019, 0.016673
0.491007, 0.0160873
0.508993, 0.0160873
0.526981, 0.016673
0.544972, 0.0178469
0.562968, 0.0196143
0.580971, 0.0219829
0.598984, 0.0249634
0.617008, 0.0285694
0.635044, 0.0328178
0.653095, 0.0377289
0.671161, 0.0433272
0.689244, 0.0496417
0.707344, 0.0567067
0.725462, 0.0645627
0.743599, 0.0732579
0.761755, 0.0828496
0.779928, 0.0934066
0.798118, 0.105012
0.816322, 0.117767
0.834536, 0.131797
0.853064, 0.146936
0.131797, 0.165464
0.151185, 0.151185
0.170411, 0.138155
0.18962, 0.126367
0.2088, 0.115702
0.227941, 0.106055
0.247033, 0.0973408
0.266071, 0.0894835
0.285051, 0.0824203
0.303973, 0.0760972
0.322837, 0.0704682
0.341645, 0.0654942
0.360402, 0.0611427
0.379111, 0.0573865
0.39778, 0.0542033
0.416414, 0.0515752
0.435018, 0.0494883
0.4536, 0.0479319
0.472167, 0.0468984
0.490723, 0.0463828
0.509277, 0.0463828
0.527833, 0.0468984
0.5464, 0.0479319
0.564982, 0.0494883
0.583586, 0.0515752
0.60222, 0.0542033
0.620889, 0.0573865
0.639598, 0.0611427
0.658355, 0.0654942
0.677163, 0.0704682
0.696027, 0.0760972
0.714949, 0.0824203
0.733929, 0.0894835
0.752967, 0.0973408
0.772059, 0.106055
0.7912, 0.115702
0.81038, 0.126367
0.829589, 0.138155
0.848815, 0.151185
0.868203, 0.165464
0.117767, 0.183678
0.138155, 0.170411
0.158387, 0.158387
0.178547, 0.147537
0.198655, 0.137773
0.218689, 0.128982
0.23863, 0.121066
0.258468, 0.113941
0.278197, 0.107534
0.297821, 0.101785
0.317343, 0.0966444
0.336776, 0.0920752
0.35613, 0.0880483
0.37542, 0.0845436
0.394657, 0.0815485
0.413855, 0.0790555
0.433024, 0.0770612
0.452173, 0.0755647
0.471308, 0.0745664
0.490437, 0.074067
0.509563, 0.074067
0.528692, 0.0745664
0.547827, 0.0755647
0.566976, 0.0770612
0.586145, 0.0790555
0.605343, 0.0815485
0.62458, 0.0845436
0.64387, 0.0880483
0.663224, 0.0920752
0.682657, 0.0966444
0.702179, 0.101785
0.721803, 0.107534
0.741532, 0.113941
0.76137, 0.121066
0.781311, 0.128982
0.801345, 0.137773
0.821453, 0.147537
0.841613, 0.158387
0.861845, 0.170411
0.882233, 0.183678
0.105012, 0.201882
0.126367, 0.18962
0.147537, 0.178547
0.168608, 0.168608
0.189577, 0.159691
0.210406, 0.151664
0.231065, 0.144407
0.251541, 0.137815
0.271836, 0.131803
0.291965, 0.126305
0.311954, 0.121277
0.331836, 0.116699
0.351645, 0.112565
0.371412, 0.108886
0.391164, 0.105679
0.410918, 0.102965
0.430686, 0.100766
0.450472, 0.0990991
0.470276, 0.0979799
0.49009, 0.0974177
0.50991, 0.0974177
0.529724, 0.0979799
0.549528, 0.0990991
0.569314, 0.100766
0.589082, 0.102965
0.608836, 0.105679
0.628588, 0.108886
0.648355, 0.112565
0.668164, 0.116699
0.688046, 0.121277
0.708035, 0.126305
0.728164, 0.131803
0.748459, 0.137815
0.768935, 0.144407
0.789594, 0.151664
0.810423, 0.159691
0.831392, 0.168608
0.852463, 0.178547
0.873633, 0.18962
0.894988, 0.201882
0.0934066, 0.220072
0.115702, 0.2088
0.137773, 0.198655
0.159691, 0.189577
0.181418, 0.181418
0.202887, 0.174006
0.224058, 0.167184
0.244921, 0.160817
0.265504, 0.154811
0.285865, 0.149115
0.306079, 0.143725
0.326227, 0.138673
0.346378, 0.134012
0.366582, 0.129801
0.386872, 0.126096
0.407262, 0.122943
0.42775, 0.12038
0.448325, 0.118435
0.468967, 0.117129
0.489651, 0.116472
0.510349, 0.116472
0.531033, 0.117129
0.551675, 0.118435
0.57225, 0.12038
0.592738, 0.122943
0.613128, 0.126096
0.633418, 0.129801
0.653622, 0.134012
0.673773, 0.138673
0.693921, 0.143725
0.714135, 0.149115
0.734496, 0.154811
0.755079, 0.160817
0.775942, 0.167184
0.797113, 0.174006
0.818582, 0.181418
0.840309, 0.189577
0.862227, 0.198655
0.884298, 0.2088
0.906593, 0.220072
0.0828496, 0.238245
0.106055, 0.227941
0.128982, 0.218689
0.151664, 0.210406
0.174006, 0.202887
0.195903, 0.195903
0.217303, 0.189243
0.238232, 0.182757
0.258791, 0.176379
0.279131, 0.170135
0.299409, 0.16411
0.319755, 0.158417
0.340258, 0.153161
0.360969, 0.148431
0.381902, 0.144296
0.403049, 0.140804
0.424386, 0.137986
0.445877, 0.135862
0.467481, 0.134442
0.489153, 0.133731
0.510847, 0.133731
0.532519, 0.134442
0.554123, 0.135862
0.575614, 0.137986
0.596951, 0.140804
0.618098, 0.144296
0.639031, 0.148431
0.659742, 0.153161
0.680245, 0.158417
0.700591, 0.16411
0.720869, 0.170135
0.741209, 0.176379
0.761768, 0.182757
0.782697, 0.189243
0.804097, 0.195903
0.825994, 0.202887
0.848336, 0.210406
0.871018, 0.218689
0.893945, 0.227941
0.91715, 0.238245
0.0732579, 0.256401
0.0973408, 0.247033
0.121066, 0.23863
0.144407, 0.231065
0.167184, 0.224058
0.189243, 0.217303
0.210554, 0.210554
0.231244, 0.203697
0.251561, 0.196776
0.271782, 0.18994
0.292131, 0.183369
0.312757, 0.177226
0.333736, 0.171643
0.35509, 0.166713
0.376796, 0.162493
0.398807, 0.159008
0.421062, 0.156259
0.443497, 0.15423
0.466053, 0.152896
0.488677, 0.152236
0.511323, 0.152236
0.533947, 0.152896
0.556503, 0.15423
0.578938, 0.156259
0.601193, 0.159008
0.623204, 0.162493
0.64491, 0.166713
0.666264, 0.171643
0.687243, 0.177226
0.707869, 0.183369
0.728218, 0.18994
0.748439, 0.196776
0.768756, 0.203697
0.789446, 0.210554
0.810757, 0.217303
0.832816, 0.224058
0.855593, 0.231065
0.878934, 0.23863
0.902659, 0.247033
0.926742, 0.256401
0.0645627, 0.274538
0.0894835, 0.266071
0.113941, 0.258468
0.137815, 0.251541
0.160817, 0.244921
0.182757, 0.238232
0.203697, 0.231244
0.223965, 0.223965
0.243996, 0.216593
0.264165, 0.209387
0.284729, 0.202596
0.305826, 0.19642
0.327493, 0.191005
0.349687, 0.186435
0.372315, 0.182725
0.39526, 0.179834
0.418409, 0.177683
0.441672, 0.176178
0.46499, 0.175229
0.488328, 0.174773
0.511672, 0.174773
0.53501, 0.175229
0.558328, 0.176178
0.581591, 0.177683
0.60474, 0.179834
0.627685, 0.182725
0.650313, 0.186435
0.672507, 0.191005
0.694174, 0.19642
0.715271, 0.202596
0.735835, 0.209387
0.756004, 0.216593
0.776035, 0.223965
0.796303, 0.231244
0.817243, 0.238232
0.839183, 0.244921
0.862185, 0.251541
0.886059, 0.258468
0.910516, 0.266071
0.935437, 0.274538
0.0567067, 0.292656
0.0824203, 0.285051
0.107534, 0.278197
0.131803, 0.271836
0.154811, 0.265504
0.176379, 0.258791
0.196776, 0.251561
0.216593, 0.243996
0.236429, 0.236429
0.256732, 0.229216
0.27777, 0.22267
0.299643, 0.217035
0.322296, 0.212453
0.345561, 0.208936
0.369216, 0.206384
0.393058, 0.204632
0.416935, 0.203497
0.440759, 0.202809
0.464501, 0.20243
0.488176, 0.202265
0.511824, 0.202265
0.535499, 0.20243
0.559241, 0.202809
0.583065, 0.203497
0.606942, 0.204632
0.630784, 0.206384
0.654439, 0.208936
0.677704, 0.212453
0.700357, 0.217035
0.72223, 0.22267
0.743268, 0.229216
0.763571, 0.236429
0.783407, 0.243996
0.803224, 0.251561
0.823621, 0.258791
0.845189, 0.265504
0.868197, 0.271836
0.892466, 0.278197
0.91758, 0.285051
0.943293, 0.292656
0.0496417, 0.310756
0.0760972, 0.303973
0.101785, 0.297821
0.126305, 0.291965
0.149115, 0.285865
0.170135, 0.279131
0.18994, 0.271782
0.209387, 0.264165
0.229216, 0.256732
0.249937, 0.249937
0.271813, 0.244169
0.294835, 0.239676
0.318749, 0.236492
0.34319, 0.234466
0.367815, 0.233355
0.392369, 0.232895
0.416705, 0.232843
0.440766, 0.232989
0.464575, 0.233176
0.488212, 0.233297
0.511788, 0.233297
0.535425, 0.233176
0.559234, 0.232989
0.583295, 0.232843
0.607631, 0.232895
0.632185, 0.233355
0.65681, 0.234466
0.681251, 0.236492
0.705165, 0.239676
0.728187, 0.244169
0.750063, 0.249937
0.770784, 0.256732
0.790613, 0.264165
0.81006, 0.271782
0.829865, 0.279131
0.850885, 0.285865
0.873695, 0.291965
0.898215, 0.297821
0.923903, 0.303973
0.950358, 0.310756
0.0433272, 0.328839
0.0704682, 0.322837
0.0966444, 0.317343
0.121277, 0.311954
0.143725, 0.306079
0.16411, 0.299409
0.183369, 0.292131
0.202596, 0.284729
0.22267, 0.27777
0.244169, 0.271813
0.267275, 0.267275
0.291722, 0.26428
0.316982, 0.262669
0.342525, 0.262147
0.367942, 0.262387
0.392969, 0.263074
0.417487, 0.263937
0.441494, 0.264757
0.465079, 0.265379
0.488391, 0.265712
0.511609, 0.265712
0.534921, 0.265379
0.558506, 0.264757
0.582513, 0.263937
0.607031, 0.263074
0.632058, 0.262387
0.657475, 0.262147
0.683018, 0.262669
0.708278, 0.26428
0.732725, 0.267275
0.755831, 0.271813
0.77733, 0.27777
0.797404, 0.284729
0.816631, 0.292131
0.83589, 0.299409
0.856275, 0.306079
0.878723, 0.311954
0.903356, 0.317343
0.929532, 0.322837
0.956673, 0.328839
0.0377289, 0.346905
0.0654942, 0.341645
0.0920752, 0.336776
0.116699, 0.331836
0.138673, 0.326227
0.158417, 0.319755
0.177226, 0.312757
0.19642, 0.305826
0.217035, 0.299643
0.239676, 0.294835
0.26428, 0.291722
0.290224, 0.290224
0.316751, 0.290033
0.34323, 0.290776
0.369216, 0.292073
0.394461, 0.293573
0.418901, 0.294992
0.442617, 0.296134
0.465788, 0.296906
0.488632, 0.297288
0.511368, 0.297288
0.534212, 0.296906
0.557383, 0.296134
0.581099, 0.294992
0.605539, 0.293573
0.630784, 0.292073
0.65677, 0.290776
0.683249, 0.290033
0.709776, 0.290224
0.73572, 0.291722
0.760324, 0.294835
0.782965, 0.299643
0.80358, 0.305826
0.822774, 0.312757
0.841583, 0.319755
0.861327, 0.326227
0.883301, 0.331836
0.907925, 0.336776
0.934506, 0.341645
0.962271, 0.346905
0.0328178, 0.364956
0.0611427, 0.360402
0.0880483, 0.35613
0.112565, 0.351645
0.134012, 0.346378
0.153161, 0.340258
0.171643, 0.333736
0.191005, 0.327493
0.212453, 0.322296
0.236492, 0.318749
0.262669, 0.316982
0.290033, 0.316751
0.317668, 0.317668
0.34486, 0.319298
0.371139, 0.3212
0.396295, 0.322973
0.42037, 0.324328
0.443608, 0.32516
0.466326, 0.325551
0.488798, 0.325678
0.511202, 0.325678
0.533674, 0.325551
0.556392, 0.32516
0.57963, 0.324328
0.603705, 0.322973
0.628861, 0.3212
0.65514, 0.319298
0.682332, 0.317668
0.709967, 0.316751
0.737331, 0.316982
0.763508, 0.318749
0.787547, 0.322296
0.808995, 0.327493
0.828357, 0.333736
0.846839, 0.340258
0.865988, 0.346378
0.887435, 0.351645
0.911952, 0.35613
0.938857, 0.360402
0.967182, 0.364956
0.0285694, 0.382992
0.0573865, 0.379111
0.0845436, 0.37542
0.108886, 0.371412
0.129801, 0.366582
0.148431, 0.360969
0.166713, 0.35509
0.186435, 0.349687
0.208936, 0.345561
0.234466, 0.34319
0.262147, 0.342525
0.290776, 0.34323
0.319298, 0.34486
0.346904, 0.346904
0.373088, 0.348815
0.397716, 0.350101
0.421071, 0.350507
0.443713, 0.350167
0.466171, 0.34952
0.488704, 0.34905
0.511296, 0.34905
0.533829, 0.34952
0.556287, 0.350167
0.578929, 0.350507
0.602284, 0.350101
0.626912, 0.348815
0.653096, 0.346904
0.680702, 0.34486
0.709224, 0.34323
0.737853, 0.342525
0.765534, 0.34319
0.791064, 0.345561
0.813565, 0.349687
0.833287, 0.35509
0.851569, 0.360969
0.870199, 0.366582
0.891114, 0.371412
0.915456, 0.37542
0.942614, 0.379111
0.971431, 0.382992
0.0249634, 0.401016
0.0542033, 0.39778
0.0815485, 0.394657
0.105679, 0.391164
0.126096, 0.386872
0.144296, 0.381902
0.162493, 0.376796
0.182725, 0.372315
0.206384, 0.369216
0.233355, 0.367815
0.262387, 0.367942
0.292073, 0.369216
0.3212, 0.371139
0.348815, 0.373088
0.374352, 0.374352
0.397876, 0.374363
0.420182, 0.37308
0.44232, 0.37107
0.464971, 0.369131
0.488237, 0.367962
0.511763, 0.367962
0.535029, 0.369131
0.55768, 0.37107
0.579818, 0.37308
0.602124, 0.374363
0.625648, 0.374352
0.651185, 0.373088
0.6788, 0.371139
0.707927, 0.369216
0.737613, 0.367942
0.766645, 0.367815
0.793616, 0.369216
0.817275, 0.372315
0.837507, 0.376796
0.855704, 0.381902
0.873904, 0.386872
0.894321, 0.391164
0.918452, 0.394657
0.945797, 0.39778
0.975037, 0.401016
0.0219829, 0.419029
0.0515752, 0.416414
0.0790555, 0.413855
0.102965, 0.410918
0.122943, 0.407262
0.140804, 0.403049
0.159008, 0.398807
0.179834, 0.39526
0.204632, 0.393058
0.232895, 0.392369
0.263074, 0.392969
0.293573, 0.394461
0.322973, 0.396295
0.350101, 0.397716
0.374363, 0.397876
0.39632, 0.39632
0.417527, 0.393393
0.439433, 0.389922
0.462762, 0.386858
0.48741, 0.385063
0.51259, 0.385063
0.537238, 0.386858
0.560567, 0.389922
0.582473, 0.393393
0.60368, 0.39632
0.625637, 0.397876
0.649899, 0.397716
0.677027, 0.396295
0.706427, 0.394461
0.736926, 0.392969
0.767105, 0.392369
0.795368, 0.393058
0.820166, 0.39526
0.840992, 0.398807
0.859196, 0.403049
0.877057, 0.407262
0.897035, 0.410918
0.920945, 0.413855
0.948425, 0.416414
0.978017, 0.419029
0.0196143, 0.437032
0.0494883, 0.435018
0.0770612, 0.433024
0.100766, 0.430686
0.12038, 0.42775
0.137986, 0.424386
0.156259, 0.421062
0.177683, 0.418409
0.203497, 0.416935
0.232843, 0.416705
0.263937, 0.417487
0.294992, 0.418901
0.324328, 0.42037
0.350507, 0.421071
0.37308, 0.420182
0.393393, 0.417527
0.413612, 0.413612
0.435454, 0.409243
0.459774, 0.405446
0.486298, 0.403235
0.513702, 0.403235
0.540226, 0.405446
0.564546, 0.409243
0.586388, 0.413612
0.606607, 0.417527
0.62692, 0.420182
0.649493, 0.421071
0.675672, 0.42037
0.705008, 0.418901
0.736063, 0.417487
0.767157, 0.416705
0.796503, 0.416935
0.822317, 0.418409
0.843741, 0.421062
0.862014, 0.424386
0.87962, 0.42775
0.899234, 0.430686
0.922939, 0.433024
0.950512, 0.435018
0.980386, 0.437032
0.0178469, 0.455028
0.0479319, 0.4536
0.0755647, 0.452173
0.0990991, 0.450472
0.118435, 0.448325
0.135862, 0.445877
0.15423, 0.443497
0.176178, 0.441672
0.202809, 0.440759
0.232989, 0.440766
0.264757, 0.441494
0.296134, 0.442617
0.32516, 0.443608
0.350167, 0.443713
0.37107, 0.44232
0.389922, 0.439433
0.409243, 0.435454
0.431088, 0.431088
0.456562, 0.427392
0.48513, 0.425328
0.51487, 0.425328
0.543438, 0.427392
0.568912, 0.431088
0.590757, 0.435454
0.610078, 0.439433
0.62893, 0.44232
0.649833, 0.443713
0.67484, 0.443608
0.703866, 0.442617
0.735243, 0.441494
0.767011, 0.440766
0.797191, 0.440759
0.823822, 0.441672
0.84577, 0.443497
0.864138, 0.445877
0.881565, 0.448325
0.900901, 0.450472
0.924435, 0.452173
0.952068, 0.4536
0.982153, 0.455028
0.016673, 0.473019
0.0468984, 0.472167
0.0745664, 0.471308
0.0979799, 0.470276
0.117129, 0.468967
0.134442, 0.467481
0.152896, 0.466053
0.175229, 0.46499
0.20243, 0.464501
0.233176, 0.464575
0.265379, 0.465079
0.296906, 0.465788
0.325551, 0.466326
0.34952, 0.466171
0.369131, 0.464971
0.386858, 0.462762
0.405446, 0.459774
0.427392, 0.456562
0.453997, 0.453997
0.484238, 0.452648
0.515762, 0.452648
0.546003, 0.453997
0.572608, 0.456562
0.594554, 0.459774
0.613142, 0.462762
0.630869, 0.464971
0.65048, 0.466171
0.674449, 0.466326
0.703094, 0.465788
0.734621, 0.465079
0.766824, 0.464575
0.79757, 0.464501
0.824771, 0.46499
0.847104, 0.466053
0.865558, 0.467481
0.882871, 0.468967
0.90202, 0.470276
0.925434, 0.471308
0.953102, 0.472167
0.983327, 0.473019
0.0160873, 0.491007
0.0463828, 0.490723
0.074067, 0.490437
0.0974177, 0.49009
0.116472, 0.489651
0.133731, 0.489153
0.152236, 0.488677
0.174773, 0.488328
0.202265, 0.488176
0.233297, 0.488212
0.265712, 0.488391
0.297288, 0.488632
0.325678, 0.488798
0.34905, 0.488704
0.367962, 0.488237
0.385063, 0.48741
0.403235, 0.486298
0.425328, 0.48513
0.452648, 0.484238
0.483784, 0.483784
0.516216, 0.483784
0.547352, 0.484238
0.574672, 0.48513
0.596765, 0.486298
0.614937, 0.48741
0.632038, 0.488237
0.65095, 0.488704
0.674322, 0.488798
0.702712, 0.488632
0.734288, 0.488391
0.766703, 0.488212
0.797735, 0.488176
0.825227, 0.488328
0.847764, 0.488677
0.866269, 0.489153
0.883528, 0.489651
0.902582, 0.49009
0.925933, 0.490437
0.953617, 0.490723
0.983913, 0.491007
0.0160873, 0.508993
0.0463828, 0.509277
0.074067, 0.509563
0.0974177, 0.50991
0.116472, 0.510349
0.133731, 0.510847
0.152236, 0.511323
0.174773, 0.511672
0.202265, 0.511824
0.233297, 0.511788
0.265712, 0.511609
0.297288, 0.511368
0.325678, 0.511202
0.34905, 0.511296
0.367962, 0.511763
0.385063, 0.51259
0.403235, 0.513702
0.425328, 0.51487
0.452648, 0.515762
0.483784, 0.516216
0.516216, 0.516216
0.547352, 0.515762
0.574672, 0.51487
0.596765, 0.513702
0.614937, 0.51259
0.632038, 0.511763
0.65095, 0.511296
0.674322, 0.511202
0.702712, 0.511368
0.734288, 0.511609
0.766703, 0.511788
0.797735, 0.511824
0.825227, 0.511672
0.847764, 0.511323
0.866269, 0.510847
0.883528, 0.510349
0.902582, 0.50991
0.925933, 0.509563
0.953617, 0.509277
0.983913, 0.508993
0.016673, 0.526981
0.0468984, 0.527833
0.0745664, 0.528692
0.0979799, 0.529724
0.117129, 0.531033
0.134442, 0.532519
0.152896, 0.533947
0.175229, 0.53501
0.20243, 0.535499
0.233176, 0.535425
0.265379, 0.534921
0.296906, 0.534212
0.325551, 0.533674
0.34952, 0.533829
0.369131, 0.535029
0.386858, 0.537238
0.405446, 0.540226
0.427392, 0.543438
0.453997, 0.546003
0.484238, 0.547352
0.515762, 0.547352
0.546003, 0.546003
0.572608, 0.543438
0.594554, 0.540226
0.613142, 0.537238
0.630869, 0.535029
0.65048, 0.533829
0.674449, 0.533674
0.703094, 0.534212
0.734621, 0.534921
0.766824, 0.535425
0.79757, 0.535499
0.824771, 0.53501
0.847104, 0.533947
0.865558, 0.532519
0.882871, 0.531033
0.90202, 0.529724
0.925434, 0.528692
0.953102, 0.527833
0.983327, 0.526981
0.0178469, 0.544972
0.0479319, 0.5464
0.0755647, 0.547827
0.0990991, 0.549528
0.118435, 0.551675
0.135862, 0.554123
0.15423, 0.556503
0.176178, 0.558328
0.202809, 0.559241
0.232989, 0.559234
0.264757, 0.558506
0.296134, 0.557383
0.32516, 0.556392
0.350167, 0.556287
0.37107, 0.55768
0.389922, 0.560567
0.409243, 0.564546
0.431088, 0.568912
0.456562, 0.572608
0.48513, 0.574672
0.51487, 0.574672
0.543438, 0.572608
0.568912, 0.568912
0.590757, 0.564546
0.610078, 0.560567
0.62893, 0.55768
0.649833, 0.556287
0.67484, 0.556392
0.703866, 0.557383
0.735243, 0.558506
0.767011, 0.559234
0.797191, 0.559241
0.823822, 0.558328
0.84577, 0.556503
0.864138, 0.554123
0.881565, 0.551675
0.900901, 0.549528
0.924435, 0.547827
0.952068, 0.5464
0.982153, 0.544972
0.0196143, 0.562968
0.0494883, 0.564982
0.0770612, 0.566976
0.100766, 0.569314
0.12038, 0.57225
0.137986, 0.575614
0.156259, 0.578938
0.177683, 0.581591
0.203497, 0.583065
0.232843, 0.583295
0.263937, 0.582513
0.294992, 0.581099
0.324328, 0.57963
0.350507, 0.578929
0.37308, 0.579818
0.393393, 0.582473
0.413612, 0.586388
0.435454, 0.590757
0.459774, 0.594554
0.486298, 0.596765
0.513702, 0.596765
0.540226, 0.594554
0.564546, 0.590757
0.586388, 0.586388
0.606607, 0.582473
0.62692, 0.579818
0.649493, 0.578929
0.675672, 0.57963
0.705008, 0.581099
0.736063, 0.582513
0.767157, 0.583295
0.796503, 0.583065
0.822317, 0.581591
0.843741, 0.578938
0.862014, 0.575614
0.87962, 0.57225
0.899234, 0.569314
0.922939, 0.566976
0.950512, 0.564982
0.980386, 0.562968
0.0219829, 0.580971
0.0515752, 0.583586
0.0790555, 0.586145
0.102965, 0.589082
0.122943, 0.592738
0.140804, 0.596951
0.159008, 0.601193
0.179834, 0.60474
0.204632, 0.606942
0.232895, 0.607631
0.263074, 0.607031
0.293573, 0.605539
0.322973, 0.603705
0.350101, 0.602284
0.374363, 0.602124
0.39632, 0.60368
0.417527, 0.606607
0.439433, 0.610078
0.462762, 0.613142
0.48741, 0.614937
0.51259, 0.614937
0.537238, 0.613142
0.560567, 0.610078
0.582473, 0.606607
0.60368, 0.60368
0.625637, 0.602124
0.649899, 0.602284
0.677027, 0.603705
0.706427, 0.605539
0.736926, 0.607031
0.767105, 0.607631
0.795368, 0.606942
0.820166, 0.60474
0.840992, 0.601193
0.859196, 0.596951
0.877057, 0.592738
0.897035, 0.589082
0.920945, 0.586145
0.948425, 0.583586
0.978017, 0.580971
0.0249634, 0.598984
0.0542033, 0.60222
0.0815485, 0.605343
0.105679, 0.608836
0.126096, 0.613128
0.144296, 0.618098
0.162493, 0.623204
0.182725, 0.627685
0.206384, 0.630784
0.233355, 0.632185
0.262387, 0.632058
0.292073, 0.630784
0.3212, 0.628861
0.348815, 0.626912
0.374352, 0.625648
0.397876, 0.625637
0.420182, 0.62692
0.44232, 0.62893
0.464971, 0.630869
0.488237, 0.632038
0.511763, 0.632038
0.535029, 0.630869
0.55768, 0.62893
0.579818, 0.62692
0.602124, 0.625637
0.625648, 0.625648
0.651185, 0.626912
0.6788, 0.628861
0.707927, 0.630784
0.737613, 0.632058
0.766645, 0.632185
0.793616, 0.630784
0.817275, 0.627685
0.837507, 0.623204
0.855704, 0.618098
0.873904, 0.613128
0.894321, 0.608836
0.918452, 0.605343
0.945797, 0.60222
0.975037, 0.598984
0.0285694, 0.617008
0.0573865, 0.620889
0.0845436, 0.62458
0.108886, 0.628588
0.129801, 0.633418
0.148431, 0.639031
0.166713, 0.64491
0.186435, 0.650313
0.208936, 0.654439
0.234466, 0.65681
0.262147, 0.657475
0.290776, 0.65677
0.319298, 0.65514
0.346904, 0.653096
0.373088, 0.651185
0.397716, 0.649899
0.421071, 0.649493
0.443713, 0.649833
0.466171, 0.65048
0.488704, 0.65095
0.511296, 0.65095
0.533829, 0.65048
0.556287, 0.649833
0.578929, 0.649493
0.602284, 0.649899
0.626912, 0.651185
0.653096, 0.653096
0.680702, 0.65514
0.709224, 0.65677
0.737853, 0.657475
0.765534, 0.65681
0.791064, 0.654439
0.813565, 0.650313
0.833287, 0.64491
0.851569, 0.639031
0.870199, 0.633418
0.891114, 0.628588
0.915456, 0.62458
0.942614, 0.620889
0.971431, 0.617008
0.0328178, 0.635044
0.0611427, 0.639598
0.0880483, 0.64387
0.112565, 0.648355
0.134012, 0.653622
0.153161, 0.659742
0.171643, 0.666264
0.191005, 0.672507
0.212453, 0.677704
0.236492, 0.681251
0.262669, 0.683018
0.290033, 0.683249
0.317668, 0.682332
0.34486, 0.680702
0.371139, 0.6788
0.396295, 0.677027
0.42037, 0.675672
0.443608, 0.67484
0.466326, 0.674449
0.488798, 0.674322
0.511202, 0.674322
0.533674, 0.674449
0.556392, 0.67484
0.57963, 0.675672
0.603705, 0.677027
0.628861, 0.6788
0.65514, 0.680702
0.682332, 0.682332
0.709967, 0.683249
0.737331, 0.683018
0.763508, 0.681251
0.787547, 0.677704
0.808995, 0.672507
0.828357, 0.666264
0.846839, 0.659742
0.865988, 0.653622
0.887435, 0.648355
0.911952, 0.64387
0.938857, 0.639598
0.967182, 0.635044
0.0377289, 0.653095
0.0654942, 0.658355
0.0920752, 0.663224
0.116699, 0.668164
0.138673, 0.673773
0.158417, 0.680245
0.177226, 0.687243
0.19642, 0.694174
0.217035, 0.700357
0.239676, 0.705165
0.26428, 0.708278
0.290224, 0.709776
0.316751, 0.709967
0.34323, 0.709224
0.369216, 0.707927
0.394461, 0.706427
0.418901, 0.705008
0.442617, 0.703866
0.465788, 0.703094
0.488632, 0.702712
0.511368, 0.702712
0.534212, 0.703094
0.557383, 0.703866
0.581099, 0.705008
0.605539, 0.706427
0.630784, 0.707927
0.65677, 0.709224
0.683249, 0.709967
0.709776, 0.709776
0.73572, 0.708278
0.760324, 0.705165
0.782965, 0.700357
0.80358, 0.694174
0.822774, 0.687243
0.841583, 0.680245
0.861327, 0.673773
0.883301, 0.668164
0.907925, 0.663224
0.934506, 0.658355
0.962271, 0.653095
0.0433272, 0.671161
0.0704682, 0.677163
0.0966444, 0.682657
0.121277, 0.688046
0.143725, 0.693921
0.16411, 0.700591
0.183369, 0.707869
0.202596, 0.715271
0.22267, 0.72223
0.244169, 0.728187
0.267275, 0.732725
0.291722, 0.73572
0.316982, 0.737331
0.342525, 0.737853
0.367942, 0.737613
0.392969, 0.736926
0.417487, 0.736063
0.441494, 0.735243
0.465079, 0.734621
0.488391, 0.734288
0.511609, 0.734288
0.534921, 0.734621
0.558506, 0.735243
0.582513, 0.736063
0.607031, 0.736926
0.632058, 0.737613
0.657475, 0.737853
0.683018, 0.737331
0.708278, 0.73572
0.732725, 0.732725
0.755831, 0.728187
0.77733, 0.72223
0.797404, 0.715271
0.816631, 0.707869
0.83589, 0.700591
0.856275, 0.693921
0.878723, 0.688046
0.903356, 0.682657
0.929532, 0.677163
0.956673, 0.671161
0.0496417, 0.689244
0.0760972, 0.696027
0.101785, 0.702179
0.126305, 0.708035
0.149115, 0.714135
0.170135, 0.720869
0.18994, 0.728218
0.209387, 0.735835
0.229216, 0.743268
0.249937, 0.750063
0.271813, 0.755831
0.294835, 0.760324
0.318749, 0.763508
0.34319, 0.765534
0.367815, 0.766645
0.392369, 0.767105
0.416705, 0.767157
0.440766, 0.767011
0.464575, 0.766824
0.488212, 0.766703
0.511788, 0.766703
0.535425, 0.766824
0.559234, 0.767011
0.583295, 0.767157
0.607631, 0.767105
0.632185, 0.766645
0.65681, 0.765534
0.681251, 0.763508
0.705165, 0.760324
0.728187, 0.755831
0.750063, 0.750063
0.770784, 0.743268
0.790613, 0.735835
0.81006, 0.728218
0.829865, 0.720869
0.850885, 0.714135
0.873695, 0.708035
0.898215, 0.702179
0.923903, 0.696027
0.950358, 0.689244
0.0567067, 0.707344
0.0824203, 0.714949
0.107534, 0.721803
0.131803, 0.728164
0.154811, 0.734496
0.176379, 0.741209
0.196776, 0.748439
0.216593, 0.756004
0.236429, 0.763571
0.256732, 0.770784
0.27777, 0.77733
0.299643, 0.782965
0.322296, 0.787547
0.345561, 0.791064
0.369216, 0.793616
0.393058, 0.795368
0.416935, 0.796503
0.440759, 0.797191
0.464501, 0.79757
0.488176, 0.797735
0.511824, 0.797735
0.535499, 0.79757
0.559241, 0.797191
0.583065, 0.796503
0.606942, 0.795368
0.630784, 0.793616
0.654439, 0.791064
0.677704, 0.787547
0.700357, 0.782965
0.72223, 0.77733
0.743268, 0.770784
0.763571, 0.763571
0.783407, 0.756004
0.803224, 0.748439
0.823621, 0.741209
0.845189, 0.734496
0.868197, 0.728164
0.892466, 0.721803
0.91758, 0.714949
0.943293, 0.707344
0.0645627, 0.725462
0.0894835, 0.733929
0.113941, 0.741532
0.137815, 0.748459
0.160817, 0.755079
0.182757, 0.761768
0.203697, 0.768756
0.223965, 0.776035
0.243996, 0.783407
0.264165, 0.790613
0.284729, 0.797404
0.305826, 0.80358
0.327493, 0.808995
0.349687, 0.813565
0.372315, 0.817275
0.39526, 0.820166
0.418409, 0.822317
0.441672, 0.823822
0.46499, 0.824771
0.488328, 0.825227
0.511672, 0.825227
0.53501, 0.824771
0.558328, 0.823822
0.581591, 0.822317
0.60474, 0.820166
0.627685, 0.817275
0.650313, 0.813565
0.672507, 0.808995
0.694174, 0.80358
0.715271, 0.797404
0.735835, 0.790613
0.756004, 0.783407
0.776035, 0.776035
0.796303, 0.768756
0.817243, 0.761768
0.839183, 0.755079
0.862185, 0.748459
0.886059, 0.741532
0.910516, 0.733929
0.935437, 0.725462
0.0732579, 0.743599
0.0973408, 0.752967
0.121066, 0.76137
0.144407, 0.768935
0.167184, 0.775942
0.189243, 0.782697
0.210554, 0.789446
0.231244, 0.796303
0.251561, 0.803224
0.271782, 0.81006
0.292131, 0.816631
0.312757, 0.822774
0.333736, 0.828357
0.35509, 0.833287
0.376796, 0.837507
0.398807, 0.840992
0.421062, 0.843741
0.443497, 0.84577
0.466053, 0.847104
0.488677, 0.847764
0.511323, 0.847764
0.533947, 0.847104
0.556503, 0.84577
0.578938, 0.843741
0.601193, 0.840992
0.623204, 0.837507
0.64491, 0.833287
0.666264, 0.828357
0.687243, 0.822774
0.707869, 0.816631
0.728218, 0.81006
0.748439, 0.803224
0.768756, 0.796303
0.789446, 0.789446
0.810757, 0.782697
0.832816, 0.775942
0.855593, 0.768935
0.878934, 0.76137
0.902659, 0.752967
0.926742, 0.743599
0.0828496, 0.761755
0.106055, 0.772059
0.128982, 0.781311
0.151664, 0.789594
0.174006, 0.797113
0.195903, 0.804097
0.217303, 0.810757
0.238232, 0.817243
0.258791, 0.823621
0.279131, 0.829865
0.299409, 0.83589
0.319755, 0.841583
0.340258, 0.846839
0.360969, 0.851569
0.381902, 0.855704
0.403049, 0.859196
0.424386, 0.862014
0.445877, 0.864138
0.467481, 0.865558
0.489153, 0.866269
0.510847, 0.866269
0.532519, 0.865558
0.554123, 0.864138
0.575614, 0.862014
0.596951, 0.859196
0.618098, 0.855704
0.639031, 0.851569
0.659742, 0.846839
0.680245, 0.841583
0.700591, 0.83589
0.720869, 0.829865
0.741209, 0.823621
0.761768, 0.817243
0.782697, 0.810757
0.804097, 0.804097
0.825994, 0.797113
0.848336, 0.789594
0.871018, 0.781311
0.893945, 0.772059
0.91715, 0.761755
0.0934066, 0.779928
0.115702, 0.7912
0.137773, 0.801345
0.159691, 0.810423
0.181418, 0.818582
0.202887, 0.825994
0.224058, 0.832816
0.244921, 0.839183
0.265504, 0.845189
0.285865, 0.850885
0.306079, 0.856275
0.326227, 0.861327
0.346378, 0.865988
0.366582, 0.870199
0.386872, 0.873904
0.407262, 0.877057
0.42775, 0.87962
0.448325, 0.881565
0.468967, 0.882871
0.489651, 0.883528
0.510349, 0.883528
0.531033, 0.882871
0.551675, 0.881565
0.57225, 0.87962
0.592738, 0.877057
0.613128, 0.873904
0.633418, 0.870199
0.653622, 0.865988
0.673773, 0.861327
0.693921, 0.856275
0.714135, 0.850885
0.734496, 0.845189
0.755079, 0.839183
0.775942, 0.832816
0.797113, 0.825994
0.818582, 0.818582
0.840309, 0.810423
0.862227, 0.801345
0.884298, 0.7912
0.906593, 0.779928
0.105012, 0.798118
0.126367, 0.81038
0.147537, 0.821453
0.168608, 0.831392
0.189577, 0.840309
0.210406, 0.848336
0.231065, 0.855593
0.251541, 0.862185
0.271836, 0.868197
0.291965, 0.873695
0.311954, 0.878723
0.331836, 0.883301
0.351645, 0.887435
0.371412, 0.891114
0.391164, 0.894321
0.410918, 0.897035
0.430686, 0.899234
0.450472, 0.900901
0.470276, 0.90202
0.49009, 0.902582
0.50991, 0.902582
0.529724, 0.90202
0.549528, 0.900901
0.569314, 0.899234
0.589082, 0.897035
0.608836, 0.894321
0.628588, 0.891114
0.648355, 0.887435
0.668164, 0.883301
0.688046, 0.878723
0.708035, 0.873695
0.728164, 0.868197
0.748459, 0.862185
0.768935, 0.855593
0.789594, 0.848336
0.810423, 0.840309
0.831392, 0.831392
0.852463, 0.821453
0.873633, 0.81038
0.894988, 0.798118
0.117767, 0.816322
0.138155, 0.829589
0.158387, 0.841613
0.178547, 0.852463
0.198655, 0.862227
0.218689, 0.871018
0.23863, 0.878934
0.258468, 0.886059
0.278197, 0.892466
0.297821, 0.898215
0.317343, 0.903356
0.336776, 0.907925
0.35613, 0.911952
0.37542, 0.915456
0.394657, 0.918452
0.413855, 0.920945
0.433024, 0.922939
0.452173, 0.924435
0.471308, 0.925434
0.490437, 0.925933
0.509563, 0.925933
0.528692, 0.925434
0.547827, 0.924435
0.566976, 0.922939
0.586145, 0.920945
0.605343, 0.918452
0.62458, 0.915456
0.64387, 0.911952
0.663224, 0.907925
0.682657, 0.903356
0.702179, 0.898215
0.721803, 0.892466
0.741532, 0.886059
0.76137, 0.878934
0.781311, 0.871018
0.801345, 0.862227
0.821453, 0.852463
0.841613, 0.841613
0.861845, 0.829589
0.882233, 0.816322
0.131797, 0.834536
0.151185, 0.848815
0.170411, 0.861845
0.18962, 0.873633
0.2088, 0.884298
0.227941, 0.893945
0.247033, 0.902659
0.266071, 0.910516
0.285051, 0.91758
0.303973, 0.923903
0.322837, 0.929532
0.341645, 0.934506
0.360402, 0.938857
0.379111, 0.942614
0.39778, 0.945797
0.416414, 0.948425
0.435018, 0.950512
0.4536, 0.952068
0.472167, 0.953102
0.490723, 0.953617
0.509277, 0.953617
0.527833, 0.953102
0.5464, 0.952068
0.564982, 0.950512
0.583586, 0.948425
0.60222, 0.945797
0.620889, 0.942614
0.639598, 0.938857
0.658355, 0.934506
0.677163, 0.929532
0.696027, 0.923903
0.714949, 0.91758
0.733929, 0.910516
0.752967, 0.902659
0.772059, 0.893945
0.7912, 0.884298
0.81038, 0.873633
0.829589, 0.861845
0.848815, 0.848815
0.868203, 0.834536
0.146936, 0.853064
0.165464, 0.868203
0.183678, 0.882233
0.201882, 0.894988
0.220072, 0.906593
0.238245, 0.91715
0.256401, 0.926742
0.274538, 0.935437
0.292656, 0.943293
0.310756, 0.950358
0.328839, 0.956673
0.346905, 0.962271
0.364956, 0.967182
0.382992, 0.971431
0.401016, 0.975037
0.419029, 0.978017
0.437032, 0.980386
0.455028, 0.982153
0.473019, 0.983327
0.491007, 0.983913
0.508993, 0.983913
0.526981, 0.983327
0.544972, 0.982153
0.562968, 0.980386
0.580971, 0.978017
0.598984, 0.975037
0.617008, 0.971431
0.635044, 0.967182
0.653095, 0.962271
0.671161, 0.956673
0.689244, 0.950358
0.707344, 0.943293
0.725462, 0.935437
0.743599, 0.926742
0.761755, 0.91715
0.779928, 0.906593
0.798118, 0.894988
0.816322, 0.882233
0.834536, 0.868203
0.853064, 0.853064
