0.146447, 0.146447
0.164124, 0.129612
0.181802, 0.114319
0.19948, 0.100391
0.217157, 0.0876894
0.234835, 0.0761044
0.252513, 0.0655463
0.27019, 0.055942
0.287868, 0.0472307
0.305546, 0.0393619
0.323223, 0.0322928
0.340901, 0.0259879
0.358579, 0.0204168
0.376256, 0.0155544
0.393934, 0.0113795
0.411612, 0.00787451
0.429289, 0.00502525
0.446967, 0.00282045
0.464645, 0.00125157
0.482322, 0.000312598
0.5, 0
0.517678, 0.000312598
0.535355, 0.00125157
0.553033, 0.00282045
0.570711, 0.00502525
0.588388, 0.00787451
0.606066, 0.0113795
0.623744, 0.0155544
0.641421, 0.0204168
0.659099, 0.0259879
0.676777, 0.0322928
0.694454, 0.0393619
0.712132, 0.0472307
0.72981, 0.055942
0.747487, 0.0655463
0.765165, 0.0761044
0.782843, 0.0876894
0.80052, 0.100391
0.818198, 0.114319
0.835876, 0.129612
0.853553, 0.146447
0.129612, 0.164124
0.148134, 0.148134
0.166657, 0.13361
0.185181, 0.120385
0.203705, 0.108326
0.222229, 0.0973288
0.240753, 0.0873082
0.259276, 0.0781943
0.277798, 0.0699292
0.296319, 0.0624644
0.314839, 0.0557593
0.333359, 0.0497798
0.351877, 0.0444969
0.370394, 0.0398865
0.388911, 0.0359282
0.407427, 0.0326055
0.425943, 0.0299045
0.444457, 0.0278146
0.462972, 0.0263275
0.481486, 0.0254375
0.5, 0.0251412
0.518514, 0.0254375
0.537028, 0.0263275
0.555543, 0.0278146
0.574057, 0.0299045
0.592573, 0.0326055
0.611089, 0.0359282
0.629606, 0.0398865
0.648123, 0.0444969
0.666641, 0.0497798
0.685161, 0.0557593
0.703681, 0.0624644
0.722202, 0.0699292
0.740724, 0.0781943
0.759247, 0.0873082
0.777771, 0.0973288
0.796295, 0.108326
0.814819, 0.120385
0.833343, 0.13361
0.851866, 0.148134
0.870388, 0.164124
0.114319, 0.181802
0.13361, 0.166657
0.152903, 0.152903
0.172197, 0.140381
0.191492, 0.128965
0.210786, 0.118555
0.230079, 0.109072
0.24937, 0.100447
0.268659, 0.0926266
0.287946, 0.085564
0.307232, 0.0792207
0.326515, 0.0735641
0.345796, 0.0685666
0.365076, 0.0642054
0.384354, 0.0604611
0.40363, 0.0573179
0.422906, 0.0547628
0.44218, 0.0527858
0.461454, 0.051379
0.480727, 0.050537
0.5, 0.0502567
0.519273, 0.050537
0.538546, 0.051379
0.55782, 0.0527858
0.577094, 0.0547628
0.59637, 0.0573179
0.615646, 0.0604611
0.634924, 0.0642054
0.654204, 0.0685666
0.673485, 0.0735641
0.692768, 0.0792207
0.712054, 0.085564
0.731341, 0.0926266
0.75063, 0.100447
0.769921, 0.109072
0.789214, 0.118555
0.808508, 0.128965
0.827803, 0.140381
0.847097, 0.152903
0.86639, 0.166657
0.885681, 0.181802
0.100391, 0.19948
0.120385, 0.185181
0.140381, 0.172197
0.160378, 0.160378
0.180375, 0.149604
0.200371, 0.139782
0.220364, 0.130833
0.240354, 0.122696
0.260341, 0.115317
0.280325, 0.108653
0.300305, 0.102667
0.320282, 0.0973272
0.340257, 0.0926089
0.360228, 0.0884902
0.380199, 0.084953
0.400167, 0.0819828
0.420135, 0.0795676
0.440102, 0.0776983
0.460068, 0.0763679
0.480034, 0.0755715
0.5, 0.0753064
0.519966, 0.0755715
0.539932, 0.0763679
0.559898, 0.0776983
0.579865, 0.0795676
0.599833, 0.0819828
0.619801, 0.084953
0.639772, 0.0884902
0.659743, 0.0926089
0.679718, 0.0973272
0.699695, 0.102667
0.719675, 0.108653
0.739659, 0.115317
0.759646, 0.122696
0.779636, 0.130833
0.799629, 0.139782
0.819625, 0.149604
0.839622, 0.160378
0.859619, 0.172197
0.879615, 0.185181
0.899609, 0.19948
0.0876894, 0.217157
0.108326, 0.203705
0.128965, 0.191492
0.149604, 0.180375
0.170243, 0.170243
0.190878, 0.161005
0.211509, 0.152589
0.232135, 0.144935
0.252755, 0.137992
0.27337, 0.131718
0.29398, 0.12608
0.314586, 0.121047
0.335189, 0.116595
0.35579, 0.112705
0.376389, 0.109362
0.396989, 0.106552
0.417589, 0.104265
0.438191, 0.102493
0.458793, 0.101232
0.479396, 0.100477
0.5, 0.100225
0.520604, 0.100477
0.541207, 0.101232
0.561809, 0.102493
0.582411, 0.104265
0.603011, 0.106552
0.623611, 0.109362
0.64421, 0.112705
0.664811, 0.116595
0.685414, 0.121047
0.70602, 0.12608
0.72663, 0.131718
0.747245, 0.137992
0.767865, 0.144935
0.788491, 0.152589
0.809122, 0.161005
0.829757, 0.170243
0.850396, 0.180375
0.871035, 0.191492
0.891674, 0.203705
0.912311, 0.217157
0.0761044, 0.234835
0.0973288, 0.222229
0.118555, 0.210786
0.139782, 0.200371
0.161005, 0.190878
0.182223, 0.182223
0.203433, 0.174335
0.224635, 0.167158
0.245827, 0.160642
0.267011, 0.154748
0.288188, 0.149443
0.30936, 0.1447
0.33053, 0.140498
0.3517, 0.136821
0.372874, 0.133656
0.394052, 0.130994
0.415234, 0.128827
0.436421, 0.127149
0.457612, 0.125954
0.478805, 0.125238
0.5, 0.125
0.521195, 0.125238
0.542388, 0.125954
0.563579, 0.127149
0.584766, 0.128827
0.605948, 0.130994
0.627126, 0.133656
0.6483, 0.136821
0.66947, 0.140498
0.69064, 0.1447
0.711812, 0.149443
0.732989, 0.154748
0.754173, 0.160642
0.775365, 0.167158
0.796567, 0.174335
0.817777, 0.182223
0.838995, 0.190878
0.860218, 0.200371
0.881445, 0.210786
0.902671, 0.222229
0.923896, 0.234835
0.0655463, 0.252513
0.0873082, 0.240753
0.109072, 0.230079
0.130833, 0.220364
0.152589, 0.211509
0.174335, 0.203433
0.196069, 0.196069
0.217788, 0.18936
0.239492, 0.183261
0.261184, 0.177732
0.282867, 0.172745
0.304548, 0.16828
0.326233, 0.16432
0.347926, 0.160856
0.369629, 0.157878
0.391343, 0.155377
0.413064, 0.153344
0.434793, 0.151772
0.456526, 0.150654
0.478262, 0.149985
0.5, 0.149762
0.521738, 0.149985
0.543474, 0.150654
0.565207, 0.151772
0.586936, 0.153344
0.608657, 0.155377
0.630371, 0.157878
0.652074, 0.160856
0.673767, 0.16432
0.695452, 0.16828
0.717133, 0.172745
0.738816, 0.177732
0.760508, 0.183261
0.782212, 0.18936
0.803931, 0.196069
0.825665, 0.203433
0.847411, 0.211509
0.869167, 0.220364
0.890928, 0.230079
0.912692, 0.240753
0.934454, 0.252513
0.055942, 0.27019
0.0781943, 0.259276
0.100447, 0.24937
0.122696, 0.240354
0.144935, 0.232135
0.167158, 0.224635
0.18936, 0.217788
0.21154, 0.21154
0.233697, 0.205846
0.25584, 0.200673
0.27798, 0.196003
0.300129, 0.191824
0.322294, 0.188129
0.344477, 0.184906
0.366675, 0.182145
0.388885, 0.179832
0.411102, 0.177957
0.433324, 0.176508
0.455548, 0.17548
0.477774, 0.174865
0.5, 0.17466
0.522226, 0.174865
0.544452, 0.17548
0.566676, 0.176508
0.588898, 0.177957
0.611115, 0.179832
0.633325, 0.182145
0.655523, 0.184906
0.677706, 0.188129
0.699871, 0.191824
0.72202, 0.196003
0.74416, 0.200673
0.766303, 0.205846
0.78846, 0.21154
0.81064, 0.217788
0.832842, 0.224635
0.855065, 0.232135
0.877304, 0.240354
0.899553, 0.24937
0.921806, 0.259276
0.944058, 0.27019
0.0472307, 0.287868
0.0699292, 0.277798
0.0926266, 0.268659
0.115317, 0.260341
0.137992, 0.252755
0.160642, 0.245827
0.183261, 0.239492
0.205846, 0.233697
0.228404, 0.228404
0.250956, 0.223594
0.273522, 0.219261
0.296115, 0.2154
0.318734, 0.212
0.341373, 0.209046
0.364026, 0.20652
0.386686, 0.204409
0.40935, 0.2027
0.432014, 0.201381
0.454677, 0.200445
0.477339, 0.199885
0.5, 0.199699
0.522661, 0.199885
0.545323, 0.200445
0.567986, 0.201381
0.59065, 0.2027
0.613314, 0.204409
0.635974, 0.20652
0.658627, 0.209046
0.681266, 0.212
0.703885, 0.2154
0.726478, 0.219261
0.749044, 0.223594
0.771596, 0.228404
0.794154, 0.233697
0.816739, 0.239492
0.839358, 0.245827
0.862008, 0.252755
0.884683, 0.260341
0.907373, 0.268659
0.930071, 0.277798
0.952769, 0.287868
0.0393619, 0.305546
0.0624644, 0.296319
0.085564, 0.287946
0.108653, 0.280325
0.131718, 0.27337
0.154748, 0.267011
0.177732, 0.261184
0.200673, 0.25584
0.223594, 0.250956
0.24653, 0.24653
0.269502, 0.242562
0.292512, 0.239042
0.315551, 0.235952
0.338606, 0.233273
0.361668, 0.230986
0.384733, 0.229078
0.407794, 0.227533
0.430852, 0.226343
0.453904, 0.225499
0.476953, 0.224995
0.5, 0.224828
0.523047, 0.224995
0.546096, 0.225499
0.569148, 0.226343
0.592206, 0.227533
0.615267, 0.229078
0.638332, 0.230986
0.661394, 0.233273
0.684449, 0.235952
0.707488, 0.239042
0.730498, 0.242562
0.75347, 0.24653
0.776406, 0.250956
0.799327, 0.25584
0.822268, 0.261184
0.845252, 0.267011
0.868282, 0.27337
0.891347, 0.280325
0.914436, 0.287946
0.937536, 0.296319
0.960638, 0.305546
0.0322928, 0.323223
0.0557593, 0.314839
0.0792207, 0.307232
0.102667, 0.300305
0.12608, 0.29398
0.149443, 0.288188
0.172745, 0.282867
0.196003, 0.27798
0.219261, 0.273522
0.242562, 0.269502
0.265915, 0.265915
0.289308, 0.262742
0.312726, 0.259963
0.336153, 0.257557
0.359582, 0.255506
0.383006, 0.253797
0.406422, 0.252416
0.429828, 0.251352
0.453224, 0.250599
0.476614, 0.250149
0.5, 0.249999
0.523386, 0.250149
0.546776, 0.250599
0.570172, 0.251352
0.593578, 0.252416
0.616994, 0.253797
0.640418, 0.255506
0.663847, 0.257557
0.687274, 0.259963
0.710692, 0.262742
0.734085, 0.265915
0.757438, 0.269502
0.780739, 0.273522
0.803997, 0.27798
0.827255, 0.282867
0.850557, 0.288188
0.87392, 0.29398
0.897333, 0.300305
0.920779, 0.307232
0.944241, 0.314839
0.967707, 0.323223
0.0259879, 0.340901
0.0497798, 0.333359
0.0735641, 0.326515
0.0973272, 0.320282
0.121047, 0.314586
0.1447, 0.30936
0.16828, 0.304548
0.191824, 0.300129
0.2154, 0.296115
0.239042, 0.292512
0.262742, 0.289308
0.28648, 0.28648
0.310236, 0.284006
0.333996, 0.281868
0.35775, 0.280049
0.381492, 0.278535
0.405219, 0.277313
0.428931, 0.276372
0.452629, 0.275706
0.476317, 0.275308
0.5, 0.275176
0.523683, 0.275308
0.547371, 0.275706
0.571069, 0.276372
0.594781, 0.277313
0.618508, 0.278535
0.64225, 0.280049
0.666004, 0.281868
0.689764, 0.284006
0.71352, 0.28648
0.737258, 0.289308
0.760958, 0.292512
0.7846, 0.296115
0.808176, 0.300129
0.83172, 0.304548
0.8553, 0.30936
0.878953, 0.314586
0.902673, 0.320282
0.926436, 0.326515
0.95022, 0.333359
0.974012, 0.340901
0.0204168, 0.358579
0.0444969, 0.351877
0.0685666, 0.345796
0.0926089, 0.340257
0.116595, 0.335189
0.140498, 0.33053
0.16432, 0.326233
0.188129, 0.322294
0.212, 0.318734
0.235952, 0.315551
0.259963, 0.312726
0.284006, 0.310236
0.308062, 0.308062
0.332115, 0.306186
0.356155, 0.304593
0.380176, 0.303267
0.404174, 0.302197
0.428151, 0.301372
0.45211, 0.300786
0.476058, 0.300435
0.5, 0.300318
0.523942, 0.300435
0.54789, 0.300786
0.571849, 0.301372
0.595826, 0.302197
0.619824, 0.303267
0.643845, 0.304593
0.667885, 0.306186
0.691938, 0.308062
0.715994, 0.310236
0.740037, 0.312726
0.764048, 0.315551
0.788, 0.318734
0.811871, 0.322294
0.83568, 0.326233
0.859502, 0.33053
0.883405, 0.335189
0.907391, 0.340257
0.931433, 0.345796
0.955503, 0.351877
0.979583, 0.358579
0.0155544, 0.376256
0.0398865, 0.370394
0.0642054, 0.365076
0.0884902, 0.360228
0.112705, 0.35579
0.136821, 0.3517
0.160856, 0.347926
0.184906, 0.344477
0.209046, 0.341373
0.233273, 0.338606
0.257557, 0.336153
0.281868, 0.333996
0.306186, 0.332115
0.330495, 0.330495
0.354782, 0.329119
0.37904, 0.327972
0.403269, 0.327041
0.427471, 0.326316
0.451655, 0.325794
0.475829, 0.325477
0.5, 0.325371
0.524171, 0.325477
0.548345, 0.325794
0.572529, 0.326316
0.596731, 0.327041
0.62096, 0.327972
0.645218, 0.329119
0.669505, 0.330495
0.693814, 0.332115
0.718132, 0.333996
0.742443, 0.336153
0.766727, 0.338606
0.790954, 0.341373
0.815094, 0.344477
0.839144, 0.347926
0.863179, 0.3517
0.887295, 0.35579
0.91151, 0.360228
0.935795, 0.365076
0.960114, 0.370394
0.984446, 0.376256
0.0113795, 0.393934
0.0359282, 0.388911
0.0604611, 0.384354
0.084953, 0.380199
0.109362, 0.376389
0.133656, 0.372874
0.157878, 0.369629
0.182145, 0.366675
0.20652, 0.364026
0.230986, 0.361668
0.255506, 0.359582
0.280049, 0.35775
0.304593, 0.356155
0.329119, 0.354782
0.353613, 0.353613
0.378067, 0.352631
0.402481, 0.351819
0.426866, 0.351167
0.451239, 0.350679
0.475616, 0.350373
0.5, 0.350269
0.524384, 0.350373
0.548761, 0.350679
0.573134, 0.351167
0.597519, 0.351819
0.621933, 0.352631
0.646387, 0.353613
0.670881, 0.354782
0.695407, 0.356155
0.719951, 0.35775
0.744494, 0.359582
0.769014, 0.361668
0.79348, 0.364026
0.817855, 0.366675
0.842122, 0.369629
0.866344, 0.372874
0.890638, 0.376389
0.915047, 0.380199
0.939539, 0.384354
0.964072, 0.388911
0.988621, 0.393934
0.00787451, 0.411612
0.0326055, 0.407427
0.0573179, 0.40363
0.0819828, 0.400167
0.106552, 0.396989
0.130994, 0.394052
0.155377, 0.391343
0.179832, 0.388885
0.204409, 0.386686
0.229078, 0.384733
0.253797, 0.383006
0.278535, 0.381492
0.303267, 0.380176
0.327972, 0.37904
0.352631, 0.378067
0.377232, 0.377232
0.401779, 0.376512
0.426299, 0.375899
0.450832, 0.375419
0.475401, 0.37511
0.5, 0.375004
0.524599, 0.37511
0.549168, 0.375419
0.573701, 0.375899
0.598221, 0.376512
0.622768, 0.377232
0.647369, 0.378067
0.672028, 0.37904
0.696733, 0.380176
0.721465, 0.381492
0.746203, 0.383006
0.770922, 0.384733
0.795591, 0.386686
0.820168, 0.388885
0.844623, 0.391343
0.869006, 0.394052
0.893448, 0.396989
0.918017, 0.400167
0.942682, 0.40363
0.967395, 0.407427
0.992125, 0.411612
0.00502525, 0.429289
0.0299045, 0.425943
0.0547628, 0.422906
0.0795676, 0.420135
0.104265, 0.417589
0.128827, 0.415234
0.153344, 0.413064
0.177957, 0.411102
0.2027, 0.40935
0.227533, 0.407794
0.252416, 0.406422
0.277313, 0.405219
0.302197, 0.404174
0.327041, 0.403269
0.351819, 0.402481
0.376512, 0.401779
0.401135, 0.401135
0.425752, 0.400561
0.450433, 0.400111
0.475193, 0.39983
0.5, 0.399735
0.524807, 0.39983
0.549567, 0.400111
0.574248, 0.400561
0.598865, 0.401135
0.623488, 0.401779
0.648181, 0.402481
0.672959, 0.403269
0.697803, 0.404174
0.722687, 0.405219
0.747584, 0.406422
0.772467, 0.407794
0.7973, 0.40935
0.822043, 0.411102
0.846656, 0.413064
0.871173, 0.415234
0.895735, 0.417589
0.920432, 0.420135
0.945237, 0.422906
0.970095, 0.425943
0.994975, 0.429289
0.00282045, 0.446967
0.0278146, 0.444457
0.0527858, 0.44218
0.0776983, 0.440102
0.102493, 0.438191
0.127149, 0.436421
0.151772, 0.434793
0.176508, 0.433324
0.201381, 0.432014
0.226343, 0.430852
0.251352, 0.429828
0.276372, 0.428931
0.301372, 0.428151
0.326316, 0.427471
0.351167, 0.426866
0.375899, 0.426299
0.400561, 0.425752
0.425269, 0.425269
0.450096, 0.42491
0.475024, 0.424696
0.5, 0.424625
0.524976, 0.424696
0.549904, 0.42491
0.574731, 0.425269
0.599439, 0.425752
0.624101, 0.426299
0.648833, 0.426866
0.673684, 0.427471
0.698628, 0.428151
0.723628, 0.428931
0.748648, 0.429828
0.773657, 0.430852
0.798619, 0.432014
0.823492, 0.433324
0.848228, 0.434793
0.872851, 0.436421
0.897507, 0.438191
0.922302, 0.440102
0.947214, 0.44218
0.972185, 0.444457
0.99718, 0.446967
0.00125157, 0.464645
0.0263275, 0.462972
0.051379, 0.461454
0.0763679, 0.460068
0.101232, 0.458793
0.125954, 0.457612
0.150654, 0.456526
0.17548, 0.455548
0.200445, 0.454677
0.225499, 0.453904
0.250599, 0.453224
0.275706, 0.452629
0.300786, 0.45211
0.325794, 0.451655
0.350679, 0.451239
0.375419, 0.450832
0.400111, 0.450433
0.42491, 0.450096
0.449858, 0.449858
0.474906, 0.449718
0.5, 0.449673
0.525094, 0.449718
0.550142, 0.449858
0.57509, 0.450096
0.599889, 0.450433
0.624581, 0.450832
0.649321, 0.451239
0.674206, 0.451655
0.699214, 0.45211
0.724294, 0.452629
0.749401, 0.453224
0.774501, 0.453904
0.799555, 0.454677
0.82452, 0.455548
0.849346, 0.456526
0.874046, 0.457612
0.898768, 0.458793
0.923632, 0.460068
0.948621, 0.461454
0.973672, 0.462972
0.998748, 0.464645
0.000312598, 0.482322
0.0254375, 0.481486
0.050537, 0.480727
0.0755715, 0.480034
0.100477, 0.479396
0.125238, 0.478805
0.149985, 0.478262
0.174865, 0.477774
0.199885, 0.477339
0.224995, 0.476953
0.250149, 0.476614
0.275308, 0.476317
0.300435, 0.476058
0.325477, 0.475829
0.350373, 0.475616
0.37511, 0.475401
0.39983, 0.475193
0.424696, 0.475024
0.449718, 0.474906
0.474838, 0.474838
0.5, 0.474815
0.525162, 0.474838
0.550282, 0.474906
0.575304, 0.475024
0.60017, 0.475193
0.62489, 0.475401
0.649627, 0.475616
0.674523, 0.475829
0.699565, 0.476058
0.724692, 0.476317
0.749851, 0.476614
0.775005, 0.476953
0.800115, 0.477339
0.825135, 0.477774
0.850015, 0.478262
0.874762, 0.478805
0.899523, 0.479396
0.924428, 0.480034
0.949463, 0.480727
0.974562, 0.481486
0.999687, 0.482322
0, 0.5
0.0251412, 0.5
0.0502567, 0.5
0.0753064, 0.5
0.100225, 0.5
0.125, 0.5
0.149762, 0.5
0.17466, 0.5
0.199699, 0.5
0.224828, 0.5
0.249999, 0.5
0.275176, 0.5
0.300318, 0.5
0.325371, 0.5
0.350269, 0.5
0.375004, 0.5
0.399735, 0.5
0.424625, 0.5
0.449673, 0.5
0.474815, 0.5
0.5, 0.5
0.525185, 0.5
0.550327, 0.5
0.575375, 0.5
0.600265, 0.5
0.624996, 0.5
0.649731, 0.5
0.674629, 0.5
0.699682, 0.5
0.724824, 0.5
0.750001, 0.5
0.775172, 0.5
0.800301, 0.5
0.82534, 0.5
0.850238, 0.5
0.875, 0.5
0.899775, 0.5
0.924694, 0.5
0.949743, 0.5
0.974859, 0.5
1, 0.5
0.000312598, 0.517678
0.0254375, 0.518514
0.050537, 0.519273
0.0755715, 0.519966
0.100477, 0.520604
0.125238, 0.521195
0.149985, 0.521738
0.174865, 0.522226
0.199885, 0.522661
0.224995, 0.523047
0.250149, 0.523386
0.275308, 0.523683
0.300435, 0.523942
0.325477, 0.524171
0.350373, 0.524384
0.37511, 0.524599
0.39983, 0.524807
0.424696, 0.524976
0.449718, 0.525094
0.474838, 0.525162
0.5, 0.525185
0.525162, 0.525162
0.550282, 0.525094
0.575304, 0.524976
0.60017, 0.524807
0.62489, 0.524599
0.649627, 0.524384
0.674523, 0.524171
0.699565, 0.523942
0.724692, 0.523683
0.749851, 0.523386
0.775005, 0.523047
0.800115, 0.522661
0.825135, 0.522226
0.850015, 0.521738
0.874762, 0.521195
0.899523, 0.520604
0.924428, 0.519966
0.949463, 0.519273
0.974562, 0.518514
0.999687, 0.517678
0.00125157, 0.535355
0.0263275, 0.537028
0.051379, 0.538546
0.0763679, 0.539932
0.101232, 0.541207
0.125954, 0.542388
0.150654, 0.543474
0.17548, 0.544452
0.200445, 0.545323
0.225499, 0.546096
0.250599, 0.546776
0.275706, 0.547371
0.300786, 0.54789
0.325794, 0.548345
0.350679, 0.548761
0.375419, 0.549168
0.400111, 0.549567
0.42491, 0.549904
0.449858, 0.550142
0.474906, 0.550282
0.5, 0.550327
0.525094, 0.550282
0.550142, 0.550142
0.57509, 0.549904
0.599889, 0.549567
0.624581, 0.549168
0.649321, 0.548761
0.674206, 0.548345
0.699214, 0.54789
0.724294, 0.547371
0.749401, 0.546776
0.774501, 0.546096
0.799555, 0.545323
0.82452, 0.544452
0.849346, 0.543474
0.874046, 0.542388
0.898768, 0.541207
0.923632, 0.539932
0.948621, 0.538546
0.973672, 0.537028
0.998748, 0.535355
0.00282045, 0.553033
0.0278146, 0.555543
0.0527858, 0.55782
0.0776983, 0.559898
0.102493, 0.561809
0.127149, 0.563579
0.151772, 0.565207
0.176508, 0.566676
0.201381, 0.567986
0.226343, 0.569148
0.251352, 0.570172
0.276372, 0.571069
0.301372, 0.571849
0.326316, 0.572529
0.351167, 0.573134
0.375899, 0.573701
0.400561, 0.574248
0.425269, 0.574731
0.450096, 0.57509
0.475024, 0.575304
0.5, 0.575375
0.524976, 0.575304
0.549904, 0.57509
0.574731, 0.574731
0.599439, 0.574248
0.624101, 0.573701
0.648833, 0.573134
0.673684, 0.572529
0.698628, 0.571849
0.723628, 0.571069
0.748648, 0.570172
0.773657, 0.569148
0.798619, 0.567986
0.823492, 0.566676
0.848228, 0.565207
0.872851, 0.563579
0.897507, 0.561809
0.922302, 0.559898
0.947214, 0.55782
0.972185, 0.555543
0.99718, 0.553033
0.00502525, 0.570711
0.0299045, 0.574057
0.0547628, 0.577094
0.0795676, 0.579865
0.104265, 0.582411
0.128827, 0.584766
0.153344, 0.586936
0.177957, 0.588898
0.2027, 0.59065
0.227533, 0.592206
0.252416, 0.593578
0.277313, 0.594781
0.302197, 0.595826
0.327041, 0.596731
0.351819, 0.597519
0.376512, 0.598221
0.401135, 0.598865
0.425752, 0.599439
0.450433, 0.599889
0.475193, 0.60017
0.5, 0.600265
0.524807, 0.60017
0.549567, 0.599889
0.574248, 0.599439
0.598865, 0.598865
0.623488, 0.598221
0.648181, 0.597519
0.672959, 0.596731
0.697803, 0.595826
0.722687, 0.594781
0.747584, 0.593578
0.772467, 0.592206
0.7973, 0.59065
0.822043, 0.588898
0.846656, 0.586936
0.871173, 0.584766
0.895735, 0.582411
0.920432, 0.579865
0.945237, 0.577094
0.970095, 0.574057
0.994975, 0.570711
0.00787451, 0.588388
0.0326055, 0.592573
0.0573179, 0.59637
0.0819828, 0.599833
0.106552, 0.603011
0.130994, 0.605948
0.155377, 0.608657
0.179832, 0.611115
0.204409, 0.613314
0.229078, 0.615267
0.253797, 0.616994
0.278535, 0.618508
0.303267, 0.619824
0.327972, 0.62096
0.352631, 0.621933
0.377232, 0.622768
0.401779, 0.623488
0.426299, 0.624101
0.450832, 0.624581
0.475401, 0.62489
0.5, 0.624996
0.524599, 0.62489
0.549168, 0.624581
0.573701, 0.624101
0.598221, 0.623488
0.622768, 0.622768
0.647369, 0.621933
0.672028, 0.62096
0.696733, 0.619824
0.721465, 0.618508
0.746203, 0.616994
0.770922, 0.615267
0.795591, 0.613314
0.820168, 0.611115
0.844623, 0.608657
0.869006, 0.605948
0.893448, 0.603011
0.918017, 0.599833
0.942682, 0.59637
0.967395, 0.592573
0.992125, 0.588388
0.0113795, 0.606066
0.0359282, 0.611089
0.0604611, 0.615646
0.084953, 0.619801
0.109362, 0.623611
0.133656, 0.627126
0.157878, 0.630371
0.182145, 0.633325
0.20652, 0.635974
0.230986, 0.638332
0.255506, 0.640418
0.280049, 0.64225
0.304593, 0.643845
0.329119, 0.645218
0.353613, 0.646387
0.378067, 0.647369
0.402481, 0.648181
0.426866, 0.648833
0.451239, 0.649321
0.475616, 0.649627
0.5, 0.649731
0.524384, 0.649627
0.548761, 0.649321
0.573134, 0.648833
0.597519, 0.648181
0.621933, 0.647369
0.646387, 0.646387
0.670881, 0.645218
0.695407, 0.643845
0.719951, 0.64225
0.744494, 0.640418
0.769014, 0.638332
0.79348, 0.635974
0.817855, 0.633325
0.842122, 0.630371
0.866344, 0.627126
0.890638, 0.623611
0.915047, 0.619801
0.939539, 0.615646
0.964072, 0.611089
0.988621, 0.606066
0.0155544, 0.623744
0.0398865, 0.629606
0.0642054, 0.634924
0.0884902, 0.639772
0.112705, 0.64421
0.136821, 0.6483
0.160856, 0.652074
0.184906, 0.655523
0.209046, 0.658627
0.233273, 0.661394
0.257557, 0.663847
0.281868, 0.666004
0.306186, 0.667885
0.330495, 0.669505
0.354782, 0.670881
0.37904, 0.672028
0.403269, 0.672959
0.427471, 0.673684
0.451655, 0.674206
0.475829, 0.674523
0.5, 0.674629
0.524171, 0.674523
0.548345, 0.674206
0.572529, 0.673684
0.596731, 0.672959
0.62096, 0.672028
0.645218, 0.670881
0.669505, 0.669505
0.693814, 0.667885
0.718132, 0.666004
0.742443, 0.663847
0.766727, 0.661394
0.790954, 0.658627
0.815094, 0.655523
0.839144, 0.652074
0.863179, 0.6483
0.887295, 0.64421
0.91151, 0.639772
0.935795, 0.634924
0.960114, 0.629606
0.984446, 0.623744
0.0204168, 0.641421
0.0444969, 0.648123
0.0685666, 0.654204
0.0926089, 0.659743
0.116595, 0.664811
0.140498, 0.66947
0.16432, 0.673767
0.188129, 0.677706
0.212, 0.681266
0.235952, 0.684449
0.259963, 0.687274
0.284006, 0.689764
0.308062, 0.691938
0.332115, 0.693814
0.356155, 0.695407
0.380176, 0.696733
0.404174, 0.697803
0.428151, 0.698628
0.45211, 0.699214
0.476058, 0.699565
0.5, 0.699682
0.523942, 0.699565
0.54789, 0.699214
0.571849, 0.698628
0.595826, 0.697803
0.619824, 0.696733
0.643845, 0.695407
0.667885, 0.693814
0.691938, 0.691938
0.715994, 0.689764
0.740037, 0.687274
0.764048, 0.684449
0.788, 0.681266
0.811871, 0.677706
0.83568, 0.673767
0.859502, 0.66947
0.883405, 0.664811
0.907391, 0.659743
0.931433, 0.654204
0.955503, 0.648123
0.979583, 0.641421
0.0259879, 0.659099
0.0497798, 0.666641
0.0735641, 0.673485
0.0973272, 0.679718
0.121047, 0.685414
0.1447, 0.69064
0.16828, 0.695452
0.191824, 0.699871
0.2154, 0.703885
0.239042, 0.707488
0.262742, 0.710692
0.28648, 0.71352
0.310236, 0.715994
0.333996, 0.718132
0.35775, 0.719951
0.381492, 0.721465
0.405219, 0.722687
0.428931, 0.723628
0.452629, 0.724294
0.476317, 0.724692
0.5, 0.724824
0.523683, 0.724692
0.547371, 0.724294
0.571069, 0.723628
0.594781, 0.722687
0.618508, 0.721465
0.64225, 0.719951
0.666004, 0.718132
0.689764, 0.715994
0.71352, 0.71352
0.737258, 0.710692
0.760958, 0.707488
0.7846, 0.703885
0.808176, 0.699871
0.83172, 0.695452
0.8553, 0.69064
0.878953, 0.685414
0.902673, 0.679718
0.926436, 0.673485
0.95022, 0.666641
0.974012, 0.659099
0.0322928, 0.676777
0.0557593, 0.685161
0.0792207, 0.692768
0.102667, 0.699695
0.12608, 0.70602
0.149443, 0.711812
0.172745, 0.717133
0.196003, 0.72202
0.219261, 0.726478
0.242562, 0.730498
0.265915, 0.734085
0.289308, 0.737258
0.312726, 0.740037
0.336153, 0.742443
0.359582, 0.744494
0.383006, 0.746203
0.406422, 0.747584
0.429828, 0.748648
0.453224, 0.749401
0.476614, 0.749851
0.5, 0.750001
0.523386, 0.749851
0.546776, 0.749401
0.570172, 0.748648
0.593578, 0.747584
0.616994, 0.746203
0.640418, 0.744494
0.663847, 0.742443
0.687274, 0.740037
0.710692, 0.737258
0.734085, 0.734085
0.757438, 0.730498
0.780739, 0.726478
0.803997, 0.72202
0.827255, 0.717133
0.850557, 0.711812
0.87392, 0.70602
0.897333, 0.699695
0.920779, 0.692768
0.944241, 0.685161
0.967707, 0.676777
0.0393619, 0.694454
0.0624644, 0.703681
0.085564, 0.712054
0.108653, 0.719675
0.131718, 0.72663
0.154748, 0.732989
0.177732, 0.738816
0.200673, 0.74416
0.223594, 0.749044
0.24653, 0.75347
0.269502, 0.757438
0.292512, 0.760958
0.315551, 0.764048
0.338606, 0.766727
0.361668, 0.769014
0.384733, 0.770922
0.407794, 0.772467
0.430852, 0.773657
0.453904, 0.774501
0.476953, 0.775005
0.5, 0.775172
0.523047, 0.775005
0.546096, 0.774501
0.569148, 0.773657
0.592206, 0.772467
0.615267, 0.770922
0.638332, 0.769014
0.661394, 0.766727
0.684449, 0.764048
0.707488, 0.760958
0.730498, 0.757438
0.75347, 0.75347
0.776406, 0.749044
0.799327, 0.74416
0.822268, 0.738816
0.845252, 0.732989
0.868282, 0.72663
0.891347, 0.719675
0.914436, 0.712054
0.937536, 0.703681
0.960638, 0.694454
0.0472307, 0.712132
0.0699292, 0.722202
0.0926266, 0.731341
0.115317, 0.739659
0.137992, 0.747245
0.160642, 0.754173
0.183261, 0.760508
0.205846, 0.766303
0.228404, 0.771596
0.250956, 0.776406
0.273522, 0.780739
0.296115, 0.7846
0.318734, 0.788
0.341373, 0.790954
0.364026, 0.79348
0.386686, 0.795591
0.40935, 0.7973
0.432014, 0.798619
0.454677, 0.799555
0.477339, 0.800115
0.5, 0.800301
0.522661, 0.800115
0.545323, 0.799555
0.567986, 0.798619
0.59065, 0.7973
0.613314, 0.795591
0.635974, 0.79348
0.658627, 0.790954
0.681266, 0.788
0.703885, 0.7846
0.726478, 0.780739
0.749044, 0.776406
0.771596, 0.771596
0.794154, 0.766303
0.816739, 0.760508
0.839358, 0.754173
0.862008, 0.747245
0.884683, 0.739659
0.907373, 0.731341
0.930071, 0.722202
0.952769, 0.712132
0.055942, 0.72981
0.0781943, 0.740724
0.100447, 0.75063
0.122696, 0.759646
0.144935, 0.767865
0.167158, 0.775365
0.18936, 0.782212
0.21154, 0.78846
0.233697, 0.794154
0.25584, 0.799327
0.27798, 0.803997
0.300129, 0.808176
0.322294, 0.811871
0.344477, 0.815094
0.366675, 0.817855
0.388885, 0.820168
0.411102, 0.822043
0.433324, 0.823492
0.455548, 0.82452
0.477774, 0.825135
0.5, 0.82534
0.522226, 0.825135
0.544452, 0.82452
0.566676, 0.823492
0.588898, 0.822043
0.611115, 0.820168
0.633325, 0.817855
0.655523, 0.815094
0.677706, 0.811871
0.699871, 0.808176
0.72202, 0.803997
0.74416, 0.799327
0.766303, 0.794154
0.78846, 0.78846
0.81064, 0.782212
0.832842, 0.775365
0.855065, 0.767865
0.877304, 0.759646
0.899553, 0.75063
0.921806, 0.740724
0.944058, 0.72981
0.0655463, 0.747487
0.0873082, 0.759247
0.109072, 0.769921
0.130833, 0.779636
0.152589, 0.788491
0.174335, 0.796567
0.196069, 0.803931
0.217788, 0.81064
0.239492, 0.816739
0.261184, 0.822268
0.282867, 0.827255
0.304548, 0.83172
0.326233, 0.83568
0.347926, 0.839144
0.369629, 0.842122
0.391343, 0.844623
0.413064, 0.846656
0.434793, 0.848228
0.456526, 0.849346
0.478262, 0.850015
0.5, 0.850238
0.521738, 0.850015
0.543474, 0.849346
0.565207, 0.848228
0.586936, 0.846656
0.608657, 0.844623
0.630371, 0.842122
0.652074, 0.839144
0.673767, 0.83568
0.695452, 0.83172
0.717133, 0.827255
0.738816, 0.822268
0.760508, 0.816739
0.782212, 0.81064
0.803931, 0.803931
0.825665, 0.796567
0.847411, 0.788491
0.869167, 0.779636
0.890928, 0.769921
0.912692, 0.759247
0.934454, 0.747487
0.0761044, 0.765165
0.0973288, 0.777771
0.118555, 0.789214
0.139782, 0.799629
0.161005, 0.809122
0.182223, 0.817777
0.203433, 0.825665
0.224635, 0.832842
0.245827, 0.839358
0.267011, 0.845252
0.288188, 0.850557
0.30936, 0.8553
0.33053, 0.859502
0.3517, 0.863179
0.372874, 0.866344
0.394052, 0.869006
0.415234, 0.871173
0.436421, 0.872851
0.457612, 0.874046
0.478805, 0.874762
0.5, 0.875
0.521195, 0.874762
0.542388, 0.874046
0.563579, 0.872851
0.584766, 0.871173
0.605948, 0.869006
0.627126, 0.866344
0.6483, 0.863179
0.66947, 0.859502
0.69064, 0.8553
0.711812, 0.850557
0.732989, 0.845252
0.754173, 0.839358
0.775365, 0.832842
0.796567, 0.825665
0.817777, 0.817777
0.838995, 0.809122
0.860218, 0.799629
0.881445, 0.789214
0.902671, 0.777771
0.923896, 0.765165
0.0876894, 0.782843
0.108326, 0.796295
0.128965, 0.808508
0.149604, 0.819625
0.170243, 0.829757
0.190878, 0.838995
0.211509, 0.847411
0.232135, 0.855065
0.252755, 0.862008
0.27337, 0.868282
0.29398, 0.87392
0.314586, 0.878953
0.335189, 0.883405
0.35579, 0.887295
0.376389, 0.890638
0.396989, 0.893448
0.417589, 0.895735
0.438191, 0.897507
0.458793, 0.898768
0.479396, 0.899523
0.5, 0.899775
0.520604, 0.899523
0.541207, 0.898768
0.561809, 0.897507
0.582411, 0.895735
0.603011, 0.893448
0.623611, 0.890638
0.64421, 0.887295
0.664811, 0.883405
0.685414, 0.878953
0.70602, 0.87392
0.72663, 0.868282
0.747245, 0.862008
0.767865, 0.855065
0.788491, 0.847411
0.809122, 0.838995
0.829757, 0.829757
0.850396, 0.819625
0.871035, 0.808508
0.891674, 0.796295
0.912311, 0.782843
0.100391, 0.80052
0.120385, 0.814819
0.140381, 0.827803
0.160378, 0.839622
0.180375, 0.850396
0.200371, 0.860218
0.220364, 0.869167
0.240354, 0.877304
0.260341, 0.884683
0.280325, 0.891347
0.300305, 0.897333
0.320282, 0.902673
0.340257, 0.907391
0.360228, 0.91151
0.380199, 0.915047
0.400167, 0.918017
0.420135, 0.920432
0.440102, 0.922302
0.460068, 0.923632
0.480034, 0.924428
0.5, 0.924694
0.519966, 0.924428
0.539932, 0.923632
0.559898, 0.922302
0.579865, 0.920432
0.599833, 0.918017
0.619801, 0.915047
0.639772, 0.91151
0.659743, 0.907391
0.679718, 0.902673
0.699695, 0.897333
0.719675, 0.891347
0.739659, 0.884683
0.759646, 0.877304
0.779636, 0.869167
0.799629, 0.860218
0.819625, 0.850396
0.839622, 0.839622
0.859619, 0.827803
0.879615, 0.814819
0.899609, 0.80052
0.114319, 0.818198
0.13361, 0.833343
0.152903, 0.847097
0.172197, 0.859619
0.191492, 0.871035
0.210786, 0.881445
0.230079, 0.890928
0.24937, 0.899553
0.268659, 0.907373
0.287946, 0.914436
0.307232, 0.920779
0.326515, 0.926436
0.345796, 0.931433
0.365076, 0.935795
0.384354, 0.939539
0.40363, 0.942682
0.422906, 0.945237
0.44218, 0.947214
0.461454, 0.948621
0.480727, 0.949463
0.5, 0.949743
0.519273, 0.949463
0.538546, 0.948621
0.55782, 0.947214
0.577094, 0.945237
0.59637, 0.942682
0.615646, 0.939539
0.634924, 0.935795
0.654204, 0.931433
0.673485, 0.926436
0.692768, 0.920779
0.712054, 0.914436
0.731341, 0.907373
0.75063, 0.899553
0.769921, 0.890928
0.789214, 0.881445
0.808508, 0.871035
0.827803, 0.859619
0.847097, 0.847097
0.86639, 0.833343
0.885681, 0.818198
0.129612, 0.835876
0.148134, 0.851866
0.166657, 0.86639
0.185181, 0.879615
0.203705, 0.891674
0.222229, 0.902671
0.240753, 0.912692
0.259276, 0.921806
0.277798, 0.930071
0.296319, 0.937536
0.314839, 0.944241
0.333359, 0.95022
0.351877, 0.955503
0.370394, 0.960114
0.388911, 0.964072
0.407427, 0.967395
0.425943, 0.970095
0.444457, 0.972185
0.462972, 0.973672
0.481486, 0.974562
0.5, 0.974859
0.518514, 0.974562
0.537028, 0.973672
0.555543, 0.972185
0.574057, 0.970095
0.592573, 0.967395
0.611089, 0.964072
0.629606, 0.960114
0.648123, 0.955503
0.666641, 0.95022
0.685161, 0.944241
0.703681, 0.937536
0.722202, 0.930071
0.740724, 0.921806
0.759247, 0.912692
0.777771, 0.902671
0.796295, 0.891674
0.814819, 0.879615
0.833343, 0.86639
0.851866, 0.851866
0.870388, 0.835876
0.146447, 0.853553
0.164124, 0.870388
0.181802, 0.885681
0.19948, 0.899609
0.217157, 0.912311
0.234835, 0.923896
0.252513, 0.934454
0.27019, 0.944058
0.287868, 0.952769
0.305546, 0.960638
0.323223, 0.967707
0.340901, 0.974012
0.358579, 0.979583
0.376256, 0.984446
0.393934, 0.988621
0.411612, 0.992125
0.429289, 0.994975
0.446967, 0.99718
0.464645, 0.998748
0.482322, 0.999687
0.5, 1
0.517678, 0.999687
0.535355, 0.998748
0.553033, 0.99718
0.570711, 0.994975
0.588388, 0.992125
0.606066, 0.988621
0.623744, 0.984446
0.641421, 0.979583
0.659099, 0.974012
0.676777, 0.967707
0.694454, 0.960638
0.712132, 0.952769
0.72981, 0.944058
0.747487, 0.934454
0.765165, 0.923896
0.782843, 0.912311
0.80052, 0.899609
0.818198, 0.885681
0.835876, 0.870388
0.853553, 0.853553
0.146879, 0.146879
0.164989, 0.131242
0.183099, 0.117018
0.20121, 0.104054
0.21932, 0.092229
0.237431, 0.0814473
0.255541, 0.0716297
0.273651, 0.0627111
0.29176, 0.0546375
0.309869, 0.0473635
0.327978, 0.040851
0.346087, 0.035068
0.364195, 0.0299875
0.382303, 0.0255868
0.400411, 0.0218471
0.418518, 0.0187529
0.436625, 0.0162919
0.454733, 0.0144544
0.47284, 0.0132332
0.490947, 0.0126238
0.509053, 0.0126238
0.52716, 0.0132332
0.545267, 0.0144544
0.563375, 0.0162919
0.581482, 0.0187529
0.599589, 0.0218471
0.617697, 0.0255868
0.635805, 0.0299875
0.653913, 0.035068
0.672022, 0.040851
0.690131, 0.0473635
0.70824, 0.0546375
0.726349, 0.0627111
0.744459, 0.0716297
0.762569, 0.0814473
0.78068, 0.092229
0.79879, 0.104054
0.816901, 0.117018
0.835011, 0.131242
0.853121, 0.146879
0.131242, 0.164989
0.150157, 0.150157
0.169072, 0.136665
0.187988, 0.12437
0.206903, 0.113157
0.225818, 0.102934
0.244733, 0.0936256
0.263646, 0.0851703
0.282559, 0.0775167
0.301471, 0.0706215
0.320381, 0.0644486
0.339291, 0.0589674
0.3582, 0.0541522
0.377109, 0.0499815
0.396016, 0.0464373
0.414923, 0.0435051
0.43383, 0.0411728
0.452736, 0.0394315
0.471642, 0.0382742
0.490547, 0.0376967
0.509453, 0.0376967
0.528358, 0.0382742
0.547264, 0.0394315
0.56617, 0.0411728
0.585077, 0.0435051
0.603984, 0.0464373
0.622891, 0.0499815
0.6418, 0.0541522
0.660709, 0.0589674
0.679619, 0.0644486
0.698529, 0.0706215
0.717441, 0.0775167
0.736354, 0.0851703
0.755267, 0.0936256
0.774182, 0.102934
0.793097, 0.113157
0.812012, 0.12437
0.830928, 0.136665
0.849843, 0.150157
0.868758, 0.164989
0.117018, 0.183099
0.136665, 0.169072
0.156314, 0.156314
0.175963, 0.144689
0.195612, 0.134087
0.215259, 0.124422
0.234906, 0.115622
0.25455, 0.107629
0.274193, 0.100394
0.293835, 0.0938763
0.313474, 0.0880409
0.333112, 0.0828591
0.352749, 0.0783067
0.372385, 0.0743634
0.392019, 0.0710122
0.411653, 0.0682394
0.431286, 0.0660339
0.450919, 0.064387
0.470552, 0.0632925
0.490184, 0.0627463
0.509816, 0.0627463
0.529448, 0.0632925
0.549081, 0.064387
0.568714, 0.0660339
0.588347, 0.0682394
0.607981, 0.0710122
0.627615, 0.0743634
0.647251, 0.0783067
0.666888, 0.0828591
0.686526, 0.0880409
0.706165, 0.0938763
0.725807, 0.100394
0.74545, 0.107629
0.765094, 0.115622
0.784741, 0.124422
0.804388, 0.134087
0.824037, 0.144689
0.843686, 0.156314
0.863335, 0.169072
0.882982, 0.183099
0.104054, 0.20121
0.12437, 0.187988
0.144689, 0.175963
0.165007, 0.165007
0.185324, 0.155016
0.205639, 0.145908
0.225951, 0.137615
0.246261, 0.130082
0.266568, 0.123262
0.286873, 0.117117
0.307175, 0.111614
0.327475, 0.106727
0.347774, 0.102431
0.368071, 0.0987095
0.388368, 0.0955455
0.408665, 0.0929268
0.428961, 0.0908432
0.449258, 0.089287
0.469555, 0.0882526
0.489852, 0.0877363
0.510148, 0.0877363
0.530445, 0.0882526
0.550742, 0.089287
0.571039, 0.0908432
0.591335, 0.0929268
0.611632, 0.0955455
0.631929, 0.0987095
0.652226, 0.102431
0.672525, 0.106727
0.692825, 0.111614
0.713127, 0.117117
0.733432, 0.123262
0.753739, 0.130082
0.774049, 0.137615
0.794361, 0.145908
0.814676, 0.155016
0.834993, 0.165007
0.855311, 0.175963
0.87563, 0.187988
0.895946, 0.20121
0.092229, 0.21932
0.113157, 0.206903
0.134087, 0.195612
0.155016, 0.185324
0.175942, 0.175942
0.196865, 0.167389
0.217784, 0.1596
0.238698, 0.152523
0.259608, 0.146114
0.280514, 0.140335
0.301417, 0.135158
0.322318, 0.130556
0.343217, 0.126508
0.364117, 0.122999
0.385019, 0.120013
0.405921, 0.117541
0.426825, 0.115573
0.447731, 0.114103
0.468638, 0.113125
0.489546, 0.112637
0.510454, 0.112637
0.531362, 0.113125
0.552269, 0.114103
0.573175, 0.115573
0.594079, 0.117541
0.614981, 0.120013
0.635883, 0.122999
0.656783, 0.126508
0.677682, 0.130556
0.698583, 0.135158
0.719486, 0.140335
0.740392, 0.146114
0.761302, 0.152523
0.782216, 0.1596
0.803135, 0.167389
0.824058, 0.175942
0.844984, 0.185324
0.865913, 0.195612
0.886843, 0.206903
0.907771, 0.21932
0.0814473, 0.237431
0.102934, 0.225818
0.124422, 0.215259
0.145908, 0.205639
0.167389, 0.196865
0.188864, 0.188864
0.210333, 0.181576
0.231794, 0.17495
0.253249, 0.168943
0.274698, 0.163524
0.296143, 0.158662
0.317589, 0.154337
0.339036, 0.15053
0.360486, 0.147227
0.381941, 0.144418
0.4034, 0.142091
0.424863, 0.14024
0.446328, 0.138857
0.467796, 0.137938
0.489265, 0.13748
0.510735, 0.13748
0.532204, 0.137938
0.553672, 0.138857
0.575137, 0.14024
0.5966, 0.142091
0.618059, 0.144418
0.639514, 0.147227
0.660964, 0.15053
0.682411, 0.154337
0.703857, 0.158662
0.725302, 0.163524
0.746751, 0.168943
0.768206, 0.17495
0.789667, 0.181576
0.811136, 0.188864
0.832611, 0.196865
0.854092, 0.205639
0.875578, 0.215259
0.897066, 0.225818
0.918553, 0.237431
0.0716297, 0.255541
0.0936256, 0.244733
0.115622, 0.234906
0.137615, 0.225951
0.1596, 0.217784
0.181576, 0.210333
0.203541, 0.203541
0.225494, 0.197359
0.247438, 0.19175
0.269376, 0.186682
0.291315, 0.182133
0.313257, 0.178085
0.335207, 0.174525
0.357165, 0.171441
0.379129, 0.16882
0.401099, 0.166653
0.423074, 0.164931
0.445051, 0.163646
0.46703, 0.162793
0.48901, 0.162367
0.51099, 0.162367
0.53297, 0.162793
0.554949, 0.163646
0.576926, 0.164931
0.598901, 0.166653
0.620871, 0.16882
0.642835, 0.171441
0.664793, 0.174525
0.686743, 0.178085
0.708685, 0.182133
0.730624, 0.186682
0.752562, 0.19175
0.774506, 0.197359
0.796459, 0.203541
0.818424, 0.210333
0.8404, 0.217784
0.862385, 0.225951
0.884378, 0.234906
0.906374, 0.244733
0.92837, 0.255541
0.0627111, 0.273651
0.0851703, 0.263646
0.107629, 0.25455
0.130082, 0.246261
0.152523, 0.238698
0.17495, 0.231794
0.197359, 0.225494
0.219753, 0.219753
0.242137, 0.214538
0.26452, 0.209824
0.286911, 0.205597
0.309313, 0.201842
0.331728, 0.198547
0.354152, 0.195698
0.376584, 0.193282
0.39902, 0.191286
0.421459, 0.189702
0.443899, 0.188521
0.466339, 0.187736
0.48878, 0.187345
0.51122, 0.187345
0.533661, 0.187736
0.556101, 0.188521
0.578541, 0.189702
0.60098, 0.191286
0.623416, 0.193282
0.645848, 0.195698
0.668272, 0.198547
0.690687, 0.201842
0.713089, 0.205597
0.73548, 0.209824
0.757863, 0.214538
0.780247, 0.219753
0.802641, 0.225494
0.82505, 0.231794
0.847477, 0.238698
0.869918, 0.246261
0.892371, 0.25455
0.91483, 0.263646
0.937289, 0.273651
0.0546375, 0.29176
0.0775167, 0.282559
0.100394, 0.274193
0.123262, 0.266568
0.146114, 0.259608
0.168943, 0.253249
0.19175, 0.247438
0.214538, 0.242137
0.237321, 0.237321
0.260113, 0.232974
0.282923, 0.229084
0.305751, 0.225638
0.328593, 0.22262
0.351443, 0.220015
0.374299, 0.217807
0.397156, 0.215986
0.420012, 0.214541
0.442868, 0.213465
0.465721, 0.21275
0.488574, 0.212394
0.511426, 0.212394
0.534279, 0.21275
0.557132, 0.213465
0.579988, 0.214541
0.602844, 0.215986
0.625701, 0.217807
0.648557, 0.220015
0.671407, 0.22262
0.694249, 0.225638
0.717077, 0.229084
0.739887, 0.232974
0.762679, 0.237321
0.785462, 0.242137
0.80825, 0.247438
0.831057, 0.253249
0.853886, 0.259608
0.876738, 0.266568
0.899606, 0.274193
0.922483, 0.282559
0.945363, 0.29176
0.0473635, 0.309869
0.0706215, 0.301471
0.0938763, 0.293835
0.117117, 0.286873
0.140335, 0.280514
0.163524, 0.274698
0.186682, 0.269376
0.209824, 0.26452
0.232974, 0.260113
0.256146, 0.256146
0.279343, 0.252605
0.30256, 0.249474
0.325789, 0.246737
0.349024, 0.244375
0.37226, 0.242377
0.395494, 0.24073
0.418724, 0.239424
0.44195, 0.238451
0.465172, 0.237806
0.488391, 0.237484
0.511609, 0.237484
0.534828, 0.237806
0.55805, 0.238451
0.581276, 0.239424
0.604506, 0.24073
0.62774, 0.242377
0.650976, 0.244375
0.674211, 0.246737
0.69744, 0.249474
0.720657, 0.252605
0.743854, 0.256146
0.767026, 0.260113
0.790176, 0.26452
0.813318, 0.269376
0.836476, 0.274698
0.859665, 0.280514
0.882883, 0.286873
0.906124, 0.293835
0.929378, 0.301471
0.952637, 0.309869
0.040851, 0.327978
0.0644486, 0.320381
0.0880409, 0.313474
0.111614, 0.307175
0.135158, 0.301417
0.158662, 0.296143
0.182133, 0.291315
0.205597, 0.286911
0.229084, 0.282923
0.252605, 0.279343
0.276154, 0.276154
0.299722, 0.273339
0.323299, 0.27088
0.346878, 0.268762
0.370453, 0.26697
0.394023, 0.265495
0.417584, 0.264326
0.441138, 0.263455
0.464686, 0.262878
0.488229, 0.26259
0.511771, 0.26259
0.535314, 0.262878
0.558862, 0.263455
0.582416, 0.264326
0.605977, 0.265495
0.629547, 0.26697
0.653122, 0.268762
0.676701, 0.27088
0.700278, 0.273339
0.723846, 0.276154
0.747395, 0.279343
0.770916, 0.282923
0.794403, 0.286911
0.817867, 0.291315
0.841338, 0.296143
0.864842, 0.301417
0.888386, 0.307175
0.911959, 0.313474
0.935551, 0.320381
0.959149, 0.327978
0.035068, 0.346087
0.0589674, 0.339291
0.0828591, 0.333112
0.106727, 0.327475
0.130556, 0.322318
0.154337, 0.317589
0.178085, 0.313257
0.201842, 0.309313
0.225638, 0.305751
0.249474, 0.30256
0.273339, 0.299722
0.29722, 0.29722
0.321106, 0.295036
0.344989, 0.293157
0.368865, 0.29157
0.39273, 0.290263
0.416583, 0.289227
0.440425, 0.288455
0.464258, 0.287943
0.488087, 0.287687
0.511913, 0.287687
0.535742, 0.287943
0.559575, 0.288455
0.583417, 0.289227
0.60727, 0.290263
0.631135, 0.29157
0.655011, 0.293157
0.678894, 0.295036
0.70278, 0.29722
0.726661, 0.299722
0.750526, 0.30256
0.774362, 0.305751
0.798158, 0.309313
0.821915, 0.313257
0.845663, 0.317589
0.869444, 0.322318
0.893273, 0.327475
0.917141, 0.333112
0.941033, 0.339291
0.964932, 0.346087
0.0299875, 0.364195
0.0541522, 0.3582
0.0783067, 0.352749
0.102431, 0.347774
0.126508, 0.343217
0.15053, 0.339036
0.174525, 0.335207
0.198547, 0.331728
0.22262, 0.328593
0.246737, 0.325789
0.27088, 0.323299
0.295036, 0.321106
0.319194, 0.319194
0.343345, 0.31755
0.367482, 0.316161
0.391603, 0.315016
0.415708, 0.314107
0.4398, 0.313426
0.463883, 0.312973
0.487961, 0.312746
0.512039, 0.312746
0.536117, 0.312973
0.5602, 0.313426
0.584292, 0.314107
0.608397, 0.315016
0.632518, 0.316161
0.656655, 0.31755
0.680806, 0.319194
0.704964, 0.321106
0.72912, 0.323299
0.753263, 0.325789
0.77738, 0.328593
0.801453, 0.331728
0.825475, 0.335207
0.84947, 0.339036
0.873492, 0.343217
0.897569, 0.347774
0.921693, 0.352749
0.945848, 0.3582
0.970013, 0.364195
0.0255868, 0.382303
0.0499815, 0.377109
0.0743634, 0.372385
0.0987095, 0.368071
0.122999, 0.364117
0.147227, 0.360486
0.171441, 0.357165
0.195698, 0.354152
0.220015, 0.351443
0.244375, 0.349024
0.268762, 0.346878
0.293157, 0.344989
0.31755, 0.343345
0.34193, 0.34193
0.36629, 0.340733
0.390628, 0.339741
0.414946, 0.338946
0.43925, 0.338344
0.46355, 0.337938
0.48785, 0.337732
0.51215, 0.337732
0.53645, 0.337938
0.56075, 0.338344
0.585054, 0.338946
0.609372, 0.339741
0.63371, 0.340733
0.65807, 0.34193
0.68245, 0.343345
0.706843, 0.344989
0.731238, 0.346878
0.755625, 0.349024
0.779985, 0.351443
0.804302, 0.354152
0.828559, 0.357165
0.852773, 0.360486
0.877001, 0.364117
0.90129, 0.368071
0.925637, 0.372385
0.950019, 0.377109
0.974413, 0.382303
0.0218471, 0.400411
0.0464373, 0.396016
0.0710122, 0.392019
0.0955455, 0.388368
0.120013, 0.385019
0.144418, 0.381941
0.16882, 0.379129
0.193282, 0.376584
0.217807, 0.374299
0.242377, 0.37226
0.26697, 0.370453
0.29157, 0.368865
0.316161, 0.367482
0.340733, 0.36629
0.365276, 0.365276
0.389788, 0.364424
0.414276, 0.363727
0.438756, 0.363186
0.463244, 0.36281
0.487746, 0.362617
0.512254, 0.362617
0.536756, 0.36281
0.561244, 0.363186
0.585724, 0.363727
0.610212, 0.364424
0.634724, 0.365276
0.659267, 0.36629
0.683839, 0.367482
0.70843, 0.368865
0.73303, 0.370453
0.757623, 0.37226
0.782193, 0.374299
0.806718, 0.376584
0.83118, 0.379129
0.855582, 0.381941
0.879987, 0.385019
0.904454, 0.388368
0.928988, 0.392019
0.953563, 0.396016
0.978153, 0.400411
0.0187529, 0.418518
0.0435051, 0.414923
0.0682394, 0.411653
0.0929268, 0.408665
0.117541, 0.405921
0.142091, 0.4034
0.166653, 0.401099
0.191286, 0.39902
0.215986, 0.397156
0.24073, 0.395494
0.265495, 0.394023
0.290263, 0.39273
0.315016, 0.391603
0.339741, 0.390628
0.364424, 0.389788
0.389065, 0.389065
0.413681, 0.388453
0.438305, 0.387962
0.462963, 0.387616
0.48765, 0.387438
0.51235, 0.387438
0.537037, 0.387616
0.561695, 0.387962
0.586319, 0.388453
0.610935, 0.389065
0.635576, 0.389788
0.660259, 0.390628
0.684984, 0.391603
0.709737, 0.39273
0.734505, 0.394023
0.75927, 0.395494
0.784014, 0.397156
0.808714, 0.39902
0.833347, 0.401099
0.857909, 0.4034
0.882459, 0.405921
0.907073, 0.408665
0.931761, 0.411653
0.956495, 0.414923
0.981247, 0.418518
0.0162919, 0.436625
0.0411728, 0.43383
0.0660339, 0.431286
0.0908432, 0.428961
0.115573, 0.426825
0.14024, 0.424863
0.164931, 0.423074
0.189702, 0.421459
0.214541, 0.420012
0.239424, 0.418724
0.264326, 0.417584
0.289227, 0.416583
0.314107, 0.415708
0.338946, 0.414946
0.363727, 0.414276
0.388453, 0.413681
0.413163, 0.413163
0.437912, 0.412746
0.462719, 0.412458
0.487568, 0.412313
0.512432, 0.412313
0.537281, 0.412458
0.562088, 0.412746
0.586837, 0.413163
0.611547, 0.413681
0.636273, 0.414276
0.661054, 0.414946
0.685893, 0.415708
0.710773, 0.416583
0.735674, 0.417584
0.760576, 0.418724
0.785459, 0.420012
0.810298, 0.421459
0.835069, 0.423074
0.85976, 0.424863
0.884427, 0.426825
0.909157, 0.428961
0.933966, 0.431286
0.958827, 0.43383
0.983708, 0.436625
0.0144544, 0.454733
0.0394315, 0.452736
0.064387, 0.450919
0.089287, 0.449258
0.114103, 0.447731
0.138857, 0.446328
0.163646, 0.445051
0.188521, 0.443899
0.213465, 0.442868
0.238451, 0.44195
0.263455, 0.441138
0.288455, 0.440425
0.313426, 0.4398
0.338344, 0.43925
0.363186, 0.438756
0.387962, 0.438305
0.412746, 0.437912
0.437602, 0.437602
0.462531, 0.437394
0.487506, 0.437291
0.512494, 0.437291
0.537469, 0.437394
0.562398, 0.437602
0.587254, 0.437912
0.612038, 0.438305
0.636814, 0.438756
0.661656, 0.43925
0.686574, 0.4398
0.711545, 0.440425
0.736545, 0.441138
0.761549, 0.44195
0.786535, 0.442868
0.811479, 0.443899
0.836354, 0.445051
0.861143, 0.446328
0.885897, 0.447731
0.910713, 0.449258
0.935613, 0.450919
0.960569, 0.452736
0.985546, 0.454733
0.0132332, 0.47284
0.0382742, 0.471642
0.0632925, 0.470552
0.0882526, 0.469555
0.113125, 0.468638
0.137938, 0.467796
0.162793, 0.46703
0.187736, 0.466339
0.21275, 0.465721
0.237806, 0.465172
0.262878, 0.464686
0.287943, 0.464258
0.312973, 0.463883
0.337938, 0.46355
0.36281, 0.463244
0.387616, 0.462963
0.412458, 0.462719
0.437394, 0.462531
0.462407, 0.462407
0.487464, 0.462346
0.512536, 0.462346
0.537593, 0.462407
0.562606, 0.462531
0.587542, 0.462719
0.612384, 0.462963
0.63719, 0.463244
0.662062, 0.46355
0.687027, 0.463883
0.712057, 0.464258
0.737122, 0.464686
0.762194, 0.465172
0.78725, 0.465721
0.812264, 0.466339
0.837207, 0.46703
0.862062, 0.467796
0.886875, 0.468638
0.911747, 0.469555
0.936707, 0.470552
0.961726, 0.471642
0.986767, 0.47284
0.0126238, 0.490947
0.0376967, 0.490547
0.0627463, 0.490184
0.0877363, 0.489852
0.112637, 0.489546
0.13748, 0.489265
0.162367, 0.48901
0.187345, 0.48878
0.212394, 0.488574
0.237484, 0.488391
0.26259, 0.488229
0.287687, 0.488087
0.312746, 0.487961
0.337732, 0.48785
0.362617, 0.487746
0.387438, 0.48765
0.412313, 0.487568
0.437291, 0.487506
0.462346, 0.487464
0.487444, 0.487444
0.512556, 0.487444
0.537654, 0.487464
0.562709, 0.487506
0.587687, 0.487568
0.612562, 0.48765
0.637383, 0.487746
0.662268, 0.48785
0.687254, 0.487961
0.712313, 0.488087
0.73741, 0.488229
0.762516, 0.488391
0.787606, 0.488574
0.812655, 0.48878
0.837633, 0.48901
0.86252, 0.489265
0.887363, 0.489546
0.912264, 0.489852
0.937254, 0.490184
0.962303, 0.490547
0.987376, 0.490947
0.0126238, 0.509053
0.0376967, 0.509453
0.0627463, 0.509816
0.0877363, 0.510148
0.112637, 0.510454
0.13748, 0.510735
0.162367, 0.51099
0.187345, 0.51122
0.212394, 0.511426
0.237484, 0.511609
0.26259, 0.511771
0.287687, 0.511913
0.312746, 0.512039
0.337732, 0.51215
0.362617, 0.512254
0.387438, 0.51235
0.412313, 0.512432
0.437291, 0.512494
0.462346, 0.512536
0.487444, 0.512556
0.512556, 0.512556
0.537654, 0.512536
0.562709, 0.512494
0.587687, 0.512432
0.612562, 0.51235
0.637383, 0.512254
0.662268, 0.51215
0.687254, 0.512039
0.712313, 0.511913
0.73741, 0.511771
0.762516, 0.511609
0.787606, 0.511426
0.812655, 0.51122
0.837633, 0.51099
0.86252, 0.510735
0.887363, 0.510454
0.912264, 0.510148
0.937254, 0.509816
0.962303, 0.509453
0.987376, 0.509053
0.0132332, 0.52716
0.0382742, 0.528358
0.0632925, 0.529448
0.0882526, 0.530445
0.113125, 0.531362
0.137938, 0.532204
0.162793, 0.53297
0.187736, 0.533661
0.21275, 0.534279
0.237806, 0.534828
0.262878, 0.535314
0.287943, 0.535742
0.312973, 0.536117
0.337938, 0.53645
0.36281, 0.536756
0.387616, 0.537037
0.412458, 0.537281
0.437394, 0.537469
0.462407, 0.537593
0.487464, 0.537654
0.512536, 0.537654
0.537593, 0.537593
0.562606, 0.537469
0.587542, 0.537281
0.612384, 0.537037
0.63719, 0.536756
0.662062, 0.53645
0.687027, 0.536117
0.712057, 0.535742
0.737122, 0.535314
0.762194, 0.534828
0.78725, 0.534279
0.812264, 0.533661
0.837207, 0.53297
0.862062, 0.532204
0.886875, 0.531362
0.911747, 0.530445
0.936707, 0.529448
0.961726, 0.528358
0.986767, 0.52716
0.0144544, 0.545267
0.0394315, 0.547264
0.064387, 0.549081
0.089287, 0.550742
0.114103, 0.552269
0.138857, 0.553672
0.163646, 0.554949
0.188521, 0.556101
0.213465, 0.557132
0.238451, 0.55805
0.263455, 0.558862
0.288455, 0.559575
0.313426, 0.5602
0.338344, 0.56075
0.363186, 0.561244
0.387962, 0.561695
0.412746, 0.562088
0.437602, 0.562398
0.462531, 0.562606
0.487506, 0.562709
0.512494, 0.562709
0.537469, 0.562606
0.562398, 0.562398
0.587254, 0.562088
0.612038, 0.561695
0.636814, 0.561244
0.661656, 0.56075
0.686574, 0.5602
0.711545, 0.559575
0.736545, 0.558862
0.761549, 0.55805
0.786535, 0.557132
0.811479, 0.556101
0.836354, 0.554949
0.861143, 0.553672
0.885897, 0.552269
0.910713, 0.550742
0.935613, 0.549081
0.960569, 0.547264
0.985546, 0.545267
0.0162919, 0.563375
0.0411728, 0.56617
0.0660339, 0.568714
0.0908432, 0.571039
0.115573, 0.573175
0.14024, 0.575137
0.164931, 0.576926
0.189702, 0.578541
0.214541, 0.579988
0.239424, 0.581276
0.264326, 0.582416
0.289227, 0.583417
0.314107, 0.584292
0.338946, 0.585054
0.363727, 0.585724
0.388453, 0.586319
0.413163, 0.586837
0.437912, 0.587254
0.462719, 0.587542
0.487568, 0.587687
0.512432, 0.587687
0.537281, 0.587542
0.562088, 0.587254
0.586837, 0.586837
0.611547, 0.586319
0.636273, 0.585724
0.661054, 0.585054
0.685893, 0.584292
0.710773, 0.583417
0.735674, 0.582416
0.760576, 0.581276
0.785459, 0.579988
0.810298, 0.578541
0.835069, 0.576926
0.85976, 0.575137
0.884427, 0.573175
0.909157, 0.571039
0.933966, 0.568714
0.958827, 0.56617
0.983708, 0.563375
0.0187529, 0.581482
0.0435051, 0.585077
0.0682394, 0.588347
0.0929268, 0.591335
0.117541, 0.594079
0.142091, 0.5966
0.166653, 0.598901
0.191286, 0.60098
0.215986, 0.602844
0.24073, 0.604506
0.265495, 0.605977
0.290263, 0.60727
0.315016, 0.608397
0.339741, 0.609372
0.364424, 0.610212
0.389065, 0.610935
0.413681, 0.611547
0.438305, 0.612038
0.462963, 0.612384
0.48765, 0.612562
0.51235, 0.612562
0.537037, 0.612384
0.561695, 0.612038
0.586319, 0.611547
0.610935, 0.610935
0.635576, 0.610212
0.660259, 0.609372
0.684984, 0.608397
0.709737, 0.60727
0.734505, 0.605977
0.75927, 0.604506
0.784014, 0.602844
0.808714, 0.60098
0.833347, 0.598901
0.857909, 0.5966
0.882459, 0.594079
0.907073, 0.591335
0.931761, 0.588347
0.956495, 0.585077
0.981247, 0.581482
0.0218471, 0.599589
0.0464373, 0.603984
0.0710122, 0.607981
0.0955455, 0.611632
0.120013, 0.614981
0.144418, 0.618059
0.16882, 0.620871
0.193282, 0.623416
0.217807, 0.625701
0.242377, 0.62774
0.26697, 0.629547
0.29157, 0.631135
0.316161, 0.632518
0.340733, 0.63371
0.365276, 0.634724
0.389788, 0.635576
0.414276, 0.636273
0.438756, 0.636814
0.463244, 0.63719
0.487746, 0.637383
0.512254, 0.637383
0.536756, 0.63719
0.561244, 0.636814
0.585724, 0.636273
0.610212, 0.635576
0.634724, 0.634724
0.659267, 0.63371
0.683839, 0.632518
0.70843, 0.631135
0.73303, 0.629547
0.757623, 0.62774
0.782193, 0.625701
0.806718, 0.623416
0.83118, 0.620871
0.855582, 0.618059
0.879987, 0.614981
0.904454, 0.611632
0.928988, 0.607981
0.953563, 0.603984
0.978153, 0.599589
0.0255868, 0.617697
0.0499815, 0.622891
0.0743634, 0.627615
0.0987095, 0.631929
0.122999, 0.635883
0.147227, 0.639514
0.171441, 0.642835
0.195698, 0.645848
0.220015, 0.648557
0.244375, 0.650976
0.268762, 0.653122
0.293157, 0.655011
0.31755, 0.656655
0.34193, 0.65807
0.36629, 0.659267
0.390628, 0.660259
0.414946, 0.661054
0.43925, 0.661656
0.46355, 0.662062
0.48785, 0.662268
0.51215, 0.662268
0.53645, 0.662062
0.56075, 0.661656
0.585054, 0.661054
0.609372, 0.660259
0.63371, 0.659267
0.65807, 0.65807
0.68245, 0.656655
0.706843, 0.655011
0.731238, 0.653122
0.755625, 0.650976
0.779985, 0.648557
0.804302, 0.645848
0.828559, 0.642835
0.852773, 0.639514
0.877001, 0.635883
0.90129, 0.631929
0.925637, 0.627615
0.950019, 0.622891
0.974413, 0.617697
0.0299875, 0.635805
0.0541522, 0.6418
0.0783067, 0.647251
0.102431, 0.652226
0.126508, 0.656783
0.15053, 0.660964
0.174525, 0.664793
0.198547, 0.668272
0.22262, 0.671407
0.246737, 0.674211
0.27088, 0.676701
0.295036, 0.678894
0.319194, 0.680806
0.343345, 0.68245
0.367482, 0.683839
0.391603, 0.684984
0.415708, 0.685893
0.4398, 0.686574
0.463883, 0.687027
0.487961, 0.687254
0.512039, 0.687254
0.536117, 0.687027
0.5602, 0.686574
0.584292, 0.685893
0.608397, 0.684984
0.632518, 0.683839
0.656655, 0.68245
0.680806, 0.680806
0.704964, 0.678894
0.72912, 0.676701
0.753263, 0.674211
0.77738, 0.671407
0.801453, 0.668272
0.825475, 0.664793
0.84947, 0.660964
0.873492, 0.656783
0.897569, 0.652226
0.921693, 0.647251
0.945848, 0.6418
0.970013, 0.635805
0.035068, 0.653913
0.0589674, 0.660709
0.0828591, 0.666888
0.106727, 0.672525
0.130556, 0.677682
0.154337, 0.682411
0.178085, 0.686743
0.201842, 0.690687
0.225638, 0.694249
0.249474, 0.69744
0.273339, 0.700278
0.29722, 0.70278
0.321106, 0.704964
0.344989, 0.706843
0.368865, 0.70843
0.39273, 0.709737
0.416583, 0.710773
0.440425, 0.711545
0.464258, 0.712057
0.488087, 0.712313
0.511913, 0.712313
0.535742, 0.712057
0.559575, 0.711545
0.583417, 0.710773
0.60727, 0.709737
0.631135, 0.70843
0.655011, 0.706843
0.678894, 0.704964
0.70278, 0.70278
0.726661, 0.700278
0.750526, 0.69744
0.774362, 0.694249
0.798158, 0.690687
0.821915, 0.686743
0.845663, 0.682411
0.869444, 0.677682
0.893273, 0.672525
0.917141, 0.666888
0.941033, 0.660709
0.964932, 0.653913
0.040851, 0.672022
0.0644486, 0.679619
0.0880409, 0.686526
0.111614, 0.692825
0.135158, 0.698583
0.158662, 0.703857
0.182133, 0.708685
0.205597, 0.713089
0.229084, 0.717077
0.252605, 0.720657
0.276154, 0.723846
0.299722, 0.726661
0.323299, 0.72912
0.346878, 0.731238
0.370453, 0.73303
0.394023, 0.734505
0.417584, 0.735674
0.441138, 0.736545
0.464686, 0.737122
0.488229, 0.73741
0.511771, 0.73741
0.535314, 0.737122
0.558862, 0.736545
0.582416, 0.735674
0.605977, 0.734505
0.629547, 0.73303
0.653122, 0.731238
0.676701, 0.72912
0.700278, 0.726661
0.723846, 0.723846
0.747395, 0.720657
0.770916, 0.717077
0.794403, 0.713089
0.817867, 0.708685
0.841338, 0.703857
0.864842, 0.698583
0.888386, 0.692825
0.911959, 0.686526
0.935551, 0.679619
0.959149, 0.672022
0.0473635, 0.690131
0.0706215, 0.698529
0.0938763, 0.706165
0.117117, 0.713127
0.140335, 0.719486
0.163524, 0.725302
0.186682, 0.730624
0.209824, 0.73548
0.232974, 0.739887
0.256146, 0.743854
0.279343, 0.747395
0.30256, 0.750526
0.325789, 0.753263
0.349024, 0.755625
0.37226, 0.757623
0.395494, 0.75927
0.418724, 0.760576
0.44195, 0.761549
0.465172, 0.762194
0.488391, 0.762516
0.511609, 0.762516
0.534828, 0.762194
0.55805, 0.761549
0.581276, 0.760576
0.604506, 0.75927
0.62774, 0.757623
0.650976, 0.755625
0.674211, 0.753263
0.69744, 0.750526
0.720657, 0.747395
0.743854, 0.743854
0.767026, 0.739887
0.790176, 0.73548
0.813318, 0.730624
0.836476, 0.725302
0.859665, 0.719486
0.882883, 0.713127
0.906124, 0.706165
0.929378, 0.698529
0.952637, 0.690131
0.0546375, 0.70824
0.0775167, 0.717441
0.100394, 0.725807
0.123262, 0.733432
0.146114, 0.740392
0.168943, 0.746751
0.19175, 0.752562
0.214538, 0.757863
0.237321, 0.762679
0.260113, 0.767026
0.282923, 0.770916
0.305751, 0.774362
0.328593, 0.77738
0.351443, 0.779985
0.374299, 0.782193
0.397156, 0.784014
0.420012, 0.785459
0.442868, 0.786535
0.465721, 0.78725
0.488574, 0.787606
0.511426, 0.787606
0.534279, 0.78725
0.557132, 0.786535
0.579988, 0.785459
0.602844, 0.784014
0.625701, 0.782193
0.648557, 0.779985
0.671407, 0.77738
0.694249, 0.774362
0.717077, 0.770916
0.739887, 0.767026
0.762679, 0.762679
0.785462, 0.757863
0.80825, 0.752562
0.831057, 0.746751
0.853886, 0.740392
0.876738, 0.733432
0.899606, 0.725807
0.922483, 0.717441
0.945363, 0.70824
0.0627111, 0.726349
0.0851703, 0.736354
0.107629, 0.74545
0.130082, 0.753739
0.152523, 0.761302
0.17495, 0.768206
0.197359, 0.774506
0.219753, 0.780247
0.242137, 0.785462
0.26452, 0.790176
0.286911, 0.794403
0.309313, 0.798158
0.331728, 0.801453
0.354152, 0.804302
0.376584, 0.806718
0.39902, 0.808714
0.421459, 0.810298
0.443899, 0.811479
0.466339, 0.812264
0.48878, 0.812655
0.51122, 0.812655
0.533661, 0.812264
0.556101, 0.811479
0.578541, 0.810298
0.60098, 0.808714
0.623416, 0.806718
0.645848, 0.804302
0.668272, 0.801453
0.690687, 0.798158
0.713089, 0.794403
0.73548, 0.790176
0.757863, 0.785462
0.780247, 0.780247
0.802641, 0.774506
0.82505, 0.768206
0.847477, 0.761302
0.869918, 0.753739
0.892371, 0.74545
0.91483, 0.736354
0.937289, 0.726349
0.0716297, 0.744459
0.0936256, 0.755267
0.115622, 0.765094
0.137615, 0.774049
0.1596, 0.782216
0.181576, 0.789667
0.203541, 0.796459
0.225494, 0.802641
0.247438, 0.80825
0.269376, 0.813318
0.291315, 0.817867
0.313257, 0.821915
0.335207, 0.825475
0.357165, 0.828559
0.379129, 0.83118
0.401099, 0.833347
0.423074, 0.835069
0.445051, 0.836354
0.46703, 0.837207
0.48901, 0.837633
0.51099, 0.837633
0.53297, 0.837207
0.554949, 0.836354
0.576926, 0.835069
0.598901, 0.833347
0.620871, 0.83118
0.642835, 0.828559
0.664793, 0.825475
0.686743, 0.821915
0.708685, 0.817867
0.730624, 0.813318
0.752562, 0.80825
0.774506, 0.802641
0.796459, 0.796459
0.818424, 0.789667
0.8404, 0.782216
0.862385, 0.774049
0.884378, 0.765094
0.906374, 0.755267
0.92837, 0.744459
0.0814473, 0.762569
0.102934, 0.774182
0.124422, 0.784741
0.145908, 0.794361
0.167389, 0.803135
0.188864, 0.811136
0.210333, 0.818424
0.231794, 0.82505
0.253249, 0.831057
0.274698, 0.836476
0.296143, 0.841338
0.317589, 0.845663
0.339036, 0.84947
0.360486, 0.852773
0.381941, 0.855582
0.4034, 0.857909
0.424863, 0.85976
0.446328, 0.861143
0.467796, 0.862062
0.489265, 0.86252
0.510735, 0.86252
0.532204, 0.862062
0.553672, 0.861143
0.575137, 0.85976
0.5966, 0.857909
0.618059, 0.855582
0.639514, 0.852773
0.660964, 0.84947
0.682411, 0.845663
0.703857, 0.841338
0.725302, 0.836476
0.746751, 0.831057
0.768206, 0.82505
0.789667, 0.818424
0.811136, 0.811136
0.832611, 0.803135
0.854092, 0.794361
0.875578, 0.784741
0.897066, 0.774182
0.918553, 0.762569
0.092229, 0.78068
0.113157, 0.793097
0.134087, 0.804388
0.155016, 0.814676
0.175942, 0.824058
0.196865, 0.832611
0.217784, 0.8404
0.238698, 0.847477
0.259608, 0.853886
0.280514, 0.859665
0.301417, 0.864842
0.322318, 0.869444
0.343217, 0.873492
0.364117, 0.877001
0.385019, 0.879987
0.405921, 0.882459
0.426825, 0.884427
0.447731, 0.885897
0.468638, 0.886875
0.489546, 0.887363
0.510454, 0.887363
0.531362, 0.886875
0.552269, 0.885897
0.573175, 0.884427
0.594079, 0.882459
0.614981, 0.879987
0.635883, 0.877001
0.656783, 0.873492
0.677682, 0.869444
0.698583, 0.864842
0.719486, 0.859665
0.740392, 0.853886
0.761302, 0.847477
0.782216, 0.8404
0.803135, 0.832611
0.824058, 0.824058
0.844984, 0.814676
0.865913, 0.804388
0.886843, 0.793097
0.907771, 0.78068
0.104054, 0.79879
0.12437, 0.812012
0.144689, 0.824037
0.165007, 0.834993
0.185324, 0.844984
0.205639, 0.854092
0.225951, 0.862385
0.246261, 0.869918
0.266568, 0.876738
0.286873, 0.882883
0.307175, 0.888386
0.327475, 0.893273
0.347774, 0.897569
0.368071, 0.90129
0.388368, 0.904454
0.408665, 0.907073
0.428961, 0.909157
0.449258, 0.910713
0.469555, 0.911747
0.489852, 0.912264
0.510148, 0.912264
0.530445, 0.911747
0.550742, 0.910713
0.571039, 0.909157
0.591335, 0.907073
0.611632, 0.904454
0.631929, 0.90129
0.652226, 0.897569
0.672525, 0.893273
0.692825, 0.888386
0.713127, 0.882883
0.733432, 0.876738
0.753739, 0.869918
0.774049, 0.862385
0.794361, 0.854092
0.814676, 0.844984
0.834993, 0.834993
0.855311, 0.824037
0.87563, 0.812012
0.895946, 0.79879
0.117018, 0.816901
0.136665, 0.830928
0.156314, 0.843686
0.175963, 0.855311
0.195612, 0.865913
0.215259, 0.875578
0.234906, 0.884378
0.25455, 0.892371
0.274193, 0.899606
0.293835, 0.906124
0.313474, 0.911959
0.333112, 0.917141
0.352749, 0.921693
0.372385, 0.925637
0.392019, 0.928988
0.411653, 0.931761
0.431286, 0.933966
0.450919, 0.935613
0.470552, 0.936707
0.490184, 0.937254
0.509816, 0.937254
0.529448, 0.936707
0.549081, 0.935613
0.568714, 0.933966
0.588347, 0.931761
0.607981, 0.928988
0.627615, 0.925637
0.647251, 0.921693
0.666888, 0.917141
0.686526, 0.911959
0.706165, 0.906124
0.725807, 0.899606
0.74545, 0.892371
0.765094, 0.884378
0.784741, 0.875578
0.804388, 0.865913
0.824037, 0.855311
0.843686, 0.843686
0.863335, 0.830928
0.882982, 0.816901
0.131242, 0.835011
0.150157, 0.849843
0.169072, 0.863335
0.187988, 0.87563
0.206903, 0.886843
0.225818, 0.897066
0.244733, 0.906374
0.263646, 0.91483
0.282559, 0.922483
0.301471, 0.929378
0.320381, 0.935551
0.339291, 0.941033
0.3582, 0.945848
0.377109, 0.950019
0.396016, 0.953563
0.414923, 0.956495
0.43383, 0.958827
0.452736, 0.960569
0.471642, 0.961726
0.490547, 0.962303
0.509453, 0.962303
0.528358, 0.961726
0.547264, 0.960569
0.56617, 0.958827
0.585077, 0.956495
0.603984, 0.953563
0.622891, 0.950019
0.6418, 0.945848
0.660709, 0.941033
0.679619, 0.935551
0.698529, 0.929378
0.717441, 0.922483
0.736354, 0.91483
0.755267, 0.906374
0.774182, 0.897066
0.793097, 0.886843
0.812012, 0.87563
0.830928, 0.863335
0.849843, 0.849843
0.868758, 0.835011
0.146879, 0.853121
0.164989, 0.868758
0.183099, 0.882982
0.20121, 0.895946
0.21932, 0.907771
0.237431, 0.918553
0.255541, 0.92837
0.273651, 0.937289
0.29176, 0.945363
0.309869, 0.952637
0.327978, 0.959149
0.346087, 0.964932
0.364195, 0.970013
0.382303, 0.974413
0.400411, 0.978153
0.418518, 0.981247
0.436625, 0.983708
0.454733, 0.985546
0.47284, 0.986767
0.490947, 0.987376
0.509053, 0.987376
0.52716, 0.986767
0.545267, 0.985546
0.563375, 0.983708
0.581482, 0.981247
0.599589, 0.978153
0.617697, 0.974413
0.635805, 0.970013
0.653913, 0.964932
0.672022, 0.959149
0.690131, 0.952637
0.70824, 0.945363
0.726349, 0.937289
0.744459, 0.92837
0.762569, 0.918553
0.78068, 0.907771
0.79879, 0.895946
0.816901, 0.882982
0.835011, 0.868758
0.853121, 0.853121
