0.146447, 0.146447
0.164124, 0.129612
0.181802, 0.114319
0.19948, 0.100391
0.217157, 0.0876894
0.234835, 0.0761044
0.252513, 0.0655463
0.27019, 0.055942
0.287868, 0.0472307
0.305546, 0.0393619
0.323223, 0.0322928
0.340901, 0.0259879
0.358579, 0.0204168
0.376256, 0.0155544
0.393934, 0.0113795
0.411612, 0.00787451
0.429289, 0.00502525
0.446967, 0.00282045
0.464645, 0.00125157
0.482322, 0.000312598
0.5, 0
0.517678, 0.000312598
0.535355, 0.00125157
0.553033, 0.00282045
0.570711, 0.00502525
0.588388, 0.00787451
0.606066, 0.0113795
0.623744, 0.0155544
0.641421, 0.0204168
0.659099, 0.0259879
0.676777, 0.0322928
0.694454, 0.0393619
0.712132, 0.0472307
0.72981, 0.055942
0.747487, 0.0655463
0.765165, 0.0761044
0.782843, 0.0876894
0.80052, 0.100391
0.818198, 0.114319
0.835876, 0.129612
0.853553, 0.146447
0.129612, 0.164124
0.148136, 0.148136
0.166662, 0.133615
0.185189, 0.120394
0.203716, 0.10834
0.222243, 0.0973484
0.240769, 0.0873341
0.259294, 0.0782269
0.277818, 0.0699687
0.296341, 0.0625109
0.314861, 0.0558128
0.333381, 0.0498399
0.351898, 0.0445634
0.370415, 0.0399588
0.38893, 0.0360059
0.407443, 0.0326878
0.425956, 0.0299907
0.444468, 0.0279039
0.462979, 0.0264191
0.48149, 0.0255304
0.5, 0.0252346
0.51851, 0.0255304
0.537021, 0.0264191
0.555532, 0.0279039
0.574044, 0.0299907
0.592557, 0.0326878
0.61107, 0.0360059
0.629585, 0.0399588
0.648102, 0.0445634
0.666619, 0.0498399
0.685139, 0.0558128
0.703659, 0.0625109
0.722182, 0.0699687
0.740706, 0.0782269
0.759231, 0.0873341
0.777757, 0.0973484
0.796284, 0.10834
0.814811, 0.120394
0.833338, 0.133615
0.851864, 0.148136
0.870388, 0.164124
0.114319, 0.181802
0.133615, 0.166662
0.152914, 0.152914
0.172215, 0.1404
0.191516, 0.128993
0.210816, 0.118595
0.230115, 0.109124
0.249411, 0.100512
0.268703, 0.0927043
0.287993, 0.0856545
0.307279, 0.0793236
0.326562, 0.0736787
0.345841, 0.0686922
0.365118, 0.0643409
0.384392, 0.0606054
0.403663, 0.0574697
0.422933, 0.0549209
0.442201, 0.0529487
0.461468, 0.0515454
0.480734, 0.0507056
0.5, 0.050426
0.519266, 0.0507056
0.538532, 0.0515454
0.557799, 0.0529487
0.577067, 0.0549209
0.596337, 0.0574697
0.615608, 0.0606054
0.634882, 0.0643409
0.654159, 0.0686922
0.673438, 0.0736787
0.692721, 0.0793236
0.712007, 0.0856545
0.731297, 0.0927043
0.750589, 0.100512
0.769885, 0.109124
0.789184, 0.118595
0.808484, 0.128993
0.827785, 0.1404
0.847086, 0.152914
0.866385, 0.166662
0.885681, 0.181802
0.100391, 0.19948
0.120394, 0.185189
0.1404, 0.172215
0.160408, 0.160408
0.180416, 0.149649
0.200421, 0.139843
0.220423, 0.130911
0.24042, 0.122791
0.260411, 0.115429
0.280397, 0.108781
0.300377, 0.102809
0.320352, 0.0974832
0.340322, 0.0927764
0.360289, 0.0886673
0.380252, 0.085138
0.400213, 0.0821739
0.420172, 0.0797633
0.44013, 0.0778973
0.460087, 0.0765691
0.480044, 0.0757739
0.5, 0.0755092
0.519956, 0.0757739
0.539913, 0.0765691
0.55987, 0.0778973
0.579828, 0.0797633
0.599787, 0.0821739
0.619748, 0.085138
0.639711, 0.0886673
0.659678, 0.0927764
0.679648, 0.0974832
0.699623, 0.102809
0.719603, 0.108781
0.739589, 0.115429
0.75958, 0.122791
0.779577, 0.130911
0.799579, 0.139843
0.819584, 0.149649
0.839592, 0.160408
0.8596, 0.172215
0.879606, 0.185189
0.899609, 0.19948
0.0876894, 0.217157
0.10834, 0.203716
0.128993, 0.191516
0.149649, 0.180416
0.170302, 0.170302
0.190951, 0.161085
0.211592, 0.152689
0.232225, 0.145053
0.252848, 0.138128
0.273463, 0.131869
0.294069, 0.126241
0.314669, 0.121215
0.335263, 0.116768
0.355854, 0.112879
0.376444, 0.109533
0.397033, 0.106719
0.417623, 0.104427
0.438215, 0.102651
0.458809, 0.101386
0.479404, 0.100628
0.5, 0.100375
0.520596, 0.100628
0.541191, 0.101386
0.561785, 0.102651
0.582377, 0.104427
0.602967, 0.106719
0.623556, 0.109533
0.644146, 0.112879
0.664737, 0.116768
0.685331, 0.121215
0.705931, 0.126241
0.726537, 0.131869
0.747152, 0.138128
0.767775, 0.145053
0.788408, 0.152689
0.809049, 0.161085
0.829698, 0.170302
0.850351, 0.180416
0.871007, 0.191516
0.89166, 0.203716
0.912311, 0.217157
0.0761044, 0.234835
0.0973484, 0.222243
0.118595, 0.210816
0.139843, 0.200421
0.161085, 0.190951
0.182317, 0.182317
0.203538, 0.17445
0.224744, 0.16729
0.245935, 0.160786
0.267112, 0.154897
0.288277, 0.14959
0.309434, 0.144837
0.330588, 0.14062
0.351743, 0.136923
0.372902, 0.133737
0.394069, 0.131053
0.415243, 0.128866
0.436425, 0.127171
0.457613, 0.125964
0.478805, 0.12524
0.5, 0.124999
0.521195, 0.12524
0.542387, 0.125964
0.563575, 0.127171
0.584757, 0.128866
0.605931, 0.131053
0.627098, 0.133737
0.648257, 0.136923
0.669412, 0.14062
0.690566, 0.144837
0.711723, 0.14959
0.732888, 0.154897
0.754065, 0.160786
0.775256, 0.16729
0.796462, 0.17445
0.817683, 0.182317
0.838915, 0.190951
0.860157, 0.200421
0.881405, 0.210816
0.902652, 0.222243
0.923896, 0.234835
0.0655463, 0.252513
0.0873341, 0.240769
0.109124, 0.230115
0.130911, 0.220423
0.152689, 0.211592
0.17445, 0.203538
0.196191, 0.196191
0.217908, 0.189492
0.2396, 0.183392
0.261271, 0.17785
0.282929, 0.172838
0.304582, 0.168338
0.326242, 0.164339
0.347916, 0.160835
0.369606, 0.15782
0.391313, 0.155288
0.413035, 0.153229
0.434767, 0.151638
0.456507, 0.150506
0.478252, 0.14983
0.5, 0.149604
0.521748, 0.14983
0.543493, 0.150506
0.565233, 0.151638
0.586965, 0.153229
0.608687, 0.155288
0.630394, 0.15782
0.652084, 0.160835
0.673758, 0.164339
0.695418, 0.168338
0.717071, 0.172838
0.738729, 0.17785
0.7604, 0.183392
0.782092, 0.189492
0.803809, 0.196191
0.82555, 0.203538
0.847311, 0.211592
0.869089, 0.220423
0.890876, 0.230115
0.912666, 0.240769
0.934454, 0.252513
0.055942, 0.27019
0.0782269, 0.259294
0.100512, 0.249411
0.122791, 0.24042
0.145053, 0.232225
0.16729, 0.224744
0.189492, 0.217908
0.211656, 0.211656
0.233784, 0.205941
0.255887, 0.200731
0.277986, 0.196011
0.300099, 0.19178
0.32224, 0.188035
0.344409, 0.184771
0.366604, 0.181978
0.388818, 0.179643
0.411045, 0.177752
0.433279, 0.176293
0.455517, 0.175259
0.477758, 0.174641
0.5, 0.174435
0.522242, 0.174641
0.544483, 0.175259
0.566721, 0.176293
0.588955, 0.177752
0.611182, 0.179643
0.633396, 0.181978
0.655591, 0.184771
0.67776, 0.188035
0.699901, 0.19178
0.722014, 0.196011
0.744113, 0.200731
0.766216, 0.205941
0.788344, 0.211656
0.810508, 0.217908
0.83271, 0.224744
0.854947, 0.232225
0.877209, 0.24042
0.899488, 0.249411
0.921773, 0.259294
0.944058, 0.27019
0.0472307, 0.287868
0.0699687, 0.277818
0.0927043, 0.268703
0.115429, 0.260411
0.138128, 0.252848
0.160786, 0.245935
0.183392, 0.2396
0.205941, 0.233784
0.228448, 0.228448
0.250942, 0.223579
0.273461, 0.219186
0.296023, 0.215273
0.318629, 0.211835
0.341269, 0.208856
0.363932, 0.206317
0.386606, 0.204201
0.409286, 0.202492
0.431967, 0.201176
0.454646, 0.200243
0.477324, 0.199686
0.5, 0.199501
0.522676, 0.199686
0.545354, 0.200243
0.568033, 0.201176
0.590714, 0.202492
0.613394, 0.204201
0.636068, 0.206317
0.658731, 0.208856
0.681371, 0.211835
0.703977, 0.215273
0.726539, 0.219186
0.749058, 0.223579
0.771552, 0.228448
0.794059, 0.233784
0.816608, 0.2396
0.839214, 0.245935
0.861872, 0.252848
0.884571, 0.260411
0.907296, 0.268703
0.930031, 0.277818
0.952769, 0.287868
0.0393619, 0.305546
0.0625109, 0.296341
0.0856545, 0.287993
0.108781, 0.280397
0.131869, 0.273463
0.154897, 0.267112
0.17785, 0.261271
0.200731, 0.255887
0.223579, 0.250942
0.246451, 0.246451
0.269384, 0.242431
0.29238, 0.238876
0.315423, 0.23577
0.338493, 0.233087
0.361576, 0.230807
0.384662, 0.228911
0.407743, 0.227382
0.430817, 0.226207
0.453884, 0.225375
0.476944, 0.224879
0.5, 0.224714
0.523056, 0.224879
0.546116, 0.225375
0.569183, 0.226207
0.592257, 0.227382
0.615338, 0.228911
0.638424, 0.230807
0.661507, 0.233087
0.684577, 0.23577
0.70762, 0.238876
0.730616, 0.242431
0.753549, 0.246451
0.776421, 0.250942
0.799269, 0.255887
0.82215, 0.261271
0.845103, 0.267112
0.868131, 0.273463
0.891219, 0.280397
0.914345, 0.287993
0.937489, 0.296341
0.960638, 0.305546
0.0322928, 0.323223
0.0558128, 0.314861
0.0793236, 0.307279
0.102809, 0.300377
0.126241, 0.294069
0.14959, 0.288277
0.172838, 0.282929
0.196011, 0.277986
0.219186, 0.273461
0.242431, 0.269384
0.265763, 0.265763
0.289161, 0.262577
0.3126, 0.259802
0.336056, 0.257412
0.359513, 0.255386
0.382963, 0.253704
0.406398, 0.252352
0.429817, 0.251314
0.453221, 0.250581
0.476613, 0.250144
0.5, 0.249998
0.523387, 0.250144
0.546779, 0.250581
0.570183, 0.251314
0.593602, 0.252352
0.617037, 0.253704
0.640487, 0.255386
0.663944, 0.257412
0.6874, 0.259802
0.710839, 0.262577
0.734237, 0.265763
0.757569, 0.269384
0.780814, 0.273461
0.803989, 0.277986
0.827162, 0.282929
0.85041, 0.288277
0.873759, 0.294069
0.897191, 0.300377
0.920676, 0.307279
0.944187, 0.314861
0.967707, 0.323223
0.0259879, 0.340901
0.0498399, 0.333381
0.0736787, 0.326562
0.0974832, 0.320352
0.121215, 0.314669
0.144837, 0.309434
0.168338, 0.304582
0.19178, 0.300099
0.215273, 0.296023
0.238876, 0.29238
0.262577, 0.289161
0.286339, 0.286339
0.310132, 0.283887
0.33393, 0.281782
0.35772, 0.280002
0.381489, 0.278529
0.405234, 0.277346
0.428952, 0.27644
0.452649, 0.2758
0.476329, 0.275418
0.5, 0.275291
0.523671, 0.275418
0.547351, 0.2758
0.571048, 0.27644
0.594766, 0.277346
0.618511, 0.278529
0.64228, 0.280002
0.66607, 0.281782
0.689868, 0.283887
0.713661, 0.286339
0.737423, 0.289161
0.761124, 0.29238
0.784727, 0.296023
0.80822, 0.300099
0.831662, 0.304582
0.855163, 0.309434
0.878785, 0.314669
0.902517, 0.320352
0.926321, 0.326562
0.95016, 0.333381
0.974012, 0.340901
0.0204168, 0.358579
0.0445634, 0.351898
0.0686922, 0.345841
0.0927764, 0.340322
0.116768, 0.335263
0.14062, 0.330588
0.164339, 0.326242
0.188035, 0.32224
0.211835, 0.318629
0.23577, 0.315423
0.259802, 0.3126
0.283887, 0.310132
0.307993, 0.307993
0.332095, 0.306163
0.356175, 0.30462
0.380222, 0.303344
0.404233, 0.30232
0.428208, 0.301532
0.452155, 0.300973
0.476082, 0.300638
0.5, 0.300526
0.523918, 0.300638
0.547845, 0.300973
0.571792, 0.301532
0.595767, 0.30232
0.619778, 0.303344
0.643825, 0.30462
0.667905, 0.306163
0.692007, 0.307993
0.716113, 0.310132
0.740198, 0.3126
0.76423, 0.315423
0.788165, 0.318629
0.811965, 0.32224
0.835661, 0.326242
0.85938, 0.330588
0.883232, 0.335263
0.907224, 0.340322
0.931308, 0.345841
0.955437, 0.351898
0.979583, 0.358579
0.0155544, 0.376256
0.0399588, 0.370415
0.0643409, 0.365118
0.0886673, 0.360289
0.112879, 0.355854
0.136923, 0.351743
0.160835, 0.347916
0.184771, 0.344409
0.208856, 0.341269
0.233087, 0.338493
0.257412, 0.336056
0.281782, 0.33393
0.306163, 0.332095
0.330528, 0.330528
0.354857, 0.329208
0.37914, 0.328114
0.403372, 0.327227
0.427561, 0.326533
0.45172, 0.326029
0.475863, 0.32572
0.5, 0.325616
0.524137, 0.32572
0.54828, 0.326029
0.572439, 0.326533
0.596628, 0.327227
0.62086, 0.328114
0.645143, 0.329208
0.669472, 0.330528
0.693837, 0.332095
0.718218, 0.33393
0.742588, 0.336056
0.766913, 0.338493
0.791144, 0.341269
0.815229, 0.344409
0.839165, 0.347916
0.863077, 0.351743
0.887121, 0.355854
0.911333, 0.360289
0.935659, 0.365118
0.960041, 0.370415
0.984446, 0.376256
0.0113795, 0.393934
0.0360059, 0.38893
0.0606054, 0.384392
0.085138, 0.380252
0.109533, 0.376444
0.133737, 0.372902
0.15782, 0.369606
0.181978, 0.366604
0.206317, 0.363932
0.230807, 0.361576
0.255386, 0.359513
0.280002, 0.35772
0.30462, 0.356175
0.329208, 0.354857
0.353743, 0.353743
0.378213, 0.352807
0.402616, 0.352024
0.426971, 0.351379
0.451306, 0.35088
0.475647, 0.350559
0.5, 0.350447
0.524353, 0.350559
0.548694, 0.35088
0.573029, 0.351379
0.597384, 0.352024
0.621787, 0.352807
0.646257, 0.353743
0.670792, 0.354857
0.69538, 0.356175
0.719998, 0.35772
0.744614, 0.359513
0.769193, 0.361576
0.793683, 0.363932
0.818022, 0.366604
0.84218, 0.369606
0.866263, 0.372902
0.890467, 0.376444
0.914862, 0.380252
0.939395, 0.384392
0.963994, 0.38893
0.988621, 0.393934
0.00787451, 0.411612
0.0326878, 0.407443
0.0574697, 0.403663
0.0821739, 0.400213
0.106719, 0.397033
0.131053, 0.394069
0.155288, 0.391313
0.179643, 0.388818
0.204201, 0.386606
0.228911, 0.384662
0.253704, 0.382963
0.278529, 0.381489
0.303344, 0.380222
0.328114, 0.37914
0.352807, 0.378213
0.377406, 0.377406
0.401914, 0.376681
0.426377, 0.376028
0.450861, 0.375489
0.475406, 0.375132
0.5, 0.375008
0.524594, 0.375132
0.549139, 0.375489
0.573623, 0.376028
0.598086, 0.376681
0.622594, 0.377406
0.647193, 0.378213
0.671886, 0.37914
0.696656, 0.380222
0.721471, 0.381489
0.746296, 0.382963
0.771089, 0.384662
0.795799, 0.386606
0.820357, 0.388818
0.844712, 0.391313
0.868947, 0.394069
0.893281, 0.397033
0.917826, 0.400213
0.94253, 0.403663
0.967312, 0.407443
0.992125, 0.411612
0.00502525, 0.429289
0.0299907, 0.425956
0.0549209, 0.422933
0.0797633, 0.420172
0.104427, 0.417623
0.128866, 0.415243
0.153229, 0.413035
0.177752, 0.411045
0.202492, 0.409286
0.227382, 0.407743
0.252352, 0.406398
0.277346, 0.405234
0.30232, 0.404233
0.327227, 0.403372
0.352024, 0.402616
0.376681, 0.401914
0.401221, 0.401221
0.425751, 0.400559
0.450387, 0.400018
0.475154, 0.399676
0.5, 0.399561
0.524846, 0.399676
0.549613, 0.400018
0.574249, 0.400559
0.598779, 0.401221
0.623319, 0.401914
0.647976, 0.402616
0.672773, 0.403372
0.69768, 0.404233
0.722654, 0.405234
0.747648, 0.406398
0.772618, 0.407743
0.797508, 0.409286
0.822248, 0.411045
0.846771, 0.413035
0.871134, 0.415243
0.895573, 0.417623
0.920237, 0.420172
0.945079, 0.422933
0.970009, 0.425956
0.994975, 0.429289
0.00282045, 0.446967
0.0279039, 0.444468
0.0529487, 0.442201
0.0778973, 0.44013
0.102651, 0.438215
0.127171, 0.436425
0.151638, 0.434767
0.176293, 0.433279
0.201176, 0.431967
0.226207, 0.430817
0.251314, 0.429817
0.27644, 0.428952
0.301532, 0.428208
0.326533, 0.427561
0.351379, 0.426971
0.376028, 0.426377
0.400559, 0.425751
0.425167, 0.425167
0.449974, 0.424727
0.474946, 0.424464
0.5, 0.424377
0.525054, 0.424464
0.550026, 0.424727
0.574833, 0.425167
0.599441, 0.425751
0.623972, 0.426377
0.648621, 0.426971
0.673467, 0.427561
0.698468, 0.428208
0.72356, 0.428952
0.748686, 0.429817
0.773793, 0.430817
0.798824, 0.431967
0.823707, 0.433279
0.848362, 0.434767
0.872829, 0.436425
0.897349, 0.438215
0.922103, 0.44013
0.947051, 0.442201
0.972096, 0.444468
0.99718, 0.446967
0.00125157, 0.464645
0.0264191, 0.462979
0.0515454, 0.461468
0.0765691, 0.460087
0.101386, 0.458809
0.125964, 0.457613
0.150506, 0.456507
0.175259, 0.455517
0.200243, 0.454646
0.225375, 0.453884
0.250581, 0.453221
0.2758, 0.452649
0.300973, 0.452155
0.326029, 0.45172
0.35088, 0.451306
0.375489, 0.450861
0.400018, 0.450387
0.424727, 0.449974
0.449682, 0.449682
0.474803, 0.449513
0.5, 0.449458
0.525197, 0.449513
0.550318, 0.449682
0.575273, 0.449974
0.599982, 0.450387
0.624511, 0.450861
0.64912, 0.451306
0.673971, 0.45172
0.699027, 0.452155
0.7242, 0.452649
0.749419, 0.453221
0.774625, 0.453884
0.799757, 0.454646
0.824741, 0.455517
0.849494, 0.456507
0.874036, 0.457613
0.898614, 0.458809
0.923431, 0.460087
0.948455, 0.461468
0.973581, 0.462979
0.998748, 0.464645
0.000312598, 0.482322
0.0255304, 0.48149
0.0507056, 0.480734
0.0757739, 0.480044
0.100628, 0.479404
0.12524, 0.478805
0.14983, 0.478252
0.174641, 0.477758
0.199686, 0.477324
0.224879, 0.476944
0.250144, 0.476613
0.275418, 0.476329
0.300638, 0.476082
0.32572, 0.475863
0.350559, 0.475647
0.375132, 0.475406
0.399676, 0.475154
0.424464, 0.474946
0.449513, 0.474803
0.474721, 0.474721
0.5, 0.474694
0.525279, 0.474721
0.550487, 0.474803
0.575536, 0.474946
0.600324, 0.475154
0.624868, 0.475406
0.649441, 0.475647
0.67428, 0.475863
0.699362, 0.476082
0.724582, 0.476329
0.749856, 0.476613
0.775121, 0.476944
0.800314, 0.477324
0.825359, 0.477758
0.85017, 0.478252
0.87476, 0.478805
0.899372, 0.479404
0.924226, 0.480044
0.949294, 0.480734
0.97447, 0.48149
0.999687, 0.482322
0, 0.5
0.0252346, 0.5
0.050426, 0.5
0.0755092, 0.5
0.100375, 0.5
0.124999, 0.5
0.149604, 0.5
0.174435, 0.5
0.199501, 0.5
0.224714, 0.5
0.249998, 0.5
0.275291, 0.5
0.300526, 0.5
0.325616, 0.5
0.350447, 0.5
0.375008, 0.5
0.399561, 0.5
0.424377, 0.5
0.449458, 0.5
0.474694, 0.5
0.5, 0.5
0.525306, 0.5
0.550542, 0.5
0.575623, 0.5
0.600439, 0.5
0.624992, 0.5
0.649553, 0.5
0.674384, 0.5
0.699474, 0.5
0.724709, 0.5
0.750002, 0.5
0.775286, 0.5
0.800499, 0.5
0.825565, 0.5
0.850396, 0.5
0.875001, 0.5
0.899625, 0.5
0.924491, 0.5
0.949574, 0.5
0.974765, 0.5
1, 0.5
0.000312598, 0.517678
0.0255304, 0.51851
0.0507056, 0.519266
0.0757739, 0.519956
0.100628, 0.520596
0.12524, 0.521195
0.14983, 0.521748
0.174641, 0.522242
0.199686, 0.522676
0.224879, 0.523056
0.250144, 0.523387
0.275418, 0.523671
0.300638, 0.523918
0.32572, 0.524137
0.350559, 0.524353
0.375132, 0.524594
0.399676, 0.524846
0.424464, 0.525054
0.449513, 0.525197
0.474721, 0.525279
0.5, 0.525306
0.525279, 0.525279
0.550487, 0.525197
0.575536, 0.525054
0.600324, 0.524846
0.624868, 0.524594
0.649441, 0.524353
0.67428, 0.524137
0.699362, 0.523918
0.724582, 0.523671
0.749856, 0.523387
0.775121, 0.523056
0.800314, 0.522676
0.825359, 0.522242
0.85017, 0.521748
0.87476, 0.521195
0.899372, 0.520596
0.924226, 0.519956
0.949294, 0.519266
0.97447, 0.51851
0.999687, 0.517678
0.00125157, 0.535355
0.0264191, 0.537021
0.0515454, 0.538532
0.0765691, 0.539913
0.101386, 0.541191
0.125964, 0.542387
0.150506, 0.543493
0.175259, 0.544483
0.200243, 0.545354
0.225375, 0.546116
0.250581, 0.546779
0.2758, 0.547351
0.300973, 0.547845
0.326029, 0.54828
0.35088, 0.548694
0.375489, 0.549139
0.400018, 0.549613
0.424727, 0.550026
0.449682, 0.550318
0.474803, 0.550487
0.5, 0.550542
0.525197, 0.550487
0.550318, 0.550318
0.575273, 0.550026
0.599982, 0.549613
0.624511, 0.549139
0.64912, 0.548694
0.673971, 0.54828
0.699027, 0.547845
0.7242, 0.547351
0.749419, 0.546779
0.774625, 0.546116
0.799757, 0.545354
0.824741, 0.544483
0.849494, 0.543493
0.874036, 0.542387
0.898614, 0.541191
0.923431, 0.539913
0.948455, 0.538532
0.973581, 0.537021
0.998748, 0.535355
0.00282045, 0.553033
0.0279039, 0.555532
0.0529487, 0.557799
0.0778973, 0.55987
0.102651, 0.561785
0.127171, 0.563575
0.151638, 0.565233
0.176293, 0.566721
0.201176, 0.568033
0.226207, 0.569183
0.251314, 0.570183
0.27644, 0.571048
0.301532, 0.571792
0.326533, 0.572439
0.351379, 0.573029
0.376028, 0.573623
0.400559, 0.574249
0.425167, 0.574833
0.449974, 0.575273
0.474946, 0.575536
0.5, 0.575623
0.525054, 0.575536
0.550026, 0.575273
0.574833, 0.574833
0.599441, 0.574249
0.623972, 0.573623
0.648621, 0.573029
0.673467, 0.572439
0.698468, 0.571792
0.72356, 0.571048
0.748686, 0.570183
0.773793, 0.569183
0.798824, 0.568033
0.823707, 0.566721
0.848362, 0.565233
0.872829, 0.563575
0.897349, 0.561785
0.922103, 0.55987
0.947051, 0.557799
0.972096, 0.555532
0.99718, 0.553033
0.00502525, 0.570711
0.0299907, 0.574044
0.0549209, 0.577067
0.0797633, 0.579828
0.104427, 0.582377
0.128866, 0.584757
0.153229, 0.586965
0.177752, 0.588955
0.202492, 0.590714
0.227382, 0.592257
0.252352, 0.593602
0.277346, 0.594766
0.30232, 0.595767
0.327227, 0.596628
0.352024, 0.597384
0.376681, 0.598086
0.401221, 0.598779
0.425751, 0.599441
0.450387, 0.599982
0.475154, 0.600324
0.5, 0.600439
0.524846, 0.600324
0.549613, 0.599982
0.574249, 0.599441
0.598779, 0.598779
0.623319, 0.598086
0.647976, 0.597384
0.672773, 0.596628
0.69768, 0.595767
0.722654, 0.594766
0.747648, 0.593602
0.772618, 0.592257
0.797508, 0.590714
0.822248, 0.588955
0.846771, 0.586965
0.871134, 0.584757
0.895573, 0.582377
0.920237, 0.579828
0.945079, 0.577067
0.970009, 0.574044
0.994975, 0.570711
0.00787451, 0.588388
0.0326878, 0.592557
0.0574697, 0.596337
0.0821739, 0.599787
0.106719, 0.602967
0.131053, 0.605931
0.155288, 0.608687
0.179643, 0.611182
0.204201, 0.613394
0.228911, 0.615338
0.253704, 0.617037
0.278529, 0.618511
0.303344, 0.619778
0.328114, 0.62086
0.352807, 0.621787
0.377406, 0.622594
0.401914, 0.623319
0.426377, 0.623972
0.450861, 0.624511
0.475406, 0.624868
0.5, 0.624992
0.524594, 0.624868
0.549139, 0.624511
0.573623, 0.623972
0.598086, 0.623319
0.622594, 0.622594
0.647193, 0.621787
0.671886, 0.62086
0.696656, 0.619778
0.721471, 0.618511
0.746296, 0.617037
0.771089, 0.615338
0.795799, 0.613394
0.820357, 0.611182
0.844712, 0.608687
0.868947, 0.605931
0.893281, 0.602967
0.917826, 0.599787
0.94253, 0.596337
0.967312, 0.592557
0.992125, 0.588388
0.0113795, 0.606066
0.0360059, 0.61107
0.0606054, 0.615608
0.085138, 0.619748
0.109533, 0.623556
0.133737, 0.627098
0.15782, 0.630394
0.181978, 0.633396
0.206317, 0.636068
0.230807, 0.638424
0.255386, 0.640487
0.280002, 0.64228
0.30462, 0.643825
0.329208, 0.645143
0.353743, 0.646257
0.378213, 0.647193
0.402616, 0.647976
0.426971, 0.648621
0.451306, 0.64912
0.475647, 0.649441
0.5, 0.649553
0.524353, 0.649441
0.548694, 0.64912
0.573029, 0.648621
0.597384, 0.647976
0.621787, 0.647193
0.646257, 0.646257
0.670792, 0.645143
0.69538, 0.643825
0.719998, 0.64228
0.744614, 0.640487
0.769193, 0.638424
0.793683, 0.636068
0.818022, 0.633396
0.84218, 0.630394
0.866263, 0.627098
0.890467, 0.623556
0.914862, 0.619748
0.939395, 0.615608
0.963994, 0.61107
0.988621, 0.606066
0.0155544, 0.623744
0.0399588, 0.629585
0.0643409, 0.634882
0.0886673, 0.639711
0.112879, 0.644146
0.136923, 0.648257
0.160835, 0.652084
0.184771, 0.655591
0.208856, 0.658731
0.233087, 0.661507
0.257412, 0.663944
0.281782, 0.66607
0.306163, 0.667905
0.330528, 0.669472
0.354857, 0.670792
0.37914, 0.671886
0.403372, 0.672773
0.427561, 0.673467
0.45172, 0.673971
0.475863, 0.67428
0.5, 0.674384
0.524137, 0.67428
0.54828, 0.673971
0.572439, 0.673467
0.596628, 0.672773
0.62086, 0.671886
0.645143, 0.670792
0.669472, 0.669472
0.693837, 0.667905
0.718218, 0.66607
0.742588, 0.663944
0.766913, 0.661507
0.791144, 0.658731
0.815229, 0.655591
0.839165, 0.652084
0.863077, 0.648257
0.887121, 0.644146
0.911333, 0.639711
0.935659, 0.634882
0.960041, 0.629585
0.984446, 0.623744
0.0204168, 0.641421
0.0445634, 0.648102
0.0686922, 0.654159
0.0927764, 0.659678
0.116768, 0.664737
0.14062, 0.669412
0.164339, 0.673758
0.188035, 0.67776
0.211835, 0.681371
0.23577, 0.684577
0.259802, 0.6874
0.283887, 0.689868
0.307993, 0.692007
0.332095, 0.693837
0.356175, 0.69538
0.380222, 0.696656
0.404233, 0.69768
0.428208, 0.698468
0.452155, 0.699027
0.476082, 0.699362
0.5, 0.699474
0.523918, 0.699362
0.547845, 0.699027
0.571792, 0.698468
0.595767, 0.69768
0.619778, 0.696656
0.643825, 0.69538
0.667905, 0.693837
0.692007, 0.692007
0.716113, 0.689868
0.740198, 0.6874
0.76423, 0.684577
0.788165, 0.681371
0.811965, 0.67776
0.835661, 0.673758
0.85938, 0.669412
0.883232, 0.664737
0.907224, 0.659678
0.931308, 0.654159
0.955437, 0.648102
0.979583, 0.641421
0.0259879, 0.659099
0.0498399, 0.666619
0.0736787, 0.673438
0.0974832, 0.679648
0.121215, 0.685331
0.144837, 0.690566
0.168338, 0.695418
0.19178, 0.699901
0.215273, 0.703977
0.238876, 0.70762
0.262577, 0.710839
0.286339, 0.713661
0.310132, 0.716113
0.33393, 0.718218
0.35772, 0.719998
0.381489, 0.721471
0.405234, 0.722654
0.428952, 0.72356
0.452649, 0.7242
0.476329, 0.724582
0.5, 0.724709
0.523671, 0.724582
0.547351, 0.7242
0.571048, 0.72356
0.594766, 0.722654
0.618511, 0.721471
0.64228, 0.719998
0.66607, 0.718218
0.689868, 0.716113
0.713661, 0.713661
0.737423, 0.710839
0.761124, 0.70762
0.784727, 0.703977
0.80822, 0.699901
0.831662, 0.695418
0.855163, 0.690566
0.878785, 0.685331
0.902517, 0.679648
0.926321, 0.673438
0.95016, 0.666619
0.974012, 0.659099
0.0322928, 0.676777
0.0558128, 0.685139
0.0793236, 0.692721
0.102809, 0.699623
0.126241, 0.705931
0.14959, 0.711723
0.172838, 0.717071
0.196011, 0.722014
0.219186, 0.726539
0.242431, 0.730616
0.265763, 0.734237
0.289161, 0.737423
0.3126, 0.740198
0.336056, 0.742588
0.359513, 0.744614
0.382963, 0.746296
0.406398, 0.747648
0.429817, 0.748686
0.453221, 0.749419
0.476613, 0.749856
0.5, 0.750002
0.523387, 0.749856
0.546779, 0.749419
0.570183, 0.748686
0.593602, 0.747648
0.617037, 0.746296
0.640487, 0.744614
0.663944, 0.742588
0.6874, 0.740198
0.710839, 0.737423
0.734237, 0.734237
0.757569, 0.730616
0.780814, 0.726539
0.803989, 0.722014
0.827162, 0.717071
0.85041, 0.711723
0.873759, 0.705931
0.897191, 0.699623
0.920676, 0.692721
0.944187, 0.685139
0.967707, 0.676777
0.0393619, 0.694454
0.0625109, 0.703659
0.0856545, 0.712007
0.108781, 0.719603
0.131869, 0.726537
0.154897, 0.732888
0.17785, 0.738729
0.200731, 0.744113
0.223579, 0.749058
0.246451, 0.753549
0.269384, 0.757569
0.29238, 0.761124
0.315423, 0.76423
0.338493, 0.766913
0.361576, 0.769193
0.384662, 0.771089
0.407743, 0.772618
0.430817, 0.773793
0.453884, 0.774625
0.476944, 0.775121
0.5, 0.775286
0.523056, 0.775121
0.546116, 0.774625
0.569183, 0.773793
0.592257, 0.772618
0.615338, 0.771089
0.638424, 0.769193
0.661507, 0.766913
0.684577, 0.76423
0.70762, 0.761124
0.730616, 0.757569
0.753549, 0.753549
0.776421, 0.749058
0.799269, 0.744113
0.82215, 0.738729
0.845103, 0.732888
0.868131, 0.726537
0.891219, 0.719603
0.914345, 0.712007
0.937489, 0.703659
0.960638, 0.694454
0.0472307, 0.712132
0.0699687, 0.722182
0.0927043, 0.731297
0.115429, 0.739589
0.138128, 0.747152
0.160786, 0.754065
0.183392, 0.7604
0.205941, 0.766216
0.228448, 0.771552
0.250942, 0.776421
0.273461, 0.780814
0.296023, 0.784727
0.318629, 0.788165
0.341269, 0.791144
0.363932, 0.793683
0.386606, 0.795799
0.409286, 0.797508
0.431967, 0.798824
0.454646, 0.799757
0.477324, 0.800314
0.5, 0.800499
0.522676, 0.800314
0.545354, 0.799757
0.568033, 0.798824
0.590714, 0.797508
0.613394, 0.795799
0.636068, 0.793683
0.658731, 0.791144
0.681371, 0.788165
0.703977, 0.784727
0.726539, 0.780814
0.749058, 0.776421
0.771552, 0.771552
0.794059, 0.766216
0.816608, 0.7604
0.839214, 0.754065
0.861872, 0.747152
0.884571, 0.739589
0.907296, 0.731297
0.930031, 0.722182
0.952769, 0.712132
0.055942, 0.72981
0.0782269, 0.740706
0.100512, 0.750589
0.122791, 0.75958
0.145053, 0.767775
0.16729, 0.775256
0.189492, 0.782092
0.211656, 0.788344
0.233784, 0.794059
0.255887, 0.799269
0.277986, 0.803989
0.300099, 0.80822
0.32224, 0.811965
0.344409, 0.815229
0.366604, 0.818022
0.388818, 0.820357
0.411045, 0.822248
0.433279, 0.823707
0.455517, 0.824741
0.477758, 0.825359
0.5, 0.825565
0.522242, 0.825359
0.544483, 0.824741
0.566721, 0.823707
0.588955, 0.822248
0.611182, 0.820357
0.633396, 0.818022
0.655591, 0.815229
0.67776, 0.811965
0.699901, 0.80822
0.722014, 0.803989
0.744113, 0.799269
0.766216, 0.794059
0.788344, 0.788344
0.810508, 0.782092
0.83271, 0.775256
0.854947, 0.767775
0.877209, 0.75958
0.899488, 0.750589
0.921773, 0.740706
0.944058, 0.72981
0.0655463, 0.747487
0.0873341, 0.759231
0.109124, 0.769885
0.130911, 0.779577
0.152689, 0.788408
0.17445, 0.796462
0.196191, 0.803809
0.217908, 0.810508
0.2396, 0.816608
0.261271, 0.82215
0.282929, 0.827162
0.304582, 0.831662
0.326242, 0.835661
0.347916, 0.839165
0.369606, 0.84218
0.391313, 0.844712
0.413035, 0.846771
0.434767, 0.848362
0.456507, 0.849494
0.478252, 0.85017
0.5, 0.850396
0.521748, 0.85017
0.543493, 0.849494
0.565233, 0.848362
0.586965, 0.846771
0.608687, 0.844712
0.630394, 0.84218
0.652084, 0.839165
0.673758, 0.835661
0.695418, 0.831662
0.717071, 0.827162
0.738729, 0.82215
0.7604, 0.816608
0.782092, 0.810508
0.803809, 0.803809
0.82555, 0.796462
0.847311, 0.788408
0.869089, 0.779577
0.890876, 0.769885
0.912666, 0.759231
0.934454, 0.747487
0.0761044, 0.765165
0.0973484, 0.777757
0.118595, 0.789184
0.139843, 0.799579
0.161085, 0.809049
0.182317, 0.817683
0.203538, 0.82555
0.224744, 0.83271
0.245935, 0.839214
0.267112, 0.845103
0.288277, 0.85041
0.309434, 0.855163
0.330588, 0.85938
0.351743, 0.863077
0.372902, 0.866263
0.394069, 0.868947
0.415243, 0.871134
0.436425, 0.872829
0.457613, 0.874036
0.478805, 0.87476
0.5, 0.875001
0.521195, 0.87476
0.542387, 0.874036
0.563575, 0.872829
0.584757, 0.871134
0.605931, 0.868947
0.627098, 0.866263
0.648257, 0.863077
0.669412, 0.85938
0.690566, 0.855163
0.711723, 0.85041
0.732888, 0.845103
0.754065, 0.839214
0.775256, 0.83271
0.796462, 0.82555
0.817683, 0.817683
0.838915, 0.809049
0.860157, 0.799579
0.881405, 0.789184
0.902652, 0.777757
0.923896, 0.765165
0.0876894, 0.782843
0.10834, 0.796284
0.128993, 0.808484
0.149649, 0.819584
0.170302, 0.829698
0.190951, 0.838915
0.211592, 0.847311
0.232225, 0.854947
0.252848, 0.861872
0.273463, 0.868131
0.294069, 0.873759
0.314669, 0.878785
0.335263, 0.883232
0.355854, 0.887121
0.376444, 0.890467
0.397033, 0.893281
0.417623, 0.895573
0.438215, 0.897349
0.458809, 0.898614
0.479404, 0.899372
0.5, 0.899625
0.520596, 0.899372
0.541191, 0.898614
0.561785, 0.897349
0.582377, 0.895573
0.602967, 0.893281
0.623556, 0.890467
0.644146, 0.887121
0.664737, 0.883232
0.685331, 0.878785
0.705931, 0.873759
0.726537, 0.868131
0.747152, 0.861872
0.767775, 0.854947
0.788408, 0.847311
0.809049, 0.838915
0.829698, 0.829698
0.850351, 0.819584
0.871007, 0.808484
0.89166, 0.796284
0.912311, 0.782843
0.100391, 0.80052
0.120394, 0.814811
0.1404, 0.827785
0.160408, 0.839592
0.180416, 0.850351
0.200421, 0.860157
0.220423, 0.869089
0.24042, 0.877209
0.260411, 0.884571
0.280397, 0.891219
0.300377, 0.897191
0.320352, 0.902517
0.340322, 0.907224
0.360289, 0.911333
0.380252, 0.914862
0.400213, 0.917826
0.420172, 0.920237
0.44013, 0.922103
0.460087, 0.923431
0.480044, 0.924226
0.5, 0.924491
0.519956, 0.924226
0.539913, 0.923431
0.55987, 0.922103
0.579828, 0.920237
0.599787, 0.917826
0.619748, 0.914862
0.639711, 0.911333
0.659678, 0.907224
0.679648, 0.902517
0.699623, 0.897191
0.719603, 0.891219
0.739589, 0.884571
0.75958, 0.877209
0.779577, 0.869089
0.799579, 0.860157
0.819584, 0.850351
0.839592, 0.839592
0.8596, 0.827785
0.879606, 0.814811
0.899609, 0.80052
0.114319, 0.818198
0.133615, 0.833338
0.152914, 0.847086
0.172215, 0.8596
0.191516, 0.871007
0.210816, 0.881405
0.230115, 0.890876
0.249411, 0.899488
0.268703, 0.907296
0.287993, 0.914345
0.307279, 0.920676
0.326562, 0.926321
0.345841, 0.931308
0.365118, 0.935659
0.384392, 0.939395
0.403663, 0.94253
0.422933, 0.945079
0.442201, 0.947051
0.461468, 0.948455
0.480734, 0.949294
0.5, 0.949574
0.519266, 0.949294
0.538532, 0.948455
0.557799, 0.947051
0.577067, 0.945079
0.596337, 0.94253
0.615608, 0.939395
0.634882, 0.935659
0.654159, 0.931308
0.673438, 0.926321
0.692721, 0.920676
0.712007, 0.914345
0.731297, 0.907296
0.750589, 0.899488
0.769885, 0.890876
0.789184, 0.881405
0.808484, 0.871007
0.827785, 0.8596
0.847086, 0.847086
0.866385, 0.833338
0.885681, 0.818198
0.129612, 0.835876
0.148136, 0.851864
0.166662, 0.866385
0.185189, 0.879606
0.203716, 0.89166
0.222243, 0.902652
0.240769, 0.912666
0.259294, 0.921773
0.277818, 0.930031
0.296341, 0.937489
0.314861, 0.944187
0.333381, 0.95016
0.351898, 0.955437
0.370415, 0.960041
0.38893, 0.963994
0.407443, 0.967312
0.425956, 0.970009
0.444468, 0.972096
0.462979, 0.973581
0.48149, 0.97447
0.5, 0.974765
0.51851, 0.97447
0.537021, 0.973581
0.555532, 0.972096
0.574044, 0.970009
0.592557, 0.967312
0.61107, 0.963994
0.629585, 0.960041
0.648102, 0.955437
0.666619, 0.95016
0.685139, 0.944187
0.703659, 0.937489
0.722182, 0.930031
0.740706, 0.921773
0.759231, 0.912666
0.777757, 0.902652
0.796284, 0.89166
0.814811, 0.879606
0.833338, 0.866385
0.851864, 0.851864
0.870388, 0.835876
0.146447, 0.853553
0.164124, 0.870388
0.181802, 0.885681
0.19948, 0.899609
0.217157, 0.912311
0.234835, 0.923896
0.252513, 0.934454
0.27019, 0.944058
0.287868, 0.952769
0.305546, 0.960638
0.323223, 0.967707
0.340901, 0.974012
0.358579, 0.979583
0.376256, 0.984446
0.393934, 0.988621
0.411612, 0.992125
0.429289, 0.994975
0.446967, 0.99718
0.464645, 0.998748
0.482322, 0.999687
0.5, 1
0.517678, 0.999687
0.535355, 0.998748
0.553033, 0.99718
0.570711, 0.994975
0.588388, 0.992125
0.606066, 0.988621
0.623744, 0.984446
0.641421, 0.979583
0.659099, 0.974012
0.676777, 0.967707
0.694454, 0.960638
0.712132, 0.952769
0.72981, 0.944058
0.747487, 0.934454
0.765165, 0.923896
0.782843, 0.912311
0.80052, 0.899609
0.818198, 0.885681
0.835876, 0.870388
0.853553, 0.853553
0.146879, 0.146879
0.164991, 0.131244
0.183102, 0.117022
0.201214, 0.10406
0.219326, 0.0922373
0.237438, 0.0814582
0.255549, 0.0716433
0.273659, 0.0627275
0.291769, 0.0546566
0.309879, 0.0473853
0.327988, 0.0408754
0.346096, 0.0350948
0.364204, 0.0300166
0.382311, 0.0256179
0.400418, 0.02188
0.418524, 0.0187874
0.43663, 0.0163276
0.454736, 0.014491
0.472842, 0.0132705
0.490947, 0.0126614
0.509053, 0.0126614
0.527158, 0.0132705
0.545264, 0.014491
0.56337, 0.0163276
0.581476, 0.0187874
0.599582, 0.02188
0.617689, 0.0256179
0.635796, 0.0300166
0.653904, 0.0350948
0.672012, 0.0408754
0.690121, 0.0473853
0.708231, 0.0546566
0.726341, 0.0627275
0.744451, 0.0716433
0.762562, 0.0814582
0.780674, 0.0922373
0.798786, 0.10406
0.816898, 0.117022
0.835009, 0.131244
0.853121, 0.146879
0.131244, 0.164991
0.150161, 0.150161
0.169081, 0.136675
0.188, 0.124385
0.20692, 0.113179
0.225838, 0.102962
0.244755, 0.0936614
0.263671, 0.0852136
0.282585, 0.0775674
0.301498, 0.0706795
0.320409, 0.0645135
0.339318, 0.0590388
0.358225, 0.0542296
0.377132, 0.0500642
0.396037, 0.0465248
0.414941, 0.0435965
0.433844, 0.0412675
0.452746, 0.0395285
0.471648, 0.0383729
0.490549, 0.0377962
0.509451, 0.0377962
0.528352, 0.0383729
0.547254, 0.0395285
0.566156, 0.0412675
0.585059, 0.0435965
0.603963, 0.0465248
0.622868, 0.0500642
0.641775, 0.0542296
0.660682, 0.0590388
0.679591, 0.0645135
0.698502, 0.0706795
0.717415, 0.0775674
0.736329, 0.0852136
0.755245, 0.0936614
0.774162, 0.102962
0.79308, 0.113179
0.812, 0.124385
0.830919, 0.136675
0.849839, 0.150161
0.868756, 0.164991
0.117022, 0.183102
0.136675, 0.169081
0.156331, 0.156331
0.175987, 0.144714
0.195642, 0.134123
0.215295, 0.124469
0.234946, 0.115681
0.254594, 0.107699
0.274239, 0.100475
0.293881, 0.093967
0.31352, 0.088141
0.333156, 0.0829677
0.35279, 0.0784229
0.372422, 0.074486
0.392052, 0.0711402
0.41168, 0.0683718
0.431308, 0.0661697
0.450935, 0.0645253
0.470561, 0.0634324
0.490187, 0.062887
0.509813, 0.062887
0.529439, 0.0634324
0.549065, 0.0645253
0.568692, 0.0661697
0.58832, 0.0683718
0.607948, 0.0711402
0.627578, 0.074486
0.64721, 0.0784229
0.666844, 0.0829677
0.68648, 0.088141
0.706119, 0.093967
0.725761, 0.100475
0.745406, 0.107699
0.765054, 0.115681
0.784705, 0.124469
0.804358, 0.134123
0.824013, 0.144714
0.843669, 0.156331
0.863325, 0.169081
0.882978, 0.183102
0.10406, 0.201214
0.124385, 0.188
0.144714, 0.175987
0.165043, 0.165043
0.185369, 0.155066
0.205692, 0.145971
0.22601, 0.137692
0.246323, 0.130172
0.266632, 0.123364
0.286935, 0.117229
0.307235, 0.111734
0.32753, 0.106853
0.347824, 0.102562
0.368115, 0.0988428
0.388405, 0.0956803
0.408695, 0.093062
0.428984, 0.0909783
0.449274, 0.0894217
0.469564, 0.0883869
0.489855, 0.0878703
0.510145, 0.0878703
0.530436, 0.0883869
0.550726, 0.0894217
0.571016, 0.0909783
0.591305, 0.093062
0.611595, 0.0956803
0.631885, 0.0988428
0.652176, 0.102562
0.67247, 0.106853
0.692765, 0.111734
0.713065, 0.117229
0.733368, 0.123364
0.753677, 0.130172
0.77399, 0.137692
0.794308, 0.145971
0.814631, 0.155066
0.834957, 0.165043
0.855286, 0.175987
0.875615, 0.188
0.89594, 0.201214
0.0922373, 0.219326
0.113179, 0.20692
0.134123, 0.195642
0.155066, 0.185369
0.176004, 0.176004
0.196935, 0.167466
0.217859, 0.159691
0.238775, 0.152625
0.259683, 0.146224
0.280584, 0.14045
0.301479, 0.135273
0.322371, 0.130668
0.343262, 0.126615
0.364152, 0.123098
0.385045, 0.120104
0.40594, 0.117622
0.426838, 0.115646
0.447739, 0.114169
0.468643, 0.113186
0.489547, 0.112696
0.510453, 0.112696
0.531357, 0.113186
0.552261, 0.114169
0.573162, 0.115646
0.59406, 0.117622
0.614955, 0.120104
0.635848, 0.123098
0.656738, 0.126615
0.677629, 0.130668
0.698521, 0.135273
0.719416, 0.14045
0.740317, 0.146224
0.761225, 0.152625
0.782141, 0.159691
0.803065, 0.167466
0.823996, 0.176004
0.844934, 0.185369
0.865877, 0.195642
0.886821, 0.20692
0.907763, 0.219326
0.0814582, 0.237438
0.102962, 0.225838
0.124469, 0.215295
0.145971, 0.205692
0.167466, 0.196935
0.188949, 0.188949
0.21042, 0.181672
0.231878, 0.175051
0.253324, 0.169045
0.27476, 0.163618
0.296191, 0.158743
0.317621, 0.154399
0.339054, 0.150571
0.360493, 0.147247
0.38194, 0.144416
0.403394, 0.142071
0.424855, 0.140204
0.446321, 0.13881
0.467791, 0.137883
0.489263, 0.13742
0.510737, 0.13742
0.532209, 0.137883
0.553679, 0.13881
0.575145, 0.140204
0.596606, 0.142071
0.61806, 0.144416
0.639507, 0.147247
0.660946, 0.150571
0.682379, 0.154399
0.703809, 0.158743
0.72524, 0.163618
0.746676, 0.169045
0.768122, 0.175051
0.78958, 0.181672
0.811051, 0.188949
0.832534, 0.196935
0.854029, 0.205692
0.875531, 0.215295
0.897038, 0.225838
0.918542, 0.237438
0.0716433, 0.255549
0.0936614, 0.244755
0.115681, 0.234946
0.137692, 0.22601
0.159691, 0.217859
0.181672, 0.21042
0.203633, 0.203633
0.225574, 0.197447
0.247498, 0.191824
0.269413, 0.186732
0.291327, 0.182154
0.31325, 0.178073
0.335185, 0.174482
0.357134, 0.171369
0.379095, 0.168725
0.401066, 0.16654
0.423045, 0.164805
0.445029, 0.16351
0.467016, 0.162651
0.489005, 0.162223
0.510995, 0.162223
0.532984, 0.162651
0.554971, 0.16351
0.576955, 0.164805
0.598934, 0.16654
0.620905, 0.168725
0.642866, 0.171369
0.664815, 0.174482
0.68675, 0.178073
0.708673, 0.182154
0.730587, 0.186732
0.752502, 0.191824
0.774426, 0.197447
0.796367, 0.203633
0.818328, 0.21042
0.840309, 0.217859
0.862308, 0.22601
0.884319, 0.234946
0.906339, 0.244755
0.928357, 0.255549
0.0627275, 0.273659
0.0852136, 0.263671
0.107699, 0.254594
0.130172, 0.246323
0.152625, 0.238775
0.175051, 0.231878
0.197447, 0.225574
0.219815, 0.219815
0.242166, 0.21457
0.264516, 0.209819
0.286878, 0.205553
0.309262, 0.201762
0.331667, 0.198439
0.35409, 0.195568
0.376526, 0.193138
0.39897, 0.191134
0.421419, 0.189544
0.44387, 0.188361
0.466322, 0.187576
0.488774, 0.187185
0.511226, 0.187185
0.533678, 0.187576
0.55613, 0.188361
0.578581, 0.189544
0.60103, 0.191134
0.623474, 0.193138
0.64591, 0.195568
0.668333, 0.198439
0.690738, 0.201762
0.713122, 0.205553
0.735484, 0.209819
0.757834, 0.21457
0.780185, 0.219815
0.802553, 0.225574
0.824949, 0.231878
0.847375, 0.238775
0.869828, 0.246323
0.892301, 0.254594
0.914786, 0.263671
0.937273, 0.273659
0.0546566, 0.291769
0.0775674, 0.282585
0.100475, 0.274239
0.123364, 0.266632
0.146224, 0.259683
0.169045, 0.253324
0.191824, 0.247498
0.21457, 0.242166
0.237308, 0.237308
0.260063, 0.232918
0.28285, 0.228992
0.305667, 0.225519
0.32851, 0.222485
0.351368, 0.219872
0.374235, 0.217664
0.397106, 0.215847
0.419975, 0.214408
0.442842, 0.213337
0.465707, 0.212627
0.488569, 0.212274
0.511431, 0.212274
0.534293, 0.212627
0.557158, 0.213337
0.580025, 0.214408
0.602894, 0.215847
0.625765, 0.217664
0.648632, 0.219872
0.67149, 0.222485
0.694333, 0.225519
0.71715, 0.228992
0.739937, 0.232918
0.762692, 0.237308
0.78543, 0.242166
0.808176, 0.247498
0.830955, 0.253324
0.853776, 0.259683
0.876636, 0.266632
0.899525, 0.274239
0.922433, 0.282585
0.945343, 0.291769
0.0473853, 0.309879
0.0706795, 0.301498
0.093967, 0.293881
0.117229, 0.286935
0.14045, 0.280584
0.163618, 0.27476
0.186732, 0.269413
0.209819, 0.264516
0.232918, 0.260063
0.256058, 0.256058
0.279242, 0.252491
0.302461, 0.249348
0.325702, 0.246609
0.348954, 0.244256
0.372208, 0.242271
0.395458, 0.240639
0.418701, 0.239349
0.441937, 0.23839
0.465165, 0.237755
0.488389, 0.237439
0.511611, 0.237439
0.534835, 0.237755
0.558063, 0.23839
0.581299, 0.239349
0.604542, 0.240639
0.627792, 0.242271
0.651046, 0.244256
0.674298, 0.246609
0.697539, 0.249348
0.720758, 0.252491
0.743942, 0.256058
0.767082, 0.260063
0.790181, 0.264516
0.813268, 0.269413
0.836382, 0.27476
0.85955, 0.280584
0.882771, 0.286935
0.906033, 0.293881
0.929321, 0.301498
0.952615, 0.309879
0.0408754, 0.327988
0.0645135, 0.320409
0.088141, 0.31352
0.111734, 0.307235
0.135273, 0.301479
0.158743, 0.296191
0.182154, 0.291327
0.205553, 0.286878
0.228992, 0.28285
0.252491, 0.279242
0.276041, 0.276041
0.299624, 0.273228
0.323224, 0.270783
0.346828, 0.268685
0.370426, 0.26692
0.394012, 0.265471
0.417585, 0.264326
0.441143, 0.263476
0.464691, 0.262913
0.488231, 0.262633
0.511769, 0.262633
0.535309, 0.262913
0.558857, 0.263476
0.582415, 0.264326
0.605988, 0.265471
0.629574, 0.26692
0.653172, 0.268685
0.676776, 0.270783
0.700376, 0.273228
0.723959, 0.276041
0.747509, 0.279242
0.771008, 0.28285
0.794447, 0.286878
0.817846, 0.291327
0.841257, 0.296191
0.864727, 0.301479
0.888266, 0.307235
0.911859, 0.31352
0.935487, 0.320409
0.959125, 0.327988
0.0350948, 0.346096
0.0590388, 0.339318
0.0829677, 0.333156
0.106853, 0.32753
0.130668, 0.322371
0.154399, 0.317621
0.178073, 0.31325
0.201762, 0.309262
0.225519, 0.305667
0.249348, 0.302461
0.273228, 0.299624
0.297137, 0.297137
0.321057, 0.29498
0.344971, 0.293133
0.368872, 0.29158
0.392753, 0.290307
0.416613, 0.289301
0.440453, 0.288553
0.464278, 0.288057
0.488094, 0.28781
0.511906, 0.28781
0.535722, 0.288057
0.559547, 0.288553
0.583387, 0.289301
0.607247, 0.290307
0.631128, 0.29158
0.655029, 0.293133
0.678943, 0.29498
0.702863, 0.297137
0.726772, 0.299624
0.750652, 0.302461
0.774481, 0.305667
0.798238, 0.309262
0.821927, 0.31325
0.845601, 0.317621
0.869332, 0.322371
0.893147, 0.32753
0.917032, 0.333156
0.940961, 0.339318
0.964905, 0.346096
0.0300166, 0.364204
0.0542296, 0.358225
0.0784229, 0.35279
0.102562, 0.347824
0.126615, 0.343262
0.150571, 0.339054
0.174482, 0.335185
0.198439, 0.331667
0.222485, 0.32851
0.246609, 0.325702
0.270783, 0.323224
0.29498, 0.321057
0.31918, 0.31918
0.343366, 0.317575
0.367529, 0.316226
0.391663, 0.315118
0.415768, 0.314238
0.43985, 0.313579
0.463915, 0.313138
0.487973, 0.312917
0.512027, 0.312917
0.536085, 0.313138
0.56015, 0.313579
0.584232, 0.314238
0.608337, 0.315118
0.632471, 0.316226
0.656634, 0.317575
0.68082, 0.31918
0.70502, 0.321057
0.729217, 0.323224
0.753391, 0.325702
0.777515, 0.32851
0.801561, 0.331667
0.825518, 0.335185
0.849429, 0.339054
0.873385, 0.343262
0.897438, 0.347824
0.921577, 0.35279
0.94577, 0.358225
0.969983, 0.364204
0.0256179, 0.382311
0.0500642, 0.377132
0.074486, 0.372422
0.0988428, 0.368115
0.123098, 0.364152
0.147247, 0.360493
0.171369, 0.357134
0.195568, 0.35409
0.219872, 0.351368
0.244256, 0.348954
0.268685, 0.346828
0.293133, 0.344971
0.317575, 0.343366
0.341994, 0.341994
0.366377, 0.340836
0.390721, 0.339876
0.415028, 0.339101
0.439311, 0.338507
0.463586, 0.338101
0.487861, 0.337894
0.512139, 0.337894
0.536414, 0.338101
0.560689, 0.338507
0.584972, 0.339101
0.609279, 0.339876
0.633623, 0.340836
0.658006, 0.341994
0.682425, 0.343366
0.706867, 0.344971
0.731315, 0.346828
0.755744, 0.348954
0.780128, 0.351368
0.804432, 0.35409
0.828631, 0.357134
0.852753, 0.360493
0.876902, 0.364152
0.901157, 0.368115
0.925514, 0.372422
0.949936, 0.377132
0.974382, 0.382311
0.02188, 0.400418
0.0465248, 0.396037
0.0711402, 0.392052
0.0956803, 0.388405
0.120104, 0.385045
0.144416, 0.38194
0.168725, 0.379095
0.193138, 0.376526
0.217664, 0.374235
0.242271, 0.372208
0.26692, 0.370426
0.29158, 0.368872
0.316226, 0.367529
0.340836, 0.366377
0.365395, 0.365395
0.389898, 0.364561
0.414359, 0.363861
0.438805, 0.3633
0.463267, 0.3629
0.487752, 0.362691
0.512248, 0.362691
0.536733, 0.3629
0.561195, 0.3633
0.585641, 0.363861
0.610102, 0.364561
0.634605, 0.365395
0.659164, 0.366377
0.683774, 0.367529
0.70842, 0.368872
0.73308, 0.370426
0.757729, 0.372208
0.782336, 0.374235
0.806862, 0.376526
0.831275, 0.379095
0.855584, 0.38194
0.879896, 0.385045
0.90432, 0.388405
0.92886, 0.392052
0.953475, 0.396037
0.97812, 0.400418
0.0187874, 0.418524
0.0435965, 0.414941
0.0683718, 0.41168
0.093062, 0.408695
0.117622, 0.40594
0.142071, 0.403394
0.16654, 0.401066
0.191134, 0.39897
0.215847, 0.397106
0.240639, 0.395458
0.265471, 0.394012
0.290307, 0.392753
0.315118, 0.391663
0.339876, 0.390721
0.364561, 0.389898
0.389169, 0.389169
0.413733, 0.388522
0.438314, 0.387979
0.462952, 0.387585
0.487644, 0.387378
0.512356, 0.387378
0.537048, 0.387585
0.561686, 0.387979
0.586267, 0.388522
0.610831, 0.389169
0.635439, 0.389898
0.660124, 0.390721
0.684882, 0.391663
0.709693, 0.392753
0.734529, 0.394012
0.759361, 0.395458
0.784153, 0.397106
0.808866, 0.39897
0.83346, 0.401066
0.857929, 0.403394
0.882378, 0.40594
0.906938, 0.408695
0.931628, 0.41168
0.956404, 0.414941
0.981213, 0.418524
0.0163276, 0.43663
0.0412675, 0.433844
0.0661697, 0.431308
0.0909783, 0.428984
0.115646, 0.426838
0.140204, 0.424855
0.164805, 0.423045
0.189544, 0.421419
0.214408, 0.419975
0.239349, 0.418701
0.264326, 0.417585
0.289301, 0.416613
0.314238, 0.415768
0.339101, 0.415028
0.363861, 0.414359
0.388522, 0.413733
0.413156, 0.413156
0.43786, 0.412672
0.462666, 0.412331
0.487546, 0.412157
0.512454, 0.412157
0.537334, 0.412331
0.56214, 0.412672
0.586844, 0.413156
0.611478, 0.413733
0.636139, 0.414359
0.660899, 0.415028
0.685762, 0.415768
0.710699, 0.416613
0.735674, 0.417585
0.760651, 0.418701
0.785592, 0.419975
0.810456, 0.421419
0.835195, 0.423045
0.859796, 0.424855
0.884354, 0.426838
0.909022, 0.428984
0.93383, 0.431308
0.958733, 0.433844
0.983672, 0.43663
0.014491, 0.454736
0.0395285, 0.452746
0.0645253, 0.450935
0.0894217, 0.449274
0.114169, 0.447739
0.13881, 0.446321
0.16351, 0.445029
0.188361, 0.44387
0.213337, 0.442842
0.23839, 0.441937
0.263476, 0.441143
0.288553, 0.440453
0.313579, 0.43985
0.338507, 0.439311
0.3633, 0.438805
0.387979, 0.438314
0.412672, 0.43786
0.437491, 0.437491
0.462441, 0.437242
0.487471, 0.437118
0.512529, 0.437118
0.537559, 0.437242
0.562509, 0.437491
0.587328, 0.43786
0.612021, 0.438314
0.6367, 0.438805
0.661493, 0.439311
0.686421, 0.43985
0.711447, 0.440453
0.736524, 0.441143
0.76161, 0.441937
0.786663, 0.442842
0.811639, 0.44387
0.83649, 0.445029
0.86119, 0.446321
0.885831, 0.447739
0.910578, 0.449274
0.935475, 0.450935
0.960471, 0.452746
0.985509, 0.454736
0.0132705, 0.472842
0.0383729, 0.471648
0.0634324, 0.470561
0.0883869, 0.469564
0.113186, 0.468643
0.137883, 0.467791
0.162651, 0.467016
0.187576, 0.466322
0.212627, 0.465707
0.237755, 0.465165
0.262913, 0.464691
0.288057, 0.464278
0.313138, 0.463915
0.338101, 0.463586
0.3629, 0.463267
0.387585, 0.462952
0.412331, 0.462666
0.437242, 0.462441
0.462292, 0.462292
0.487422, 0.462219
0.512578, 0.462219
0.537708, 0.462292
0.562758, 0.462441
0.587669, 0.462666
0.612415, 0.462952
0.6371, 0.463267
0.661899, 0.463586
0.686862, 0.463915
0.711943, 0.464278
0.737087, 0.464691
0.762245, 0.465165
0.787373, 0.465707
0.812424, 0.466322
0.837349, 0.467016
0.862117, 0.467791
0.886814, 0.468643
0.911613, 0.469564
0.936568, 0.470561
0.961627, 0.471648
0.98673, 0.472842
0.0126614, 0.490947
0.0377962, 0.490549
0.062887, 0.490187
0.0878703, 0.489855
0.112696, 0.489547
0.13742, 0.489263
0.162223, 0.489005
0.187185, 0.488774
0.212274, 0.488569
0.237439, 0.488389
0.262633, 0.488231
0.28781, 0.488094
0.312917, 0.487973
0.337894, 0.487861
0.362691, 0.487752
0.387378, 0.487644
0.412157, 0.487546
0.437118, 0.487471
0.462219, 0.487422
0.487398, 0.487398
0.512602, 0.487398
0.537781, 0.487422
0.562882, 0.487471
0.587843, 0.487546
0.612622, 0.487644
0.637309, 0.487752
0.662106, 0.487861
0.687083, 0.487973
0.71219, 0.488094
0.737367, 0.488231
0.762561, 0.488389
0.787726, 0.488569
0.812815, 0.488774
0.837777, 0.489005
0.86258, 0.489263
0.887304, 0.489547
0.91213, 0.489855
0.937113, 0.490187
0.962204, 0.490549
0.987339, 0.490947
0.0126614, 0.509053
0.0377962, 0.509451
0.062887, 0.509813
0.0878703, 0.510145
0.112696, 0.510453
0.13742, 0.510737
0.162223, 0.510995
0.187185, 0.511226
0.212274, 0.511431
0.237439, 0.511611
0.262633, 0.511769
0.28781, 0.511906
0.312917, 0.512027
0.337894, 0.512139
0.362691, 0.512248
0.387378, 0.512356
0.412157, 0.512454
0.437118, 0.512529
0.462219, 0.512578
0.487398, 0.512602
0.512602, 0.512602
0.537781, 0.512578
0.562882, 0.512529
0.587843, 0.512454
0.612622, 0.512356
0.637309, 0.512248
0.662106, 0.512139
0.687083, 0.512027
0.71219, 0.511906
0.737367, 0.511769
0.762561, 0.511611
0.787726, 0.511431
0.812815, 0.511226
0.837777, 0.510995
0.86258, 0.510737
0.887304, 0.510453
0.91213, 0.510145
0.937113, 0.509813
0.962204, 0.509451
0.987339, 0.509053
0.0132705, 0.527158
0.0383729, 0.528352
0.0634324, 0.529439
0.0883869, 0.530436
0.113186, 0.531357
0.137883, 0.532209
0.162651, 0.532984
0.187576, 0.533678
0.212627, 0.534293
0.237755, 0.534835
0.262913, 0.535309
0.288057, 0.535722
0.313138, 0.536085
0.338101, 0.536414
0.3629, 0.536733
0.387585, 0.537048
0.412331, 0.537334
0.437242, 0.537559
0.462292, 0.537708
0.487422, 0.537781
0.512578, 0.537781
0.537708, 0.537708
0.562758, 0.537559
0.587669, 0.537334
0.612415, 0.537048
0.6371, 0.536733
0.661899, 0.536414
0.686862, 0.536085
0.711943, 0.535722
0.737087, 0.535309
0.762245, 0.534835
0.787373, 0.534293
0.812424, 0.533678
0.837349, 0.532984
0.862117, 0.532209
0.886814, 0.531357
0.911613, 0.530436
0.936568, 0.529439
0.961627, 0.528352
0.98673, 0.527158
0.014491, 0.545264
0.0395285, 0.547254
0.0645253, 0.549065
0.0894217, 0.550726
0.114169, 0.552261
0.13881, 0.553679
0.16351, 0.554971
0.188361, 0.55613
0.213337, 0.557158
0.23839, 0.558063
0.263476, 0.558857
0.288553, 0.559547
0.313579, 0.56015
0.338507, 0.560689
0.3633, 0.561195
0.387979, 0.561686
0.412672, 0.56214
0.437491, 0.562509
0.462441, 0.562758
0.487471, 0.562882
0.512529, 0.562882
0.537559, 0.562758
0.562509, 0.562509
0.587328, 0.56214
0.612021, 0.561686
0.6367, 0.561195
0.661493, 0.560689
0.686421, 0.56015
0.711447, 0.559547
0.736524, 0.558857
0.76161, 0.558063
0.786663, 0.557158
0.811639, 0.55613
0.83649, 0.554971
0.86119, 0.553679
0.885831, 0.552261
0.910578, 0.550726
0.935475, 0.549065
0.960471, 0.547254
0.985509, 0.545264
0.0163276, 0.56337
0.0412675, 0.566156
0.0661697, 0.568692
0.0909783, 0.571016
0.115646, 0.573162
0.140204, 0.575145
0.164805, 0.576955
0.189544, 0.578581
0.214408, 0.580025
0.239349, 0.581299
0.264326, 0.582415
0.289301, 0.583387
0.314238, 0.584232
0.339101, 0.584972
0.363861, 0.585641
0.388522, 0.586267
0.413156, 0.586844
0.43786, 0.587328
0.462666, 0.587669
0.487546, 0.587843
0.512454, 0.587843
0.537334, 0.587669
0.56214, 0.587328
0.586844, 0.586844
0.611478, 0.586267
0.636139, 0.585641
0.660899, 0.584972
0.685762, 0.584232
0.710699, 0.583387
0.735674, 0.582415
0.760651, 0.581299
0.785592, 0.580025
0.810456, 0.578581
0.835195, 0.576955
0.859796, 0.575145
0.884354, 0.573162
0.909022, 0.571016
0.93383, 0.568692
0.958733, 0.566156
0.983672, 0.56337
0.0187874, 0.581476
0.0435965, 0.585059
0.0683718, 0.58832
0.093062, 0.591305
0.117622, 0.59406
0.142071, 0.596606
0.16654, 0.598934
0.191134, 0.60103
0.215847, 0.602894
0.240639, 0.604542
0.265471, 0.605988
0.290307, 0.607247
0.315118, 0.608337
0.339876, 0.609279
0.364561, 0.610102
0.389169, 0.610831
0.413733, 0.611478
0.438314, 0.612021
0.462952, 0.612415
0.487644, 0.612622
0.512356, 0.612622
0.537048, 0.612415
0.561686, 0.612021
0.586267, 0.611478
0.610831, 0.610831
0.635439, 0.610102
0.660124, 0.609279
0.684882, 0.608337
0.709693, 0.607247
0.734529, 0.605988
0.759361, 0.604542
0.784153, 0.602894
0.808866, 0.60103
0.83346, 0.598934
0.857929, 0.596606
0.882378, 0.59406
0.906938, 0.591305
0.931628, 0.58832
0.956404, 0.585059
0.981213, 0.581476
0.02188, 0.599582
0.0465248, 0.603963
0.0711402, 0.607948
0.0956803, 0.611595
0.120104, 0.614955
0.144416, 0.61806
0.168725, 0.620905
0.193138, 0.623474
0.217664, 0.625765
0.242271, 0.627792
0.26692, 0.629574
0.29158, 0.631128
0.316226, 0.632471
0.340836, 0.633623
0.365395, 0.634605
0.389898, 0.635439
0.414359, 0.636139
0.438805, 0.6367
0.463267, 0.6371
0.487752, 0.637309
0.512248, 0.637309
0.536733, 0.6371
0.561195, 0.6367
0.585641, 0.636139
0.610102, 0.635439
0.634605, 0.634605
0.659164, 0.633623
0.683774, 0.632471
0.70842, 0.631128
0.73308, 0.629574
0.757729, 0.627792
0.782336, 0.625765
0.806862, 0.623474
0.831275, 0.620905
0.855584, 0.61806
0.879896, 0.614955
0.90432, 0.611595
0.92886, 0.607948
0.953475, 0.603963
0.97812, 0.599582
0.0256179, 0.617689
0.0500642, 0.622868
0.074486, 0.627578
0.0988428, 0.631885
0.123098, 0.635848
0.147247, 0.639507
0.171369, 0.642866
0.195568, 0.64591
0.219872, 0.648632
0.244256, 0.651046
0.268685, 0.653172
0.293133, 0.655029
0.317575, 0.656634
0.341994, 0.658006
0.366377, 0.659164
0.390721, 0.660124
0.415028, 0.660899
0.439311, 0.661493
0.463586, 0.661899
0.487861, 0.662106
0.512139, 0.662106
0.536414, 0.661899
0.560689, 0.661493
0.584972, 0.660899
0.609279, 0.660124
0.633623, 0.659164
0.658006, 0.658006
0.682425, 0.656634
0.706867, 0.655029
0.731315, 0.653172
0.755744, 0.651046
0.780128, 0.648632
0.804432, 0.64591
0.828631, 0.642866
0.852753, 0.639507
0.876902, 0.635848
0.901157, 0.631885
0.925514, 0.627578
0.949936, 0.622868
0.974382, 0.617689
0.0300166, 0.635796
0.0542296, 0.641775
0.0784229, 0.64721
0.102562, 0.652176
0.126615, 0.656738
0.150571, 0.660946
0.174482, 0.664815
0.198439, 0.668333
0.222485, 0.67149
0.246609, 0.674298
0.270783, 0.676776
0.29498, 0.678943
0.31918, 0.68082
0.343366, 0.682425
0.367529, 0.683774
0.391663, 0.684882
0.415768, 0.685762
0.43985, 0.686421
0.463915, 0.686862
0.487973, 0.687083
0.512027, 0.687083
0.536085, 0.686862
0.56015, 0.686421
0.584232, 0.685762
0.608337, 0.684882
0.632471, 0.683774
0.656634, 0.682425
0.68082, 0.68082
0.70502, 0.678943
0.729217, 0.676776
0.753391, 0.674298
0.777515, 0.67149
0.801561, 0.668333
0.825518, 0.664815
0.849429, 0.660946
0.873385, 0.656738
0.897438, 0.652176
0.921577, 0.64721
0.94577, 0.641775
0.969983, 0.635796
0.0350948, 0.653904
0.0590388, 0.660682
0.0829677, 0.666844
0.106853, 0.67247
0.130668, 0.677629
0.154399, 0.682379
0.178073, 0.68675
0.201762, 0.690738
0.225519, 0.694333
0.249348, 0.697539
0.273228, 0.700376
0.297137, 0.702863
0.321057, 0.70502
0.344971, 0.706867
0.368872, 0.70842
0.392753, 0.709693
0.416613, 0.710699
0.440453, 0.711447
0.464278, 0.711943
0.488094, 0.71219
0.511906, 0.71219
0.535722, 0.711943
0.559547, 0.711447
0.583387, 0.710699
0.607247, 0.709693
0.631128, 0.70842
0.655029, 0.706867
0.678943, 0.70502
0.702863, 0.702863
0.726772, 0.700376
0.750652, 0.697539
0.774481, 0.694333
0.798238, 0.690738
0.821927, 0.68675
0.845601, 0.682379
0.869332, 0.677629
0.893147, 0.67247
0.917032, 0.666844
0.940961, 0.660682
0.964905, 0.653904
0.0408754, 0.672012
0.0645135, 0.679591
0.088141, 0.68648
0.111734, 0.692765
0.135273, 0.698521
0.158743, 0.703809
0.182154, 0.708673
0.205553, 0.713122
0.228992, 0.71715
0.252491, 0.720758
0.276041, 0.723959
0.299624, 0.726772
0.323224, 0.729217
0.346828, 0.731315
0.370426, 0.73308
0.394012, 0.734529
0.417585, 0.735674
0.441143, 0.736524
0.464691, 0.737087
0.488231, 0.737367
0.511769, 0.737367
0.535309, 0.737087
0.558857, 0.736524
0.582415, 0.735674
0.605988, 0.734529
0.629574, 0.73308
0.653172, 0.731315
0.676776, 0.729217
0.700376, 0.726772
0.723959, 0.723959
0.747509, 0.720758
0.771008, 0.71715
0.794447, 0.713122
0.817846, 0.708673
0.841257, 0.703809
0.864727, 0.698521
0.888266, 0.692765
0.911859, 0.68648
0.935487, 0.679591
0.959125, 0.672012
0.0473853, 0.690121
0.0706795, 0.698502
0.093967, 0.706119
0.117229, 0.713065
0.14045, 0.719416
0.163618, 0.72524
0.186732, 0.730587
0.209819, 0.735484
0.232918, 0.739937
0.256058, 0.743942
0.279242, 0.747509
0.302461, 0.750652
0.325702, 0.753391
0.348954, 0.755744
0.372208, 0.757729
0.395458, 0.759361
0.418701, 0.760651
0.441937, 0.76161
0.465165, 0.762245
0.488389, 0.762561
0.511611, 0.762561
0.534835, 0.762245
0.558063, 0.76161
0.581299, 0.760651
0.604542, 0.759361
0.627792, 0.757729
0.651046, 0.755744
0.674298, 0.753391
0.697539, 0.750652
0.720758, 0.747509
0.743942, 0.743942
0.767082, 0.739937
0.790181, 0.735484
0.813268, 0.730587
0.836382, 0.72524
0.85955, 0.719416
0.882771, 0.713065
0.906033, 0.706119
0.929321, 0.698502
0.952615, 0.690121
0.0546566, 0.708231
0.0775674, 0.717415
0.100475, 0.725761
0.123364, 0.733368
0.146224, 0.740317
0.169045, 0.746676
0.191824, 0.752502
0.21457, 0.757834
0.237308, 0.762692
0.260063, 0.767082
0.28285, 0.771008
0.305667, 0.774481
0.32851, 0.777515
0.351368, 0.780128
0.374235, 0.782336
0.397106, 0.784153
0.419975, 0.785592
0.442842, 0.786663
0.465707, 0.787373
0.488569, 0.787726
0.511431, 0.787726
0.534293, 0.787373
0.557158, 0.786663
0.580025, 0.785592
0.602894, 0.784153
0.625765, 0.782336
0.648632, 0.780128
0.67149, 0.777515
0.694333, 0.774481
0.71715, 0.771008
0.739937, 0.767082
0.762692, 0.762692
0.78543, 0.757834
0.808176, 0.752502
0.830955, 0.746676
0.853776, 0.740317
0.876636, 0.733368
0.899525, 0.725761
0.922433, 0.717415
0.945343, 0.708231
0.0627275, 0.726341
0.0852136, 0.736329
0.107699, 0.745406
0.130172, 0.753677
0.152625, 0.761225
0.175051, 0.768122
0.197447, 0.774426
0.219815, 0.780185
0.242166, 0.78543
0.264516, 0.790181
0.286878, 0.794447
0.309262, 0.798238
0.331667, 0.801561
0.35409, 0.804432
0.376526, 0.806862
0.39897, 0.808866
0.421419, 0.810456
0.44387, 0.811639
0.466322, 0.812424
0.488774, 0.812815
0.511226, 0.812815
0.533678, 0.812424
0.55613, 0.811639
0.578581, 0.810456
0.60103, 0.808866
0.623474, 0.806862
0.64591, 0.804432
0.668333, 0.801561
0.690738, 0.798238
0.713122, 0.794447
0.735484, 0.790181
0.757834, 0.78543
0.780185, 0.780185
0.802553, 0.774426
0.824949, 0.768122
0.847375, 0.761225
0.869828, 0.753677
0.892301, 0.745406
0.914786, 0.736329
0.937273, 0.726341
0.0716433, 0.744451
0.0936614, 0.755245
0.115681, 0.765054
0.137692, 0.77399
0.159691, 0.782141
0.181672, 0.78958
0.203633, 0.796367
0.225574, 0.802553
0.247498, 0.808176
0.269413, 0.813268
0.291327, 0.817846
0.31325, 0.821927
0.335185, 0.825518
0.357134, 0.828631
0.379095, 0.831275
0.401066, 0.83346
0.423045, 0.835195
0.445029, 0.83649
0.467016, 0.837349
0.489005, 0.837777
0.510995, 0.837777
0.532984, 0.837349
0.554971, 0.83649
0.576955, 0.835195
0.598934, 0.83346
0.620905, 0.831275
0.642866, 0.828631
0.664815, 0.825518
0.68675, 0.821927
0.708673, 0.817846
0.730587, 0.813268
0.752502, 0.808176
0.774426, 0.802553
0.796367, 0.796367
0.818328, 0.78958
0.840309, 0.782141
0.862308, 0.77399
0.884319, 0.765054
0.906339, 0.755245
0.928357, 0.744451
0.0814582, 0.762562
0.102962, 0.774162
0.124469, 0.784705
0.145971, 0.794308
0.167466, 0.803065
0.188949, 0.811051
0.21042, 0.818328
0.231878, 0.824949
0.253324, 0.830955
0.27476, 0.836382
0.296191, 0.841257
0.317621, 0.845601
0.339054, 0.849429
0.360493, 0.852753
0.38194, 0.855584
0.403394, 0.857929
0.424855, 0.859796
0.446321, 0.86119
0.467791, 0.862117
0.489263, 0.86258
0.510737, 0.86258
0.532209, 0.862117
0.553679, 0.86119
0.575145, 0.859796
0.596606, 0.857929
0.61806, 0.855584
0.639507, 0.852753
0.660946, 0.849429
0.682379, 0.845601
0.703809, 0.841257
0.72524, 0.836382
0.746676, 0.830955
0.768122, 0.824949
0.78958, 0.818328
0.811051, 0.811051
0.832534, 0.803065
0.854029, 0.794308
0.875531, 0.784705
0.897038, 0.774162
0.918542, 0.762562
0.0922373, 0.780674
0.113179, 0.79308
0.134123, 0.804358
0.155066, 0.814631
0.176004, 0.823996
0.196935, 0.832534
0.217859, 0.840309
0.238775, 0.847375
0.259683, 0.853776
0.280584, 0.85955
0.301479, 0.864727
0.322371, 0.869332
0.343262, 0.873385
0.364152, 0.876902
0.385045, 0.879896
0.40594, 0.882378
0.426838, 0.884354
0.447739, 0.885831
0.468643, 0.886814
0.489547, 0.887304
0.510453, 0.887304
0.531357, 0.886814
0.552261, 0.885831
0.573162, 0.884354
0.59406, 0.882378
0.614955, 0.879896
0.635848, 0.876902
0.656738, 0.873385
0.677629, 0.869332
0.698521, 0.864727
0.719416, 0.85955
0.740317, 0.853776
0.761225, 0.847375
0.782141, 0.840309
0.803065, 0.832534
0.823996, 0.823996
0.844934, 0.814631
0.865877, 0.804358
0.886821, 0.79308
0.907763, 0.780674
0.10406, 0.798786
0.124385, 0.812
0.144714, 0.824013
0.165043, 0.834957
0.185369, 0.844934
0.205692, 0.854029
0.22601, 0.862308
0.246323, 0.869828
0.266632, 0.876636
0.286935, 0.882771
0.307235, 0.888266
0.32753, 0.893147
0.347824, 0.897438
0.368115, 0.901157
0.388405, 0.90432
0.408695, 0.906938
0.428984, 0.909022
0.449274, 0.910578
0.469564, 0.911613
0.489855, 0.91213
0.510145, 0.91213
0.530436, 0.911613
0.550726, 0.910578
0.571016, 0.909022
0.591305, 0.906938
0.611595, 0.90432
0.631885, 0.901157
0.652176, 0.897438
0.67247, 0.893147
0.692765, 0.888266
0.713065, 0.882771
0.733368, 0.876636
0.753677, 0.869828
0.77399, 0.862308
0.794308, 0.854029
0.814631, 0.844934
0.834957, 0.834957
0.855286, 0.824013
0.875615, 0.812
0.89594, 0.798786
0.117022, 0.816898
0.136675, 0.830919
0.156331, 0.843669
0.175987, 0.855286
0.195642, 0.865877
0.215295, 0.875531
0.234946, 0.884319
0.254594, 0.892301
0.274239, 0.899525
0.293881, 0.906033
0.31352, 0.911859
0.333156, 0.917032
0.35279, 0.921577
0.372422, 0.925514
0.392052, 0.92886
0.41168, 0.931628
0.431308, 0.93383
0.450935, 0.935475
0.470561, 0.936568
0.490187, 0.937113
0.509813, 0.937113
0.529439, 0.936568
0.549065, 0.935475
0.568692, 0.93383
0.58832, 0.931628
0.607948, 0.92886
0.627578, 0.925514
0.64721, 0.921577
0.666844, 0.917032
0.68648, 0.911859
0.706119, 0.906033
0.725761, 0.899525
0.745406, 0.892301
0.765054, 0.884319
0.784705, 0.875531
0.804358, 0.865877
0.824013, 0.855286
0.843669, 0.843669
0.863325, 0.830919
0.882978, 0.816898
0.131244, 0.835009
0.150161, 0.849839
0.169081, 0.863325
0.188, 0.875615
0.20692, 0.886821
0.225838, 0.897038
0.244755, 0.906339
0.263671, 0.914786
0.282585, 0.922433
0.301498, 0.929321
0.320409, 0.935487
0.339318, 0.940961
0.358225, 0.94577
0.377132, 0.949936
0.396037, 0.953475
0.414941, 0.956404
0.433844, 0.958733
0.452746, 0.960471
0.471648, 0.961627
0.490549, 0.962204
0.509451, 0.962204
0.528352, 0.961627
0.547254, 0.960471
0.566156, 0.958733
0.585059, 0.956404
0.603963, 0.953475
0.622868, 0.949936
0.641775, 0.94577
0.660682, 0.940961
0.679591, 0.935487
0.698502, 0.929321
0.717415, 0.922433
0.736329, 0.914786
0.755245, 0.906339
0.774162, 0.897038
0.79308, 0.886821
0.812, 0.875615
0.830919, 0.863325
0.849839, 0.849839
0.868756, 0.835009
0.146879, 0.853121
0.164991, 0.868756
0.183102, 0.882978
0.201214, 0.89594
0.219326, 0.907763
0.237438, 0.918542
0.255549, 0.928357
0.273659, 0.937273
0.291769, 0.945343
0.309879, 0.952615
0.327988, 0.959125
0.346096, 0.964905
0.364204, 0.969983
0.382311, 0.974382
0.400418, 0.97812
0.418524, 0.981213
0.43663, 0.983672
0.454736, 0.985509
0.472842, 0.98673
0.490947, 0.987339
0.509053, 0.987339
0.527158, 0.98673
0.545264, 0.985509
0.56337, 0.983672
0.581476, 0.981213
0.599582, 0.97812
0.617689, 0.974382
0.635796, 0.969983
0.653904, 0.964905
0.672012, 0.959125
0.690121, 0.952615
0.708231, 0.945343
0.726341, 0.937273
0.744451, 0.928357
0.762562, 0.918542
0.780674, 0.907763
0.798786, 0.89594
0.816898, 0.882978
0.835009, 0.868756
0.853121, 0.853121
