0.146447, 0.146447
0.164124, 0.129612
0.181802, 0.114319
0.19948, 0.100391
0.217157, 0.0876894
0.234835, 0.0761044
0.252513, 0.0655463
0.27019, 0.055942
0.287868, 0.0472307
0.305546, 0.0393619
0.323223, 0.0322928
0.340901, 0.0259879
0.358579, 0.0204168
0.376256, 0.0155544
0.393934, 0.0113795
0.411612, 0.00787451
0.429289, 0.00502525
0.446967, 0.00282045
0.464645, 0.00125157
0.482322, 0.000312598
0.5, 0
0.517678, 0.000312598
0.535355, 0.00125157
0.553033, 0.00282045
0.570711, 0.00502525
0.588388, 0.00787451
0.606066, 0.0113795
0.623744, 0.0155544
0.641421, 0.0204168
0.659099, 0.0259879
0.676777, 0.0322928
0.694454, 0.0393619
0.712132, 0.0472307
0.72981, 0.055942
0.747487, 0.0655463
0.765165, 0.0761044
0.782843, 0.0876894
0.80052, 0.100391
0.818198, 0.114319
0.835876, 0.129612
0.853553, 0.146447
0.129612, 0.164124
0.148137, 0.148137
0.166665, 0.133618
0.185193, 0.120399
0.203722, 0.108348
0.222251, 0.0973599
0.240779, 0.0873492
0.259305, 0.0782458
0.27783, 0.0699916
0.296353, 0.0625378
0.314874, 0.0558437
0.333394, 0.0498747
0.351911, 0.0446018
0.370426, 0.0400006
0.38894, 0.0360508
0.407453, 0.0327353
0.425964, 0.0300405
0.444474, 0.0279555
0.462983, 0.0264719
0.481492, 0.0255841
0.5, 0.0252885
0.518508, 0.0255841
0.537017, 0.0264719
0.555526, 0.0279555
0.574036, 0.0300405
0.592547, 0.0327353
0.61106, 0.0360508
0.629574, 0.0400006
0.648089, 0.0446018
0.666606, 0.0498747
0.685126, 0.0558437
0.703647, 0.0625378
0.72217, 0.0699916
0.740695, 0.0782458
0.759221, 0.0873492
0.777749, 0.0973599
0.796278, 0.108348
0.814807, 0.120399
0.833335, 0.133618
0.851863, 0.148137
0.870388, 0.164124
0.114319, 0.181802
0.133618, 0.166665
0.15292, 0.15292
0.172225, 0.140411
0.19153, 0.12901
0.210834, 0.118618
0.230136, 0.109154
0.249434, 0.100549
0.268729, 0.092749
0.28802, 0.0857066
0.307306, 0.0793828
0.326589, 0.0737447
0.345867, 0.0687645
0.365142, 0.0644189
0.384414, 0.0606884
0.403683, 0.0575571
0.422949, 0.0550118
0.442213, 0.0530425
0.461476, 0.0516412
0.480738, 0.0508026
0.5, 0.0505234
0.519262, 0.0508026
0.538524, 0.0516412
0.557787, 0.0530425
0.577051, 0.0550118
0.596317, 0.0575571
0.615586, 0.0606884
0.634858, 0.0644189
0.654133, 0.0687645
0.673411, 0.0737447
0.692694, 0.0793828
0.71198, 0.0857066
0.731271, 0.092749
0.750566, 0.100549
0.769864, 0.109154
0.789166, 0.118618
0.80847, 0.12901
0.827775, 0.140411
0.84708, 0.15292
0.866382, 0.166665
0.885681, 0.181802
0.100391, 0.19948
0.120399, 0.185193
0.140411, 0.172225
0.160425, 0.160425
0.180439, 0.149675
0.20045, 0.139877
0.220457, 0.130956
0.240457, 0.122846
0.260451, 0.115493
0.280438, 0.108854
0.300418, 0.102891
0.320392, 0.0975729
0.34036, 0.0928727
0.360324, 0.0887692
0.380283, 0.0852444
0.400239, 0.0822839
0.420194, 0.079876
0.440146, 0.0780119
0.460098, 0.076685
0.480049, 0.0758906
0.5, 0.0756261
0.519951, 0.0758906
0.539902, 0.076685
0.559854, 0.0780119
0.579806, 0.079876
0.599761, 0.0822839
0.619717, 0.0852444
0.639676, 0.0887692
0.65964, 0.0928727
0.679608, 0.0975729
0.699582, 0.102891
0.719562, 0.108854
0.739549, 0.115493
0.759543, 0.122846
0.779543, 0.130956
0.79955, 0.139877
0.819561, 0.149675
0.839575, 0.160425
0.859589, 0.172225
0.879601, 0.185193
0.899609, 0.19948
0.0876894, 0.217157
0.108348, 0.203722
0.12901, 0.19153
0.149675, 0.180439
0.170336, 0.170336
0.190992, 0.16113
0.211639, 0.152746
0.232276, 0.145122
0.252902, 0.138206
0.273516, 0.131955
0.294121, 0.126334
0.314717, 0.121313
0.335306, 0.116867
0.355892, 0.112978
0.376475, 0.109631
0.397058, 0.106815
0.417643, 0.10452
0.43823, 0.102742
0.458818, 0.101474
0.479409, 0.100715
0.5, 0.100462
0.520591, 0.100715
0.541182, 0.101474
0.56177, 0.102742
0.582357, 0.10452
0.602942, 0.106815
0.623525, 0.109631
0.644108, 0.112978
0.664694, 0.116867
0.685283, 0.121313
0.705879, 0.126334
0.726484, 0.131955
0.747098, 0.138206
0.767724, 0.145122
0.788361, 0.152746
0.809008, 0.16113
0.829664, 0.170336
0.850325, 0.180439
0.87099, 0.19153
0.891652, 0.203722
0.912311, 0.217157
0.0761044, 0.234835
0.0973599, 0.222251
0.118618, 0.210834
0.139877, 0.20045
0.16113, 0.190992
0.182372, 0.182372
0.203598, 0.174516
0.224807, 0.167366
0.245997, 0.160868
0.26717, 0.154983
0.288328, 0.149674
0.309477, 0.144917
0.330621, 0.14069
0.351767, 0.136982
0.372918, 0.133783
0.394078, 0.131087
0.415248, 0.128889
0.436427, 0.127184
0.457614, 0.125969
0.478805, 0.125242
0.5, 0.124999
0.521195, 0.125242
0.542386, 0.125969
0.563573, 0.127184
0.584752, 0.128889
0.605922, 0.131087
0.627082, 0.133783
0.648233, 0.136982
0.669379, 0.14069
0.690523, 0.144917
0.711672, 0.149674
0.73283, 0.154983
0.754003, 0.160868
0.775193, 0.167366
0.796402, 0.174516
0.817628, 0.182372
0.83887, 0.190992
0.860123, 0.20045
0.881382, 0.210834
0.90264, 0.222251
0.923896, 0.234835
0.0655463, 0.252513
0.0873492, 0.240779
0.109154, 0.230136
0.130956, 0.220457
0.152746, 0.211639
0.174516, 0.203598
0.196261, 0.196261
0.217976, 0.189568
0.239662, 0.183467
0.261321, 0.177918
0.282964, 0.172891
0.304602, 0.168371
0.326248, 0.164349
0.34791, 0.160823
0.369593, 0.157787
0.391297, 0.155236
0.413018, 0.153163
0.434752, 0.15156
0.456497, 0.150421
0.478247, 0.14974
0.5, 0.149513
0.521753, 0.14974
0.543503, 0.150421
0.565248, 0.15156
0.586982, 0.153163
0.608703, 0.155236
0.630407, 0.157787
0.65209, 0.160823
0.673752, 0.164349
0.695398, 0.168371
0.717036, 0.172891
0.738679, 0.177918
0.760338, 0.183467
0.782024, 0.189568
0.803739, 0.196261
0.825484, 0.203598
0.847254, 0.211639
0.869044, 0.220457
0.890846, 0.230136
0.912651, 0.240779
0.934454, 0.252513
0.055942, 0.27019
0.0782458, 0.259305
0.100549, 0.249434
0.122846, 0.240457
0.145122, 0.232276
0.167366, 0.224807
0.189568, 0.217976
0.211723, 0.211723
0.233834, 0.205996
0.255914, 0.200764
0.277989, 0.196016
0.300082, 0.191754
0.322208, 0.187981
0.344371, 0.184693
0.366564, 0.181882
0.38878, 0.179533
0.411012, 0.177633
0.433253, 0.17617
0.4555, 0.175131
0.477749, 0.174512
0.5, 0.174306
0.522251, 0.174512
0.5445, 0.175131
0.566747, 0.17617
0.588988, 0.177633
0.61122, 0.179533
0.633436, 0.181882
0.655629, 0.184693
0.677792, 0.187981
0.699918, 0.191754
0.722011, 0.196016
0.744086, 0.200764
0.766166, 0.205996
0.788277, 0.211723
0.810432, 0.217976
0.832634, 0.224807
0.854878, 0.232276
0.877154, 0.240457
0.899451, 0.249434
0.921754, 0.259305
0.944058, 0.27019
0.0472307, 0.287868
0.0699916, 0.27783
0.092749, 0.268729
0.115493, 0.260451
0.138206, 0.252902
0.160868, 0.245997
0.183467, 0.239662
0.205996, 0.233834
0.228472, 0.228472
0.250934, 0.22357
0.273425, 0.219142
0.29597, 0.2152
0.318569, 0.21174
0.34121, 0.208747
0.363877, 0.206201
0.38656, 0.204082
0.40925, 0.202372
0.43194, 0.201057
0.454629, 0.200127
0.477315, 0.199572
0.5, 0.199387
0.522685, 0.199572
0.545371, 0.200127
0.56806, 0.201057
0.59075, 0.202372
0.61344, 0.204082
0.636123, 0.206201
0.65879, 0.208747
0.681431, 0.21174
0.70403, 0.2152
0.726575, 0.219142
0.749066, 0.22357
0.771528, 0.228472
0.794004, 0.233834
0.816533, 0.239662
0.839132, 0.245997
0.861794, 0.252902
0.884507, 0.260451
0.907251, 0.268729
0.930008, 0.27783
0.952769, 0.287868
0.0393619, 0.305546
0.0625378, 0.296353
0.0857066, 0.28802
0.108854, 0.280438
0.131955, 0.273516
0.154983, 0.26717
0.177918, 0.261321
0.200764, 0.255914
0.22357, 0.250934
0.246406, 0.246406
0.269317, 0.242355
0.292304, 0.238781
0.315349, 0.235665
0.338429, 0.23298
0.361523, 0.230704
0.384621, 0.228815
0.407714, 0.227295
0.430798, 0.226128
0.453872, 0.225303
0.476938, 0.224812
0.5, 0.224649
0.523062, 0.224812
0.546128, 0.225303
0.569202, 0.226128
0.592286, 0.227295
0.615379, 0.228815
0.638477, 0.230704
0.661571, 0.23298
0.684651, 0.235665
0.707696, 0.238781
0.730683, 0.242355
0.753594, 0.246406
0.77643, 0.250934
0.799236, 0.255914
0.822082, 0.261321
0.845017, 0.26717
0.868045, 0.273516
0.891146, 0.280438
0.914293, 0.28802
0.937462, 0.296353
0.960638, 0.305546
0.0322928, 0.323223
0.0558437, 0.314874
0.0793828, 0.307306
0.102891, 0.300418
0.126334, 0.294121
0.149674, 0.288328
0.172891, 0.282964
0.196016, 0.277989
0.219142, 0.273425
0.242355, 0.269317
0.265675, 0.265675
0.289077, 0.262482
0.312527, 0.259709
0.335999, 0.257328
0.359474, 0.255316
0.382938, 0.253651
0.406384, 0.252315
0.429811, 0.251292
0.453219, 0.25057
0.476613, 0.250141
0.5, 0.249998
0.523387, 0.250141
0.546781, 0.25057
0.570189, 0.251292
0.593616, 0.252315
0.617062, 0.253651
0.640526, 0.255316
0.664001, 0.257328
0.687473, 0.259709
0.710923, 0.262482
0.734325, 0.265675
0.757645, 0.269317
0.780858, 0.273425
0.803984, 0.277989
0.827109, 0.282964
0.850326, 0.288328
0.873666, 0.294121
0.897109, 0.300418
0.920617, 0.307306
0.944156, 0.314874
0.967707, 0.323223
0.0259879, 0.340901
0.0498747, 0.333394
0.0737447, 0.326589
0.0975729, 0.320392
0.121313, 0.314717
0.144917, 0.309477
0.168371, 0.304602
0.191754, 0.300082
0.2152, 0.29597
0.238781, 0.292304
0.262482, 0.289077
0.286258, 0.286258
0.310072, 0.283819
0.333893, 0.281733
0.357702, 0.279975
0.381488, 0.278526
0.405242, 0.277366
0.428965, 0.276479
0.45266, 0.275853
0.476335, 0.275481
0.5, 0.275357
0.523665, 0.275481
0.54734, 0.275853
0.571035, 0.276479
0.594758, 0.277366
0.618512, 0.278526
0.642298, 0.279975
0.666107, 0.281733
0.689928, 0.283819
0.713742, 0.286258
0.737518, 0.289077
0.761219, 0.292304
0.7848, 0.29597
0.808246, 0.300082
0.831629, 0.304602
0.855083, 0.309477
0.878687, 0.314717
0.902427, 0.320392
0.926255, 0.326589
0.950125, 0.333394
0.974012, 0.340901
0.0204168, 0.358579
0.0446018, 0.351911
0.0687645, 0.345867
0.0928727, 0.34036
0.116867, 0.335306
0.14069, 0.330621
0.164349, 0.326248
0.187981, 0.322208
0.21174, 0.318569
0.235665, 0.315349
0.259709, 0.312527
0.283819, 0.310072
0.307954, 0.307954
0.332084, 0.30615
0.356186, 0.304635
0.380249, 0.303388
0.404267, 0.30239
0.428242, 0.301624
0.452181, 0.30108
0.476096, 0.300755
0.5, 0.300646
0.523904, 0.300755
0.547819, 0.30108
0.571758, 0.301624
0.595733, 0.30239
0.619751, 0.303388
0.643814, 0.304635
0.667916, 0.30615
0.692046, 0.307954
0.716181, 0.310072
0.740291, 0.312527
0.764335, 0.315349
0.78826, 0.318569
0.812019, 0.322208
0.835651, 0.326248
0.85931, 0.330621
0.883133, 0.335306
0.907127, 0.34036
0.931236, 0.345867
0.955398, 0.351911
0.979583, 0.358579
0.0155544, 0.376256
0.0400006, 0.370426
0.0644189, 0.365142
0.0887692, 0.360324
0.112978, 0.355892
0.136982, 0.351767
0.160823, 0.34791
0.184693, 0.344371
0.208747, 0.34121
0.23298, 0.338429
0.257328, 0.335999
0.281733, 0.333893
0.30615, 0.332084
0.330547, 0.330547
0.354901, 0.329259
0.379197, 0.328195
0.403432, 0.327333
0.427613, 0.326658
0.451758, 0.326164
0.475882, 0.32586
0.5, 0.325756
0.524118, 0.32586
0.548242, 0.326164
0.572387, 0.326658
0.596568, 0.327333
0.620803, 0.328195
0.645099, 0.329259
0.669453, 0.330547
0.69385, 0.332084
0.718267, 0.333893
0.742672, 0.335999
0.76702, 0.338429
0.791253, 0.34121
0.815307, 0.344371
0.839177, 0.34791
0.863018, 0.351767
0.887022, 0.355892
0.911231, 0.360324
0.935581, 0.365142
0.959999, 0.370426
0.984446, 0.376256
0.0113795, 0.393934
0.0360508, 0.38894
0.0606884, 0.384414
0.0852444, 0.380283
0.109631, 0.376475
0.133783, 0.372918
0.157787, 0.369593
0.181882, 0.366564
0.206201, 0.363877
0.230704, 0.361523
0.255316, 0.359474
0.279975, 0.357702
0.304635, 0.356186
0.329259, 0.354901
0.353818, 0.353818
0.378297, 0.352909
0.402694, 0.352142
0.427031, 0.351501
0.451344, 0.350996
0.475665, 0.350666
0.5, 0.35055
0.524335, 0.350666
0.548656, 0.350996
0.572969, 0.351501
0.597306, 0.352142
0.621703, 0.352909
0.646182, 0.353818
0.670741, 0.354901
0.695365, 0.356186
0.720025, 0.357702
0.744684, 0.359474
0.769296, 0.361523
0.793799, 0.363877
0.818118, 0.366564
0.842213, 0.369593
0.866217, 0.372918
0.890369, 0.376475
0.914756, 0.380283
0.939312, 0.384414
0.963949, 0.38894
0.988621, 0.393934
0.00787451, 0.411612
0.0327353, 0.407453
0.0575571, 0.403683
0.0822839, 0.400239
0.106815, 0.397058
0.131087, 0.394078
0.155236, 0.391297
0.179533, 0.38878
0.204082, 0.38656
0.228815, 0.384621
0.253651, 0.382938
0.278526, 0.381488
0.303388, 0.380249
0.328195, 0.379197
0.352909, 0.378297
0.377505, 0.377505
0.401992, 0.376778
0.426422, 0.376102
0.450877, 0.37553
0.475409, 0.375145
0.5, 0.37501
0.524591, 0.375145
0.549123, 0.37553
0.573578, 0.376102
0.598008, 0.376778
0.622495, 0.377505
0.647091, 0.378297
0.671805, 0.379197
0.696612, 0.380249
0.721474, 0.381488
0.746349, 0.382938
0.771185, 0.384621
0.795918, 0.38656
0.820467, 0.38878
0.844764, 0.391297
0.868913, 0.394078
0.893185, 0.397058
0.917716, 0.400239
0.942443, 0.403683
0.967265, 0.407453
0.992125, 0.411612
0.00502525, 0.429289
0.0300405, 0.425964
0.0550118, 0.422949
0.079876, 0.420194
0.10452, 0.417643
0.128889, 0.415248
0.153163, 0.413018
0.177633, 0.411012
0.202372, 0.40925
0.227295, 0.407714
0.252315, 0.406384
0.277366, 0.405242
0.30239, 0.404267
0.327333, 0.403432
0.352142, 0.402694
0.376778, 0.401992
0.40127, 0.40127
0.42575, 0.400558
0.45036, 0.399966
0.475132, 0.399588
0.5, 0.39946
0.524868, 0.399588
0.54964, 0.399966
0.57425, 0.400558
0.59873, 0.40127
0.623222, 0.401992
0.647858, 0.402694
0.672667, 0.403432
0.69761, 0.404267
0.722634, 0.405242
0.747685, 0.406384
0.772705, 0.407714
0.797628, 0.40925
0.822367, 0.411012
0.846837, 0.413018
0.871111, 0.415248
0.89548, 0.417643
0.920124, 0.420194
0.944988, 0.422949
0.969959, 0.425964
0.994975, 0.429289
0.00282045, 0.446967
0.0279555, 0.444474
0.0530425, 0.442213
0.0780119, 0.440146
0.102742, 0.43823
0.127184, 0.436427
0.15156, 0.434752
0.17617, 0.433253
0.201057, 0.43194
0.226128, 0.430798
0.251292, 0.429811
0.276479, 0.428965
0.301624, 0.428242
0.326658, 0.427613
0.351501, 0.427031
0.376102, 0.426422
0.400558, 0.42575
0.425109, 0.425109
0.449904, 0.424622
0.474902, 0.424331
0.5, 0.424235
0.525098, 0.424331
0.550096, 0.424622
0.574891, 0.425109
0.599442, 0.42575
0.623898, 0.426422
0.648499, 0.427031
0.673342, 0.427613
0.698376, 0.428242
0.723521, 0.428965
0.748708, 0.429811
0.773872, 0.430798
0.798943, 0.43194
0.82383, 0.433253
0.84844, 0.434752
0.872816, 0.436427
0.897258, 0.43823
0.921988, 0.440146
0.946958, 0.442213
0.972045, 0.444474
0.99718, 0.446967
0.00125157, 0.464645
0.0264719, 0.462983
0.0516412, 0.461476
0.076685, 0.460098
0.101474, 0.458818
0.125969, 0.457614
0.150421, 0.456497
0.175131, 0.4555
0.200127, 0.454629
0.225303, 0.453872
0.25057, 0.453219
0.275853, 0.45266
0.30108, 0.452181
0.326164, 0.451758
0.350996, 0.451344
0.37553, 0.450877
0.399966, 0.45036
0.424622, 0.449904
0.449581, 0.449581
0.474744, 0.449395
0.5, 0.449334
0.525256, 0.449395
0.550419, 0.449581
0.575378, 0.449904
0.600034, 0.45036
0.62447, 0.450877
0.649004, 0.451344
0.673836, 0.451758
0.69892, 0.452181
0.724147, 0.45266
0.74943, 0.453219
0.774697, 0.453872
0.799873, 0.454629
0.824869, 0.4555
0.849579, 0.456497
0.874031, 0.457614
0.898526, 0.458818
0.923315, 0.460098
0.948359, 0.461476
0.973528, 0.462983
0.998748, 0.464645
0.000312598, 0.482322
0.0255841, 0.481492
0.0508026, 0.480738
0.0758906, 0.480049
0.100715, 0.479409
0.125242, 0.478805
0.14974, 0.478247
0.174512, 0.477749
0.199572, 0.477315
0.224812, 0.476938
0.250141, 0.476613
0.275481, 0.476335
0.300755, 0.476096
0.32586, 0.475882
0.350666, 0.475665
0.375145, 0.475409
0.399588, 0.475132
0.424331, 0.474902
0.449395, 0.474744
0.474654, 0.474654
0.5, 0.474625
0.525346, 0.474654
0.550605, 0.474744
0.575669, 0.474902
0.600412, 0.475132
0.624855, 0.475409
0.649334, 0.475665
0.67414, 0.475882
0.699245, 0.476096
0.724519, 0.476335
0.749859, 0.476613
0.775188, 0.476938
0.800428, 0.477315
0.825488, 0.477749
0.85026, 0.478247
0.874758, 0.478805
0.899285, 0.479409
0.924109, 0.480049
0.949197, 0.480738
0.974416, 0.481492
0.999687, 0.482322
0, 0.5
0.0252885, 0.5
0.0505234, 0.5
0.0756261, 0.5
0.100462, 0.5
0.124999, 0.5
0.149513, 0.5
0.174306, 0.5
0.199387, 0.5
0.224649, 0.5
0.249998, 0.5
0.275357, 0.5
0.300646, 0.5
0.325756, 0.5
0.35055, 0.5
0.37501, 0.5
0.39946, 0.5
0.424235, 0.5
0.449334, 0.5
0.474625, 0.5
0.5, 0.5
0.525375, 0.5
0.550666, 0.5
0.575765, 0.5
0.60054, 0.5
0.62499, 0.5
0.64945, 0.5
0.674244, 0.5
0.699354, 0.5
0.724643, 0.5
0.750002, 0.5
0.775351, 0.5
0.800613, 0.5
0.825694, 0.5
0.850487, 0.5
0.875001, 0.5
0.899538, 0.5
0.924374, 0.5
0.949477, 0.5
0.974711, 0.5
1, 0.5
0.000312598, 0.517678
0.0255841, 0.518508
0.0508026, 0.519262
0.0758906, 0.519951
0.100715, 0.520591
0.125242, 0.521195
0.14974, 0.521753
0.174512, 0.522251
0.199572, 0.522685
0.224812, 0.523062
0.250141, 0.523387
0.275481, 0.523665
0.300755, 0.523904
0.32586, 0.524118
0.350666, 0.524335
0.375145, 0.524591
0.399588, 0.524868
0.424331, 0.525098
0.449395, 0.525256
0.474654, 0.525346
0.5, 0.525375
0.525346, 0.525346
0.550605, 0.525256
0.575669, 0.525098
0.600412, 0.524868
0.624855, 0.524591
0.649334, 0.524335
0.67414, 0.524118
0.699245, 0.523904
0.724519, 0.523665
0.749859, 0.523387
0.775188, 0.523062
0.800428, 0.522685
0.825488, 0.522251
0.85026, 0.521753
0.874758, 0.521195
0.899285, 0.520591
0.924109, 0.519951
0.949197, 0.519262
0.974416, 0.518508
0.999687, 0.517678
0.00125157, 0.535355
0.0264719, 0.537017
0.0516412, 0.538524
0.076685, 0.539902
0.101474, 0.541182
0.125969, 0.542386
0.150421, 0.543503
0.175131, 0.5445
0.200127, 0.545371
0.225303, 0.546128
0.25057, 0.546781
0.275853, 0.54734
0.30108, 0.547819
0.326164, 0.548242
0.350996, 0.548656
0.37553, 0.549123
0.399966, 0.54964
0.424622, 0.550096
0.449581, 0.550419
0.474744, 0.550605
0.5, 0.550666
0.525256, 0.550605
0.550419, 0.550419
0.575378, 0.550096
0.600034, 0.54964
0.62447, 0.549123
0.649004, 0.548656
0.673836, 0.548242
0.69892, 0.547819
0.724147, 0.54734
0.74943, 0.546781
0.774697, 0.546128
0.799873, 0.545371
0.824869, 0.5445
0.849579, 0.543503
0.874031, 0.542386
0.898526, 0.541182
0.923315, 0.539902
0.948359, 0.538524
0.973528, 0.537017
0.998748, 0.535355
0.00282045, 0.553033
0.0279555, 0.555526
0.0530425, 0.557787
0.0780119, 0.559854
0.102742, 0.56177
0.127184, 0.563573
0.15156, 0.565248
0.17617, 0.566747
0.201057, 0.56806
0.226128, 0.569202
0.251292, 0.570189
0.276479, 0.571035
0.301624, 0.571758
0.326658, 0.572387
0.351501, 0.572969
0.376102, 0.573578
0.400558, 0.57425
0.425109, 0.574891
0.449904, 0.575378
0.474902, 0.575669
0.5, 0.575765
0.525098, 0.575669
0.550096, 0.575378
0.574891, 0.574891
0.599442, 0.57425
0.623898, 0.573578
0.648499, 0.572969
0.673342, 0.572387
0.698376, 0.571758
0.723521, 0.571035
0.748708, 0.570189
0.773872, 0.569202
0.798943, 0.56806
0.82383, 0.566747
0.84844, 0.565248
0.872816, 0.563573
0.897258, 0.56177
0.921988, 0.559854
0.946958, 0.557787
0.972045, 0.555526
0.99718, 0.553033
0.00502525, 0.570711
0.0300405, 0.574036
0.0550118, 0.577051
0.079876, 0.579806
0.10452, 0.582357
0.128889, 0.584752
0.153163, 0.586982
0.177633, 0.588988
0.202372, 0.59075
0.227295, 0.592286
0.252315, 0.593616
0.277366, 0.594758
0.30239, 0.595733
0.327333, 0.596568
0.352142, 0.597306
0.376778, 0.598008
0.40127, 0.59873
0.42575, 0.599442
0.45036, 0.600034
0.475132, 0.600412
0.5, 0.60054
0.524868, 0.600412
0.54964, 0.600034
0.57425, 0.599442
0.59873, 0.59873
0.623222, 0.598008
0.647858, 0.597306
0.672667, 0.596568
0.69761, 0.595733
0.722634, 0.594758
0.747685, 0.593616
0.772705, 0.592286
0.797628, 0.59075
0.822367, 0.588988
0.846837, 0.586982
0.871111, 0.584752
0.89548, 0.582357
0.920124, 0.579806
0.944988, 0.577051
0.969959, 0.574036
0.994975, 0.570711
0.00787451, 0.588388
0.0327353, 0.592547
0.0575571, 0.596317
0.0822839, 0.599761
0.106815, 0.602942
0.131087, 0.605922
0.155236, 0.608703
0.179533, 0.61122
0.204082, 0.61344
0.228815, 0.615379
0.253651, 0.617062
0.278526, 0.618512
0.303388, 0.619751
0.328195, 0.620803
0.352909, 0.621703
0.377505, 0.622495
0.401992, 0.623222
0.426422, 0.623898
0.450877, 0.62447
0.475409, 0.624855
0.5, 0.62499
0.524591, 0.624855
0.549123, 0.62447
0.573578, 0.623898
0.598008, 0.623222
0.622495, 0.622495
0.647091, 0.621703
0.671805, 0.620803
0.696612, 0.619751
0.721474, 0.618512
0.746349, 0.617062
0.771185, 0.615379
0.795918, 0.61344
0.820467, 0.61122
0.844764, 0.608703
0.868913, 0.605922
0.893185, 0.602942
0.917716, 0.599761
0.942443, 0.596317
0.967265, 0.592547
0.992125, 0.588388
0.0113795, 0.606066
0.0360508, 0.61106
0.0606884, 0.615586
0.0852444, 0.619717
0.109631, 0.623525
0.133783, 0.627082
0.157787, 0.630407
0.181882, 0.633436
0.206201, 0.636123
0.230704, 0.638477
0.255316, 0.640526
0.279975, 0.642298
0.304635, 0.643814
0.329259, 0.645099
0.353818, 0.646182
0.378297, 0.647091
0.402694, 0.647858
0.427031, 0.648499
0.451344, 0.649004
0.475665, 0.649334
0.5, 0.64945
0.524335, 0.649334
0.548656, 0.649004
0.572969, 0.648499
0.597306, 0.647858
0.621703, 0.647091
0.646182, 0.646182
0.670741, 0.645099
0.695365, 0.643814
0.720025, 0.642298
0.744684, 0.640526
0.769296, 0.638477
0.793799, 0.636123
0.818118, 0.633436
0.842213, 0.630407
0.866217, 0.627082
0.890369, 0.623525
0.914756, 0.619717
0.939312, 0.615586
0.963949, 0.61106
0.988621, 0.606066
0.0155544, 0.623744
0.0400006, 0.629574
0.0644189, 0.634858
0.0887692, 0.639676
0.112978, 0.644108
0.136982, 0.648233
0.160823, 0.65209
0.184693, 0.655629
0.208747, 0.65879
0.23298, 0.661571
0.257328, 0.664001
0.281733, 0.666107
0.30615, 0.667916
0.330547, 0.669453
0.354901, 0.670741
0.379197, 0.671805
0.403432, 0.672667
0.427613, 0.673342
0.451758, 0.673836
0.475882, 0.67414
0.5, 0.674244
0.524118, 0.67414
0.548242, 0.673836
0.572387, 0.673342
0.596568, 0.672667
0.620803, 0.671805
0.645099, 0.670741
0.669453, 0.669453
0.69385, 0.667916
0.718267, 0.666107
0.742672, 0.664001
0.76702, 0.661571
0.791253, 0.65879
0.815307, 0.655629
0.839177, 0.65209
0.863018, 0.648233
0.887022, 0.644108
0.911231, 0.639676
0.935581, 0.634858
0.959999, 0.629574
0.984446, 0.623744
0.0204168, 0.641421
0.0446018, 0.648089
0.0687645, 0.654133
0.0928727, 0.65964
0.116867, 0.664694
0.14069, 0.669379
0.164349, 0.673752
0.187981, 0.677792
0.21174, 0.681431
0.235665, 0.684651
0.259709, 0.687473
0.283819, 0.689928
0.307954, 0.692046
0.332084, 0.69385
0.356186, 0.695365
0.380249, 0.696612
0.404267, 0.69761
0.428242, 0.698376
0.452181, 0.69892
0.476096, 0.699245
0.5, 0.699354
0.523904, 0.699245
0.547819, 0.69892
0.571758, 0.698376
0.595733, 0.69761
0.619751, 0.696612
0.643814, 0.695365
0.667916, 0.69385
0.692046, 0.692046
0.716181, 0.689928
0.740291, 0.687473
0.764335, 0.684651
0.78826, 0.681431
0.812019, 0.677792
0.835651, 0.673752
0.85931, 0.669379
0.883133, 0.664694
0.907127, 0.65964
0.931236, 0.654133
0.955398, 0.648089
0.979583, 0.641421
0.0259879, 0.659099
0.0498747, 0.666606
0.0737447, 0.673411
0.0975729, 0.679608
0.121313, 0.685283
0.144917, 0.690523
0.168371, 0.695398
0.191754, 0.699918
0.2152, 0.70403
0.238781, 0.707696
0.262482, 0.710923
0.286258, 0.713742
0.310072, 0.716181
0.333893, 0.718267
0.357702, 0.720025
0.381488, 0.721474
0.405242, 0.722634
0.428965, 0.723521
0.45266, 0.724147
0.476335, 0.724519
0.5, 0.724643
0.523665, 0.724519
0.54734, 0.724147
0.571035, 0.723521
0.594758, 0.722634
0.618512, 0.721474
0.642298, 0.720025
0.666107, 0.718267
0.689928, 0.716181
0.713742, 0.713742
0.737518, 0.710923
0.761219, 0.707696
0.7848, 0.70403
0.808246, 0.699918
0.831629, 0.695398
0.855083, 0.690523
0.878687, 0.685283
0.902427, 0.679608
0.926255, 0.673411
0.950125, 0.666606
0.974012, 0.659099
0.0322928, 0.676777
0.0558437, 0.685126
0.0793828, 0.692694
0.102891, 0.699582
0.126334, 0.705879
0.149674, 0.711672
0.172891, 0.717036
0.196016, 0.722011
0.219142, 0.726575
0.242355, 0.730683
0.265675, 0.734325
0.289077, 0.737518
0.312527, 0.740291
0.335999, 0.742672
0.359474, 0.744684
0.382938, 0.746349
0.406384, 0.747685
0.429811, 0.748708
0.453219, 0.74943
0.476613, 0.749859
0.5, 0.750002
0.523387, 0.749859
0.546781, 0.74943
0.570189, 0.748708
0.593616, 0.747685
0.617062, 0.746349
0.640526, 0.744684
0.664001, 0.742672
0.687473, 0.740291
0.710923, 0.737518
0.734325, 0.734325
0.757645, 0.730683
0.780858, 0.726575
0.803984, 0.722011
0.827109, 0.717036
0.850326, 0.711672
0.873666, 0.705879
0.897109, 0.699582
0.920617, 0.692694
0.944156, 0.685126
0.967707, 0.676777
0.0393619, 0.694454
0.0625378, 0.703647
0.0857066, 0.71198
0.108854, 0.719562
0.131955, 0.726484
0.154983, 0.73283
0.177918, 0.738679
0.200764, 0.744086
0.22357, 0.749066
0.246406, 0.753594
0.269317, 0.757645
0.292304, 0.761219
0.315349, 0.764335
0.338429, 0.76702
0.361523, 0.769296
0.384621, 0.771185
0.407714, 0.772705
0.430798, 0.773872
0.453872, 0.774697
0.476938, 0.775188
0.5, 0.775351
0.523062, 0.775188
0.546128, 0.774697
0.569202, 0.773872
0.592286, 0.772705
0.615379, 0.771185
0.638477, 0.769296
0.661571, 0.76702
0.684651, 0.764335
0.707696, 0.761219
0.730683, 0.757645
0.753594, 0.753594
0.77643, 0.749066
0.799236, 0.744086
0.822082, 0.738679
0.845017, 0.73283
0.868045, 0.726484
0.891146, 0.719562
0.914293, 0.71198
0.937462, 0.703647
0.960638, 0.694454
0.0472307, 0.712132
0.0699916, 0.72217
0.092749, 0.731271
0.115493, 0.739549
0.138206, 0.747098
0.160868, 0.754003
0.183467, 0.760338
0.205996, 0.766166
0.228472, 0.771528
0.250934, 0.77643
0.273425, 0.780858
0.29597, 0.7848
0.318569, 0.78826
0.34121, 0.791253
0.363877, 0.793799
0.38656, 0.795918
0.40925, 0.797628
0.43194, 0.798943
0.454629, 0.799873
0.477315, 0.800428
0.5, 0.800613
0.522685, 0.800428
0.545371, 0.799873
0.56806, 0.798943
0.59075, 0.797628
0.61344, 0.795918
0.636123, 0.793799
0.65879, 0.791253
0.681431, 0.78826
0.70403, 0.7848
0.726575, 0.780858
0.749066, 0.77643
0.771528, 0.771528
0.794004, 0.766166
0.816533, 0.760338
0.839132, 0.754003
0.861794, 0.747098
0.884507, 0.739549
0.907251, 0.731271
0.930008, 0.72217
0.952769, 0.712132
0.055942, 0.72981
0.0782458, 0.740695
0.100549, 0.750566
0.122846, 0.759543
0.145122, 0.767724
0.167366, 0.775193
0.189568, 0.782024
0.211723, 0.788277
0.233834, 0.794004
0.255914, 0.799236
0.277989, 0.803984
0.300082, 0.808246
0.322208, 0.812019
0.344371, 0.815307
0.366564, 0.818118
0.38878, 0.820467
0.411012, 0.822367
0.433253, 0.82383
0.4555, 0.824869
0.477749, 0.825488
0.5, 0.825694
0.522251, 0.825488
0.5445, 0.824869
0.566747, 0.82383
0.588988, 0.822367
0.61122, 0.820467
0.633436, 0.818118
0.655629, 0.815307
0.677792, 0.812019
0.699918, 0.808246
0.722011, 0.803984
0.744086, 0.799236
0.766166, 0.794004
0.788277, 0.788277
0.810432, 0.782024
0.832634, 0.775193
0.854878, 0.767724
0.877154, 0.759543
0.899451, 0.750566
0.921754, 0.740695
0.944058, 0.72981
0.0655463, 0.747487
0.0873492, 0.759221
0.109154, 0.769864
0.130956, 0.779543
0.152746, 0.788361
0.174516, 0.796402
0.196261, 0.803739
0.217976, 0.810432
0.239662, 0.816533
0.261321, 0.822082
0.282964, 0.827109
0.304602, 0.831629
0.326248, 0.835651
0.34791, 0.839177
0.369593, 0.842213
0.391297, 0.844764
0.413018, 0.846837
0.434752, 0.84844
0.456497, 0.849579
0.478247, 0.85026
0.5, 0.850487
0.521753, 0.85026
0.543503, 0.849579
0.565248, 0.84844
0.586982, 0.846837
0.608703, 0.844764
0.630407, 0.842213
0.65209, 0.839177
0.673752, 0.835651
0.695398, 0.831629
0.717036, 0.827109
0.738679, 0.822082
0.760338, 0.816533
0.782024, 0.810432
0.803739, 0.803739
0.825484, 0.796402
0.847254, 0.788361
0.869044, 0.779543
0.890846, 0.769864
0.912651, 0.759221
0.934454, 0.747487
0.0761044, 0.765165
0.0973599, 0.777749
0.118618, 0.789166
0.139877, 0.79955
0.16113, 0.809008
0.182372, 0.817628
0.203598, 0.825484
0.224807, 0.832634
0.245997, 0.839132
0.26717, 0.845017
0.288328, 0.850326
0.309477, 0.855083
0.330621, 0.85931
0.351767, 0.863018
0.372918, 0.866217
0.394078, 0.868913
0.415248, 0.871111
0.436427, 0.872816
0.457614, 0.874031
0.478805, 0.874758
0.5, 0.875001
0.521195, 0.874758
0.542386, 0.874031
0.563573, 0.872816
0.584752, 0.871111
0.605922, 0.868913
0.627082, 0.866217
0.648233, 0.863018
0.669379, 0.85931
0.690523, 0.855083
0.711672, 0.850326
0.73283, 0.845017
0.754003, 0.839132
0.775193, 0.832634
0.796402, 0.825484
0.817628, 0.817628
0.83887, 0.809008
0.860123, 0.79955
0.881382, 0.789166
0.90264, 0.777749
0.923896, 0.765165
0.0876894, 0.782843
0.108348, 0.796278
0.12901, 0.80847
0.149675, 0.819561
0.170336, 0.829664
0.190992, 0.83887
0.211639, 0.847254
0.232276, 0.854878
0.252902, 0.861794
0.273516, 0.868045
0.294121, 0.873666
0.314717, 0.878687
0.335306, 0.883133
0.355892, 0.887022
0.376475, 0.890369
0.397058, 0.893185
0.417643, 0.89548
0.43823, 0.897258
0.458818, 0.898526
0.479409, 0.899285
0.5, 0.899538
0.520591, 0.899285
0.541182, 0.898526
0.56177, 0.897258
0.582357, 0.89548
0.602942, 0.893185
0.623525, 0.890369
0.644108, 0.887022
0.664694, 0.883133
0.685283, 0.878687
0.705879, 0.873666
0.726484, 0.868045
0.747098, 0.861794
0.767724, 0.854878
0.788361, 0.847254
0.809008, 0.83887
0.829664, 0.829664
0.850325, 0.819561
0.87099, 0.80847
0.891652, 0.796278
0.912311, 0.782843
0.100391, 0.80052
0.120399, 0.814807
0.140411, 0.827775
0.160425, 0.839575
0.180439, 0.850325
0.20045, 0.860123
0.220457, 0.869044
0.240457, 0.877154
0.260451, 0.884507
0.280438, 0.891146
0.300418, 0.897109
0.320392, 0.902427
0.34036, 0.907127
0.360324, 0.911231
0.380283, 0.914756
0.400239, 0.917716
0.420194, 0.920124
0.440146, 0.921988
0.460098, 0.923315
0.480049, 0.924109
0.5, 0.924374
0.519951, 0.924109
0.539902, 0.923315
0.559854, 0.921988
0.579806, 0.920124
0.599761, 0.917716
0.619717, 0.914756
0.639676, 0.911231
0.65964, 0.907127
0.679608, 0.902427
0.699582, 0.897109
0.719562, 0.891146
0.739549, 0.884507
0.759543, 0.877154
0.779543, 0.869044
0.79955, 0.860123
0.819561, 0.850325
0.839575, 0.839575
0.859589, 0.827775
0.879601, 0.814807
0.899609, 0.80052
0.114319, 0.818198
0.133618, 0.833335
0.15292, 0.84708
0.172225, 0.859589
0.19153, 0.87099
0.210834, 0.881382
0.230136, 0.890846
0.249434, 0.899451
0.268729, 0.907251
0.28802, 0.914293
0.307306, 0.920617
0.326589, 0.926255
0.345867, 0.931236
0.365142, 0.935581
0.384414, 0.939312
0.403683, 0.942443
0.422949, 0.944988
0.442213, 0.946958
0.461476, 0.948359
0.480738, 0.949197
0.5, 0.949477
0.519262, 0.949197
0.538524, 0.948359
0.557787, 0.946958
0.577051, 0.944988
0.596317, 0.942443
0.615586, 0.939312
0.634858, 0.935581
0.654133, 0.931236
0.673411, 0.926255
0.692694, 0.920617
0.71198, 0.914293
0.731271, 0.907251
0.750566, 0.899451
0.769864, 0.890846
0.789166, 0.881382
0.80847, 0.87099
0.827775, 0.859589
0.84708, 0.84708
0.866382, 0.833335
0.885681, 0.818198
0.129612, 0.835876
0.148137, 0.851863
0.166665, 0.866382
0.185193, 0.879601
0.203722, 0.891652
0.222251, 0.90264
0.240779, 0.912651
0.259305, 0.921754
0.27783, 0.930008
0.296353, 0.937462
0.314874, 0.944156
0.333394, 0.950125
0.351911, 0.955398
0.370426, 0.959999
0.38894, 0.963949
0.407453, 0.967265
0.425964, 0.969959
0.444474, 0.972045
0.462983, 0.973528
0.481492, 0.974416
0.5, 0.974711
0.518508, 0.974416
0.537017, 0.973528
0.555526, 0.972045
0.574036, 0.969959
0.592547, 0.967265
0.61106, 0.963949
0.629574, 0.959999
0.648089, 0.955398
0.666606, 0.950125
0.685126, 0.944156
0.703647, 0.937462
0.72217, 0.930008
0.740695, 0.921754
0.759221, 0.912651
0.777749, 0.90264
0.796278, 0.891652
0.814807, 0.879601
0.833335, 0.866382
0.851863, 0.851863
0.870388, 0.835876
0.146447, 0.853553
0.164124, 0.870388
0.181802, 0.885681
0.19948, 0.899609
0.217157, 0.912311
0.234835, 0.923896
0.252513, 0.934454
0.27019, 0.944058
0.287868, 0.952769
0.305546, 0.960638
0.323223, 0.967707
0.340901, 0.974012
0.358579, 0.979583
0.376256, 0.984446
0.393934, 0.988621
0.411612, 0.992125
0.429289, 0.994975
0.446967, 0.99718
0.464645, 0.998748
0.482322, 0.999687
0.5, 1
0.517678, 0.999687
0.535355, 0.998748
0.553033, 0.99718
0.570711, 0.994975
0.588388, 0.992125
0.606066, 0.988621
0.623744, 0.984446
0.641421, 0.979583
0.659099, 0.974012
0.676777, 0.967707
0.694454, 0.960638
0.712132, 0.952769
0.72981, 0.944058
0.747487, 0.934454
0.765165, 0.923896
0.782843, 0.912311
0.80052, 0.899609
0.818198, 0.885681
0.835876, 0.870388
0.853553, 0.853553
0.14688, 0.14688
0.164992, 0.131245
0.183104, 0.117024
0.201217, 0.104063
0.21933, 0.0922426
0.237442, 0.0814652
0.255554, 0.071652
0.273665, 0.0627379
0.291775, 0.0546687
0.309885, 0.0473991
0.327993, 0.0408908
0.346102, 0.0351118
0.364209, 0.0300349
0.382316, 0.0256375
0.400422, 0.0219007
0.418528, 0.018809
0.436633, 0.01635
0.454738, 0.014514
0.472843, 0.0132939
0.490948, 0.0126849
0.509052, 0.0126849
0.527157, 0.0132939
0.545262, 0.014514
0.563367, 0.01635
0.581472, 0.018809
0.599578, 0.0219007
0.617684, 0.0256375
0.635791, 0.0300349
0.653898, 0.0351118
0.672007, 0.0408908
0.690115, 0.0473991
0.708225, 0.0546687
0.726335, 0.0627379
0.744446, 0.071652
0.762558, 0.0814652
0.78067, 0.0922426
0.798783, 0.104063
0.816896, 0.117024
0.835008, 0.131245
0.85312, 0.14688
0.131245, 0.164992
0.150165, 0.150165
0.169086, 0.136681
0.188008, 0.124395
0.20693, 0.113192
0.225851, 0.10298
0.24477, 0.093684
0.263687, 0.0852409
0.282602, 0.0775994
0.301515, 0.0707161
0.320426, 0.0645544
0.339334, 0.0590838
0.358241, 0.0542783
0.377146, 0.0501164
0.396049, 0.0465799
0.414951, 0.0436541
0.433852, 0.0413271
0.452752, 0.0395896
0.471652, 0.0384351
0.490551, 0.0378589
0.509449, 0.0378589
0.528348, 0.0384351
0.547248, 0.0395896
0.566148, 0.0413271
0.585049, 0.0436541
0.603951, 0.0465799
0.622854, 0.0501164
0.641759, 0.0542783
0.660666, 0.0590838
0.679574, 0.0645544
0.698485, 0.0707161
0.717398, 0.0775994
0.736313, 0.0852409
0.75523, 0.093684
0.774149, 0.10298
0.79307, 0.113192
0.811992, 0.124395
0.830914, 0.136681
0.849835, 0.150165
0.868755, 0.164992
0.117024, 0.183104
0.136681, 0.169086
0.156341, 0.156341
0.176002, 0.144731
0.195661, 0.134146
0.215318, 0.124499
0.234972, 0.115717
0.254622, 0.107743
0.274268, 0.100525
0.29391, 0.0940241
0.313549, 0.088204
0.333184, 0.0830361
0.352816, 0.0784959
0.372445, 0.074563
0.392072, 0.0712206
0.411698, 0.0684549
0.431322, 0.0662549
0.450945, 0.0646121
0.470567, 0.0635202
0.490189, 0.0629753
0.509811, 0.0629753
0.529433, 0.0635202
0.549055, 0.0646121
0.568678, 0.0662549
0.588302, 0.0684549
0.607928, 0.0712206
0.627555, 0.074563
0.647184, 0.0784959
0.666816, 0.0830361
0.686451, 0.088204
0.70609, 0.0940241
0.725732, 0.100525
0.745378, 0.107743
0.765028, 0.115717
0.784682, 0.124499
0.804339, 0.134146
0.823998, 0.144731
0.843659, 0.156341
0.863319, 0.169086
0.882976, 0.183104
0.104063, 0.201217
0.124395, 0.188008
0.144731, 0.176002
0.165066, 0.165066
0.185398, 0.155097
0.205725, 0.146011
0.226047, 0.137741
0.246363, 0.130229
0.266672, 0.123428
0.286975, 0.117299
0.307272, 0.11181
0.327565, 0.106932
0.347855, 0.102644
0.368142, 0.0989263
0.388428, 0.0957646
0.408714, 0.0931466
0.428999, 0.0910627
0.449285, 0.0895058
0.469571, 0.0884707
0.489857, 0.0879539
0.510143, 0.0879539
0.530429, 0.0884707
0.550715, 0.0895058
0.571001, 0.0910627
0.591286, 0.0931466
0.611572, 0.0957646
0.631858, 0.0989263
0.652145, 0.102644
0.672435, 0.106932
0.692728, 0.11181
0.713025, 0.117299
0.733328, 0.123428
0.753637, 0.130229
0.773953, 0.137741
0.794275, 0.146011
0.814602, 0.155097
0.834934, 0.165066
0.855269, 0.176002
0.875605, 0.188008
0.895937, 0.201217
0.0922426, 0.21933
0.113192, 0.20693
0.134146, 0.195661
0.155097, 0.185398
0.176042, 0.176042
0.196979, 0.167514
0.217906, 0.159748
0.238823, 0.152689
0.25973, 0.146293
0.280628, 0.140522
0.301518, 0.135345
0.322405, 0.130739
0.343289, 0.126682
0.364174, 0.12316
0.385061, 0.12016
0.405952, 0.117673
0.426847, 0.115691
0.447745, 0.11421
0.468646, 0.113225
0.489548, 0.112733
0.510452, 0.112733
0.531354, 0.113225
0.552255, 0.11421
0.573153, 0.115691
0.594048, 0.117673
0.614939, 0.12016
0.635826, 0.12316
0.656711, 0.126682
0.677595, 0.130739
0.698482, 0.135345
0.719372, 0.140522
0.74027, 0.146293
0.761177, 0.152689
0.782094, 0.159748
0.803021, 0.167514
0.823958, 0.176042
0.844903, 0.185398
0.865854, 0.195661
0.886808, 0.20693
0.907757, 0.21933
0.0814652, 0.237442
0.10298, 0.225851
0.124499, 0.215318
0.146011, 0.205725
0.167514, 0.196979
0.189002, 0.189002
0.210475, 0.181732
0.231931, 0.175115
0.253371, 0.169108
0.274799, 0.163676
0.29622, 0.158793
0.317641, 0.154438
0.339065, 0.150597
0.360497, 0.147259
0.381939, 0.144415
0.40339, 0.142059
0.42485, 0.140182
0.446317, 0.13878
0.467788, 0.137848
0.489262, 0.137383
0.510738, 0.137383
0.532212, 0.137848
0.553683, 0.13878
0.57515, 0.140182
0.59661, 0.142059
0.618061, 0.144415
0.639503, 0.147259
0.660935, 0.150597
0.682359, 0.154438
0.70378, 0.158793
0.725201, 0.163676
0.746629, 0.169108
0.768069, 0.175115
0.789525, 0.181732
0.810998, 0.189002
0.832486, 0.196979
0.853989, 0.205725
0.875501, 0.215318
0.89702, 0.225851
0.918535, 0.237442
0.071652, 0.255554
0.093684, 0.24477
0.115717, 0.234972
0.137741, 0.226047
0.159748, 0.217906
0.181732, 0.210475
0.203691, 0.203691
0.225624, 0.197502
0.247536, 0.19187
0.269436, 0.186764
0.291335, 0.182166
0.313245, 0.178066
0.335171, 0.174455
0.357114, 0.171324
0.379073, 0.168666
0.401045, 0.16647
0.423027, 0.164726
0.445015, 0.163426
0.467008, 0.162563
0.489002, 0.162133
0.510998, 0.162133
0.532992, 0.162563
0.554985, 0.163426
0.576973, 0.164726
0.598955, 0.16647
0.620927, 0.168666
0.642886, 0.171324
0.664829, 0.174455
0.686755, 0.178066
0.708665, 0.182166
0.730564, 0.186764
0.752464, 0.19187
0.774376, 0.197502
0.796309, 0.203691
0.818268, 0.210475
0.840252, 0.217906
0.862259, 0.226047
0.884283, 0.234972
0.906316, 0.24477
0.928348, 0.255554
0.0627379, 0.273665
0.0852409, 0.263687
0.107743, 0.254622
0.130229, 0.246363
0.152689, 0.238823
0.175115, 0.231931
0.197502, 0.225624
0.219854, 0.219854
0.242184, 0.214591
0.264513, 0.209816
0.286858, 0.205525
0.30923, 0.201712
0.33163, 0.198371
0.354052, 0.195487
0.37649, 0.193047
0.398939, 0.191038
0.421395, 0.189446
0.443852, 0.188261
0.466311, 0.187475
0.48877, 0.187084
0.51123, 0.187084
0.533689, 0.187475
0.556148, 0.188261
0.578605, 0.189446
0.601061, 0.191038
0.62351, 0.193047
0.645948, 0.195487
0.66837, 0.198371
0.69077, 0.201712
0.713142, 0.205525
0.735487, 0.209816
0.757816, 0.214591
0.780146, 0.219854
0.802498, 0.225624
0.824885, 0.231931
0.847311, 0.238823
0.869771, 0.246363
0.892257, 0.254622
0.914759, 0.263687
0.937262, 0.273665
0.0546687, 0.291775
0.0775994, 0.282602
0.100525, 0.274268
0.123428, 0.266672
0.146293, 0.25973
0.169108, 0.253371
0.19187, 0.247536
0.214591, 0.242184
0.237301, 0.237301
0.260032, 0.232884
0.282803, 0.228934
0.305615, 0.225445
0.328457, 0.2224
0.351321, 0.219783
0.374196, 0.217574
0.397074, 0.215759
0.419952, 0.214324
0.442827, 0.213257
0.465698, 0.21255
0.488566, 0.212198
0.511434, 0.212198
0.534302, 0.21255
0.557173, 0.213257
0.580048, 0.214324
0.602926, 0.215759
0.625804, 0.217574
0.648679, 0.219783
0.671543, 0.2224
0.694385, 0.225445
0.717197, 0.228934
0.739968, 0.232884
0.762699, 0.237301
0.785409, 0.242184
0.80813, 0.247536
0.830892, 0.253371
0.853707, 0.25973
0.876572, 0.266672
0.899475, 0.274268
0.922401, 0.282602
0.945331, 0.291775
0.0473991, 0.309885
0.0707161, 0.301515
0.0940241, 0.29391
0.117299, 0.286975
0.140522, 0.280628
0.163676, 0.274799
0.186764, 0.269436
0.209816, 0.264513
0.232884, 0.260032
0.256002, 0.256002
0.279178, 0.25242
0.302398, 0.249269
0.325647, 0.246529
0.348909, 0.24418
0.372175, 0.242204
0.395435, 0.240582
0.418687, 0.239302
0.441928, 0.238352
0.465161, 0.237723
0.488388, 0.23741
0.511612, 0.23741
0.534839, 0.237723
0.558072, 0.238352
0.581313, 0.239302
0.604565, 0.240582
0.627825, 0.242204
0.651091, 0.24418
0.674353, 0.246529
0.697602, 0.249269
0.720822, 0.25242
0.743998, 0.256002
0.767116, 0.260032
0.790184, 0.264513
0.813236, 0.269436
0.836324, 0.274799
0.859478, 0.280628
0.882701, 0.286975
0.905976, 0.29391
0.929284, 0.301515
0.952601, 0.309885
0.0408908, 0.327993
0.0645544, 0.320426
0.088204, 0.313549
0.11181, 0.307272
0.135345, 0.301518
0.158793, 0.29622
0.182166, 0.291335
0.205525, 0.286858
0.228934, 0.282803
0.25242, 0.279178
0.27597, 0.27597
0.299563, 0.273159
0.323177, 0.270722
0.346796, 0.268638
0.370408, 0.266888
0.394005, 0.265455
0.417585, 0.264326
0.441147, 0.263489
0.464694, 0.262935
0.488233, 0.26266
0.511767, 0.26266
0.535306, 0.262935
0.558853, 0.263489
0.582415, 0.264326
0.605995, 0.265455
0.629592, 0.266888
0.653204, 0.268638
0.676823, 0.270722
0.700437, 0.273159
0.72403, 0.27597
0.74758, 0.279178
0.771066, 0.282803
0.794475, 0.286858
0.817834, 0.291335
0.841207, 0.29622
0.864655, 0.301518
0.88819, 0.307272
0.911796, 0.313549
0.935446, 0.320426
0.959109, 0.327993
0.0351118, 0.346102
0.0590838, 0.339334
0.0830361, 0.333184
0.106932, 0.327565
0.130739, 0.322405
0.154438, 0.317641
0.178066, 0.313245
0.201712, 0.30923
0.225445, 0.305615
0.249269, 0.302398
0.273159, 0.299563
0.297086, 0.297086
0.321026, 0.294944
0.34496, 0.293118
0.368876, 0.291587
0.392768, 0.290335
0.416631, 0.289348
0.44047, 0.288615
0.46429, 0.288129
0.488098, 0.287886
0.511902, 0.287886
0.53571, 0.288129
0.55953, 0.288615
0.583369, 0.289348
0.607232, 0.290335
0.631124, 0.291587
0.65504, 0.293118
0.678974, 0.294944
0.702914, 0.297086
0.726841, 0.299563
0.750731, 0.302398
0.774555, 0.305615
0.798288, 0.30923
0.821934, 0.313245
0.845562, 0.317641
0.869261, 0.322405
0.893068, 0.327565
0.916964, 0.333184
0.940916, 0.339334
0.964888, 0.346102
0.0300349, 0.364209
0.0542783, 0.358241
0.0784959, 0.352816
0.102644, 0.347855
0.126682, 0.343289
0.150597, 0.339065
0.174455, 0.335171
0.198371, 0.33163
0.2224, 0.328457
0.246529, 0.325647
0.270722, 0.323177
0.294944, 0.321026
0.31917, 0.31917
0.34338, 0.317591
0.367559, 0.316267
0.391701, 0.315182
0.415806, 0.31432
0.439881, 0.313674
0.463935, 0.313242
0.487979, 0.313024
0.512021, 0.313024
0.536065, 0.313242
0.560119, 0.313674
0.584194, 0.31432
0.608299, 0.315182
0.632441, 0.316267
0.65662, 0.317591
0.68083, 0.31917
0.705056, 0.321026
0.729278, 0.323177
0.753471, 0.325647
0.7776, 0.328457
0.801629, 0.33163
0.825545, 0.335171
0.849403, 0.339065
0.873318, 0.343289
0.897356, 0.347855
0.921504, 0.352816
0.945722, 0.358241
0.969965, 0.364209
0.0256375, 0.382316
0.0501164, 0.377146
0.074563, 0.372445
0.0989263, 0.368142
0.12316, 0.364174
0.147259, 0.360497
0.171324, 0.357114
0.195487, 0.354052
0.219783, 0.351321
0.24418, 0.348909
0.268638, 0.346796
0.293118, 0.34496
0.317591, 0.34338
0.342034, 0.342034
0.366432, 0.340901
0.390779, 0.339961
0.415079, 0.339198
0.43935, 0.338609
0.463609, 0.338203
0.487869, 0.337994
0.512131, 0.337994
0.536391, 0.338203
0.56065, 0.338609
0.584921, 0.339198
0.609221, 0.339961
0.633568, 0.340901
0.657966, 0.342034
0.682409, 0.34338
0.706882, 0.34496
0.731362, 0.346796
0.75582, 0.348909
0.780217, 0.351321
0.804513, 0.354052
0.828676, 0.357114
0.852741, 0.360497
0.87684, 0.364174
0.901074, 0.368142
0.925437, 0.372445
0.949884, 0.377146
0.974363, 0.382316
0.0219007, 0.400422
0.0465799, 0.396049
0.0712206, 0.392072
0.0957646, 0.388428
0.12016, 0.385061
0.144415, 0.381939
0.168666, 0.379073
0.193047, 0.37649
0.217574, 0.374196
0.242204, 0.372175
0.266888, 0.370408
0.291587, 0.368876
0.316267, 0.367559
0.340901, 0.366432
0.36547, 0.36547
0.389968, 0.364646
0.414411, 0.363944
0.438837, 0.363372
0.463281, 0.362957
0.487756, 0.362737
0.512244, 0.362737
0.536719, 0.362957
0.561163, 0.363372
0.585589, 0.363944
0.610032, 0.364646
0.63453, 0.36547
0.659099, 0.366432
0.683733, 0.367559
0.708413, 0.368876
0.733112, 0.370408
0.757796, 0.372175
0.782426, 0.374196
0.806953, 0.37649
0.831334, 0.379073
0.855585, 0.381939
0.87984, 0.385061
0.904235, 0.388428
0.928779, 0.392072
0.95342, 0.396049
0.978099, 0.400422
0.018809, 0.418528
0.0436541, 0.414951
0.0684549, 0.411698
0.0931466, 0.408714
0.117673, 0.405952
0.142059, 0.40339
0.16647, 0.401045
0.191038, 0.398939
0.215759, 0.397074
0.240582, 0.395435
0.265455, 0.394005
0.290335, 0.392768
0.315182, 0.391701
0.339961, 0.390779
0.364646, 0.389968
0.389234, 0.389234
0.413766, 0.388565
0.438319, 0.38799
0.462945, 0.387565
0.48764, 0.38734
0.51236, 0.38734
0.537055, 0.387565
0.561681, 0.38799
0.586234, 0.388565
0.610766, 0.389234
0.635354, 0.389968
0.660039, 0.390779
0.684818, 0.391701
0.709665, 0.392768
0.734545, 0.394005
0.759418, 0.395435
0.784241, 0.397074
0.808962, 0.398939
0.83353, 0.401045
0.857941, 0.40339
0.882327, 0.405952
0.906853, 0.408714
0.931545, 0.411698
0.956346, 0.414951
0.981191, 0.418528
0.01635, 0.436633
0.0413271, 0.433852
0.0662549, 0.431322
0.0910627, 0.428999
0.115691, 0.426847
0.140182, 0.42485
0.164726, 0.423027
0.189446, 0.421395
0.214324, 0.419952
0.239302, 0.418687
0.264326, 0.417585
0.289348, 0.416631
0.31432, 0.415806
0.339198, 0.415079
0.363944, 0.414411
0.388565, 0.413766
0.413152, 0.413152
0.437827, 0.412626
0.462632, 0.412251
0.487533, 0.41206
0.512467, 0.41206
0.537368, 0.412251
0.562173, 0.412626
0.586848, 0.413152
0.611435, 0.413766
0.636056, 0.414411
0.660802, 0.415079
0.68568, 0.415806
0.710652, 0.416631
0.735674, 0.417585
0.760698, 0.418687
0.785676, 0.419952
0.810554, 0.421395
0.835274, 0.423027
0.859818, 0.42485
0.884309, 0.426847
0.908937, 0.428999
0.933745, 0.431322
0.958673, 0.433852
0.98365, 0.436633
0.014514, 0.454738
0.0395896, 0.452752
0.0646121, 0.450945
0.0895058, 0.449285
0.11421, 0.447745
0.13878, 0.446317
0.163426, 0.445015
0.188261, 0.443852
0.213257, 0.442827
0.238352, 0.441928
0.263489, 0.441147
0.288615, 0.44047
0.313674, 0.439881
0.338609, 0.43935
0.363372, 0.438837
0.38799, 0.438319
0.412626, 0.437827
0.437422, 0.437422
0.462384, 0.437147
0.48745, 0.43701
0.51255, 0.43701
0.537616, 0.437147
0.562578, 0.437422
0.587374, 0.437827
0.61201, 0.438319
0.636628, 0.438837
0.661391, 0.43935
0.686326, 0.439881
0.711385, 0.44047
0.736511, 0.441147
0.761648, 0.441928
0.786743, 0.442827
0.811739, 0.443852
0.836574, 0.445015
0.86122, 0.446317
0.88579, 0.447745
0.910494, 0.449285
0.935388, 0.450945
0.96041, 0.452752
0.985486, 0.454738
0.0132939, 0.472843
0.0384351, 0.471652
0.0635202, 0.470567
0.0884707, 0.469571
0.113225, 0.468646
0.137848, 0.467788
0.162563, 0.467008
0.187475, 0.466311
0.21255, 0.465698
0.237723, 0.465161
0.262935, 0.464694
0.288129, 0.46429
0.313242, 0.463935
0.338203, 0.463609
0.362957, 0.463281
0.387565, 0.462945
0.412251, 0.462632
0.437147, 0.462384
0.46222, 0.46222
0.487396, 0.462139
0.512604, 0.462139
0.53778, 0.46222
0.562853, 0.462384
0.587749, 0.462632
0.612435, 0.462945
0.637043, 0.463281
0.661797, 0.463609
0.686758, 0.463935
0.711871, 0.46429
0.737065, 0.464694
0.762277, 0.465161
0.78745, 0.465698
0.812525, 0.466311
0.837437, 0.467008
0.862152, 0.467788
0.886775, 0.468646
0.911529, 0.469571
0.93648, 0.470567
0.961565, 0.471652
0.986706, 0.472843
0.0126849, 0.490948
0.0378589, 0.490551
0.0629753, 0.490189
0.0879539, 0.489857
0.112733, 0.489548
0.137383, 0.489262
0.162133, 0.489002
0.187084, 0.48877
0.212198, 0.488566
0.23741, 0.488388
0.26266, 0.488233
0.287886, 0.488098
0.313024, 0.487979
0.337994, 0.487869
0.362737, 0.487756
0.38734, 0.48764
0.41206, 0.487533
0.43701, 0.48745
0.462139, 0.487396
0.487369, 0.487369
0.512631, 0.487369
0.537861, 0.487396
0.56299, 0.48745
0.58794, 0.487533
0.61266, 0.48764
0.637263, 0.487756
0.662006, 0.487869
0.686976, 0.487979
0.712114, 0.488098
0.73734, 0.488233
0.76259, 0.488388
0.787802, 0.488566
0.812916, 0.48877
0.837867, 0.489002
0.862617, 0.489262
0.887267, 0.489548
0.912046, 0.489857
0.937025, 0.490189
0.962141, 0.490551
0.987315, 0.490948
0.0126849, 0.509052
0.0378589, 0.509449
0.0629753, 0.509811
0.0879539, 0.510143
0.112733, 0.510452
0.137383, 0.510738
0.162133, 0.510998
0.187084, 0.51123
0.212198, 0.511434
0.23741, 0.511612
0.26266, 0.511767
0.287886, 0.511902
0.313024, 0.512021
0.337994, 0.512131
0.362737, 0.512244
0.38734, 0.51236
0.41206, 0.512467
0.43701, 0.51255
0.462139, 0.512604
0.487369, 0.512631
0.512631, 0.512631
0.537861, 0.512604
0.56299, 0.51255
0.58794, 0.512467
0.61266, 0.51236
0.637263, 0.512244
0.662006, 0.512131
0.686976, 0.512021
0.712114, 0.511902
0.73734, 0.511767
0.76259, 0.511612
0.787802, 0.511434
0.812916, 0.51123
0.837867, 0.510998
0.862617, 0.510738
0.887267, 0.510452
0.912046, 0.510143
0.937025, 0.509811
0.962141, 0.509449
0.987315, 0.509052
0.0132939, 0.527157
0.0384351, 0.528348
0.0635202, 0.529433
0.0884707, 0.530429
0.113225, 0.531354
0.137848, 0.532212
0.162563, 0.532992
0.187475, 0.533689
0.21255, 0.534302
0.237723, 0.534839
0.262935, 0.535306
0.288129, 0.53571
0.313242, 0.536065
0.338203, 0.536391
0.362957, 0.536719
0.387565, 0.537055
0.412251, 0.537368
0.437147, 0.537616
0.46222, 0.53778
0.487396, 0.537861
0.512604, 0.537861
0.53778, 0.53778
0.562853, 0.537616
0.587749, 0.537368
0.612435, 0.537055
0.637043, 0.536719
0.661797, 0.536391
0.686758, 0.536065
0.711871, 0.53571
0.737065, 0.535306
0.762277, 0.534839
0.78745, 0.534302
0.812525, 0.533689
0.837437, 0.532992
0.862152, 0.532212
0.886775, 0.531354
0.911529, 0.530429
0.93648, 0.529433
0.961565, 0.528348
0.986706, 0.527157
0.014514, 0.545262
0.0395896, 0.547248
0.0646121, 0.549055
0.0895058, 0.550715
0.11421, 0.552255
0.13878, 0.553683
0.163426, 0.554985
0.188261, 0.556148
0.213257, 0.557173
0.238352, 0.558072
0.263489, 0.558853
0.288615, 0.55953
0.313674, 0.560119
0.338609, 0.56065
0.363372, 0.561163
0.38799, 0.561681
0.412626, 0.562173
0.437422, 0.562578
0.462384, 0.562853
0.48745, 0.56299
0.51255, 0.56299
0.537616, 0.562853
0.562578, 0.562578
0.587374, 0.562173
0.61201, 0.561681
0.636628, 0.561163
0.661391, 0.56065
0.686326, 0.560119
0.711385, 0.55953
0.736511, 0.558853
0.761648, 0.558072
0.786743, 0.557173
0.811739, 0.556148
0.836574, 0.554985
0.86122, 0.553683
0.88579, 0.552255
0.910494, 0.550715
0.935388, 0.549055
0.96041, 0.547248
0.985486, 0.545262
0.01635, 0.563367
0.0413271, 0.566148
0.0662549, 0.568678
0.0910627, 0.571001
0.115691, 0.573153
0.140182, 0.57515
0.164726, 0.576973
0.189446, 0.578605
0.214324, 0.580048
0.239302, 0.581313
0.264326, 0.582415
0.289348, 0.583369
0.31432, 0.584194
0.339198, 0.584921
0.363944, 0.585589
0.388565, 0.586234
0.413152, 0.586848
0.437827, 0.587374
0.462632, 0.587749
0.487533, 0.58794
0.512467, 0.58794
0.537368, 0.587749
0.562173, 0.587374
0.586848, 0.586848
0.611435, 0.586234
0.636056, 0.585589
0.660802, 0.584921
0.68568, 0.584194
0.710652, 0.583369
0.735674, 0.582415
0.760698, 0.581313
0.785676, 0.580048
0.810554, 0.578605
0.835274, 0.576973
0.859818, 0.57515
0.884309, 0.573153
0.908937, 0.571001
0.933745, 0.568678
0.958673, 0.566148
0.98365, 0.563367
0.018809, 0.581472
0.0436541, 0.585049
0.0684549, 0.588302
0.0931466, 0.591286
0.117673, 0.594048
0.142059, 0.59661
0.16647, 0.598955
0.191038, 0.601061
0.215759, 0.602926
0.240582, 0.604565
0.265455, 0.605995
0.290335, 0.607232
0.315182, 0.608299
0.339961, 0.609221
0.364646, 0.610032
0.389234, 0.610766
0.413766, 0.611435
0.438319, 0.61201
0.462945, 0.612435
0.48764, 0.61266
0.51236, 0.61266
0.537055, 0.612435
0.561681, 0.61201
0.586234, 0.611435
0.610766, 0.610766
0.635354, 0.610032
0.660039, 0.609221
0.684818, 0.608299
0.709665, 0.607232
0.734545, 0.605995
0.759418, 0.604565
0.784241, 0.602926
0.808962, 0.601061
0.83353, 0.598955
0.857941, 0.59661
0.882327, 0.594048
0.906853, 0.591286
0.931545, 0.588302
0.956346, 0.585049
0.981191, 0.581472
0.0219007, 0.599578
0.0465799, 0.603951
0.0712206, 0.607928
0.0957646, 0.611572
0.12016, 0.614939
0.144415, 0.618061
0.168666, 0.620927
0.193047, 0.62351
0.217574, 0.625804
0.242204, 0.627825
0.266888, 0.629592
0.291587, 0.631124
0.316267, 0.632441
0.340901, 0.633568
0.36547, 0.63453
0.389968, 0.635354
0.414411, 0.636056
0.438837, 0.636628
0.463281, 0.637043
0.487756, 0.637263
0.512244, 0.637263
0.536719, 0.637043
0.561163, 0.636628
0.585589, 0.636056
0.610032, 0.635354
0.63453, 0.63453
0.659099, 0.633568
0.683733, 0.632441
0.708413, 0.631124
0.733112, 0.629592
0.757796, 0.627825
0.782426, 0.625804
0.806953, 0.62351
0.831334, 0.620927
0.855585, 0.618061
0.87984, 0.614939
0.904235, 0.611572
0.928779, 0.607928
0.95342, 0.603951
0.978099, 0.599578
0.0256375, 0.617684
0.0501164, 0.622854
0.074563, 0.627555
0.0989263, 0.631858
0.12316, 0.635826
0.147259, 0.639503
0.171324, 0.642886
0.195487, 0.645948
0.219783, 0.648679
0.24418, 0.651091
0.268638, 0.653204
0.293118, 0.65504
0.317591, 0.65662
0.342034, 0.657966
0.366432, 0.659099
0.390779, 0.660039
0.415079, 0.660802
0.43935, 0.661391
0.463609, 0.661797
0.487869, 0.662006
0.512131, 0.662006
0.536391, 0.661797
0.56065, 0.661391
0.584921, 0.660802
0.609221, 0.660039
0.633568, 0.659099
0.657966, 0.657966
0.682409, 0.65662
0.706882, 0.65504
0.731362, 0.653204
0.75582, 0.651091
0.780217, 0.648679
0.804513, 0.645948
0.828676, 0.642886
0.852741, 0.639503
0.87684, 0.635826
0.901074, 0.631858
0.925437, 0.627555
0.949884, 0.622854
0.974363, 0.617684
0.0300349, 0.635791
0.0542783, 0.641759
0.0784959, 0.647184
0.102644, 0.652145
0.126682, 0.656711
0.150597, 0.660935
0.174455, 0.664829
0.198371, 0.66837
0.2224, 0.671543
0.246529, 0.674353
0.270722, 0.676823
0.294944, 0.678974
0.31917, 0.68083
0.34338, 0.682409
0.367559, 0.683733
0.391701, 0.684818
0.415806, 0.68568
0.439881, 0.686326
0.463935, 0.686758
0.487979, 0.686976
0.512021, 0.686976
0.536065, 0.686758
0.560119, 0.686326
0.584194, 0.68568
0.608299, 0.684818
0.632441, 0.683733
0.65662, 0.682409
0.68083, 0.68083
0.705056, 0.678974
0.729278, 0.676823
0.753471, 0.674353
0.7776, 0.671543
0.801629, 0.66837
0.825545, 0.664829
0.849403, 0.660935
0.873318, 0.656711
0.897356, 0.652145
0.921504, 0.647184
0.945722, 0.641759
0.969965, 0.635791
0.0351118, 0.653898
0.0590838, 0.660666
0.0830361, 0.666816
0.106932, 0.672435
0.130739, 0.677595
0.154438, 0.682359
0.178066, 0.686755
0.201712, 0.69077
0.225445, 0.694385
0.249269, 0.697602
0.273159, 0.700437
0.297086, 0.702914
0.321026, 0.705056
0.34496, 0.706882
0.368876, 0.708413
0.392768, 0.709665
0.416631, 0.710652
0.44047, 0.711385
0.46429, 0.711871
0.488098, 0.712114
0.511902, 0.712114
0.53571, 0.711871
0.55953, 0.711385
0.583369, 0.710652
0.607232, 0.709665
0.631124, 0.708413
0.65504, 0.706882
0.678974, 0.705056
0.702914, 0.702914
0.726841, 0.700437
0.750731, 0.697602
0.774555, 0.694385
0.798288, 0.69077
0.821934, 0.686755
0.845562, 0.682359
0.869261, 0.677595
0.893068, 0.672435
0.916964, 0.666816
0.940916, 0.660666
0.964888, 0.653898
0.0408908, 0.672007
0.0645544, 0.679574
0.088204, 0.686451
0.11181, 0.692728
0.135345, 0.698482
0.158793, 0.70378
0.182166, 0.708665
0.205525, 0.713142
0.228934, 0.717197
0.25242, 0.720822
0.27597, 0.72403
0.299563, 0.726841
0.323177, 0.729278
0.346796, 0.731362
0.370408, 0.733112
0.394005, 0.734545
0.417585, 0.735674
0.441147, 0.736511
0.464694, 0.737065
0.488233, 0.73734
0.511767, 0.73734
0.535306, 0.737065
0.558853, 0.736511
0.582415, 0.735674
0.605995, 0.734545
0.629592, 0.733112
0.653204, 0.731362
0.676823, 0.729278
0.700437, 0.726841
0.72403, 0.72403
0.74758, 0.720822
0.771066, 0.717197
0.794475, 0.713142
0.817834, 0.708665
0.841207, 0.70378
0.864655, 0.698482
0.88819, 0.692728
0.911796, 0.686451
0.935446, 0.679574
0.959109, 0.672007
0.0473991, 0.690115
0.0707161, 0.698485
0.0940241, 0.70609
0.117299, 0.713025
0.140522, 0.719372
0.163676, 0.725201
0.186764, 0.730564
0.209816, 0.735487
0.232884, 0.739968
0.256002, 0.743998
0.279178, 0.74758
0.302398, 0.750731
0.325647, 0.753471
0.348909, 0.75582
0.372175, 0.757796
0.395435, 0.759418
0.418687, 0.760698
0.441928, 0.761648
0.465161, 0.762277
0.488388, 0.76259
0.511612, 0.76259
0.534839, 0.762277
0.558072, 0.761648
0.581313, 0.760698
0.604565, 0.759418
0.627825, 0.757796
0.651091, 0.75582
0.674353, 0.753471
0.697602, 0.750731
0.720822, 0.74758
0.743998, 0.743998
0.767116, 0.739968
0.790184, 0.735487
0.813236, 0.730564
0.836324, 0.725201
0.859478, 0.719372
0.882701, 0.713025
0.905976, 0.70609
0.929284, 0.698485
0.952601, 0.690115
0.0546687, 0.708225
0.0775994, 0.717398
0.100525, 0.725732
0.123428, 0.733328
0.146293, 0.74027
0.169108, 0.746629
0.19187, 0.752464
0.214591, 0.757816
0.237301, 0.762699
0.260032, 0.767116
0.282803, 0.771066
0.305615, 0.774555
0.328457, 0.7776
0.351321, 0.780217
0.374196, 0.782426
0.397074, 0.784241
0.419952, 0.785676
0.442827, 0.786743
0.465698, 0.78745
0.488566, 0.787802
0.511434, 0.787802
0.534302, 0.78745
0.557173, 0.786743
0.580048, 0.785676
0.602926, 0.784241
0.625804, 0.782426
0.648679, 0.780217
0.671543, 0.7776
0.694385, 0.774555
0.717197, 0.771066
0.739968, 0.767116
0.762699, 0.762699
0.785409, 0.757816
0.80813, 0.752464
0.830892, 0.746629
0.853707, 0.74027
0.876572, 0.733328
0.899475, 0.725732
0.922401, 0.717398
0.945331, 0.708225
0.0627379, 0.726335
0.0852409, 0.736313
0.107743, 0.745378
0.130229, 0.753637
0.152689, 0.761177
0.175115, 0.768069
0.197502, 0.774376
0.219854, 0.780146
0.242184, 0.785409
0.264513, 0.790184
0.286858, 0.794475
0.30923, 0.798288
0.33163, 0.801629
0.354052, 0.804513
0.37649, 0.806953
0.398939, 0.808962
0.421395, 0.810554
0.443852, 0.811739
0.466311, 0.812525
0.48877, 0.812916
0.51123, 0.812916
0.533689, 0.812525
0.556148, 0.811739
0.578605, 0.810554
0.601061, 0.808962
0.62351, 0.806953
0.645948, 0.804513
0.66837, 0.801629
0.69077, 0.798288
0.713142, 0.794475
0.735487, 0.790184
0.757816, 0.785409
0.780146, 0.780146
0.802498, 0.774376
0.824885, 0.768069
0.847311, 0.761177
0.869771, 0.753637
0.892257, 0.745378
0.914759, 0.736313
0.937262, 0.726335
0.071652, 0.744446
0.093684, 0.75523
0.115717, 0.765028
0.137741, 0.773953
0.159748, 0.782094
0.181732, 0.789525
0.203691, 0.796309
0.225624, 0.802498
0.247536, 0.80813
0.269436, 0.813236
0.291335, 0.817834
0.313245, 0.821934
0.335171, 0.825545
0.357114, 0.828676
0.379073, 0.831334
0.401045, 0.83353
0.423027, 0.835274
0.445015, 0.836574
0.467008, 0.837437
0.489002, 0.837867
0.510998, 0.837867
0.532992, 0.837437
0.554985, 0.836574
0.576973, 0.835274
0.598955, 0.83353
0.620927, 0.831334
0.642886, 0.828676
0.664829, 0.825545
0.686755, 0.821934
0.708665, 0.817834
0.730564, 0.813236
0.752464, 0.80813
0.774376, 0.802498
0.796309, 0.796309
0.818268, 0.789525
0.840252, 0.782094
0.862259, 0.773953
0.884283, 0.765028
0.906316, 0.75523
0.928348, 0.744446
0.0814652, 0.762558
0.10298, 0.774149
0.124499, 0.784682
0.146011, 0.794275
0.167514, 0.803021
0.189002, 0.810998
0.210475, 0.818268
0.231931, 0.824885
0.253371, 0.830892
0.274799, 0.836324
0.29622, 0.841207
0.317641, 0.845562
0.339065, 0.849403
0.360497, 0.852741
0.381939, 0.855585
0.40339, 0.857941
0.42485, 0.859818
0.446317, 0.86122
0.467788, 0.862152
0.489262, 0.862617
0.510738, 0.862617
0.532212, 0.862152
0.553683, 0.86122
0.57515, 0.859818
0.59661, 0.857941
0.618061, 0.855585
0.639503, 0.852741
0.660935, 0.849403
0.682359, 0.845562
0.70378, 0.841207
0.725201, 0.836324
0.746629, 0.830892
0.768069, 0.824885
0.789525, 0.818268
0.810998, 0.810998
0.832486, 0.803021
0.853989, 0.794275
0.875501, 0.784682
0.89702, 0.774149
0.918535, 0.762558
0.0922426, 0.78067
0.113192, 0.79307
0.134146, 0.804339
0.155097, 0.814602
0.176042, 0.823958
0.196979, 0.832486
0.217906, 0.840252
0.238823, 0.847311
0.25973, 0.853707
0.280628, 0.859478
0.301518, 0.864655
0.322405, 0.869261
0.343289, 0.873318
0.364174, 0.87684
0.385061, 0.87984
0.405952, 0.882327
0.426847, 0.884309
0.447745, 0.88579
0.468646, 0.886775
0.489548, 0.887267
0.510452, 0.887267
0.531354, 0.886775
0.552255, 0.88579
0.573153, 0.884309
0.594048, 0.882327
0.614939, 0.87984
0.635826, 0.87684
0.656711, 0.873318
0.677595, 0.869261
0.698482, 0.864655
0.719372, 0.859478
0.74027, 0.853707
0.761177, 0.847311
0.782094, 0.840252
0.803021, 0.832486
0.823958, 0.823958
0.844903, 0.814602
0.865854, 0.804339
0.886808, 0.79307
0.907757, 0.78067
0.104063, 0.798783
0.124395, 0.811992
0.144731, 0.823998
0.165066, 0.834934
0.185398, 0.844903
0.205725, 0.853989
0.226047, 0.862259
0.246363, 0.869771
0.266672, 0.876572
0.286975, 0.882701
0.307272, 0.88819
0.327565, 0.893068
0.347855, 0.897356
0.368142, 0.901074
0.388428, 0.904235
0.408714, 0.906853
0.428999, 0.908937
0.449285, 0.910494
0.469571, 0.911529
0.489857, 0.912046
0.510143, 0.912046
0.530429, 0.911529
0.550715, 0.910494
0.571001, 0.908937
0.591286, 0.906853
0.611572, 0.904235
0.631858, 0.901074
0.652145, 0.897356
0.672435, 0.893068
0.692728, 0.88819
0.713025, 0.882701
0.733328, 0.876572
0.753637, 0.869771
0.773953, 0.862259
0.794275, 0.853989
0.814602, 0.844903
0.834934, 0.834934
0.855269, 0.823998
0.875605, 0.811992
0.895937, 0.798783
0.117024, 0.816896
0.136681, 0.830914
0.156341, 0.843659
0.176002, 0.855269
0.195661, 0.865854
0.215318, 0.875501
0.234972, 0.884283
0.254622, 0.892257
0.274268, 0.899475
0.29391, 0.905976
0.313549, 0.911796
0.333184, 0.916964
0.352816, 0.921504
0.372445, 0.925437
0.392072, 0.928779
0.411698, 0.931545
0.431322, 0.933745
0.450945, 0.935388
0.470567, 0.93648
0.490189, 0.937025
0.509811, 0.937025
0.529433, 0.93648
0.549055, 0.935388
0.568678, 0.933745
0.588302, 0.931545
0.607928, 0.928779
0.627555, 0.925437
0.647184, 0.921504
0.666816, 0.916964
0.686451, 0.911796
0.70609, 0.905976
0.725732, 0.899475
0.745378, 0.892257
0.765028, 0.884283
0.784682, 0.875501
0.804339, 0.865854
0.823998, 0.855269
0.843659, 0.843659
0.863319, 0.830914
0.882976, 0.816896
0.131245, 0.835008
0.150165, 0.849835
0.169086, 0.863319
0.188008, 0.875605
0.20693, 0.886808
0.225851, 0.89702
0.24477, 0.906316
0.263687, 0.914759
0.282602, 0.922401
0.301515, 0.929284
0.320426, 0.935446
0.339334, 0.940916
0.358241, 0.945722
0.377146, 0.949884
0.396049, 0.95342
0.414951, 0.956346
0.433852, 0.958673
0.452752, 0.96041
0.471652, 0.961565
0.490551, 0.962141
0.509449, 0.962141
0.528348, 0.961565
0.547248, 0.96041
0.566148, 0.958673
0.585049, 0.956346
0.603951, 0.95342
0.622854, 0.949884
0.641759, 0.945722
0.660666, 0.940916
0.679574, 0.935446
0.698485, 0.929284
0.717398, 0.922401
0.736313, 0.914759
0.75523, 0.906316
0.774149, 0.89702
0.79307, 0.886808
0.811992, 0.875605
0.830914, 0.863319
0.849835, 0.849835
0.868755, 0.835008
0.14688, 0.85312
0.164992, 0.868755
0.183104, 0.882976
0.201217, 0.895937
0.21933, 0.907757
0.237442, 0.918535
0.255554, 0.928348
0.273665, 0.937262
0.291775, 0.945331
0.309885, 0.952601
0.327993, 0.959109
0.346102, 0.964888
0.364209, 0.969965
0.382316, 0.974363
0.400422, 0.978099
0.418528, 0.981191
0.436633, 0.98365
0.454738, 0.985486
0.472843, 0.986706
0.490948, 0.987315
0.509052, 0.987315
0.527157, 0.986706
0.545262, 0.985486
0.563367, 0.98365
0.581472, 0.981191
0.599578, 0.978099
0.617684, 0.974363
0.635791, 0.969965
0.653898, 0.964888
0.672007, 0.959109
0.690115, 0.952601
0.708225, 0.945331
0.726335, 0.937262
0.744446, 0.928348
0.762558, 0.918535
0.78067, 0.907757
0.798783, 0.895937
0.816896, 0.882976
0.835008, 0.868755
0.85312, 0.85312
