0.146447, 0.146447
0.164124, 0.129612
0.181802, 0.114319
0.19948, 0.100391
0.217157, 0.0876894
0.234835, 0.0761044
0.252513, 0.0655463
0.27019, 0.055942
0.287868, 0.0472307
0.305546, 0.0393619
0.323223, 0.0322928
0.340901, 0.0259879
0.358579, 0.0204168
0.376256, 0.0155544
0.393934, 0.0113795
0.411612, 0.00787451
0.429289, 0.00502525
0.446967, 0.00282045
0.464645, 0.00125157
0.482322, 0.000312598
0.5, 0
0.517678, 0.000312598
0.535355, 0.00125157
0.553033, 0.00282045
0.570711, 0.00502525
0.588388, 0.00787451
0.606066, 0.0113795
0.623744, 0.0155544
0.641421, 0.0204168
0.659099, 0.0259879
0.676777, 0.0322928
0.694454, 0.0393619
0.712132, 0.0472307
0.72981, 0.055942
0.747487, 0.0655463
0.765165, 0.0761044
0.782843, 0.0876894
0.80052, 0.100391
0.818198, 0.114319
0.835876, 0.129612
0.853553, 0.146447
0.129612, 0.164124
0.148139, 0.148139
0.166668, 0.133622
0.185198, 0.120405
0.203729, 0.108357
0.22226, 0.0973725
0.240789, 0.0873657
0.259317, 0.0782665
0.277843, 0.0700165
0.296367, 0.0625671
0.314888, 0.0558772
0.333408, 0.0499124
0.351924, 0.0446434
0.370439, 0.0400459
0.388952, 0.0360994
0.407463, 0.0327868
0.425972, 0.0300944
0.44448, 0.0280113
0.462987, 0.0265292
0.481494, 0.0256422
0.5, 0.0253469
0.518506, 0.0256422
0.537013, 0.0265292
0.55552, 0.0280113
0.574028, 0.0300944
0.592537, 0.0327868
0.611048, 0.0360994
0.629561, 0.0400459
0.648076, 0.0446434
0.666592, 0.0499124
0.685112, 0.0558772
0.703633, 0.0625671
0.722157, 0.0700165
0.740683, 0.0782665
0.759211, 0.0873657
0.77774, 0.0973725
0.796271, 0.108357
0.814802, 0.120405
0.833332, 0.133622
0.851861, 0.148139
0.870388, 0.164124
0.114319, 0.181802
0.133622, 0.166668
0.152927, 0.152927
0.172236, 0.140423
0.191545, 0.129029
0.210853, 0.118644
0.230158, 0.109186
0.24946, 0.10059
0.268757, 0.0927974
0.288049, 0.0857629
0.307336, 0.0794468
0.326618, 0.073816
0.345895, 0.0688426
0.365168, 0.0645031
0.384438, 0.0607781
0.403703, 0.0576515
0.422966, 0.0551102
0.442226, 0.0531438
0.461485, 0.0517447
0.480743, 0.0509074
0.5, 0.0506287
0.519257, 0.0509074
0.538515, 0.0517447
0.557774, 0.0531438
0.577034, 0.0551102
0.596297, 0.0576515
0.615562, 0.0607781
0.634832, 0.0645031
0.654105, 0.0688426
0.673382, 0.073816
0.692664, 0.0794468
0.711951, 0.0857629
0.731243, 0.0927974
0.75054, 0.10059
0.769842, 0.109186
0.789147, 0.118644
0.808455, 0.129029
0.827764, 0.140423
0.847073, 0.152927
0.866378, 0.166668
0.885681, 0.181802
0.100391, 0.19948
0.120405, 0.185198
0.140423, 0.172236
0.160444, 0.160444
0.180465, 0.149703
0.200482, 0.139915
0.220494, 0.131004
0.240498, 0.122905
0.260495, 0.115563
0.280483, 0.108934
0.300463, 0.10298
0.320436, 0.0976697
0.340401, 0.0929768
0.360361, 0.0888793
0.380316, 0.0853594
0.400268, 0.0824027
0.420217, 0.0799978
0.440164, 0.0781358
0.46011, 0.0768102
0.480055, 0.0760166
0.5, 0.0757523
0.519945, 0.0760166
0.53989, 0.0768102
0.559836, 0.0781358
0.579783, 0.0799978
0.599732, 0.0824027
0.619684, 0.0853594
0.639639, 0.0888793
0.659599, 0.0929768
0.679564, 0.0976697
0.699537, 0.10298
0.719517, 0.108934
0.739505, 0.115563
0.759502, 0.122905
0.779506, 0.131004
0.799518, 0.139915
0.819535, 0.149703
0.839556, 0.160444
0.859577, 0.172236
0.879595, 0.185198
0.899609, 0.19948
0.0876894, 0.217157
0.108357, 0.203729
0.129029, 0.191545
0.149703, 0.180465
0.170374, 0.170374
0.191037, 0.16118
0.211691, 0.152808
0.232332, 0.145195
0.252959, 0.13829
0.273574, 0.132048
0.294176, 0.126434
0.314768, 0.121417
0.335352, 0.116974
0.355932, 0.113086
0.376509, 0.109738
0.397086, 0.106919
0.417664, 0.104621
0.438245, 0.10284
0.458828, 0.10157
0.479414, 0.100809
0.5, 0.100555
0.520586, 0.100809
0.541172, 0.10157
0.561755, 0.10284
0.582336, 0.104621
0.602914, 0.106919
0.623491, 0.109738
0.644068, 0.113086
0.664648, 0.116974
0.685232, 0.121417
0.705824, 0.126434
0.726426, 0.132048
0.747041, 0.13829
0.767668, 0.145195
0.788309, 0.152808
0.808963, 0.16118
0.829626, 0.170374
0.850297, 0.180465
0.870971, 0.191545
0.891643, 0.203729
0.912311, 0.217157
0.0761044, 0.234835
0.0973725, 0.22226
0.118644, 0.210853
0.139915, 0.200482
0.16118, 0.191037
0.18243, 0.18243
0.203663, 0.174588
0.224874, 0.167447
0.246063, 0.160958
0.267232, 0.155075
0.288383, 0.149765
0.309523, 0.145002
0.330657, 0.140766
0.351793, 0.137046
0.372936, 0.133833
0.394089, 0.131124
0.415254, 0.128913
0.436429, 0.127198
0.457614, 0.125976
0.478805, 0.125243
0.5, 0.124999
0.521195, 0.125243
0.542386, 0.125976
0.563571, 0.127198
0.584746, 0.128913
0.605911, 0.131124
0.627064, 0.133833
0.648207, 0.137046
0.669343, 0.140766
0.690477, 0.145002
0.711617, 0.149765
0.732768, 0.155075
0.753937, 0.160958
0.775126, 0.167447
0.796337, 0.174588
0.81757, 0.18243
0.83882, 0.191037
0.860085, 0.200482
0.881356, 0.210853
0.902627, 0.22226
0.923896, 0.234835
0.0655463, 0.252513
0.0873657, 0.240789
0.109186, 0.230158
0.131004, 0.220494
0.152808, 0.211691
0.174588, 0.203663
0.196337, 0.196337
0.218051, 0.18965
0.239729, 0.183548
0.261375, 0.177991
0.283002, 0.172949
0.304623, 0.168407
0.326254, 0.164361
0.347904, 0.160809
0.369579, 0.157751
0.391279, 0.15518
0.412999, 0.153091
0.434736, 0.151477
0.456485, 0.150329
0.478241, 0.149643
0.5, 0.149415
0.521759, 0.149643
0.543515, 0.150329
0.565264, 0.151477
0.587001, 0.153091
0.608721, 0.15518
0.630421, 0.157751
0.652096, 0.160809
0.673746, 0.164361
0.695377, 0.168407
0.716998, 0.172949
0.738625, 0.177991
0.760271, 0.183548
0.781949, 0.18965
0.803663, 0.196337
0.825412, 0.203663
0.847192, 0.211691
0.868996, 0.220494
0.890814, 0.230158
0.912634, 0.240789
0.934454, 0.252513
0.055942, 0.27019
0.0782665, 0.259317
0.10059, 0.24946
0.122905, 0.240498
0.145195, 0.232332
0.167447, 0.224874
0.18965, 0.218051
0.211795, 0.211795
0.233887, 0.206055
0.255944, 0.2008
0.277993, 0.196021
0.300064, 0.191726
0.322175, 0.187922
0.344329, 0.184609
0.36652, 0.181778
0.388739, 0.179416
0.410976, 0.177506
0.433225, 0.176036
0.455481, 0.174994
0.47774, 0.174372
0.5, 0.174166
0.52226, 0.174372
0.544519, 0.174994
0.566775, 0.176036
0.589024, 0.177506
0.611261, 0.179416
0.63348, 0.181778
0.655671, 0.184609
0.677825, 0.187922
0.699936, 0.191726
0.722007, 0.196021
0.744056, 0.2008
0.766113, 0.206055
0.788205, 0.211795
0.81035, 0.218051
0.832553, 0.224874
0.854805, 0.232332
0.877095, 0.240498
0.89941, 0.24946
0.921734, 0.259317
0.944058, 0.27019
0.0472307, 0.287868
0.0700165, 0.277843
0.0927974, 0.268757
0.115563, 0.260495
0.13829, 0.252959
0.160958, 0.246063
0.183548, 0.239729
0.206055, 0.233887
0.228499, 0.228499
0.250926, 0.223561
0.273387, 0.219095
0.295913, 0.215121
0.318504, 0.211637
0.341145, 0.208629
0.363819, 0.206075
0.386511, 0.203952
0.40921, 0.202243
0.431911, 0.20093
0.45461, 0.200001
0.477306, 0.199448
0.5, 0.199264
0.522694, 0.199448
0.54539, 0.200001
0.568089, 0.20093
0.59079, 0.202243
0.613489, 0.203952
0.636181, 0.206075
0.658855, 0.208629
0.681496, 0.211637
0.704087, 0.215121
0.726613, 0.219095
0.749074, 0.223561
0.771501, 0.228499
0.793945, 0.233887
0.816452, 0.239729
0.839042, 0.246063
0.86171, 0.252959
0.884437, 0.260495
0.907203, 0.268757
0.929983, 0.277843
0.952769, 0.287868
0.0393619, 0.305546
0.0625671, 0.296367
0.0857629, 0.288049
0.108934, 0.280483
0.132048, 0.273574
0.155075, 0.267232
0.177991, 0.261375
0.2008, 0.255944
0.223561, 0.250926
0.246357, 0.246357
0.269244, 0.242274
0.292223, 0.238678
0.31527, 0.235551
0.338359, 0.232865
0.361466, 0.230593
0.384577, 0.228712
0.407682, 0.227201
0.430776, 0.226043
0.453859, 0.225226
0.476932, 0.22474
0.5, 0.224578
0.523068, 0.22474
0.546141, 0.225226
0.569224, 0.226043
0.592318, 0.227201
0.615423, 0.228712
0.638534, 0.230593
0.661641, 0.232865
0.68473, 0.235551
0.707777, 0.238678
0.730756, 0.242274
0.753643, 0.246357
0.776439, 0.250926
0.7992, 0.255944
0.822009, 0.261375
0.844925, 0.267232
0.867952, 0.273574
0.891066, 0.280483
0.914237, 0.288049
0.937433, 0.296367
0.960638, 0.305546
0.0322928, 0.323223
0.0558772, 0.314888
0.0794468, 0.307336
0.10298, 0.300463
0.126434, 0.294176
0.149765, 0.288383
0.172949, 0.283002
0.196021, 0.277993
0.219095, 0.273387
0.242274, 0.269244
0.26558, 0.26558
0.288986, 0.262379
0.312449, 0.259609
0.335939, 0.257238
0.359431, 0.255241
0.38291, 0.253594
0.406369, 0.252275
0.429804, 0.251268
0.453217, 0.250559
0.476613, 0.250137
0.5, 0.249997
0.523387, 0.250137
0.546783, 0.250559
0.570196, 0.251268
0.593631, 0.252275
0.61709, 0.253594
0.640569, 0.255241
0.664061, 0.257238
0.687551, 0.259609
0.711014, 0.262379
0.73442, 0.26558
0.757726, 0.269244
0.780905, 0.273387
0.803979, 0.277993
0.827051, 0.283002
0.850235, 0.288383
0.873566, 0.294176
0.89702, 0.300463
0.920553, 0.307336
0.944123, 0.314888
0.967707, 0.323223
0.0259879, 0.340901
0.0499124, 0.333408
0.073816, 0.326618
0.0976697, 0.320436
0.121417, 0.314768
0.145002, 0.309523
0.168407, 0.304623
0.191726, 0.300064
0.215121, 0.295913
0.238678, 0.292223
0.262379, 0.288986
0.286171, 0.286171
0.310007, 0.283745
0.333852, 0.281679
0.357684, 0.279946
0.381486, 0.278522
0.405251, 0.277386
0.428978, 0.276521
0.452672, 0.275911
0.476342, 0.275549
0.5, 0.275429
0.523658, 0.275549
0.547328, 0.275911
0.571022, 0.276521
0.594749, 0.277386
0.618514, 0.278522
0.642316, 0.279946
0.666148, 0.281679
0.689993, 0.283745
0.713829, 0.286171
0.737621, 0.288986
0.761322, 0.292223
0.784879, 0.295913
0.808274, 0.300064
0.831593, 0.304623
0.854998, 0.309523
0.878583, 0.314768
0.90233, 0.320436
0.926184, 0.326618
0.950088, 0.333408
0.974012, 0.340901
0.0204168, 0.358579
0.0446434, 0.351924
0.0688426, 0.345895
0.0929768, 0.340401
0.116974, 0.335352
0.140766, 0.330657
0.164361, 0.326254
0.187922, 0.322175
0.211637, 0.318504
0.235551, 0.31527
0.259609, 0.312449
0.283745, 0.310007
0.307911, 0.307911
0.332071, 0.306135
0.356199, 0.304652
0.380278, 0.303436
0.404304, 0.302466
0.428277, 0.301723
0.452209, 0.301196
0.476111, 0.300881
0.5, 0.300775
0.523889, 0.300881
0.547791, 0.301196
0.571723, 0.301723
0.595696, 0.302466
0.619722, 0.303436
0.643801, 0.304652
0.667929, 0.306135
0.692089, 0.307911
0.716255, 0.310007
0.740391, 0.312449
0.764449, 0.31527
0.788363, 0.318504
0.812078, 0.322175
0.835639, 0.326254
0.859234, 0.330657
0.883026, 0.335352
0.907023, 0.340401
0.931157, 0.345895
0.955357, 0.351924
0.979583, 0.358579
0.0155544, 0.376256
0.0400459, 0.370439
0.0645031, 0.365168
0.0888793, 0.360361
0.113086, 0.355932
0.137046, 0.351793
0.160809, 0.347904
0.184609, 0.344329
0.208629, 0.341145
0.232865, 0.338359
0.257238, 0.335939
0.281679, 0.333852
0.306135, 0.332071
0.330568, 0.330568
0.354948, 0.329314
0.379259, 0.328283
0.403496, 0.327448
0.42767, 0.326792
0.451798, 0.32631
0.475903, 0.32601
0.5, 0.325908
0.524097, 0.32601
0.548202, 0.32631
0.57233, 0.326792
0.596504, 0.327448
0.620741, 0.328283
0.645052, 0.329314
0.669432, 0.330568
0.693865, 0.332071
0.718321, 0.333852
0.742762, 0.335939
0.767135, 0.338359
0.791371, 0.341145
0.815391, 0.344329
0.839191, 0.347904
0.862954, 0.351793
0.886914, 0.355932
0.911121, 0.360361
0.935497, 0.365168
0.959954, 0.370439
0.984446, 0.376256
0.0113795, 0.393934
0.0360994, 0.388952
0.0607781, 0.384438
0.0853594, 0.380316
0.109738, 0.376509
0.133833, 0.372936
0.157751, 0.369579
0.181778, 0.36652
0.206075, 0.363819
0.230593, 0.361466
0.255241, 0.359431
0.279946, 0.357684
0.304652, 0.356199
0.329314, 0.354948
0.353899, 0.353899
0.378387, 0.353018
0.402778, 0.352269
0.427096, 0.351632
0.451385, 0.351121
0.475684, 0.350781
0.5, 0.350661
0.524316, 0.350781
0.548615, 0.351121
0.572904, 0.351632
0.597222, 0.352269
0.621613, 0.353018
0.646101, 0.353899
0.670686, 0.354948
0.695348, 0.356199
0.720054, 0.357684
0.744759, 0.359431
0.769407, 0.361466
0.793925, 0.363819
0.818222, 0.36652
0.842249, 0.369579
0.866167, 0.372936
0.890262, 0.376509
0.914641, 0.380316
0.939222, 0.384438
0.963901, 0.388952
0.988621, 0.393934
0.00787451, 0.411612
0.0327868, 0.407463
0.0576515, 0.403703
0.0824027, 0.400268
0.106919, 0.397086
0.131124, 0.394089
0.15518, 0.391279
0.179416, 0.388739
0.203952, 0.386511
0.228712, 0.384577
0.253594, 0.38291
0.278522, 0.381486
0.303436, 0.380278
0.328283, 0.379259
0.353018, 0.378387
0.377613, 0.377613
0.402075, 0.376882
0.42647, 0.376182
0.450895, 0.375574
0.475412, 0.375159
0.5, 0.375013
0.524588, 0.375159
0.549105, 0.375574
0.57353, 0.376182
0.597925, 0.376882
0.622387, 0.377613
0.646982, 0.378387
0.671717, 0.379259
0.696564, 0.380278
0.721478, 0.381486
0.746406, 0.38291
0.771288, 0.384577
0.796048, 0.386511
0.820584, 0.388739
0.84482, 0.391279
0.868876, 0.394089
0.893081, 0.397086
0.917597, 0.400268
0.942349, 0.403703
0.967213, 0.407463
0.992125, 0.411612
0.00502525, 0.429289
0.0300944, 0.425972
0.0551102, 0.422966
0.0799978, 0.420217
0.104621, 0.417664
0.128913, 0.415254
0.153091, 0.412999
0.177506, 0.410976
0.202243, 0.40921
0.227201, 0.407682
0.252275, 0.406369
0.277386, 0.405251
0.302466, 0.404304
0.327448, 0.403496
0.352269, 0.402778
0.376882, 0.402075
0.401323, 0.401323
0.42575, 0.400557
0.450332, 0.399909
0.475108, 0.399494
0.5, 0.399352
0.524892, 0.399494
0.549668, 0.399909
0.57425, 0.400557
0.598677, 0.401323
0.623118, 0.402075
0.647731, 0.402778
0.672552, 0.403496
0.697534, 0.404304
0.722614, 0.405251
0.747725, 0.406369
0.772799, 0.407682
0.797757, 0.40921
0.822494, 0.410976
0.846909, 0.412999
0.871087, 0.415254
0.895379, 0.417664
0.920002, 0.420217
0.94489, 0.422966
0.969906, 0.425972
0.994975, 0.429289
0.00282045, 0.446967
0.0280113, 0.44448
0.0531438, 0.442226
0.0781358, 0.440164
0.10284, 0.438245
0.127198, 0.436429
0.151477, 0.434736
0.176036, 0.433225
0.20093, 0.431911
0.226043, 0.430776
0.251268, 0.429804
0.276521, 0.428978
0.301723, 0.428277
0.326792, 0.42767
0.351632, 0.427096
0.376182, 0.42647
0.400557, 0.42575
0.425047, 0.425047
0.449828, 0.424508
0.474854, 0.424188
0.5, 0.424082
0.525146, 0.424188
0.550172, 0.424508
0.574953, 0.425047
0.599443, 0.42575
0.623818, 0.42647
0.648368, 0.427096
0.673208, 0.42767
0.698277, 0.428277
0.723479, 0.428978
0.748732, 0.429804
0.773957, 0.430776
0.79907, 0.431911
0.823964, 0.433225
0.848523, 0.434736
0.872802, 0.436429
0.89716, 0.438245
0.921864, 0.440164
0.946856, 0.442226
0.971989, 0.44448
0.99718, 0.446967
0.00125157, 0.464645
0.0265292, 0.462987
0.0517447, 0.461485
0.0768102, 0.46011
0.10157, 0.458828
0.125976, 0.457614
0.150329, 0.456485
0.174994, 0.455481
0.200001, 0.45461
0.225226, 0.453859
0.250559, 0.453217
0.275911, 0.452672
0.301196, 0.452209
0.32631, 0.451798
0.351121, 0.451385
0.375574, 0.450895
0.399909, 0.450332
0.424508, 0.449828
0.449472, 0.449472
0.474681, 0.449267
0.5, 0.449201
0.525319, 0.449267
0.550528, 0.449472
0.575492, 0.449828
0.600091, 0.450332
0.624426, 0.450895
0.648879, 0.451385
0.67369, 0.451798
0.698804, 0.452209
0.724089, 0.452672
0.749441, 0.453217
0.774774, 0.453859
0.799999, 0.45461
0.825006, 0.455481
0.849671, 0.456485
0.874024, 0.457614
0.89843, 0.458828
0.92319, 0.46011
0.948255, 0.461485
0.973471, 0.462987
0.998748, 0.464645
0.000312598, 0.482322
0.0256422, 0.481494
0.0509074, 0.480743
0.0760166, 0.480055
0.100809, 0.479414
0.125243, 0.478805
0.149643, 0.478241
0.174372, 0.47774
0.199448, 0.477306
0.22474, 0.476932
0.250137, 0.476613
0.275549, 0.476342
0.300881, 0.476111
0.32601, 0.475903
0.350781, 0.475684
0.375159, 0.475412
0.399494, 0.475108
0.424188, 0.474854
0.449267, 0.474681
0.474582, 0.474582
0.5, 0.47455
0.525418, 0.474582
0.550733, 0.474681
0.575812, 0.474854
0.600506, 0.475108
0.624841, 0.475412
0.649219, 0.475684
0.67399, 0.475903
0.699119, 0.476111
0.724451, 0.476342
0.749863, 0.476613
0.77526, 0.476932
0.800552, 0.477306
0.825628, 0.47774
0.850357, 0.478241
0.874757, 0.478805
0.899191, 0.479414
0.923983, 0.480055
0.949093, 0.480743
0.974358, 0.481494
0.999687, 0.482322
0, 0.5
0.0253469, 0.5
0.0506287, 0.5
0.0757523, 0.5
0.100555, 0.5
0.124999, 0.5
0.149415, 0.5
0.174166, 0.5
0.199264, 0.5
0.224578, 0.5
0.249997, 0.5
0.275429, 0.5
0.300775, 0.5
0.325908, 0.5
0.350661, 0.5
0.375013, 0.5
0.399352, 0.5
0.424082, 0.5
0.449201, 0.5
0.47455, 0.5
0.5, 0.5
0.52545, 0.5
0.550799, 0.5
0.575918, 0.5
0.600648, 0.5
0.624987, 0.5
0.649339, 0.5
0.674092, 0.5
0.699225, 0.5
0.724571, 0.5
0.750003, 0.5
0.775422, 0.5
0.800736, 0.5
0.825834, 0.5
0.850585, 0.5
0.875001, 0.5
0.899445, 0.5
0.924248, 0.5
0.949371, 0.5
0.974653, 0.5
1, 0.5
0.000312598, 0.517678
0.0256422, 0.518506
0.0509074, 0.519257
0.0760166, 0.519945
0.100809, 0.520586
0.125243, 0.521195
0.149643, 0.521759
0.174372, 0.52226
0.199448, 0.522694
0.22474, 0.523068
0.250137, 0.523387
0.275549, 0.523658
0.300881, 0.523889
0.32601, 0.524097
0.350781, 0.524316
0.375159, 0.524588
0.399494, 0.524892
0.424188, 0.525146
0.449267, 0.525319
0.474582, 0.525418
0.5, 0.52545
0.525418, 0.525418
0.550733, 0.525319
0.575812, 0.525146
0.600506, 0.524892
0.624841, 0.524588
0.649219, 0.524316
0.67399, 0.524097
0.699119, 0.523889
0.724451, 0.523658
0.749863, 0.523387
0.77526, 0.523068
0.800552, 0.522694
0.825628, 0.52226
0.850357, 0.521759
0.874757, 0.521195
0.899191, 0.520586
0.923983, 0.519945
0.949093, 0.519257
0.974358, 0.518506
0.999687, 0.517678
0.00125157, 0.535355
0.0265292, 0.537013
0.0517447, 0.538515
0.0768102, 0.53989
0.10157, 0.541172
0.125976, 0.542386
0.150329, 0.543515
0.174994, 0.544519
0.200001, 0.54539
0.225226, 0.546141
0.250559, 0.546783
0.275911, 0.547328
0.301196, 0.547791
0.32631, 0.548202
0.351121, 0.548615
0.375574, 0.549105
0.399909, 0.549668
0.424508, 0.550172
0.449472, 0.550528
0.474681, 0.550733
0.5, 0.550799
0.525319, 0.550733
0.550528, 0.550528
0.575492, 0.550172
0.600091, 0.549668
0.624426, 0.549105
0.648879, 0.548615
0.67369, 0.548202
0.698804, 0.547791
0.724089, 0.547328
0.749441, 0.546783
0.774774, 0.546141
0.799999, 0.54539
0.825006, 0.544519
0.849671, 0.543515
0.874024, 0.542386
0.89843, 0.541172
0.92319, 0.53989
0.948255, 0.538515
0.973471, 0.537013
0.998748, 0.535355
0.00282045, 0.553033
0.0280113, 0.55552
0.0531438, 0.557774
0.0781358, 0.559836
0.10284, 0.561755
0.127198, 0.563571
0.151477, 0.565264
0.176036, 0.566775
0.20093, 0.568089
0.226043, 0.569224
0.251268, 0.570196
0.276521, 0.571022
0.301723, 0.571723
0.326792, 0.57233
0.351632, 0.572904
0.376182, 0.57353
0.400557, 0.57425
0.425047, 0.574953
0.449828, 0.575492
0.474854, 0.575812
0.5, 0.575918
0.525146, 0.575812
0.550172, 0.575492
0.574953, 0.574953
0.599443, 0.57425
0.623818, 0.57353
0.648368, 0.572904
0.673208, 0.57233
0.698277, 0.571723
0.723479, 0.571022
0.748732, 0.570196
0.773957, 0.569224
0.79907, 0.568089
0.823964, 0.566775
0.848523, 0.565264
0.872802, 0.563571
0.89716, 0.561755
0.921864, 0.559836
0.946856, 0.557774
0.971989, 0.55552
0.99718, 0.553033
0.00502525, 0.570711
0.0300944, 0.574028
0.0551102, 0.577034
0.0799978, 0.579783
0.104621, 0.582336
0.128913, 0.584746
0.153091, 0.587001
0.177506, 0.589024
0.202243, 0.59079
0.227201, 0.592318
0.252275, 0.593631
0.277386, 0.594749
0.302466, 0.595696
0.327448, 0.596504
0.352269, 0.597222
0.376882, 0.597925
0.401323, 0.598677
0.42575, 0.599443
0.450332, 0.600091
0.475108, 0.600506
0.5, 0.600648
0.524892, 0.600506
0.549668, 0.600091
0.57425, 0.599443
0.598677, 0.598677
0.623118, 0.597925
0.647731, 0.597222
0.672552, 0.596504
0.697534, 0.595696
0.722614, 0.594749
0.747725, 0.593631
0.772799, 0.592318
0.797757, 0.59079
0.822494, 0.589024
0.846909, 0.587001
0.871087, 0.584746
0.895379, 0.582336
0.920002, 0.579783
0.94489, 0.577034
0.969906, 0.574028
0.994975, 0.570711
0.00787451, 0.588388
0.0327868, 0.592537
0.0576515, 0.596297
0.0824027, 0.599732
0.106919, 0.602914
0.131124, 0.605911
0.15518, 0.608721
0.179416, 0.611261
0.203952, 0.613489
0.228712, 0.615423
0.253594, 0.61709
0.278522, 0.618514
0.303436, 0.619722
0.328283, 0.620741
0.353018, 0.621613
0.377613, 0.622387
0.402075, 0.623118
0.42647, 0.623818
0.450895, 0.624426
0.475412, 0.624841
0.5, 0.624987
0.524588, 0.624841
0.549105, 0.624426
0.57353, 0.623818
0.597925, 0.623118
0.622387, 0.622387
0.646982, 0.621613
0.671717, 0.620741
0.696564, 0.619722
0.721478, 0.618514
0.746406, 0.61709
0.771288, 0.615423
0.796048, 0.613489
0.820584, 0.611261
0.84482, 0.608721
0.868876, 0.605911
0.893081, 0.602914
0.917597, 0.599732
0.942349, 0.596297
0.967213, 0.592537
0.992125, 0.588388
0.0113795, 0.606066
0.0360994, 0.611048
0.0607781, 0.615562
0.0853594, 0.619684
0.109738, 0.623491
0.133833, 0.627064
0.157751, 0.630421
0.181778, 0.63348
0.206075, 0.636181
0.230593, 0.638534
0.255241, 0.640569
0.279946, 0.642316
0.304652, 0.643801
0.329314, 0.645052
0.353899, 0.646101
0.378387, 0.646982
0.402778, 0.647731
0.427096, 0.648368
0.451385, 0.648879
0.475684, 0.649219
0.5, 0.649339
0.524316, 0.649219
0.548615, 0.648879
0.572904, 0.648368
0.597222, 0.647731
0.621613, 0.646982
0.646101, 0.646101
0.670686, 0.645052
0.695348, 0.643801
0.720054, 0.642316
0.744759, 0.640569
0.769407, 0.638534
0.793925, 0.636181
0.818222, 0.63348
0.842249, 0.630421
0.866167, 0.627064
0.890262, 0.623491
0.914641, 0.619684
0.939222, 0.615562
0.963901, 0.611048
0.988621, 0.606066
0.0155544, 0.623744
0.0400459, 0.629561
0.0645031, 0.634832
0.0888793, 0.639639
0.113086, 0.644068
0.137046, 0.648207
0.160809, 0.652096
0.184609, 0.655671
0.208629, 0.658855
0.232865, 0.661641
0.257238, 0.664061
0.281679, 0.666148
0.306135, 0.667929
0.330568, 0.669432
0.354948, 0.670686
0.379259, 0.671717
0.403496, 0.672552
0.42767, 0.673208
0.451798, 0.67369
0.475903, 0.67399
0.5, 0.674092
0.524097, 0.67399
0.548202, 0.67369
0.57233, 0.673208
0.596504, 0.672552
0.620741, 0.671717
0.645052, 0.670686
0.669432, 0.669432
0.693865, 0.667929
0.718321, 0.666148
0.742762, 0.664061
0.767135, 0.661641
0.791371, 0.658855
0.815391, 0.655671
0.839191, 0.652096
0.862954, 0.648207
0.886914, 0.644068
0.911121, 0.639639
0.935497, 0.634832
0.959954, 0.629561
0.984446, 0.623744
0.0204168, 0.641421
0.0446434, 0.648076
0.0688426, 0.654105
0.0929768, 0.659599
0.116974, 0.664648
0.140766, 0.669343
0.164361, 0.673746
0.187922, 0.677825
0.211637, 0.681496
0.235551, 0.68473
0.259609, 0.687551
0.283745, 0.689993
0.307911, 0.692089
0.332071, 0.693865
0.356199, 0.695348
0.380278, 0.696564
0.404304, 0.697534
0.428277, 0.698277
0.452209, 0.698804
0.476111, 0.699119
0.5, 0.699225
0.523889, 0.699119
0.547791, 0.698804
0.571723, 0.698277
0.595696, 0.697534
0.619722, 0.696564
0.643801, 0.695348
0.667929, 0.693865
0.692089, 0.692089
0.716255, 0.689993
0.740391, 0.687551
0.764449, 0.68473
0.788363, 0.681496
0.812078, 0.677825
0.835639, 0.673746
0.859234, 0.669343
0.883026, 0.664648
0.907023, 0.659599
0.931157, 0.654105
0.955357, 0.648076
0.979583, 0.641421
0.0259879, 0.659099
0.0499124, 0.666592
0.073816, 0.673382
0.0976697, 0.679564
0.121417, 0.685232
0.145002, 0.690477
0.168407, 0.695377
0.191726, 0.699936
0.215121, 0.704087
0.238678, 0.707777
0.262379, 0.711014
0.286171, 0.713829
0.310007, 0.716255
0.333852, 0.718321
0.357684, 0.720054
0.381486, 0.721478
0.405251, 0.722614
0.428978, 0.723479
0.452672, 0.724089
0.476342, 0.724451
0.5, 0.724571
0.523658, 0.724451
0.547328, 0.724089
0.571022, 0.723479
0.594749, 0.722614
0.618514, 0.721478
0.642316, 0.720054
0.666148, 0.718321
0.689993, 0.716255
0.713829, 0.713829
0.737621, 0.711014
0.761322, 0.707777
0.784879, 0.704087
0.808274, 0.699936
0.831593, 0.695377
0.854998, 0.690477
0.878583, 0.685232
0.90233, 0.679564
0.926184, 0.673382
0.950088, 0.666592
0.974012, 0.659099
0.0322928, 0.676777
0.0558772, 0.685112
0.0794468, 0.692664
0.10298, 0.699537
0.126434, 0.705824
0.149765, 0.711617
0.172949, 0.716998
0.196021, 0.722007
0.219095, 0.726613
0.242274, 0.730756
0.26558, 0.73442
0.288986, 0.737621
0.312449, 0.740391
0.335939, 0.742762
0.359431, 0.744759
0.38291, 0.746406
0.406369, 0.747725
0.429804, 0.748732
0.453217, 0.749441
0.476613, 0.749863
0.5, 0.750003
0.523387, 0.749863
0.546783, 0.749441
0.570196, 0.748732
0.593631, 0.747725
0.61709, 0.746406
0.640569, 0.744759
0.664061, 0.742762
0.687551, 0.740391
0.711014, 0.737621
0.73442, 0.73442
0.757726, 0.730756
0.780905, 0.726613
0.803979, 0.722007
0.827051, 0.716998
0.850235, 0.711617
0.873566, 0.705824
0.89702, 0.699537
0.920553, 0.692664
0.944123, 0.685112
0.967707, 0.676777
0.0393619, 0.694454
0.0625671, 0.703633
0.0857629, 0.711951
0.108934, 0.719517
0.132048, 0.726426
0.155075, 0.732768
0.177991, 0.738625
0.2008, 0.744056
0.223561, 0.749074
0.246357, 0.753643
0.269244, 0.757726
0.292223, 0.761322
0.31527, 0.764449
0.338359, 0.767135
0.361466, 0.769407
0.384577, 0.771288
0.407682, 0.772799
0.430776, 0.773957
0.453859, 0.774774
0.476932, 0.77526
0.5, 0.775422
0.523068, 0.77526
0.546141, 0.774774
0.569224, 0.773957
0.592318, 0.772799
0.615423, 0.771288
0.638534, 0.769407
0.661641, 0.767135
0.68473, 0.764449
0.707777, 0.761322
0.730756, 0.757726
0.753643, 0.753643
0.776439, 0.749074
0.7992, 0.744056
0.822009, 0.738625
0.844925, 0.732768
0.867952, 0.726426
0.891066, 0.719517
0.914237, 0.711951
0.937433, 0.703633
0.960638, 0.694454
0.0472307, 0.712132
0.0700165, 0.722157
0.0927974, 0.731243
0.115563, 0.739505
0.13829, 0.747041
0.160958, 0.753937
0.183548, 0.760271
0.206055, 0.766113
0.228499, 0.771501
0.250926, 0.776439
0.273387, 0.780905
0.295913, 0.784879
0.318504, 0.788363
0.341145, 0.791371
0.363819, 0.793925
0.386511, 0.796048
0.40921, 0.797757
0.431911, 0.79907
0.45461, 0.799999
0.477306, 0.800552
0.5, 0.800736
0.522694, 0.800552
0.54539, 0.799999
0.568089, 0.79907
0.59079, 0.797757
0.613489, 0.796048
0.636181, 0.793925
0.658855, 0.791371
0.681496, 0.788363
0.704087, 0.784879
0.726613, 0.780905
0.749074, 0.776439
0.771501, 0.771501
0.793945, 0.766113
0.816452, 0.760271
0.839042, 0.753937
0.86171, 0.747041
0.884437, 0.739505
0.907203, 0.731243
0.929983, 0.722157
0.952769, 0.712132
0.055942, 0.72981
0.0782665, 0.740683
0.10059, 0.75054
0.122905, 0.759502
0.145195, 0.767668
0.167447, 0.775126
0.18965, 0.781949
0.211795, 0.788205
0.233887, 0.793945
0.255944, 0.7992
0.277993, 0.803979
0.300064, 0.808274
0.322175, 0.812078
0.344329, 0.815391
0.36652, 0.818222
0.388739, 0.820584
0.410976, 0.822494
0.433225, 0.823964
0.455481, 0.825006
0.47774, 0.825628
0.5, 0.825834
0.52226, 0.825628
0.544519, 0.825006
0.566775, 0.823964
0.589024, 0.822494
0.611261, 0.820584
0.63348, 0.818222
0.655671, 0.815391
0.677825, 0.812078
0.699936, 0.808274
0.722007, 0.803979
0.744056, 0.7992
0.766113, 0.793945
0.788205, 0.788205
0.81035, 0.781949
0.832553, 0.775126
0.854805, 0.767668
0.877095, 0.759502
0.89941, 0.75054
0.921734, 0.740683
0.944058, 0.72981
0.0655463, 0.747487
0.0873657, 0.759211
0.109186, 0.769842
0.131004, 0.779506
0.152808, 0.788309
0.174588, 0.796337
0.196337, 0.803663
0.218051, 0.81035
0.239729, 0.816452
0.261375, 0.822009
0.283002, 0.827051
0.304623, 0.831593
0.326254, 0.835639
0.347904, 0.839191
0.369579, 0.842249
0.391279, 0.84482
0.412999, 0.846909
0.434736, 0.848523
0.456485, 0.849671
0.478241, 0.850357
0.5, 0.850585
0.521759, 0.850357
0.543515, 0.849671
0.565264, 0.848523
0.587001, 0.846909
0.608721, 0.84482
0.630421, 0.842249
0.652096, 0.839191
0.673746, 0.835639
0.695377, 0.831593
0.716998, 0.827051
0.738625, 0.822009
0.760271, 0.816452
0.781949, 0.81035
0.803663, 0.803663
0.825412, 0.796337
0.847192, 0.788309
0.868996, 0.779506
0.890814, 0.769842
0.912634, 0.759211
0.934454, 0.747487
0.0761044, 0.765165
0.0973725, 0.77774
0.118644, 0.789147
0.139915, 0.799518
0.16118, 0.808963
0.18243, 0.81757
0.203663, 0.825412
0.224874, 0.832553
0.246063, 0.839042
0.267232, 0.844925
0.288383, 0.850235
0.309523, 0.854998
0.330657, 0.859234
0.351793, 0.862954
0.372936, 0.866167
0.394089, 0.868876
0.415254, 0.871087
0.436429, 0.872802
0.457614, 0.874024
0.478805, 0.874757
0.5, 0.875001
0.521195, 0.874757
0.542386, 0.874024
0.563571, 0.872802
0.584746, 0.871087
0.605911, 0.868876
0.627064, 0.866167
0.648207, 0.862954
0.669343, 0.859234
0.690477, 0.854998
0.711617, 0.850235
0.732768, 0.844925
0.753937, 0.839042
0.775126, 0.832553
0.796337, 0.825412
0.81757, 0.81757
0.83882, 0.808963
0.860085, 0.799518
0.881356, 0.789147
0.902627, 0.77774
0.923896, 0.765165
0.0876894, 0.782843
0.108357, 0.796271
0.129029, 0.808455
0.149703, 0.819535
0.170374, 0.829626
0.191037, 0.83882
0.211691, 0.847192
0.232332, 0.854805
0.252959, 0.86171
0.273574, 0.867952
0.294176, 0.873566
0.314768, 0.878583
0.335352, 0.883026
0.355932, 0.886914
0.376509, 0.890262
0.397086, 0.893081
0.417664, 0.895379
0.438245, 0.89716
0.458828, 0.89843
0.479414, 0.899191
0.5, 0.899445
0.520586, 0.899191
0.541172, 0.89843
0.561755, 0.89716
0.582336, 0.895379
0.602914, 0.893081
0.623491, 0.890262
0.644068, 0.886914
0.664648, 0.883026
0.685232, 0.878583
0.705824, 0.873566
0.726426, 0.867952
0.747041, 0.86171
0.767668, 0.854805
0.788309, 0.847192
0.808963, 0.83882
0.829626, 0.829626
0.850297, 0.819535
0.870971, 0.808455
0.891643, 0.796271
0.912311, 0.782843
0.100391, 0.80052
0.120405, 0.814802
0.140423, 0.827764
0.160444, 0.839556
0.180465, 0.850297
0.200482, 0.860085
0.220494, 0.868996
0.240498, 0.877095
0.260495, 0.884437
0.280483, 0.891066
0.300463, 0.89702
0.320436, 0.90233
0.340401, 0.907023
0.360361, 0.911121
0.380316, 0.914641
0.400268, 0.917597
0.420217, 0.920002
0.440164, 0.921864
0.46011, 0.92319
0.480055, 0.923983
0.5, 0.924248
0.519945, 0.923983
0.53989, 0.92319
0.559836, 0.921864
0.579783, 0.920002
0.599732, 0.917597
0.619684, 0.914641
0.639639, 0.911121
0.659599, 0.907023
0.679564, 0.90233
0.699537, 0.89702
0.719517, 0.891066
0.739505, 0.884437
0.759502, 0.877095
0.779506, 0.868996
0.799518, 0.860085
0.819535, 0.850297
0.839556, 0.839556
0.859577, 0.827764
0.879595, 0.814802
0.899609, 0.80052
0.114319, 0.818198
0.133622, 0.833332
0.152927, 0.847073
0.172236, 0.859577
0.191545, 0.870971
0.210853, 0.881356
0.230158, 0.890814
0.24946, 0.89941
0.268757, 0.907203
0.288049, 0.914237
0.307336, 0.920553
0.326618, 0.926184
0.345895, 0.931157
0.365168, 0.935497
0.384438, 0.939222
0.403703, 0.942349
0.422966, 0.94489
0.442226, 0.946856
0.461485, 0.948255
0.480743, 0.949093
0.5, 0.949371
0.519257, 0.949093
0.538515, 0.948255
0.557774, 0.946856
0.577034, 0.94489
0.596297, 0.942349
0.615562, 0.939222
0.634832, 0.935497
0.654105, 0.931157
0.673382, 0.926184
0.692664, 0.920553
0.711951, 0.914237
0.731243, 0.907203
0.75054, 0.89941
0.769842, 0.890814
0.789147, 0.881356
0.808455, 0.870971
0.827764, 0.859577
0.847073, 0.847073
0.866378, 0.833332
0.885681, 0.818198
0.129612, 0.835876
0.148139, 0.851861
0.166668, 0.866378
0.185198, 0.879595
0.203729, 0.891643
0.22226, 0.902627
0.240789, 0.912634
0.259317, 0.921734
0.277843, 0.929983
0.296367, 0.937433
0.314888, 0.944123
0.333408, 0.950088
0.351924, 0.955357
0.370439, 0.959954
0.388952, 0.963901
0.407463, 0.967213
0.425972, 0.969906
0.44448, 0.971989
0.462987, 0.973471
0.481494, 0.974358
0.5, 0.974653
0.518506, 0.974358
0.537013, 0.973471
0.55552, 0.971989
0.574028, 0.969906
0.592537, 0.967213
0.611048, 0.963901
0.629561, 0.959954
0.648076, 0.955357
0.666592, 0.950088
0.685112, 0.944123
0.703633, 0.937433
0.722157, 0.929983
0.740683, 0.921734
0.759211, 0.912634
0.77774, 0.902627
0.796271, 0.891643
0.814802, 0.879595
0.833332, 0.866378
0.851861, 0.851861
0.870388, 0.835876
0.146447, 0.853553
0.164124, 0.870388
0.181802, 0.885681
0.19948, 0.899609
0.217157, 0.912311
0.234835, 0.923896
0.252513, 0.934454
0.27019, 0.944058
0.287868, 0.952769
0.305546, 0.960638
0.323223, 0.967707
0.340901, 0.974012
0.358579, 0.979583
0.376256, 0.984446
0.393934, 0.988621
0.411612, 0.992125
0.429289, 0.994975
0.446967, 0.99718
0.464645, 0.998748
0.482322, 0.999687
0.5, 1
0.517678, 0.999687
0.535355, 0.998748
0.553033, 0.99718
0.570711, 0.994975
0.588388, 0.992125
0.606066, 0.988621
0.623744, 0.984446
0.641421, 0.979583
0.659099, 0.974012
0.676777, 0.967707
0.694454, 0.960638
0.712132, 0.952769
0.72981, 0.944058
0.747487, 0.934454
0.765165, 0.923896
0.782843, 0.912311
0.80052, 0.899609
0.818198, 0.885681
0.835876, 0.870388
0.853553, 0.853553
0.14688, 0.14688
0.164993, 0.131247
0.183107, 0.117027
0.20122, 0.104068
0.219334, 0.0922488
0.237447, 0.0814732
0.255559, 0.071662
0.273671, 0.0627499
0.291781, 0.0546827
0.309891, 0.047415
0.328, 0.0409085
0.346108, 0.0351312
0.364215, 0.0300559
0.382321, 0.0256599
0.400427, 0.0219243
0.418532, 0.0188337
0.436636, 0.0163756
0.454741, 0.0145402
0.472844, 0.0133205
0.490948, 0.0127118
0.509052, 0.0127118
0.527156, 0.0133205
0.545259, 0.0145402
0.563364, 0.0163756
0.581468, 0.0188337
0.599573, 0.0219243
0.617679, 0.0256599
0.635785, 0.0300559
0.653892, 0.0351312
0.672, 0.0409085
0.690109, 0.047415
0.708219, 0.0546827
0.726329, 0.0627499
0.744441, 0.071662
0.762553, 0.0814732
0.780666, 0.0922488
0.79878, 0.104068
0.816893, 0.117027
0.835007, 0.131247
0.85312, 0.14688
0.131247, 0.164993
0.150168, 0.150168
0.169093, 0.136688
0.188017, 0.124406
0.206942, 0.113208
0.225865, 0.103001
0.244786, 0.09371
0.263705, 0.0852722
0.282621, 0.0776361
0.301534, 0.0707579
0.320445, 0.0646013
0.339353, 0.0591354
0.358259, 0.0543342
0.377163, 0.050176
0.396064, 0.0466429
0.414964, 0.0437199
0.433862, 0.0413952
0.45276, 0.0396596
0.471656, 0.0385062
0.490552, 0.0379305
0.509448, 0.0379305
0.528344, 0.0385062
0.54724, 0.0396596
0.566138, 0.0413952
0.585036, 0.0437199
0.603936, 0.0466429
0.622837, 0.050176
0.641741, 0.0543342
0.660647, 0.0591354
0.679555, 0.0646013
0.698466, 0.0707579
0.717379, 0.0776361
0.736295, 0.0852722
0.755214, 0.09371
0.774135, 0.103001
0.793058, 0.113208
0.811983, 0.124406
0.830907, 0.136688
0.849832, 0.150168
0.868753, 0.164993
0.117027, 0.183107
0.136688, 0.169093
0.156353, 0.156353
0.176019, 0.144749
0.195683, 0.134172
0.215344, 0.124533
0.235001, 0.115759
0.254653, 0.107793
0.274301, 0.100583
0.293944, 0.0940894
0.313582, 0.0882761
0.333215, 0.0831142
0.352845, 0.0785794
0.372472, 0.0746511
0.392095, 0.0713125
0.411717, 0.0685499
0.431337, 0.0663522
0.450956, 0.0647112
0.470574, 0.0636205
0.490191, 0.0630761
0.509809, 0.0630761
0.529426, 0.0636205
0.549044, 0.0647112
0.568663, 0.0663522
0.588283, 0.0685499
0.607905, 0.0713125
0.627528, 0.0746511
0.647155, 0.0785794
0.666785, 0.0831142
0.686418, 0.0882761
0.706056, 0.0940894
0.725699, 0.100583
0.745347, 0.107793
0.764999, 0.115759
0.784656, 0.124533
0.804317, 0.134172
0.823981, 0.144749
0.843647, 0.156353
0.863312, 0.169093
0.882973, 0.183107
0.104068, 0.20122
0.124406, 0.188017
0.144749, 0.176019
0.165092, 0.165092
0.185431, 0.155133
0.205764, 0.146057
0.226089, 0.137797
0.246407, 0.130294
0.266717, 0.123501
0.287019, 0.117379
0.307315, 0.111896
0.327605, 0.107022
0.347891, 0.102737
0.368174, 0.0990216
0.388455, 0.0958608
0.408735, 0.093243
0.429016, 0.0911589
0.449296, 0.0896016
0.469578, 0.0885661
0.489859, 0.0880492
0.510141, 0.0880492
0.530422, 0.0885661
0.550704, 0.0896016
0.570984, 0.0911589
0.591265, 0.093243
0.611545, 0.0958608
0.631826, 0.0990216
0.652109, 0.102737
0.672395, 0.107022
0.692685, 0.111896
0.712981, 0.117379
0.733283, 0.123501
0.753593, 0.130294
0.773911, 0.137797
0.794236, 0.146057
0.814569, 0.155133
0.834908, 0.165092
0.855251, 0.176019
0.875594, 0.188017
0.895932, 0.20122
0.0922488, 0.219334
0.113208, 0.206942
0.134172, 0.195683
0.155133, 0.185431
0.176086, 0.176086
0.197029, 0.167569
0.21796, 0.159813
0.238878, 0.152762
0.259783, 0.146372
0.280678, 0.140604
0.301563, 0.135428
0.322443, 0.130819
0.343321, 0.126758
0.364199, 0.12323
0.38508, 0.120224
0.405966, 0.11773
0.426856, 0.115743
0.447751, 0.114257
0.468649, 0.113268
0.489549, 0.112774
0.510451, 0.112774
0.531351, 0.113268
0.552249, 0.114257
0.573144, 0.115743
0.594034, 0.11773
0.61492, 0.120224
0.635801, 0.12323
0.656679, 0.126758
0.677557, 0.130819
0.698437, 0.135428
0.719322, 0.140604
0.740217, 0.146372
0.761122, 0.152762
0.78204, 0.159813
0.802971, 0.167569
0.823914, 0.176086
0.844867, 0.185431
0.865828, 0.195683
0.886792, 0.206942
0.907751, 0.219334
0.0814732, 0.237447
0.103001, 0.225865
0.124533, 0.215344
0.146057, 0.205764
0.167569, 0.197029
0.189063, 0.189063
0.210537, 0.181801
0.231991, 0.175188
0.253425, 0.16918
0.274844, 0.163743
0.296254, 0.15885
0.317663, 0.154483
0.339078, 0.150626
0.360502, 0.147273
0.381938, 0.144414
0.403386, 0.142044
0.424845, 0.140157
0.446312, 0.138747
0.467785, 0.137809
0.489261, 0.137342
0.510739, 0.137342
0.532215, 0.137809
0.553688, 0.138747
0.575155, 0.140157
0.596614, 0.142044
0.618062, 0.144414
0.639498, 0.147273
0.660922, 0.150626
0.682337, 0.154483
0.703746, 0.15885
0.725156, 0.163743
0.746575, 0.16918
0.768009, 0.175188
0.789463, 0.181801
0.810937, 0.189063
0.832431, 0.197029
0.853943, 0.205764
0.875467, 0.215344
0.896999, 0.225865
0.918527, 0.237447
0.071662, 0.255559
0.09371, 0.244786
0.115759, 0.235001
0.137797, 0.226089
0.159813, 0.21796
0.181801, 0.210537
0.203757, 0.203757
0.225681, 0.197565
0.247579, 0.191922
0.269462, 0.1868
0.291344, 0.182181
0.31324, 0.178057
0.335155, 0.174424
0.357092, 0.171274
0.379049, 0.168599
0.401022, 0.166389
0.423006, 0.164636
0.444999, 0.163329
0.466998, 0.162462
0.488999, 0.16203
0.511001, 0.16203
0.533002, 0.162462
0.555001, 0.163329
0.576994, 0.164636
0.598978, 0.166389
0.620951, 0.168599
0.642908, 0.171274
0.664845, 0.174424
0.68676, 0.178057
0.708656, 0.182181
0.730538, 0.1868
0.752421, 0.191922
0.774319, 0.197565
0.796243, 0.203757
0.818199, 0.210537
0.840187, 0.21796
0.862203, 0.226089
0.884241, 0.235001
0.90629, 0.244786
0.928338, 0.255559
0.0627499, 0.273671
0.0852722, 0.263705
0.107793, 0.254653
0.130294, 0.246407
0.152762, 0.238878
0.175188, 0.231991
0.197565, 0.225681
0.219899, 0.219899
0.242205, 0.214614
0.26451, 0.209812
0.286835, 0.205493
0.309194, 0.201655
0.331586, 0.198293
0.354007, 0.195394
0.376449, 0.192945
0.398904, 0.190929
0.421366, 0.189333
0.443832, 0.188147
0.466299, 0.187361
0.488766, 0.186969
0.511234, 0.186969
0.533701, 0.187361
0.556168, 0.188147
0.578634, 0.189333
0.601096, 0.190929
0.623551, 0.192945
0.645993, 0.195394
0.668414, 0.198293
0.690806, 0.201655
0.713165, 0.205493
0.73549, 0.209812
0.757795, 0.214614
0.780101, 0.219899
0.802435, 0.225681
0.824812, 0.231991
0.847238, 0.238878
0.869706, 0.246407
0.892207, 0.254653
0.914728, 0.263705
0.93725, 0.273671
0.0546827, 0.291781
0.0776361, 0.282621
0.100583, 0.274301
0.123501, 0.266717
0.146372, 0.259783
0.16918, 0.253425
0.191922, 0.247579
0.214614, 0.242205
0.237292, 0.237292
0.259997, 0.232844
0.282751, 0.228869
0.305555, 0.22536
0.328398, 0.222304
0.351267, 0.219681
0.37415, 0.217472
0.397038, 0.215659
0.419925, 0.214228
0.442808, 0.213165
0.465687, 0.212462
0.488563, 0.212112
0.511437, 0.212112
0.534313, 0.212462
0.557192, 0.213165
0.580075, 0.214228
0.602962, 0.215659
0.62585, 0.217472
0.648733, 0.219681
0.671602, 0.222304
0.694445, 0.22536
0.717249, 0.228869
0.740003, 0.232844
0.762708, 0.237292
0.785386, 0.242205
0.808078, 0.247579
0.83082, 0.253425
0.853628, 0.259783
0.876499, 0.266717
0.899417, 0.274301
0.922364, 0.282621
0.945317, 0.291781
0.047415, 0.309891
0.0707579, 0.301534
0.0940894, 0.293944
0.117379, 0.287019
0.140604, 0.280678
0.163743, 0.274844
0.1868, 0.269462
0.209812, 0.26451
0.232844, 0.259997
0.255939, 0.255939
0.279105, 0.252338
0.302327, 0.249178
0.325584, 0.246438
0.348859, 0.244095
0.372137, 0.242127
0.395409, 0.240517
0.41867, 0.239248
0.441919, 0.238308
0.465156, 0.237687
0.488386, 0.237378
0.511614, 0.237378
0.534844, 0.237687
0.558081, 0.238308
0.58133, 0.239248
0.604591, 0.240517
0.627863, 0.242127
0.651141, 0.244095
0.674416, 0.246438
0.697673, 0.249178
0.720895, 0.252338
0.744061, 0.255939
0.767156, 0.259997
0.790188, 0.26451
0.8132, 0.269462
0.836257, 0.274844
0.859396, 0.280678
0.882621, 0.287019
0.905911, 0.293944
0.929242, 0.301534
0.952585, 0.309891
0.0409085, 0.328
0.0646013, 0.320445
0.0882761, 0.313582
0.111896, 0.307315
0.135428, 0.301563
0.15885, 0.296254
0.182181, 0.291344
0.205493, 0.286835
0.228869, 0.282751
0.252338, 0.279105
0.275889, 0.275889
0.299493, 0.273079
0.323123, 0.270652
0.34676, 0.268583
0.370388, 0.266851
0.393998, 0.265438
0.417585, 0.264326
0.441151, 0.263504
0.464698, 0.26296
0.488234, 0.26269
0.511766, 0.26269
0.535302, 0.26296
0.558849, 0.263504
0.582415, 0.264326
0.606002, 0.265438
0.629612, 0.266851
0.65324, 0.268583
0.676877, 0.270652
0.700507, 0.273079
0.724111, 0.275889
0.747662, 0.279105
0.771131, 0.282751
0.794507, 0.286835
0.817819, 0.291344
0.84115, 0.296254
0.864572, 0.301563
0.888104, 0.307315
0.911724, 0.313582
0.935399, 0.320445
0.959091, 0.328
0.0351312, 0.346108
0.0591354, 0.339353
0.0831142, 0.333215
0.107022, 0.327605
0.130819, 0.322443
0.154483, 0.317663
0.178057, 0.31324
0.201655, 0.309194
0.22536, 0.305555
0.249178, 0.302327
0.273079, 0.299493
0.297026, 0.297026
0.32099, 0.294903
0.344947, 0.2931
0.368881, 0.291594
0.392784, 0.290367
0.416653, 0.289401
0.44049, 0.288685
0.464304, 0.288211
0.488103, 0.287974
0.511897, 0.287974
0.535696, 0.288211
0.55951, 0.288685
0.583347, 0.289401
0.607216, 0.290367
0.631119, 0.291594
0.655053, 0.2931
0.67901, 0.294903
0.702974, 0.297026
0.726921, 0.299493
0.750822, 0.302327
0.77464, 0.305555
0.798345, 0.309194
0.821943, 0.31324
0.845517, 0.317663
0.869181, 0.322443
0.892978, 0.327605
0.916886, 0.333215
0.940865, 0.339353
0.964869, 0.346108
0.0300559, 0.364215
0.0543342, 0.358259
0.0785794, 0.352845
0.102737, 0.347891
0.126758, 0.343321
0.150626, 0.339078
0.174424, 0.335155
0.198293, 0.331586
0.222304, 0.328398
0.246438, 0.325584
0.270652, 0.323123
0.294903, 0.32099
0.31916, 0.31916
0.343395, 0.317609
0.367593, 0.316314
0.391744, 0.315255
0.415849, 0.314414
0.439916, 0.313783
0.463958, 0.31336
0.487987, 0.313146
0.512013, 0.313146
0.536042, 0.31336
0.560084, 0.313783
0.584151, 0.314414
0.608256, 0.315255
0.632407, 0.316314
0.656605, 0.317609
0.68084, 0.31916
0.705097, 0.32099
0.729348, 0.323123
0.753562, 0.325584
0.777696, 0.328398
0.801707, 0.331586
0.825576, 0.335155
0.849374, 0.339078
0.873242, 0.343321
0.897263, 0.347891
0.921421, 0.352845
0.945666, 0.358259
0.969944, 0.364215
0.0256599, 0.382321
0.050176, 0.377163
0.0746511, 0.372472
0.0990216, 0.368174
0.12323, 0.364199
0.147273, 0.360502
0.171274, 0.357092
0.195394, 0.354007
0.219681, 0.351267
0.244095, 0.348859
0.268583, 0.34676
0.2931, 0.344947
0.317609, 0.343395
0.34208, 0.34208
0.366494, 0.340975
0.390845, 0.340057
0.415138, 0.339309
0.439393, 0.338726
0.463635, 0.338319
0.487877, 0.338109
0.512123, 0.338109
0.536365, 0.338319
0.560607, 0.338726
0.584862, 0.339309
0.609155, 0.340057
0.633506, 0.340975
0.65792, 0.34208
0.682391, 0.343395
0.7069, 0.344947
0.731417, 0.34676
0.755905, 0.348859
0.780319, 0.351267
0.804606, 0.354007
0.828726, 0.357092
0.852727, 0.360502
0.87677, 0.364199
0.900978, 0.368174
0.925349, 0.372472
0.949824, 0.377163
0.97434, 0.382321
0.0219243, 0.400427
0.0466429, 0.396064
0.0713125, 0.392095
0.0958608, 0.388455
0.120224, 0.38508
0.144414, 0.381938
0.168599, 0.379049
0.192945, 0.376449
0.217472, 0.37415
0.242127, 0.372137
0.266851, 0.370388
0.291594, 0.368881
0.316314, 0.367593
0.340975, 0.366494
0.365555, 0.365555
0.390047, 0.364743
0.414471, 0.364039
0.438872, 0.363453
0.463298, 0.363021
0.48776, 0.362789
0.51224, 0.362789
0.536702, 0.363021
0.561128, 0.363453
0.585529, 0.364039
0.609953, 0.364743
0.634445, 0.365555
0.659025, 0.366494
0.683686, 0.367593
0.708406, 0.368881
0.733149, 0.370388
0.757873, 0.372137
0.782528, 0.37415
0.807055, 0.376449
0.831401, 0.379049
0.855586, 0.381938
0.879776, 0.38508
0.904139, 0.388455
0.928688, 0.392095
0.953357, 0.396064
0.978076, 0.400427
0.0188337, 0.418532
0.0437199, 0.414964
0.0685499, 0.411717
0.093243, 0.408735
0.11773, 0.405966
0.142044, 0.403386
0.166389, 0.401022
0.190929, 0.398904
0.215659, 0.397038
0.240517, 0.395409
0.265438, 0.393998
0.290367, 0.392784
0.315255, 0.391744
0.340057, 0.390845
0.364743, 0.390047
0.389308, 0.389308
0.413804, 0.388614
0.438325, 0.388003
0.462938, 0.387543
0.487635, 0.387298
0.512365, 0.387298
0.537062, 0.387543
0.561675, 0.388003
0.586196, 0.388614
0.610692, 0.389308
0.635257, 0.390047
0.659943, 0.390845
0.684745, 0.391744
0.709633, 0.392784
0.734562, 0.393998
0.759483, 0.395409
0.784341, 0.397038
0.809071, 0.398904
0.833611, 0.401022
0.857956, 0.403386
0.88227, 0.405966
0.906757, 0.408735
0.93145, 0.411717
0.95628, 0.414964
0.981166, 0.418532
0.0163756, 0.436636
0.0413952, 0.433862
0.0663522, 0.431337
0.0911589, 0.429016
0.115743, 0.426856
0.140157, 0.424845
0.164636, 0.423006
0.189333, 0.421366
0.214228, 0.419925
0.239248, 0.41867
0.264326, 0.417585
0.289401, 0.416653
0.314414, 0.415849
0.339309, 0.415138
0.364039, 0.414471
0.388614, 0.413804
0.413148, 0.413148
0.43779, 0.412574
0.462594, 0.412161
0.487517, 0.41195
0.512483, 0.41195
0.537406, 0.412161
0.56221, 0.412574
0.586852, 0.413148
0.611386, 0.413804
0.635961, 0.414471
0.660691, 0.415138
0.685586, 0.415849
0.710599, 0.416653
0.735674, 0.417585
0.760752, 0.41867
0.785772, 0.419925
0.810667, 0.421366
0.835364, 0.423006
0.859843, 0.424845
0.884257, 0.426856
0.908841, 0.429016
0.933648, 0.431337
0.958605, 0.433862
0.983624, 0.436636
0.0145402, 0.454741
0.0396596, 0.45276
0.0647112, 0.450956
0.0896016, 0.449296
0.114257, 0.447751
0.138747, 0.446312
0.163329, 0.444999
0.188147, 0.443832
0.213165, 0.442808
0.238308, 0.441919
0.263504, 0.441151
0.288685, 0.44049
0.313783, 0.439916
0.338726, 0.439393
0.363453, 0.438872
0.388003, 0.438325
0.412574, 0.43779
0.437343, 0.437343
0.462319, 0.437038
0.487425, 0.436887
0.512575, 0.436887
0.537681, 0.437038
0.562657, 0.437343
0.587426, 0.43779
0.611997, 0.438325
0.636547, 0.438872
0.661274, 0.439393
0.686217, 0.439916
0.711315, 0.44049
0.736496, 0.441151
0.761692, 0.441919
0.786835, 0.442808
0.811853, 0.443832
0.836671, 0.444999
0.861253, 0.446312
0.885743, 0.447751
0.910398, 0.449296
0.935289, 0.450956
0.96034, 0.45276
0.98546, 0.454741
0.0133205, 0.472844
0.0385062, 0.471656
0.0636205, 0.470574
0.0885661, 0.469578
0.113268, 0.468649
0.137809, 0.467785
0.162462, 0.466998
0.187361, 0.466299
0.212462, 0.465687
0.237687, 0.465156
0.26296, 0.464698
0.288211, 0.464304
0.31336, 0.463958
0.338319, 0.463635
0.363021, 0.463298
0.387543, 0.462938
0.412161, 0.462594
0.437038, 0.462319
0.462137, 0.462137
0.487365, 0.462048
0.512635, 0.462048
0.537863, 0.462137
0.562962, 0.462319
0.587839, 0.462594
0.612457, 0.462938
0.636979, 0.463298
0.661681, 0.463635
0.68664, 0.463958
0.711789, 0.464304
0.73704, 0.464698
0.762313, 0.465156
0.787538, 0.465687
0.812639, 0.466299
0.837538, 0.466998
0.862191, 0.467785
0.886732, 0.468649
0.911434, 0.469578
0.93638, 0.470574
0.961494, 0.471656
0.986679, 0.472844
0.0127118, 0.490948
0.0379305, 0.490552
0.0630761, 0.490191
0.0880492, 0.489859
0.112774, 0.489549
0.137342, 0.489261
0.16203, 0.488999
0.186969, 0.488766
0.212112, 0.488563
0.237378, 0.488386
0.26269, 0.488234
0.287974, 0.488103
0.313146, 0.487987
0.338109, 0.487877
0.362789, 0.48776
0.387298, 0.487635
0.41195, 0.487517
0.436887, 0.487425
0.462048, 0.487365
0.487336, 0.487336
0.512664, 0.487336
0.537952, 0.487365
0.563113, 0.487425
0.58805, 0.487517
0.612702, 0.487635
0.637211, 0.48776
0.661891, 0.487877
0.686854, 0.487987
0.712026, 0.488103
0.73731, 0.488234
0.762622, 0.488386
0.787888, 0.488563
0.813031, 0.488766
0.83797, 0.488999
0.862658, 0.489261
0.887226, 0.489549
0.911951, 0.489859
0.936924, 0.490191
0.962069, 0.490552
0.987288, 0.490948
0.0127118, 0.509052
0.0379305, 0.509448
0.0630761, 0.509809
0.0880492, 0.510141
0.112774, 0.510451
0.137342, 0.510739
0.16203, 0.511001
0.186969, 0.511234
0.212112, 0.511437
0.237378, 0.511614
0.26269, 0.511766
0.287974, 0.511897
0.313146, 0.512013
0.338109, 0.512123
0.362789, 0.51224
0.387298, 0.512365
0.41195, 0.512483
0.436887, 0.512575
0.462048, 0.512635
0.487336, 0.512664
0.512664, 0.512664
0.537952, 0.512635
0.563113, 0.512575
0.58805, 0.512483
0.612702, 0.512365
0.637211, 0.51224
0.661891, 0.512123
0.686854, 0.512013
0.712026, 0.511897
0.73731, 0.511766
0.762622, 0.511614
0.787888, 0.511437
0.813031, 0.511234
0.83797, 0.511001
0.862658, 0.510739
0.887226, 0.510451
0.911951, 0.510141
0.936924, 0.509809
0.962069, 0.509448
0.987288, 0.509052
0.0133205, 0.527156
0.0385062, 0.528344
0.0636205, 0.529426
0.0885661, 0.530422
0.113268, 0.531351
0.137809, 0.532215
0.162462, 0.533002
0.187361, 0.533701
0.212462, 0.534313
0.237687, 0.534844
0.26296, 0.535302
0.288211, 0.535696
0.31336, 0.536042
0.338319, 0.536365
0.363021, 0.536702
0.387543, 0.537062
0.412161, 0.537406
0.437038, 0.537681
0.462137, 0.537863
0.487365, 0.537952
0.512635, 0.537952
0.537863, 0.537863
0.562962, 0.537681
0.587839, 0.537406
0.612457, 0.537062
0.636979, 0.536702
0.661681, 0.536365
0.68664, 0.536042
0.711789, 0.535696
0.73704, 0.535302
0.762313, 0.534844
0.787538, 0.534313
0.812639, 0.533701
0.837538, 0.533002
0.862191, 0.532215
0.886732, 0.531351
0.911434, 0.530422
0.93638, 0.529426
0.961494, 0.528344
0.986679, 0.527156
0.0145402, 0.545259
0.0396596, 0.54724
0.0647112, 0.549044
0.0896016, 0.550704
0.114257, 0.552249
0.138747, 0.553688
0.163329, 0.555001
0.188147, 0.556168
0.213165, 0.557192
0.238308, 0.558081
0.263504, 0.558849
0.288685, 0.55951
0.313783, 0.560084
0.338726, 0.560607
0.363453, 0.561128
0.388003, 0.561675
0.412574, 0.56221
0.437343, 0.562657
0.462319, 0.562962
0.487425, 0.563113
0.512575, 0.563113
0.537681, 0.562962
0.562657, 0.562657
0.587426, 0.56221
0.611997, 0.561675
0.636547, 0.561128
0.661274, 0.560607
0.686217, 0.560084
0.711315, 0.55951
0.736496, 0.558849
0.761692, 0.558081
0.786835, 0.557192
0.811853, 0.556168
0.836671, 0.555001
0.861253, 0.553688
0.885743, 0.552249
0.910398, 0.550704
0.935289, 0.549044
0.96034, 0.54724
0.98546, 0.545259
0.0163756, 0.563364
0.0413952, 0.566138
0.0663522, 0.568663
0.0911589, 0.570984
0.115743, 0.573144
0.140157, 0.575155
0.164636, 0.576994
0.189333, 0.578634
0.214228, 0.580075
0.239248, 0.58133
0.264326, 0.582415
0.289401, 0.583347
0.314414, 0.584151
0.339309, 0.584862
0.364039, 0.585529
0.388614, 0.586196
0.413148, 0.586852
0.43779, 0.587426
0.462594, 0.587839
0.487517, 0.58805
0.512483, 0.58805
0.537406, 0.587839
0.56221, 0.587426
0.586852, 0.586852
0.611386, 0.586196
0.635961, 0.585529
0.660691, 0.584862
0.685586, 0.584151
0.710599, 0.583347
0.735674, 0.582415
0.760752, 0.58133
0.785772, 0.580075
0.810667, 0.578634
0.835364, 0.576994
0.859843, 0.575155
0.884257, 0.573144
0.908841, 0.570984
0.933648, 0.568663
0.958605, 0.566138
0.983624, 0.563364
0.0188337, 0.581468
0.0437199, 0.585036
0.0685499, 0.588283
0.093243, 0.591265
0.11773, 0.594034
0.142044, 0.596614
0.166389, 0.598978
0.190929, 0.601096
0.215659, 0.602962
0.240517, 0.604591
0.265438, 0.606002
0.290367, 0.607216
0.315255, 0.608256
0.340057, 0.609155
0.364743, 0.609953
0.389308, 0.610692
0.413804, 0.611386
0.438325, 0.611997
0.462938, 0.612457
0.487635, 0.612702
0.512365, 0.612702
0.537062, 0.612457
0.561675, 0.611997
0.586196, 0.611386
0.610692, 0.610692
0.635257, 0.609953
0.659943, 0.609155
0.684745, 0.608256
0.709633, 0.607216
0.734562, 0.606002
0.759483, 0.604591
0.784341, 0.602962
0.809071, 0.601096
0.833611, 0.598978
0.857956, 0.596614
0.88227, 0.594034
0.906757, 0.591265
0.93145, 0.588283
0.95628, 0.585036
0.981166, 0.581468
0.0219243, 0.599573
0.0466429, 0.603936
0.0713125, 0.607905
0.0958608, 0.611545
0.120224, 0.61492
0.144414, 0.618062
0.168599, 0.620951
0.192945, 0.623551
0.217472, 0.62585
0.242127, 0.627863
0.266851, 0.629612
0.291594, 0.631119
0.316314, 0.632407
0.340975, 0.633506
0.365555, 0.634445
0.390047, 0.635257
0.414471, 0.635961
0.438872, 0.636547
0.463298, 0.636979
0.48776, 0.637211
0.51224, 0.637211
0.536702, 0.636979
0.561128, 0.636547
0.585529, 0.635961
0.609953, 0.635257
0.634445, 0.634445
0.659025, 0.633506
0.683686, 0.632407
0.708406, 0.631119
0.733149, 0.629612
0.757873, 0.627863
0.782528, 0.62585
0.807055, 0.623551
0.831401, 0.620951
0.855586, 0.618062
0.879776, 0.61492
0.904139, 0.611545
0.928688, 0.607905
0.953357, 0.603936
0.978076, 0.599573
0.0256599, 0.617679
0.050176, 0.622837
0.0746511, 0.627528
0.0990216, 0.631826
0.12323, 0.635801
0.147273, 0.639498
0.171274, 0.642908
0.195394, 0.645993
0.219681, 0.648733
0.244095, 0.651141
0.268583, 0.65324
0.2931, 0.655053
0.317609, 0.656605
0.34208, 0.65792
0.366494, 0.659025
0.390845, 0.659943
0.415138, 0.660691
0.439393, 0.661274
0.463635, 0.661681
0.487877, 0.661891
0.512123, 0.661891
0.536365, 0.661681
0.560607, 0.661274
0.584862, 0.660691
0.609155, 0.659943
0.633506, 0.659025
0.65792, 0.65792
0.682391, 0.656605
0.7069, 0.655053
0.731417, 0.65324
0.755905, 0.651141
0.780319, 0.648733
0.804606, 0.645993
0.828726, 0.642908
0.852727, 0.639498
0.87677, 0.635801
0.900978, 0.631826
0.925349, 0.627528
0.949824, 0.622837
0.97434, 0.617679
0.0300559, 0.635785
0.0543342, 0.641741
0.0785794, 0.647155
0.102737, 0.652109
0.126758, 0.656679
0.150626, 0.660922
0.174424, 0.664845
0.198293, 0.668414
0.222304, 0.671602
0.246438, 0.674416
0.270652, 0.676877
0.294903, 0.67901
0.31916, 0.68084
0.343395, 0.682391
0.367593, 0.683686
0.391744, 0.684745
0.415849, 0.685586
0.439916, 0.686217
0.463958, 0.68664
0.487987, 0.686854
0.512013, 0.686854
0.536042, 0.68664
0.560084, 0.686217
0.584151, 0.685586
0.608256, 0.684745
0.632407, 0.683686
0.656605, 0.682391
0.68084, 0.68084
0.705097, 0.67901
0.729348, 0.676877
0.753562, 0.674416
0.777696, 0.671602
0.801707, 0.668414
0.825576, 0.664845
0.849374, 0.660922
0.873242, 0.656679
0.897263, 0.652109
0.921421, 0.647155
0.945666, 0.641741
0.969944, 0.635785
0.0351312, 0.653892
0.0591354, 0.660647
0.0831142, 0.666785
0.107022, 0.672395
0.130819, 0.677557
0.154483, 0.682337
0.178057, 0.68676
0.201655, 0.690806
0.22536, 0.694445
0.249178, 0.697673
0.273079, 0.700507
0.297026, 0.702974
0.32099, 0.705097
0.344947, 0.7069
0.368881, 0.708406
0.392784, 0.709633
0.416653, 0.710599
0.44049, 0.711315
0.464304, 0.711789
0.488103, 0.712026
0.511897, 0.712026
0.535696, 0.711789
0.55951, 0.711315
0.583347, 0.710599
0.607216, 0.709633
0.631119, 0.708406
0.655053, 0.7069
0.67901, 0.705097
0.702974, 0.702974
0.726921, 0.700507
0.750822, 0.697673
0.77464, 0.694445
0.798345, 0.690806
0.821943, 0.68676
0.845517, 0.682337
0.869181, 0.677557
0.892978, 0.672395
0.916886, 0.666785
0.940865, 0.660647
0.964869, 0.653892
0.0409085, 0.672
0.0646013, 0.679555
0.0882761, 0.686418
0.111896, 0.692685
0.135428, 0.698437
0.15885, 0.703746
0.182181, 0.708656
0.205493, 0.713165
0.228869, 0.717249
0.252338, 0.720895
0.275889, 0.724111
0.299493, 0.726921
0.323123, 0.729348
0.34676, 0.731417
0.370388, 0.733149
0.393998, 0.734562
0.417585, 0.735674
0.441151, 0.736496
0.464698, 0.73704
0.488234, 0.73731
0.511766, 0.73731
0.535302, 0.73704
0.558849, 0.736496
0.582415, 0.735674
0.606002, 0.734562
0.629612, 0.733149
0.65324, 0.731417
0.676877, 0.729348
0.700507, 0.726921
0.724111, 0.724111
0.747662, 0.720895
0.771131, 0.717249
0.794507, 0.713165
0.817819, 0.708656
0.84115, 0.703746
0.864572, 0.698437
0.888104, 0.692685
0.911724, 0.686418
0.935399, 0.679555
0.959091, 0.672
0.047415, 0.690109
0.0707579, 0.698466
0.0940894, 0.706056
0.117379, 0.712981
0.140604, 0.719322
0.163743, 0.725156
0.1868, 0.730538
0.209812, 0.73549
0.232844, 0.740003
0.255939, 0.744061
0.279105, 0.747662
0.302327, 0.750822
0.325584, 0.753562
0.348859, 0.755905
0.372137, 0.757873
0.395409, 0.759483
0.41867, 0.760752
0.441919, 0.761692
0.465156, 0.762313
0.488386, 0.762622
0.511614, 0.762622
0.534844, 0.762313
0.558081, 0.761692
0.58133, 0.760752
0.604591, 0.759483
0.627863, 0.757873
0.651141, 0.755905
0.674416, 0.753562
0.697673, 0.750822
0.720895, 0.747662
0.744061, 0.744061
0.767156, 0.740003
0.790188, 0.73549
0.8132, 0.730538
0.836257, 0.725156
0.859396, 0.719322
0.882621, 0.712981
0.905911, 0.706056
0.929242, 0.698466
0.952585, 0.690109
0.0546827, 0.708219
0.0776361, 0.717379
0.100583, 0.725699
0.123501, 0.733283
0.146372, 0.740217
0.16918, 0.746575
0.191922, 0.752421
0.214614, 0.757795
0.237292, 0.762708
0.259997, 0.767156
0.282751, 0.771131
0.305555, 0.77464
0.328398, 0.777696
0.351267, 0.780319
0.37415, 0.782528
0.397038, 0.784341
0.419925, 0.785772
0.442808, 0.786835
0.465687, 0.787538
0.488563, 0.787888
0.511437, 0.787888
0.534313, 0.787538
0.557192, 0.786835
0.580075, 0.785772
0.602962, 0.784341
0.62585, 0.782528
0.648733, 0.780319
0.671602, 0.777696
0.694445, 0.77464
0.717249, 0.771131
0.740003, 0.767156
0.762708, 0.762708
0.785386, 0.757795
0.808078, 0.752421
0.83082, 0.746575
0.853628, 0.740217
0.876499, 0.733283
0.899417, 0.725699
0.922364, 0.717379
0.945317, 0.708219
0.0627499, 0.726329
0.0852722, 0.736295
0.107793, 0.745347
0.130294, 0.753593
0.152762, 0.761122
0.175188, 0.768009
0.197565, 0.774319
0.219899, 0.780101
0.242205, 0.785386
0.26451, 0.790188
0.286835, 0.794507
0.309194, 0.798345
0.331586, 0.801707
0.354007, 0.804606
0.376449, 0.807055
0.398904, 0.809071
0.421366, 0.810667
0.443832, 0.811853
0.466299, 0.812639
0.488766, 0.813031
0.511234, 0.813031
0.533701, 0.812639
0.556168, 0.811853
0.578634, 0.810667
0.601096, 0.809071
0.623551, 0.807055
0.645993, 0.804606
0.668414, 0.801707
0.690806, 0.798345
0.713165, 0.794507
0.73549, 0.790188
0.757795, 0.785386
0.780101, 0.780101
0.802435, 0.774319
0.824812, 0.768009
0.847238, 0.761122
0.869706, 0.753593
0.892207, 0.745347
0.914728, 0.736295
0.93725, 0.726329
0.071662, 0.744441
0.09371, 0.755214
0.115759, 0.764999
0.137797, 0.773911
0.159813, 0.78204
0.181801, 0.789463
0.203757, 0.796243
0.225681, 0.802435
0.247579, 0.808078
0.269462, 0.8132
0.291344, 0.817819
0.31324, 0.821943
0.335155, 0.825576
0.357092, 0.828726
0.379049, 0.831401
0.401022, 0.833611
0.423006, 0.835364
0.444999, 0.836671
0.466998, 0.837538
0.488999, 0.83797
0.511001, 0.83797
0.533002, 0.837538
0.555001, 0.836671
0.576994, 0.835364
0.598978, 0.833611
0.620951, 0.831401
0.642908, 0.828726
0.664845, 0.825576
0.68676, 0.821943
0.708656, 0.817819
0.730538, 0.8132
0.752421, 0.808078
0.774319, 0.802435
0.796243, 0.796243
0.818199, 0.789463
0.840187, 0.78204
0.862203, 0.773911
0.884241, 0.764999
0.90629, 0.755214
0.928338, 0.744441
0.0814732, 0.762553
0.103001, 0.774135
0.124533, 0.784656
0.146057, 0.794236
0.167569, 0.802971
0.189063, 0.810937
0.210537, 0.818199
0.231991, 0.824812
0.253425, 0.83082
0.274844, 0.836257
0.296254, 0.84115
0.317663, 0.845517
0.339078, 0.849374
0.360502, 0.852727
0.381938, 0.855586
0.403386, 0.857956
0.424845, 0.859843
0.446312, 0.861253
0.467785, 0.862191
0.489261, 0.862658
0.510739, 0.862658
0.532215, 0.862191
0.553688, 0.861253
0.575155, 0.859843
0.596614, 0.857956
0.618062, 0.855586
0.639498, 0.852727
0.660922, 0.849374
0.682337, 0.845517
0.703746, 0.84115
0.725156, 0.836257
0.746575, 0.83082
0.768009, 0.824812
0.789463, 0.818199
0.810937, 0.810937
0.832431, 0.802971
0.853943, 0.794236
0.875467, 0.784656
0.896999, 0.774135
0.918527, 0.762553
0.0922488, 0.780666
0.113208, 0.793058
0.134172, 0.804317
0.155133, 0.814569
0.176086, 0.823914
0.197029, 0.832431
0.21796, 0.840187
0.238878, 0.847238
0.259783, 0.853628
0.280678, 0.859396
0.301563, 0.864572
0.322443, 0.869181
0.343321, 0.873242
0.364199, 0.87677
0.38508, 0.879776
0.405966, 0.88227
0.426856, 0.884257
0.447751, 0.885743
0.468649, 0.886732
0.489549, 0.887226
0.510451, 0.887226
0.531351, 0.886732
0.552249, 0.885743
0.573144, 0.884257
0.594034, 0.88227
0.61492, 0.879776
0.635801, 0.87677
0.656679, 0.873242
0.677557, 0.869181
0.698437, 0.864572
0.719322, 0.859396
0.740217, 0.853628
0.761122, 0.847238
0.78204, 0.840187
0.802971, 0.832431
0.823914, 0.823914
0.844867, 0.814569
0.865828, 0.804317
0.886792, 0.793058
0.907751, 0.780666
0.104068, 0.79878
0.124406, 0.811983
0.144749, 0.823981
0.165092, 0.834908
0.185431, 0.844867
0.205764, 0.853943
0.226089, 0.862203
0.246407, 0.869706
0.266717, 0.876499
0.287019, 0.882621
0.307315, 0.888104
0.327605, 0.892978
0.347891, 0.897263
0.368174, 0.900978
0.388455, 0.904139
0.408735, 0.906757
0.429016, 0.908841
0.449296, 0.910398
0.469578, 0.911434
0.489859, 0.911951
0.510141, 0.911951
0.530422, 0.911434
0.550704, 0.910398
0.570984, 0.908841
0.591265, 0.906757
0.611545, 0.904139
0.631826, 0.900978
0.652109, 0.897263
0.672395, 0.892978
0.692685, 0.888104
0.712981, 0.882621
0.733283, 0.876499
0.753593, 0.869706
0.773911, 0.862203
0.794236, 0.853943
0.814569, 0.844867
0.834908, 0.834908
0.855251, 0.823981
0.875594, 0.811983
0.895932, 0.79878
0.117027, 0.816893
0.136688, 0.830907
0.156353, 0.843647
0.176019, 0.855251
0.195683, 0.865828
0.215344, 0.875467
0.235001, 0.884241
0.254653, 0.892207
0.274301, 0.899417
0.293944, 0.905911
0.313582, 0.911724
0.333215, 0.916886
0.352845, 0.921421
0.372472, 0.925349
0.392095, 0.928688
0.411717, 0.93145
0.431337, 0.933648
0.450956, 0.935289
0.470574, 0.93638
0.490191, 0.936924
0.509809, 0.936924
0.529426, 0.93638
0.549044, 0.935289
0.568663, 0.933648
0.588283, 0.93145
0.607905, 0.928688
0.627528, 0.925349
0.647155, 0.921421
0.666785, 0.916886
0.686418, 0.911724
0.706056, 0.905911
0.725699, 0.899417
0.745347, 0.892207
0.764999, 0.884241
0.784656, 0.875467
0.804317, 0.865828
0.823981, 0.855251
0.843647, 0.843647
0.863312, 0.830907
0.882973, 0.816893
0.131247, 0.835007
0.150168, 0.849832
0.169093, 0.863312
0.188017, 0.875594
0.206942, 0.886792
0.225865, 0.896999
0.244786, 0.90629
0.263705, 0.914728
0.282621, 0.922364
0.301534, 0.929242
0.320445, 0.935399
0.339353, 0.940865
0.358259, 0.945666
0.377163, 0.949824
0.396064, 0.953357
0.414964, 0.95628
0.433862, 0.958605
0.45276, 0.96034
0.471656, 0.961494
0.490552, 0.962069
0.509448, 0.962069
0.528344, 0.961494
0.54724, 0.96034
0.566138, 0.958605
0.585036, 0.95628
0.603936, 0.953357
0.622837, 0.949824
0.641741, 0.945666
0.660647, 0.940865
0.679555, 0.935399
0.698466, 0.929242
0.717379, 0.922364
0.736295, 0.914728
0.755214, 0.90629
0.774135, 0.896999
0.793058, 0.886792
0.811983, 0.875594
0.830907, 0.863312
0.849832, 0.849832
0.868753, 0.835007
0.14688, 0.85312
0.164993, 0.868753
0.183107, 0.882973
0.20122, 0.895932
0.219334, 0.907751
0.237447, 0.918527
0.255559, 0.928338
0.273671, 0.93725
0.291781, 0.945317
0.309891, 0.952585
0.328, 0.959091
0.346108, 0.964869
0.364215, 0.969944
0.382321, 0.97434
0.400427, 0.978076
0.418532, 0.981166
0.436636, 0.983624
0.454741, 0.98546
0.472844, 0.986679
0.490948, 0.987288
0.509052, 0.987288
0.527156, 0.986679
0.545259, 0.98546
0.563364, 0.983624
0.581468, 0.981166
0.599573, 0.978076
0.617679, 0.97434
0.635785, 0.969944
0.653892, 0.964869
0.672, 0.959091
0.690109, 0.952585
0.708219, 0.945317
0.726329, 0.93725
0.744441, 0.928338
0.762553, 0.918527
0.780666, 0.907751
0.79878, 0.895932
0.816893, 0.882973
0.835007, 0.868753
0.85312, 0.85312
