0, 758474
0.034401, 3.38908
0.06184, 3.38713
0.089117, 3.38518
0.115712, 3.38326
0.141364, 3.38135
0.162338, 3.37945
0.183078, 3.37757
0.20451, 3.37571
0.225736, 3.37386
0.246995, 3.37202
0.268819, 3.3702
0.28971, 3.36839
0.310925, 3.3666
0.332497, 3.36482
0.354121, 3.36306
0.375447, 3.3613
0.396369, 3.35957
0.417365, 3.35784
0.438554, 3.35613
0.459784, 3.35443
0.481048, 3.35275
0.502192, 3.35108
0.523464, 3.34942
0.544642, 3.34777
0.565591, 3.34614
0.586574, 3.34452
0.606991, 3.34291
0.628939, 3.34131
0.65043, 3.33973
0.671278, 3.33815
0.692171, 3.33659
0.712865, 3.33504
0.734184, 3.33351
0.754732, 3.33198
0.7756, 3.33046
0.79665, 3.32896
0.817574, 3.32747
0.838413, 3.32599
0.858884, 3.32452
0.880281, 3.32306
0.901144, 3.32161
0.921931, 3.32017
0.942761, 3.31874
0.963053, 3.31733
0.984411, 3.31592
1.00644, 3.31452
1.02884, 3.31314
1.05071, 3.31176
1.07094, 3.31039
1.092, 3.30904
1.11304, 3.30769
1.13461, 3.30635
1.15599, 3.30503
1.17663, 3.30371
1.19782, 3.3024
1.21908, 3.3011
1.23985, 3.29981
1.26088, 3.29853
1.28222, 3.29726
1.30349, 3.296
1.32422, 3.29475
1.34561, 3.2935
1.36679, 3.29227
1.38759, 3.29104
1.40833, 3.28982
1.42884, 3.28861
1.44961, 3.28741
1.4701, 3.28622
1.49077, 3.28504
1.51098, 3.28386
1.53171, 3.28269
1.55228, 3.28153
1.57253, 3.28038
1.59311, 3.27924
1.61377, 3.2781
1.63522, 3.27698
1.65544, 3.27586
1.67759, 3.27475
1.69813, 3.27364
1.7188, 3.27255
1.73957, 3.27146
1.76027, 3.27038
1.78074, 3.2693
1.8016, 3.26824
1.82217, 3.26718
1.84248, 3.26612
1.86334, 3.26508
1.88384, 3.26404
1.9045, 3.26301
1.92534, 3.26199
1.94591, 3.26097
1.96652, 3.25996
1.98764, 3.25896
2.00855, 3.25797
2.02999, 3.25698
2.05103, 3.25599
2.07199, 3.25502
2.09242, 3.25405
2.11364, 3.25309
2.13466, 3.25213
2.15551, 3.25118
2.17587, 3.25024
2.19689, 3.2493
2.21797, 3.24837
2.23812, 3.24745
2.25838, 3.24653
2.27907, 3.24562
2.29986, 3.24471
2.32109, 3.24381
2.34168, 3.24292
2.36321, 3.24203
2.38516, 3.24115
2.40669, 3.24028
2.42787, 3.23941
2.44914, 3.23854
2.47035, 3.23769
2.49131, 3.23683
2.51296, 3.23599
2.53426, 3.23515
2.55592, 3.23431
2.57737, 3.23348
2.59872, 3.23266
2.62079, 3.23184
2.64209, 3.23103
2.66315, 3.23022
2.68464, 3.22942
2.70555, 3.22862
2.7275, 3.22783
2.74836, 3.22704
2.76908, 3.22626
2.78967, 3.22548
2.80991, 3.22471
2.83108, 3.22395
2.85228, 3.22319
2.87293, 3.22243
2.89319, 3.22168
2.91347, 3.22093
2.93421, 3.22019
2.95542, 3.21946
2.97577, 3.21873
2.99524, 3.218
3.01579, 3.21728
3.03601, 3.21656
3.05602, 3.21585
3.07715, 3.21515
3.09706, 3.21444
3.11721, 3.21375
3.13707, 3.21305
3.15678, 3.21236
3.16151, 3.21168
3.16183, 3.211
3.16272, 3.21033
3.16336, 3.20966
3.16424, 3.20899
3.16459, 3.20833
3.16524, 3.20767
3.16592, 3.20702
3.16644, 3.20637
3.16696, 3.20573
3.1675, 3.20509
3.16802, 3.20446
3.16833, 3.20382
3.16888, 3.2032
3.1692, 3.20257
3.16974, 3.20196
3.17027, 3.20134
3.1708, 3.20073
3.17133, 3.20013
3.17186, 3.19952
3.17239, 3.19893
3.17269, 3.19833
3.17323, 3.19774
3.17376, 3.19716
3.1743, 3.19658
3.17462, 3.196
3.17516, 3.19542
3.17569, 3.19485
3.17636, 3.19429
3.17675, 3.19372
3.1773, 3.19317
3.17782, 3.19261
3.17835, 3.19206
3.17865, 3.19151
3.17919, 3.19097
3.17972, 3.19043
3.18003, 3.18989
3.18057, 3.18936
3.1811, 3.18883
3.1814, 3.18831
3.18194, 3.18779
3.18246, 3.18727
3.18277, 3.18675
3.1833, 3.18624
3.18362, 3.18573
3.18415, 3.18523
3.18447, 3.18473
3.18499, 3.18423
3.18531, 3.18374
3.18584, 3.18325
3.18616, 3.18276
3.18669, 3.18228
3.18702, 3.1818
3.18757, 3.18132
3.18793, 3.18085
3.18861, 3.18038
3.18899, 3.17992
3.18965, 3.17945
3.19011, 3.17899
3.19075, 3.17854
3.19107, 3.17808
3.1916, 3.17763
3.19191, 3.17719
3.19222, 3.17674
3.19275, 3.1763
3.19307, 3.17587
3.1936, 3.17543
3.19391, 3.175
3.19422, 3.17457
3.19474, 3.17415
3.19505, 3.17373
3.19537, 3.17331
3.1959, 3.17289
3.19622, 3.17248
3.19653, 3.17207
3.19707, 3.17167
3.19739, 3.17126
3.19771, 3.17086
3.19824, 3.17047
3.19855, 3.17007
3.19887, 3.16968
3.1994, 3.16929
3.19971, 3.16891
3.20004, 3.16853
3.20038, 3.16815
3.20095, 3.16777
3.20145, 3.1674
3.20189, 3.16702
3.20232, 3.16666
3.2031, 3.16629
3.20342, 3.16593
3.20374, 3.16557
3.20406, 3.16521
3.20437, 3.16486
3.20492, 3.16451
3.20523, 3.16416
3.20555, 3.16382
3.20587, 3.16347
3.20618, 3.16313
3.20672, 3.1628
3.20703, 3.16246
3.20735, 3.16213
3.20766, 3.1618
3.20798, 3.16147
3.2083, 3.16115
3.20861, 3.16083
3.20915, 3.16051
3.20964, 3.1602
3.21006, 3.15988
3.21051, 3.15957
3.21088, 3.15926
3.21137, 3.15896
3.21174, 3.15866
3.21209, 3.15836
3.21245, 3.15806
3.21278, 3.15777
3.21312, 3.15747
3.21349, 3.15718
3.21387, 3.1569
3.21433, 3.15661
3.21469, 3.15633
3.21515, 3.15605
3.21554, 3.15577
3.21595, 3.1555
3.2163, 3.15523
3.21667, 3.15496
3.2171, 3.15469
3.21753, 3.15443
3.21794, 3.15416
3.21832, 3.15391
3.21869, 3.15365
3.21901, 3.15339
3.21933, 3.15314
3.21966, 3.15289
3.21999, 3.15264
3.22042, 3.1524
3.22085, 3.15216
3.22129, 3.15192
3.22174, 3.15168
3.22222, 3.15144
3.22269, 3.15121
3.22316, 3.15098
3.22362, 3.15075
3.22411, 3.15053
3.22458, 3.1503
3.22505, 3.15008
3.22552, 3.14986
3.22598, 3.14965
3.22644, 3.14943
3.22691, 3.14922
3.22741, 3.14901
3.22789, 3.14881
3.22837, 3.1486
3.22884, 3.1484
3.22931, 3.1482
3.2298, 3.148
3.2303, 3.1478
3.23082, 3.14761
3.23132, 3.14742
3.23183, 3.14723
3.23238, 3.14704
3.23295, 3.14686
3.23351, 3.14668
3.23408, 3.1465
3.23468, 3.14632
3.23526, 3.14615
3.23584, 3.14597
3.23642, 3.1458
3.23699, 3.14563
3.23759, 3.14547
3.23816, 3.1453
3.23869, 3.14514
3.23921, 3.14498
3.23983, 3.14482
3.2403, 3.14467
3.24072, 3.14452
3.2412, 3.14436
3.24176, 3.14422
3.2423, 3.14407
3.24289, 3.14392
3.2434, 3.14378
3.24397, 3.14364
3.24447, 3.1435
3.24498, 3.14337
3.24544, 3.14323
3.24588, 3.1431
3.24631, 3.14297
3.24673, 3.14285
3.24714, 3.14272
3.24758, 3.1426
3.24812, 3.14248
3.24871, 3.14236
3.24929, 3.14224
3.24989, 3.14213
3.25043, 3.14202
3.25103, 3.14191
3.25147, 3.1418
3.25188, 3.14169
3.25247, 3.14159
3.25302, 3.14149
3.25343, 3.14139
3.25386, 3.14129
3.25428, 3.1412
3.25469, 3.1411
3.25524, 3.14101
3.25571, 3.14092
3.25635, 3.14084
3.25684, 3.14075
3.25733, 3.14067
3.25776, 3.14059
3.25817, 3.14051
3.25858, 3.14043
3.25898, 3.14036
3.2594, 3.14029
3.25984, 3.14022
3.26026, 3.14015
3.26071, 3.14008
3.26112, 3.14002
3.26152, 3.13996
3.26195, 3.1399
3.26237, 3.13984
3.26277, 3.13979
3.26322, 3.13973
3.26365, 3.13968
3.28944, 3.13963
3.31291, 3.13958
3.33293, 3.13954
3.35331, 3.1395
3.37375, 3.13945
3.39402, 3.13942
3.41592, 3.13938
3.43639, 3.13934
3.45628, 3.13931
3.47678, 3.13928
3.49742, 3.13925
3.51764, 3.13923
3.54289, 3.1392
3.56993, 3.13918
3.59222, 3.13916
3.61312, 3.13914
3.63344, 3.13912
3.65415, 3.13911
3.67465, 3.1391
3.69498, 3.13909
3.71556, 3.13908
3.73502, 3.13907
3.75537, 3.13907
3.77671, 3.13907
3.79712, 3.13907
