0.668538, 0.121575, 7.67498
0.314074, 0.646399, 27.0515
0.0208793, 0.918768, 2.55048
0.739377, 0.703397, 15.1676
0.991134, 0.989389, 2.09049
0.653456, 0.642959, 33.6738
0.211536, 0.282791, 10.6395
0.872274, 0.300997, 7.39374
0.849032, 0.681882, 8.76105
0.395547, 0.952511, 5.83292
0.857863, 0.0967035, 3.89129
0.29643, 0.0987949, 6.16117
0.446384, 0.375197, 58.7301
0.937138, 0.479344, 6.70626
0.341916, 0.575124, 44.8141
0.110195, 0.0476821, 3.01476
0.393313, 0.410482, 58.1308
0.977279, 0.128458, 2.92447
0.990011, 0.117273, 2.72378
0.00801745, 0.749284, 3.65383
0.215922, 0.0048574, 3.3583
0.638321, 0.265688, 20.8316
0.414012, 0.293668, 29.8124
0.68092, 0.217956, 13.0794
0.189077, 0.809355, 6.6375
0.83771, 0.38513, 11.3052
0.885185, 0.307902, 6.98502
0.915818, 0.149897, 3.81463
0.312475, 0.770615, 13.6121
0.730245, 0.219929, 10.5438
0.351751, 0.879055, 7.95422
0.269447, 0.58913, 25.3025
0.500272, 0.0681304, 7.03825
0.0681034, 0.614683, 6.37899
0.972927, 0.978585, 2.25135
0.0831923, 0.213293, 4.54563
0.812833, 0.282993, 9.52161
0.255621, 0.218349, 9.92069
0.785422, 0.592563, 16.8366
0.205047, 0.22772, 8.29322
0.292497, 0.99267, 3.94964
0.81197, 0.772403, 7.6022
0.777985, 0.592258, 17.8785
0.0872278, 0.0372976, 2.73853
0.860207, 0.498403, 11.2284
0.660081, 0.981279, 4.54074
0.36255, 0.376604, 41.7594
0.581523, 0.658784, 43.6018
0.181695, 0.74438, 8.3077
0.800951, 0.586763, 14.8497
0.730162, 0.826178, 8.48758
0.576287, 0.660857, 43.8387
0.0193532, 0.268422, 3.97092
0.372534, 0.174696, 11.7789
0.123865, 0.793546, 5.35685
0.123246, 0.394618, 8.96137
0.337989, 0.580596, 42.8377
0.0731018, 0.621177, 6.46409
0.126391, 0.251435, 6.21737
0.861629, 0.399814, 10.1048
0.672021, 0.655445, 28.4126
0.0607887, 0.676204, 5.43757
0.959242, 0.987874, 2.26819
0.193557, 0.116653, 4.93771
0.582746, 0.207832, 16.1177
0.0343859, 0.923626, 2.6278
0.384382, 0.302356, 28.7228
0.692091, 0.970269, 4.5843
0.317597, 0.85206, 8.61146
0.576715, 0.842615, 11.6046
0.829114, 0.91386, 4.10536
0.244991, 0.571366, 21.9674
0.95577, 0.62699, 5.46374
0.826574, 0.231284, 7.17046
0.188249, 0.892975, 4.64718
0.235101, 0.337522, 15.5334
0.739607, 0.57237, 24.4035
0.82824, 0.236021, 7.2618
0.804823, 0.659541, 11.938
0.904256, 0.835861, 4.15603
0.323922, 0.158518, 9.23535
0.216833, 0.317391, 12.9068
0.398495, 0.502327, 76.9721
0.615274, 0.909449, 7.13391
0.116705, 0.467963, 9.1413
0.0524356, 0.285563, 4.86405
0.464098, 0.0883036, 7.59811
0.119044, 0.767497, 5.6983
0.3218, 0.496172, 44.0876
0.161441, 0.346193, 9.95663
0.47021, 0.826516, 13.578
0.261565, 0.130146, 6.49915
0.371134, 0.649155, 37.49
0.345738, 0.820584, 11.0859
0.556243, 0.774362, 19.3307
0.694152, 0.616244, 29.277
0.218132, 0.138092, 5.92963
0.905617, 0.701139, 6.08556
0.0480897, 0.244078, 4.27075
0.224107, 0.562431, 18.9618
0.769536, 0.594676, 19.0127
0.72727, 0.230553, 11.2637
0.906006, 0.248993, 5.29194
0.823162, 0.88084, 4.68668
0.270479, 0.943939, 4.75242
0.783186, 0.00238615, 3.32632
0.103991, 0.775532, 5.16071
0.370466, 0.427104, 53.7679
0.336689, 0.728011, 19.0661
0.681031, 0.0862827, 6.07347
0.152938, 0.423081, 11.284
0.714503, 0.64558, 22.7093
0.260064, 0.892774, 5.80527
0.858758, 0.146491, 4.62803
0.06998, 0.153558, 3.66627
0.845417, 0.929284, 3.68859
0.47512, 0.347496, 52.3692
0.359, 0.712395, 23.5088
0.22668, 0.81911, 7.30054
0.780728, 0.701477, 12.0425
0.728367, 0.660721, 19.283
0.744087, 0.865729, 6.52691
0.304476, 0.325644, 22.2524
0.0981387, 0.416815, 7.71339
0.406509, 0.201859, 15.0709
0.645477, 0.531274, 54.7059
0.116138, 0.932322, 3.24989
0.5429, 0.516606, 95.2545
0.602012, 0.0190079, 4.98766
0.465381, 0.654146, 50.9361
0.229633, 0.434597, 19.7704
0.27172, 0.798482, 9.72556
0.0818992, 0.479778, 7.43407
0.636671, 0.52747, 58.7076
0.185275, 0.910745, 4.33674
0.883357, 0.57512, 8.85761
0.0408925, 0.280568, 4.53504
0.508185, 0.0635642, 6.81408
0.323392, 0.244863, 15.5264
0.409935, 0.770205, 19.0612
0.838344, 0.0436904, 3.39275
0.305026, 0.572883, 33.5272
0.440181, 0.129649, 9.80111
0.0112333, 0.798456, 3.3443
0.653124, 0.0505173, 5.36266
0.0434891, 0.921342, 2.72451
0.999406, 0.0127624, 2.05346
0.497013, 0.292742, 34.7941
0.108002, 0.195571, 4.78426
0.963368, 0.318204, 4.81672
0.0559396, 0.177215, 3.73626
0.460797, 0.615413, 64.5829
0.248188, 0.290861, 13.7602
0.495184, 0.554058, 92.0014
0.0535848, 0.59983, 6.08377
0.336878, 0.904656, 6.60977
0.55386, 0.730508, 26.9247
0.654984, 0.317074, 26.5476
0.0586413, 0.584855, 6.27641
0.659994, 0.510939, 50.4963
0.358291, 0.804723, 12.6394
0.981239, 0.677891, 4.4343
0.319359, 0.472332, 41.4685
0.486593, 0.170999, 13.6475
0.975801, 0.29088, 4.29197
0.822467, 0.201283, 6.58061
0.956948, 0.431046, 5.79907
0.597212, 0.33991, 40.8117
0.865621, 0.495238, 10.7511
0.472083, 0.304596, 36.3384
0.348518, 0.538702, 51.6711
0.968837, 0.247457, 4.0121
0.0169458, 0.807408, 3.33549
0.106182, 0.600642, 8.0385
0.995043, 0.681021, 4.10065
0.915073, 0.632284, 6.70168
0.801052, 0.284217, 10.0815
0.829494, 0.308904, 9.48381
0.74475, 0.0142118, 3.78764
0.858317, 0.728188, 7.16596
0.662111, 0.092862, 6.54291
0.731372, 0.17563, 8.51839
0.820767, 0.637571, 11.6997
0.648469, 0.821159, 11.2633
0.218334, 0.53994, 18.5302
0.7783, 0.888511, 5.32054
0.207682, 0.515328, 17.4099
0.118832, 0.210537, 5.31715
0.501694, 0.966919, 5.76394
0.0148843, 0.161065, 3.06389
0.0233713, 0.801161, 3.49192
0.109584, 0.782436, 5.20584
0.405015, 0.090969, 7.3709
0.915295, 0.366222, 6.67329
0.0851619, 0.31662, 6.00693
0.431484, 0.959571, 5.71677
0.51567, 0.859474, 11.0629
0.17814, 0.00552381, 3.083
0.838685, 0.783526, 6.48215
0.724237, 0.249365, 12.8501
0.0709837, 0.0232654, 2.50363
0.0216088, 0.178854, 3.2599
0.999881, 0.996669, 2.00295
0.00929342, 0.194467, 3.24789
0.408431, 0.504705, 80.4022
0.579157, 0.895498, 8.08282
0.640694, 0.140405, 9.04446
0.79004, 0.206221, 7.73672
0.952409, 0.138425, 3.24191
0.507724, 0.318354, 42.5429
0.582112, 0.549859, 76.1041
0.479879, 0.329045, 45.5703
0.258778, 0.280146, 13.8767
0.415272, 0.470775, 79.1852
0.309572, 0.968703, 4.63174
0.986944, 0.562983, 4.91343
0.0553824, 0.812628, 3.83942
0.841159, 0.356378, 10.1534
0.643386, 0.382306, 41.308
0.413497, 0.647839, 45.947
0.228669, 0.240501, 9.84147
0.09509, 0.17835, 4.33119
0.529777, 0.962375, 5.74984
0.638137, 0.171893, 11.1903
0.000207496, 0.487383, 4.67085
0.44917, 0.197938, 15.4124
0.746884, 0.884387, 5.93226
0.899673, 0.798717, 4.72136
0.0446482, 0.402662, 5.80068
0.546274, 0.224717, 19.3944
0.818895, 0.172436, 5.99723
0.125018, 0.183806, 4.93096
0.227949, 0.138649, 6.14358
0.265587, 0.713482, 14.8675
0.499985, 0.245303, 24.7031
0.799992, 0.458197, 15.7772
0.919432, 0.889409, 3.32756
0.30172, 0.00353222, 3.96862
0.366087, 0.817417, 12.0668
0.321741, 0.500141, 44.3381
0.873296, 0.479259, 9.91921
0.902521, 0.67128, 6.5653
0.201758, 0.950019, 3.9135
0.974077, 0.31277, 4.53263
0.719643, 0.0451902, 4.62977
0.512235, 0.138623, 10.9668
0.839934, 0.767799, 6.78551
0.393327, 0.640578, 44.4283
0.18825, 0.92493, 4.15198
0.30389, 0.474053, 36.2338
0.408095, 0.861001, 10.2088
0.838598, 0.319189, 9.27089
0.609462, 0.226766, 17.5714
0.25535, 0.674844, 16.5342
0.100969, 0.990026, 2.60997
0.374761, 0.601247, 50.1526
0.164384, 0.805263, 6.09859
0.0469683, 0.395551, 5.8164
0.0335612, 0.0631966, 2.52558
0.14542, 0.0771962, 3.66511
0.436306, 0.987718, 4.88974
0.569243, 0.260146, 24.4748
0.272923, 0.0215459, 4.04193
0.122639, 0.186144, 4.92416
0.524806, 0.42209, 83.4606
0.0591749, 0.552481, 6.37699
0.551479, 0.712428, 30.6741
0.769752, 0.226229, 9.34275
0.234035, 0.434131, 20.4678
0.446971, 0.238661, 21.5068
0.170006, 0.288432, 8.90458
0.682077, 0.665693, 25.4332
0.307296, 0.718873, 17.6541
0.091876, 0.160609, 4.05586
0.348333, 0.427689, 47.1328
0.171899, 0.109464, 4.46581
0.754906, 0.699468, 14.1656
0.95378, 0.177519, 3.59638
0.554629, 0.642515, 52.8814
0.750165, 0.0224737, 3.88421
0.71549, 0.235276, 12.3465
0.277271, 0.095127, 5.76124
0.799099, 0.449444, 15.7387
0.798505, 0.473351, 16.2792
0.605328, 0.748071, 21.6177
0.831118, 0.604188, 12.1332
0.592367, 0.913926, 7.20162
0.351664, 0.409223, 45.1164
0.815144, 0.131595, 5.10157
0.712246, 0.717108, 16.4185
0.438115, 0.400535, 65.7895
0.784775, 0.717087, 10.8287
0.0838702, 0.60563, 7.03451
0.821077, 0.836166, 5.73823
0.440403, 0.855979, 10.7803
0.440613, 0.382486, 60.0788
0.447186, 0.85143, 11.1484
0.98608, 0.0392374, 2.27095
0.462725, 0.0139913, 5.00171
0.152093, 0.219386, 6.30667
0.228153, 0.570989, 19.4181
0.609492, 0.73919, 22.6476
0.560491, 0.177709, 13.4105
0.759707, 0.392129, 19.6427
0.508526, 0.800449, 16.3683
0.152856, 0.0581383, 3.50039
0.129637, 0.810573, 5.14991
0.301106, 0.688268, 20.251
0.719785, 0.424289, 27.7409
0.026764, 0.822491, 3.31806
0.600287, 0.0164635, 4.93204
0.701583, 0.498238, 36.1962
0.879208, 0.842859, 4.44719
0.923862, 0.353079, 6.2146
0.193959, 0.861739, 5.44529
0.241617, 0.854318, 6.60998
0.522733, 0.572285, 85.7626
0.388486, 0.281439, 25.8474
0.138541, 0.463972, 10.5885
0.977727, 0.666026, 4.58849
0.902234, 0.847474, 4.03658
0.491423, 0.342868, 51.8212
0.589316, 0.627689, 51.5053
0.568272, 0.954853, 5.86705
0.207399, 0.760997, 8.79637
0.069442, 0.111832, 3.23128
0.554153, 0.656605, 48.4432
0.56421, 0.685786, 37.1328
0.000626985, 0.537729, 4.62425
0.60793, 0.474411, 69.8692
0.424977, 0.586374, 69.0373
0.18788, 0.706011, 9.93579
0.930515, 0.173378, 3.89751
0.968118, 0.153713, 3.19211
0.460591, 0.149654, 11.4125
0.237926, 0.830428, 7.24174
0.998614, 0.705548, 3.86507
0.138144, 0.785387, 5.86007
0.995442, 0.397963, 4.57061
0.564058, 0.122032, 9.27381
0.983525, 0.101889, 2.67267
0.456364, 0.115547, 8.9917
0.993679, 0.758039, 3.56393
0.362793, 0.468684, 58.1534
0.166356, 0.946336, 3.58556
0.072372, 0.356599, 6.1432
0.363196, 0.240708, 17.3974
0.578294, 0.386341, 57.8904
0.234473, 0.790089, 8.74778
0.0248199, 0.14736, 3.07382
0.6771, 0.0182726, 4.42767
0.107552, 0.618206, 7.77114
0.181492, 0.33494, 10.8239
0.336613, 0.462229, 47.0974
0.679941, 0.770708, 14.0466
0.291151, 0.379472, 26.3767
0.78842, 0.978666, 3.5731
0.432811, 0.247169, 22.4521
0.172619, 0.204992, 6.53174
0.301876, 0.635235, 26.2653
0.394265, 0.418663, 59.941
0.473752, 0.344161, 50.9284
0.308249, 0.748952, 15.115
0.63108, 0.560003, 55.5474
0.96964, 0.742098, 4.07767
0.442765, 0.551019, 88.0412
0.972101, 0.108052, 2.8194
0.0289464, 0.501662, 5.62321
0.439727, 0.497937, 90.1043
0.830957, 0.891835, 4.40754
0.0672815, 0.799834, 4.1665
0.810043, 0.398822, 13.8472
0.0057754, 0.0671317, 2.37205
0.28278, 0.678923, 18.8494
0.65994, 0.619547, 36.511
0.730373, 0.380946, 23.2069
0.565813, 0.620619, 57.8818
0.743873, 0.278724, 13.571
0.510801, 0.0275596, 5.52206
0.193725, 0.938262, 4.00722
0.375354, 0.572222, 55.4343
0.331848, 0.364661, 31.667
0.863992, 0.109661, 4.00325
0.0730045, 0.98628, 2.4543
0.408599, 0.322049, 36.9039
0.683671, 0.454987, 39.176
0.973834, 0.223296, 3.74544
0.936894, 0.37421, 6.07626
0.352052, 0.937894, 5.76391
0.191098, 0.779711, 7.47714
0.607145, 0.286118, 27.0657
0.782799, 0.50189, 19.4002
0.264075, 0.306576, 16.111
0.616042, 0.820149, 12.5527
0.245076, 0.987274, 3.68922
0.114712, 0.963855, 2.94506
0.515191, 0.81604, 14.7787
0.189443, 0.969718, 3.49221
0.0453529, 0.246784, 4.25032
0.704876, 0.850719, 8.16713
0.0411931, 0.331613, 5.02242
0.418199, 0.671245, 40.1048
0.614734, 0.826682, 12.11
0.0412805, 0.800975, 3.75613
0.980234, 0.792461, 3.51602
0.883752, 0.21167, 5.27844
0.533718, 0.192446, 15.2195
0.436502, 0.296174, 31.7153
0.8015, 0.809208, 6.86673
0.360492, 0.781352, 14.8655
0.177393, 0.450846, 13.5812
0.364298, 0.750322, 18.7552
0.656462, 0.152703, 9.37878
0.473276, 0.35512, 55.327
0.50718, 0.170135, 13.6811
0.456164, 0.755561, 22.6964
0.716624, 0.303536, 17.6085
0.522757, 0.969387, 5.55379
0.484318, 0.939881, 6.63742
0.587585, 0.540831, 75.3971
0.747883, 0.662808, 17.0237
0.819103, 0.66781, 10.6854
0.87427, 0.854778, 4.36647
0.256618, 0.978385, 3.92041
0.722588, 0.544753, 29.0176
0.665509, 0.209595, 12.9152
0.667712, 0.238535, 15.5429
0.0624429, 0.477463, 6.6785
0.724863, 0.771668, 11.2514
0.417933, 0.199586, 14.9855
0.447176, 0.681003, 39.5613
0.619205, 0.977741, 4.8925
0.897452, 0.474629, 8.2974
0.0968511, 0.775824, 4.98075
0.270079, 0.212455, 10.1894
0.73699, 0.59795, 23.9211
0.749573, 0.0763323, 4.92084
0.917428, 0.211564, 4.51885
0.757116, 0.851462, 6.71189
0.517154, 0.798927, 16.4008
0.573073, 0.635993, 51.7268
0.138522, 0.132893, 4.38951
0.534676, 0.294081, 33.0951
0.625703, 0.19503, 13.2618
0.860964, 0.214469, 5.8791
0.575198, 0.351833, 47.6924
0.254695, 0.666469, 17.0143
0.336612, 0.43396, 44.7404
0.56545, 0.524284, 87.8412
0.646875, 0.0242106, 4.75261
0.907839, 0.0535118, 2.92268
0.373453, 0.628551, 43.5851
0.0618787, 0.995488, 2.33556
0.16994, 0.188405, 6.09681
0.519802, 0.315237, 40.5617
0.196653, 0.152585, 5.84827
0.502401, 0.851621, 11.9106
0.196918, 0.600663, 14.4208
0.346603, 0.358464, 33.9562
0.706146, 0.19621, 10.3316
0.705357, 0.930867, 5.38581
0.0736545, 0.911985, 3.07255
0.7393, 0.419097, 24.1493
0.771638, 0.911622, 4.85771
0.625458, 0.0720669, 6.37542
0.228019, 0.308315, 13.2661
0.8511, 0.440095, 11.1206
0.679501, 0.374468, 30.8005
0.688307, 0.37018, 28.648
0.609097, 0.0958544, 7.40676
0.0244039, 0.156017, 3.12895
0.181725, 0.250324, 8.12557
0.192803, 0.448422, 14.9224
0.62659, 0.0970079, 7.18867
0.411847, 0.907117, 7.47173
0.90784, 0.063874, 3.0171
0.529485, 0.0499979, 6.18332
0.314653, 0.379311, 30.3323
0.0719031, 0.475477, 7.01905
0.336687, 0.703679, 22.2457
0.730048, 0.909336, 5.54086
0.209677, 0.0497394, 3.98089
0.970392, 0.383868, 5.14405
0.669659, 0.960249, 4.97885
0.898545, 0.838532, 4.20488
0.204479, 0.682297, 11.7937
0.360726, 0.717061, 23.0532
0.637219, 0.744061, 19.5456
0.425339, 0.673137, 40.6698
0.414164, 0.855215, 10.6475
0.604366, 0.573095, 61.9308
0.00130469, 0.927859, 2.37172
0.522517, 0.946883, 6.33875
0.270422, 0.983644, 3.93563
0.0965806, 0.229353, 5.05208
0.732804, 0.235502, 11.2807
0.0783038, 0.0526945, 2.8026
0.635929, 0.0590149, 5.82131
0.862699, 0.381375, 9.48235
0.764085, 0.975113, 3.82117
0.716541, 0.90296, 5.90635
0.0463416, 0.863348, 3.21549
0.29131, 0.0461431, 4.7924
0.527436, 0.624492, 63.7105
0.833611, 0.495205, 13.3948
0.917217, 0.67003, 6.11163
0.19799, 0.620299, 13.696
0.370006, 0.698024, 26.9062
0.69479, 0.335576, 23.4661
0.0288974, 0.678399, 4.66294
0.848255, 0.61849, 10.4535
0.96493, 0.573364, 5.54074
0.531512, 0.12961, 9.99123
0.351611, 0.530596, 53.571
0.725358, 0.100098, 5.8373
0.355186, 0.6032, 43.9677
0.985062, 0.936695, 2.40817
0.037336, 0.506086, 5.88393
0.785907, 0.7449, 9.69768
0.542066, 0.511585, 95.6746
0.202415, 0.985521, 3.39737
0.648408, 0.796883, 12.9946
0.210311, 0.693398, 11.8313
0.942285, 0.976315, 2.43214
0.924172, 0.551181, 7.01508
0.699012, 0.293424, 18.3495
0.568937, 0.132528, 9.93093
0.39719, 0.571393, 62.7772
0.398406, 0.00967435, 4.7209
0.596782, 0.106795, 8.1127
0.904895, 0.567676, 7.68328
0.93746, 0.889314, 3.1567
0.706432, 0.998486, 3.86064
0.555237, 0.867776, 10.0042
0.711903, 0.954396, 4.73841
0.53395, 0.0896959, 7.66611
0.519637, 0.544836, 94.5364
0.0557931, 0.713819, 4.9509
0.152752, 0.30662, 8.60539
0.367264, 0.606282, 46.7832
0.777532, 0.978837, 3.6623
0.310762, 0.980314, 4.37918
0.139723, 0.324754, 8.38508
0.134254, 0.402027, 9.84841
0.875763, 0.946674, 3.18015
0.744588, 0.289321, 14.2328
0.609694, 0.13437, 9.55389
0.362979, 0.589347, 48.6698
0.149387, 0.745692, 6.99813
0.850025, 0.366543, 9.87777
0.492275, 0.669843, 46.9269
0.0589039, 0.997315, 2.3082
0.875722, 0.257961, 6.26393
0.550769, 0.776573, 19.0978
0.856735, 0.150245, 4.7117
0.173541, 0.710164, 9.11366
0.733167, 0.341275, 18.8809
0.809875, 0.567226, 14.393
0.37095, 0.550351, 57.9336
0.74775, 0.426893, 23.0555
0.788409, 0.783312, 8.19725
0.118081, 0.582722, 8.89943
0.806676, 0.801979, 6.92284
0.861626, 0.35457, 8.86315
0.252068, 0.501077, 26.0087
0.604376, 0.748804, 21.586
0.156186, 0.0229474, 3.11479
0.676629, 0.104131, 6.75519
0.123114, 0.182322, 4.85863
0.288339, 0.11296, 6.45098
0.523011, 0.240643, 22.835
0.495273, 0.05568, 6.54553
0.814382, 0.326183, 10.7707
0.16174, 0.356197, 10.3293
0.596064, 0.0398876, 5.65254
0.391615, 0.880572, 8.63602
0.780507, 0.977957, 3.6514
0.521053, 0.339002, 49.3082
0.605422, 0.328254, 36.2139
0.968233, 0.0967661, 2.76613
0.347253, 0.282996, 21.5921
0.306179, 0.95246, 4.98412
0.995804, 0.472415, 4.74707
0.881401, 0.704064, 6.88238
0.200717, 0.458741, 15.8885
0.0667513, 0.888511, 3.20295
0.201405, 0.022022, 3.49662
0.123364, 0.373132, 8.40606
0.222369, 0.361652, 15.2901
0.285102, 0.711562, 16.6612
0.227654, 0.177458, 7.20348
0.540918, 0.210506, 17.3235
0.970808, 0.364136, 4.94289
0.0390639, 0.546666, 5.72342
0.823356, 0.142675, 5.18863
0.932133, 0.352097, 5.94191
0.691918, 0.0677586, 5.48828
0.818873, 0.795455, 6.74457
0.212839, 0.186647, 7.07255
0.968394, 0.806357, 3.55579
0.4395, 0.668409, 43.5201
0.944303, 0.896026, 3.03907
0.51258, 0.930129, 7.02192
0.671622, 0.950618, 5.19415
0.0322998, 0.863495, 3.07763
0.767174, 0.893884, 5.34574
0.515508, 0.135076, 10.638
0.216399, 0.0148411, 3.51785
0.434512, 0.844347, 11.5623
0.93668, 0.783237, 4.25784
0.868718, 0.547912, 9.99114
0.751067, 0.188169, 8.33486
0.563682, 0.80486, 14.9146
0.284758, 0.932, 5.2234
0.12263, 0.0483609, 3.12052
0.802046, 0.990392, 3.28781
0.523602, 0.185267, 14.7443
0.775004, 0.491959, 20.5454
0.356412, 0.213004, 14.1357
0.965602, 0.880057, 2.97026
0.121741, 0.0937424, 3.60209
0.528, 0.0963474, 7.97446
0.310173, 0.0807866, 5.83293
0.780727, 0.686341, 12.8931
0.334285, 0.320028, 25.7886
0.714732, 0.493892, 32.9122
0.837409, 0.341356, 9.85856
0.173776, 0.657566, 10.6
0.710449, 0.508841, 33.7574
0.0942134, 0.444294, 7.71895
0.253676, 0.53752, 24.7466
0.102726, 0.513697, 8.38125
0.71372, 0.493139, 33.1055
0.192493, 0.236271, 8.0694
0.0112069, 0.35377, 4.44818
0.807539, 0.311715, 10.6848
0.00164334, 0.61968, 4.38476
0.957398, 0.984714, 2.29737
0.082665, 0.350258, 6.38449
0.792348, 0.99103, 3.36295
0.244523, 0.698203, 14.1943
0.703192, 0.540574, 33.302
0.425512, 0.578559, 72.7042
0.844945, 0.997, 2.90121
0.58609, 0.418475, 67.8836
0.314841, 0.535959, 39.2883
0.865684, 0.548104, 10.1943
0.987647, 0.37738, 4.61825
0.633465, 0.649617, 36.4654
0.110256, 0.0655875, 3.18189
0.329577, 0.194292, 11.4649
0.472087, 0.368123, 60.7275
0.0407442, 0.787103, 3.8726
0.831958, 0.719123, 8.58081
0.308661, 0.668558, 23.5659
0.451089, 0.449568, 91.8793
0.897279, 0.567384, 8.04792
0.0177651, 0.577999, 5.01215
0.422873, 0.232308, 19.8442
0.405963, 0.0284543, 5.30286
0.230928, 0.199049, 8.14561
0.416759, 0.461843, 78.0132
0.196217, 0.816272, 6.62713
0.0844001, 0.512281, 7.58476
0.901655, 0.116589, 3.60181
0.508686, 0.487939, 105.798
0.782389, 0.614121, 15.9688
0.539788, 0.219461, 18.7075
0.47714, 0.291985, 33.4025
0.396046, 0.337793, 39.0116
0.285608, 0.217378, 11.1057
0.468875, 0.3757, 63.0765
0.384044, 0.635634, 43.8422
0.0988968, 0.158707, 4.13142
0.396327, 0.0699758, 6.58161
0.0830578, 0.953022, 2.7903
0.436542, 0.954732, 5.87929
0.180221, 0.97465, 3.32612
0.934492, 0.0133109, 2.41014
0.717086, 0.0671217, 5.17729
0.114763, 0.825687, 4.58201
0.324884, 0.318515, 24.4467
0.28332, 0.765134, 12.2398
0.611992, 0.752877, 20.3191
0.608633, 0.291634, 27.8786
0.488201, 0.196884, 16.05
0.0296748, 0.744194, 4.05009
0.660973, 0.968471, 4.84195
0.0968704, 0.0999998, 3.39693
0.696801, 0.140506, 7.98772
0.484105, 0.349691, 53.9866
0.25803, 0.711381, 14.3962
0.172865, 0.34799, 10.7432
0.671559, 0.891013, 7.04608
0.262701, 0.214529, 10.0067
0.584463, 0.0703784, 6.67117
0.85023, 0.811531, 5.60339
0.401247, 0.753751, 21.2398
0.298024, 0.881578, 6.93248
0.673482, 0.215992, 13.1944
0.185246, 0.430605, 13.9171
0.171592, 0.944209, 3.673
0.313949, 0.54332, 38.4693
0.581063, 0.923404, 6.89119
0.651877, 0.0896612, 6.58155
0.935461, 0.301253, 5.35617
0.163334, 0.150672, 5.10048
0.340617, 0.755034, 16.6171
0.863021, 0.786085, 5.81752
0.735207, 0.631698, 21.3417
0.948694, 0.70347, 4.98154
0.224358, 0.79328, 8.24985
0.650891, 0.520197, 53.3995
0.943437, 0.338659, 5.44815
0.833584, 0.0510276, 3.5479
0.621589, 0.0455744, 5.56865
0.968403, 0.948507, 2.44743
0.560346, 0.727876, 27.0592
0.406649, 0.547359, 71.3928
0.468281, 0.401493, 72.1841
0.891474, 0.0112369, 2.67694
0.859369, 0.411729, 10.345
0.92674, 0.717466, 5.32105
0.448751, 0.158753, 11.9603
0.16101, 0.101104, 4.19361
0.256668, 0.822811, 8.16393
0.99224, 0.580991, 4.72167
0.721493, 0.130676, 6.89744
0.269121, 0.117402, 6.24753
0.171069, 0.163171, 5.55401
0.41487, 0.728318, 25.8258
0.847397, 0.205605, 6.03557
0.605041, 0.924116, 6.76539
0.621565, 0.640536, 41.2886
0.493253, 0.106268, 8.64434
0.0400681, 0.425038, 5.69433
0.611879, 0.847336, 10.7225
0.182589, 0.774602, 7.32265
0.730031, 0.628221, 22.4504
0.503865, 0.462171, 97.292
0.716304, 0.917467, 5.56615
0.874645, 0.164679, 4.62063
0.756779, 0.190931, 8.24695
0.97035, 0.671175, 4.73212
0.444057, 0.272794, 27.4445
0.841581, 0.455591, 12.0456
0.124095, 0.65841, 7.94986
0.903014, 0.948456, 2.94462
0.698036, 0.894378, 6.5056
0.812249, 0.475824, 14.9617
0.174063, 0.478343, 13.7722
0.51566, 0.696732, 36.7154
0.981374, 0.948454, 2.36653
0.667842, 0.421591, 41.5527
0.686916, 0.00361504, 4.03686
0.758061, 0.733802, 11.6852
0.0175306, 0.636655, 4.6555
0.25584, 0.903262, 5.46041
0.116827, 0.513228, 9.30116
0.822611, 0.624413, 12.0788
0.503073, 0.150457, 12.0708
0.723207, 0.937052, 4.9959
0.0382594, 0.0259092, 2.33911
0.455938, 0.944104, 6.30203
0.550723, 0.00041597, 4.58845
0.99121, 0.259233, 3.72806
0.922658, 0.117696, 3.35569
0.112741, 0.832596, 4.45741
0.438174, 0.384067, 60.1536
0.00707338, 0.882322, 2.69781
0.187299, 0.931588, 4.03749
0.203063, 0.886041, 5.0633
0.690507, 0.356004, 26.5415
0.362153, 0.705062, 24.9048
0.983247, 0.435511, 5.01557
0.628637, 0.509452, 63.7656
0.356321, 0.685939, 27.3765
0.575456, 0.680801, 38.0647
0.2253, 0.615913, 16.8728
0.649482, 0.844921, 9.71509
0.584347, 0.124673, 9.31072
0.372257, 0.527985, 62.4999
0.850599, 0.0236255, 3.07532
0.0736697, 0.166585, 3.87614
0.795086, 0.0158338, 3.4375
0.119079, 0.362622, 8.03158
0.586748, 0.480477, 80.2718
0.376123, 0.499693, 66.7224
0.345698, 0.146178, 9.11618
0.813501, 0.508143, 15.1424
0.353634, 0.530629, 54.3941
0.286087, 0.256468, 14.0963
0.4541, 0.0505519, 6.10038
0.626554, 0.486559, 64.3374
0.595909, 0.447591, 69.2239
0.6562, 0.752123, 17.0771
0.93191, 0.616978, 6.34967
0.545602, 0.938952, 6.4843
0.960713, 0.696935, 4.76838
0.379082, 0.237647, 18.2082
0.139999, 0.955264, 3.22769
0.124298, 0.0689308, 3.3295
0.519566, 0.346525, 52.4062
0.0419749, 0.471727, 5.90903
0.313753, 0.249366, 15.3111
0.0883269, 0.511004, 7.749
0.443003, 0.547546, 88.94
0.612079, 0.210226, 15.2005
0.260163, 0.55868, 24.8864
0.729267, 0.784163, 10.3801
0.419761, 0.922179, 6.93526
0.0599008, 0.752202, 4.53128
0.261023, 0.0218492, 3.95731
0.219444, 0.197606, 7.69871
0.156806, 0.440753, 11.6918
0.731031, 0.43819, 26.3684
0.65212, 0.176317, 10.9627
0.364607, 0.954317, 5.41077
0.20947, 0.555195, 16.8888
0.164146, 0.80706, 6.0527
0.257904, 0.593839, 23.2394
0.651216, 0.993991, 4.29832
0.998615, 0.723423, 3.73367
0.570452, 0.587943, 69.2365
0.552344, 0.238333, 21.4675
0.66684, 0.571935, 42.833
0.510538, 0.61488, 69.9137
0.294939, 0.0342917, 4.56742
0.340673, 0.68289, 26.0399
0.325494, 0.575058, 40.2365
0.00159764, 0.851529, 2.84353
0.655029, 0.0779456, 6.16182
0.0308668, 0.778674, 3.79838
0.167169, 0.608993, 11.8484
0.351427, 0.435267, 49.3064
0.530148, 0.19517, 15.5406
0.22801, 0.160804, 6.71462
0.626869, 0.790982, 14.4473
0.0418146, 0.777578, 3.97414
0.745563, 0.673253, 16.5562
0.366914, 0.717197, 23.7248
0.932701, 0.908861, 3.04007
0.221944, 0.21548, 8.55257
0.577664, 0.803525, 14.7806
0.837346, 0.273417, 8.11351
0.316433, 0.288931, 19.1539
0.0653471, 0.288227, 5.20615
0.237402, 0.0182333, 3.72299
0.447601, 0.825758, 13.2498
0.518303, 0.121216, 9.54774
0.272086, 0.947801, 4.68426
0.689723, 0.182323, 10.0889
0.301026, 0.335715, 22.8052
0.359238, 0.712507, 23.5198
0.110965, 0.988521, 2.6973
0.0737054, 0.765889, 4.62673
0.301213, 0.493381, 36.6326
0.252931, 0.0138268, 3.76434
0.386441, 0.921964, 6.72888
0.441817, 0.62197, 58.8272
0.454205, 0.817762, 14.0696
0.122192, 0.679521, 7.53155
0.712998, 0.355333, 23.017
0.0783912, 0.520554, 7.29376
0.942709, 0.104009, 3.05406
0.0708916, 0.475053, 6.97799
0.216358, 0.334017, 13.5337
0.830784, 0.981764, 3.15516
0.503054, 0.828488, 13.8758
0.39014, 0.0897025, 7.1835
0.630482, 0.514529, 62.503
0.693971, 0.575637, 33.6726
0.735136, 0.425576, 25.0708
0.660163, 0.367267, 33.9247
0.652528, 0.034322, 4.96356
0.850686, 0.474392, 11.608
0.10192, 0.969555, 2.79504
0.311391, 0.545866, 37.4196
0.36449, 0.976085, 4.81621
0.0604496, 0.97593, 2.44976
0.463551, 0.896296, 8.29898
0.0391719, 0.361421, 5.17656
0.411057, 0.637969, 48.4536
0.348773, 0.820806, 11.1839
0.291166, 0.632233, 25.0099
0.932826, 0.00815122, 2.38707
0.997471, 0.497869, 4.76131
0.678501, 0.557917, 40.0816
0.916772, 0.191958, 4.32422
0.236033, 0.00175789, 3.44995
0.544904, 0.200979, 15.8567
0.849131, 0.345917, 9.34252
0.828524, 0.000511112, 2.98572
0.590262, 0.533955, 75.561
0.179668, 0.67805, 10.2392
0.98362, 0.69771, 4.24815
0.40598, 0.307558, 32.8691
0.131528, 0.596049, 9.68077
0.797763, 0.00706365, 3.29158
0.71872, 0.521375, 31.2328
0.757933, 0.580706, 21.2001
0.91971, 0.567676, 7.09375
0.935347, 0.374112, 6.12547
0.692995, 0.16295, 9.08518
0.708083, 0.748796, 14.0723
0.00985666, 0.660922, 4.3293
0.12392, 0.722614, 6.59409
0.974076, 0.302415, 4.45985
0.69515, 0.379349, 28.5499
0.718111, 0.287568, 16.3182
0.15693, 0.527771, 12.1981
0.255306, 0.931433, 4.82396
0.589549, 0.551682, 72.2642
0.116029, 0.1069, 3.71545
0.669193, 0.131258, 8.1286
0.0452424, 0.388554, 5.67817
0.424762, 0.96786, 5.44695
0.82307, 0.3409, 10.7469
0.500671, 0.773928, 21.0299
0.407278, 0.122451, 9.11269
0.0376115, 0.135712, 3.12565
0.912181, 0.0284024, 2.66589
0.358405, 0.708738, 23.9546
0.757414, 0.851886, 6.69437
0.640754, 0.151384, 9.75292
0.315361, 0.279321, 18.0249
0.54185, 0.879085, 9.34823
0.779577, 0.353699, 14.7521
0.610778, 0.342379, 38.8615
0.369405, 0.593407, 49.9248
0.388056, 0.0596955, 6.13561
0.302221, 0.430943, 32.8742
0.861746, 0.36154, 8.97058
0.407846, 0.663085, 40.7611
0.468256, 0.980865, 5.16402
0.393051, 0.00319557, 4.49729
0.708029, 0.836554, 8.71148
0.965271, 0.304567, 4.67433
0.864543, 0.373421, 9.13115
0.091318, 0.781949, 4.77036
0.223751, 0.590285, 18.185
0.91416, 0.285416, 5.67255
0.984602, 0.207029, 3.44901
0.530103, 0.443252, 90.4132
0.735014, 0.379474, 22.3386
0.815445, 0.178648, 6.22996
0.537988, 0.966075, 5.5887
0.81789, 0.271062, 8.8712
0.746936, 0.755102, 11.1338
0.00475476, 0.913233, 2.47437
0.706425, 0.888893, 6.51687
0.63159, 0.126449, 8.48465
0.234106, 0.614771, 18.1902
0.448463, 0.323935, 41.3977
0.377007, 0.357265, 40.3913
0.551171, 0.534228, 92.0695
0.765294, 0.298879, 13.2377
0.254, 0.983006, 3.82425
0.385725, 0.874012, 8.88127
0.513061, 0.0109566, 4.97284
0.147871, 0.268653, 7.33628
0.255963, 0.962098, 4.19224
0.973527, 0.0717059, 2.52823
0.160915, 0.504955, 12.9193
0.782465, 0.895376, 5.073
0.591085, 0.366757, 49.5144
0.0902372, 0.616422, 7.10656
0.204439, 0.0119134, 3.37788
0.228407, 0.831977, 6.91439
0.0428691, 0.500806, 6.11009
0.0383157, 0.972446, 2.34958
0.899111, 0.362981, 7.17901
0.614978, 0.935643, 6.25105
0.353122, 0.929207, 6.04677
0.179246, 0.58361, 13.1838
0.740962, 0.340852, 17.881
0.693044, 0.994956, 4.03356
0.227265, 0.639388, 15.7446
0.188081, 0.0803973, 4.23394
0.2371, 0.941675, 4.36887
0.724397, 0.944727, 4.80047
0.0275313, 0.718203, 4.25376
0.833793, 0.551583, 12.5764
0.448856, 0.92727, 6.89565
0.623459, 0.480155, 65.1481
0.968329, 0.702682, 4.53826
0.980616, 0.205873, 3.49642
0.102699, 0.0602063, 3.07056
0.888124, 0.69835, 6.75039
0.169249, 0.571467, 12.5179
0.640114, 0.400528, 46.098
0.670385, 0.160776, 9.46472
0.156481, 0.975302, 3.13525
0.895135, 0.528699, 8.41867
0.836293, 0.569277, 12.122
0.844345, 0.911119, 3.95124
0.180821, 0.061736, 3.86281
0.596581, 0.73327, 24.5807
0.0674669, 0.915966, 2.98231
0.632695, 0.702697, 25.8466
