0, 0
0.05, 0
0.1, 0
0.15, 0
0.2, 0
0.25, 0
0.3, 0
0.35, 0
0.4, 0
0.45, 0
0.5, 0
0.55, 0
0.6, 0
0.65, 0
0.7, 0
0.75, 0
0.8, 0
0.85, 0
0.9, 0
0.95, 0
1, 0
0, 0.05
0.0572633, 0.0572631
0.111454, 0.0611544
0.163817, 0.0639222
0.214716, 0.0658778
0.264377, 0.067335
0.31296, 0.0685297
0.360591, 0.069554
0.407422, 0.0703897
0.45381, 0.0710294
0.500001, 0.071319
0.546193, 0.0710288
0.592581, 0.0703885
0.639412, 0.0695525
0.687043, 0.068528
0.735626, 0.0673332
0.785286, 0.0658761
0.836185, 0.0639208
0.888548, 0.0611533
0.942737, 0.0572626
1, 0.05
0, 0.1
0.0611548, 0.111453
0.118359, 0.118358
0.172426, 0.123158
0.223953, 0.126624
0.273344, 0.129316
0.320906, 0.131557
0.367048, 0.133605
0.412101, 0.13544
0.456309, 0.136751
0.500003, 0.13721
0.543696, 0.13675
0.587904, 0.135438
0.632957, 0.133602
0.679099, 0.131554
0.726661, 0.129314
0.776051, 0.126621
0.827577, 0.123155
0.881643, 0.118356
0.938846, 0.111452
1, 0.1
0, 0.15
0.063923, 0.163816
0.123159, 0.172424
0.178523, 0.17852
0.230587, 0.18303
0.27977, 0.186567
0.326761, 0.189758
0.371985, 0.192745
0.415611, 0.195149
0.458109, 0.196732
0.500003, 0.197283
0.541898, 0.19673
0.584396, 0.195146
0.628022, 0.19274
0.673246, 0.189754
0.720237, 0.186563
0.76942, 0.183027
0.821482, 0.178517
0.876844, 0.172422
0.936079, 0.163815
1, 0.15
0, 0.2
0.0658791, 0.214715
0.126626, 0.223951
0.183034, 0.230583
0.235521, 0.235517
0.284855, 0.239716
0.331581, 0.243585
0.37591, 0.246884
0.41837, 0.249509
0.45952, 0.251209
0.500004, 0.251795
0.540489, 0.251206
0.581638, 0.249505
0.624098, 0.246878
0.668427, 0.243579
0.715154, 0.239711
0.764486, 0.235512
0.816972, 0.230579
0.873378, 0.223948
0.934124, 0.214714
1, 0.2
0, 0.25
0.0673365, 0.264375
0.129319, 0.27334
0.186571, 0.279765
0.239721, 0.284849
0.289323, 0.289318
0.335609, 0.293164
0.379217, 0.296437
0.420712, 0.299006
0.460733, 0.300673
0.500004, 0.301256
0.539276, 0.30067
0.579297, 0.299001
0.620792, 0.296431
0.664401, 0.293158
0.710686, 0.289312
0.760287, 0.284845
0.813436, 0.279762
0.870686, 0.273338
0.932666, 0.264374
1, 0.25
0, 0.3
0.0685312, 0.312957
0.13156, 0.320902
0.189762, 0.326756
0.243589, 0.331575
0.293169, 0.335603
0.339112, 0.339107
0.382076, 0.342062
0.422744, 0.344337
0.461805, 0.345809
0.500005, 0.346329
0.538204, 0.345806
0.577266, 0.344332
0.617934, 0.342056
0.660897, 0.339101
0.706841, 0.335598
0.756419, 0.331571
0.810245, 0.326753
0.868445, 0.3209
0.931472, 0.312956
1, 0.3
0, 0.35
0.0695554, 0.360589
0.133608, 0.367044
0.192748, 0.37198
0.246887, 0.375904
0.296441, 0.379211
0.342066, 0.38207
0.384477, 0.384472
0.424424, 0.386292
0.462676, 0.387427
0.500005, 0.387809
0.537334, 0.387425
0.575585, 0.386288
0.615533, 0.384467
0.657943, 0.382065
0.703568, 0.379207
0.75312, 0.3759
0.807259, 0.371977
0.866397, 0.367042
0.930447, 0.360588
1, 0.35
0, 0.4
0.0703911, 0.407419
0.135443, 0.412097
0.195152, 0.415606
0.249512, 0.418364
0.299009, 0.420706
0.344341, 0.422738
0.386297, 0.424419
0.42567, 0.425665
0.463281, 0.426395
0.500005, 0.42662
0.536728, 0.426394
0.574339, 0.425662
0.613712, 0.424415
0.655667, 0.422734
0.700998, 0.420702
0.750494, 0.418361
0.804853, 0.415603
0.864561, 0.412095
0.929611, 0.407418
1, 0.4
0, 0.45
0.0710308, 0.453808
0.136753, 0.456305
0.196734, 0.458104
0.251212, 0.459514
0.300677, 0.460728
0.345813, 0.461799
0.387432, 0.46267
0.426401, 0.463276
0.46362, 0.463615
0.500005, 0.463728
0.536389, 0.463614
0.573608, 0.463274
0.612576, 0.462668
0.654194, 0.461796
0.69933, 0.460725
0.748793, 0.459512
0.80327, 0.458102
0.86325, 0.456304
0.928971, 0.453807
1, 0.45
0, 0.5
0.0713206, 0.5
0.137213, 0.499999
0.197286, 0.499999
0.251799, 0.499999
0.301261, 0.499999
0.346334, 0.499999
0.387815, 0.499999
0.426626, 0.499999
0.463734, 0.5
0.500005, 0.5
0.536275, 0.499999
0.573383, 0.499999
0.612193, 0.499998
0.653673, 0.499998
0.698745, 0.499997
0.748205, 0.499998
0.802717, 0.499998
0.86279, 0.499998
0.928681, 0.499999
1, 0.5
0, 0.55
0.0710307, 0.546191
0.136753, 0.543693
0.196734, 0.541894
0.251212, 0.540484
0.300676, 0.53927
0.345813, 0.538198
0.387432, 0.537328
0.426401, 0.536723
0.46362, 0.536384
0.500005, 0.536271
0.536389, 0.536385
0.573608, 0.536724
0.612576, 0.537329
0.654194, 0.538199
0.699329, 0.53927
0.748793, 0.540483
0.80327, 0.541894
0.86325, 0.543693
0.928971, 0.546191
1, 0.55
0, 0.6
0.070391, 0.59258
0.135442, 0.587902
0.195151, 0.584392
0.249512, 0.581633
0.299009, 0.579291
0.34434, 0.57726
0.386296, 0.575579
0.42567, 0.574334
0.463281, 0.573604
0.500005, 0.573379
0.536728, 0.573605
0.574339, 0.574335
0.613712, 0.575581
0.655667, 0.577261
0.700998, 0.579293
0.750494, 0.581634
0.804853, 0.584393
0.864561, 0.587902
0.929611, 0.59258
1, 0.6
0, 0.65
0.0695554, 0.639411
0.133608, 0.632955
0.192747, 0.628019
0.246887, 0.624094
0.29644, 0.620786
0.342065, 0.617928
0.384475, 0.615527
0.424423, 0.613707
0.462675, 0.612572
0.500004, 0.61219
0.537334, 0.612574
0.575585, 0.61371
0.615533, 0.61553
0.657943, 0.617931
0.703568, 0.620789
0.75312, 0.624095
0.807258, 0.62802
0.866397, 0.632956
0.930447, 0.639411
1, 0.65
0, 0.7
0.0685313, 0.687042
0.13156, 0.679097
0.189762, 0.673242
0.243588, 0.668423
0.293167, 0.664395
0.339111, 0.660891
0.382074, 0.657937
0.422742, 0.655662
0.461804, 0.654191
0.500004, 0.653671
0.538204, 0.654193
0.577265, 0.655666
0.617934, 0.657941
0.660897, 0.660895
0.706841, 0.664398
0.756419, 0.668425
0.810245, 0.673244
0.868445, 0.679098
0.931471, 0.687043
1, 0.7
0, 0.75
0.0673365, 0.735624
0.129319, 0.726659
0.186571, 0.720233
0.239721, 0.715149
0.289322, 0.71068
0.335607, 0.706835
0.379216, 0.703562
0.420711, 0.700994
0.460732, 0.699327
0.500003, 0.698744
0.539275, 0.699329
0.579297, 0.700997
0.620792, 0.703566
0.664401, 0.706839
0.710686, 0.710684
0.760287, 0.715152
0.813436, 0.720235
0.870686, 0.72666
0.932666, 0.735625
1, 0.75
0, 0.8
0.065879, 0.785284
0.126626, 0.776049
0.183034, 0.769416
0.235521, 0.764482
0.284854, 0.760282
0.33158, 0.756414
0.375909, 0.753116
0.418369, 0.75049
0.459518, 0.748791
0.500003, 0.748204
0.540488, 0.748793
0.581638, 0.750493
0.624098, 0.753119
0.668428, 0.756418
0.715154, 0.760286
0.764486, 0.764485
0.816972, 0.769419
0.873378, 0.77605
0.934123, 0.785286
1, 0.8
0, 0.85
0.0639229, 0.836184
0.123159, 0.827575
0.178523, 0.821479
0.230586, 0.816969
0.279769, 0.813432
0.32676, 0.810241
0.371984, 0.807255
0.41561, 0.804851
0.458108, 0.803268
0.500003, 0.802717
0.541898, 0.803269
0.584396, 0.804853
0.628022, 0.807258
0.673246, 0.810244
0.720237, 0.813435
0.76942, 0.816971
0.821482, 0.821481
0.876844, 0.827577
0.936079, 0.836185
1, 0.85
0, 0.9
0.0611548, 0.888546
0.118359, 0.881641
0.172426, 0.876842
0.223953, 0.873376
0.273343, 0.870683
0.320905, 0.868442
0.367047, 0.866395
0.4121, 0.86456
0.456308, 0.863249
0.500002, 0.86279
0.543696, 0.863249
0.587904, 0.864561
0.632957, 0.866396
0.679099, 0.868444
0.726661, 0.870685
0.776051, 0.873378
0.827577, 0.876844
0.881643, 0.881643
0.938846, 0.888547
1, 0.9
0, 0.95
0.0572633, 0.942737
0.111454, 0.938846
0.163817, 0.936078
0.214716, 0.934122
0.264376, 0.932665
0.312959, 0.93147
0.36059, 0.930446
0.407421, 0.92961
0.45381, 0.92897
0.500001, 0.928681
0.546193, 0.928971
0.592581, 0.929611
0.639412, 0.930447
0.687043, 0.931471
0.735626, 0.932666
0.785286, 0.934123
0.836185, 0.936079
0.888547, 0.938846
0.942737, 0.942737
1, 0.95
0, 1
0.05, 1
0.1, 1
0.15, 1
0.2, 1
0.25, 1
0.3, 1
0.35, 1
0.4, 1
0.45, 1
0.5, 1
0.55, 1
0.6, 1
0.65, 1
0.7, 1
0.75, 1
0.8, 1
0.85, 1
0.9, 1
0.95, 1
1, 1
0.0273793, 0.0273793
0.0802664, 0.0297786
0.131889, 0.0314002
0.182691, 0.0325571
0.232811, 0.0333793
0.282337, 0.0340065
0.331331, 0.0345286
0.379855, 0.0349663
0.428015, 0.0352927
0.476012, 0.03548
0.52399, 0.0354798
0.571987, 0.0352922
0.620147, 0.0349656
0.66867, 0.0345278
0.717664, 0.0340056
0.76719, 0.0333784
0.81731, 0.0325562
0.868112, 0.0313995
0.919734, 0.0297782
0.972621, 0.0273792
0.0297787, 0.0802663
0.0875445, 0.0875441
0.141966, 0.0921483
0.194147, 0.0953684
0.244483, 0.0977182
0.293239, 0.0995784
0.340657, 0.101181
0.38699, 0.102596
0.432553, 0.103804
0.477587, 0.10452
0.522417, 0.104519
0.567451, 0.103803
0.613014, 0.102594
0.659347, 0.101178
0.706765, 0.0995761
0.755521, 0.0977159
0.805855, 0.0953662
0.858036, 0.0921466
0.912457, 0.087543
0.970222, 0.0802659
0.0314004, 0.131889
0.0921492, 0.141965
0.148588, 0.148587
0.201827, 0.153303
0.252343, 0.156841
0.30055, 0.159723
0.346944, 0.162311
0.391905, 0.16468
0.435669, 0.166492
0.478655, 0.167485
0.521351, 0.167484
0.564337, 0.166489
0.608101, 0.164677
0.653062, 0.162308
0.699457, 0.159719
0.747663, 0.156838
0.798178, 0.1533
0.851415, 0.148584
0.907853, 0.141963
0.9686, 0.131888
0.0325575, 0.18269
0.0953699, 0.194146
0.153306, 0.201824
0.207392, 0.207388
0.258097, 0.211647
0.306101, 0.21533
0.351886, 0.218711
0.39571, 0.221561
0.438053, 0.22365
0.47946, 0.224749
0.520547, 0.224748
0.561955, 0.223647
0.604298, 0.221557
0.648122, 0.218706
0.693907, 0.215325
0.741911, 0.211643
0.792615, 0.207384
0.846699, 0.201821
0.904633, 0.194144
0.967444, 0.18269
0.03338, 0.23281
0.0977203, 0.244481
0.156845, 0.252339
0.211652, 0.258092
0.262766, 0.262761
0.310742, 0.266888
0.355918, 0.270479
0.398808, 0.273439
0.439997, 0.275582
0.480121, 0.276707
0.519888, 0.276706
0.560012, 0.275579
0.601201, 0.273433
0.644091, 0.270473
0.689267, 0.266882
0.737242, 0.262756
0.788356, 0.258088
0.843161, 0.252336
0.902284, 0.244479
0.966621, 0.232809
0.0340072, 0.282336
0.0995806, 0.293236
0.159726, 0.300545
0.215334, 0.306095
0.266893, 0.310736
0.314709, 0.314704
0.359349, 0.318103
0.40145, 0.320891
0.441661, 0.322887
0.480695, 0.323938
0.519314, 0.323936
0.558348, 0.322883
0.59856, 0.320886
0.640661, 0.318097
0.6853, 0.314698
0.733116, 0.310731
0.784674, 0.306091
0.84028, 0.300542
0.900423, 0.293234
0.965994, 0.282335
0.0345294, 0.33133
0.101183, 0.340654
0.162315, 0.346939
0.218715, 0.35188
0.270483, 0.355912
0.318107, 0.359343
0.362283, 0.362278
0.4037, 0.364644
0.443068, 0.366316
0.481176, 0.367188
0.518834, 0.367187
0.556941, 0.366313
0.596309, 0.364639
0.637727, 0.362272
0.681902, 0.359338
0.729525, 0.355907
0.781293, 0.351877
0.837691, 0.346937
0.898821, 0.340652
0.965472, 0.331329
0.0349671, 0.379853
0.102598, 0.386986
0.164683, 0.3919
0.221565, 0.395704
0.273442, 0.398801
0.320895, 0.401444
0.364649, 0.403695
0.405474, 0.405469
0.444172, 0.406696
0.481545, 0.407321
0.518465, 0.40732
0.555838, 0.406693
0.594535, 0.405465
0.63536, 0.40369
0.679113, 0.40144
0.726565, 0.398797
0.778442, 0.395701
0.835322, 0.391898
0.897405, 0.386985
0.965034, 0.379853
0.0352934, 0.428013
0.103806, 0.43255
0.166494, 0.435664
0.223653, 0.438047
0.275586, 0.439991
0.322891, 0.441655
0.366321, 0.443063
0.406701, 0.444167
0.4449, 0.444894
0.481783, 0.445241
0.518227, 0.44524
0.55511, 0.444892
0.593308, 0.444164
0.633687, 0.44306
0.677116, 0.441652
0.72442, 0.439988
0.776352, 0.438045
0.83351, 0.435663
0.896196, 0.432549
0.964707, 0.428013
0.0354808, 0.476011
0.104522, 0.477584
0.167488, 0.478651
0.224752, 0.479455
0.276711, 0.480115
0.323942, 0.480689
0.367194, 0.48117
0.407327, 0.481539
0.445247, 0.481778
0.48189, 0.481885
0.51812, 0.481884
0.554763, 0.481777
0.592682, 0.481538
0.632814, 0.481168
0.676064, 0.480687
0.723294, 0.480113
0.775252, 0.479453
0.832515, 0.47865
0.89548, 0.477584
0.96452, 0.476011
0.0354808, 0.523989
0.104521, 0.522415
0.167488, 0.521347
0.224752, 0.520543
0.276711, 0.519882
0.323942, 0.519309
0.367193, 0.518828
0.407327, 0.518459
0.445247, 0.518222
0.48189, 0.518115
0.51812, 0.518115
0.554763, 0.518221
0.592682, 0.518459
0.632814, 0.518828
0.676064, 0.519308
0.723294, 0.519882
0.775252, 0.520542
0.832515, 0.521346
0.89548, 0.522414
0.96452, 0.523989
0.0352933, 0.571986
0.103806, 0.567449
0.166494, 0.564334
0.223652, 0.561951
0.275585, 0.560007
0.32289, 0.558342
0.366321, 0.556935
0.4067, 0.555832
0.444899, 0.555105
0.481783, 0.554758
0.518227, 0.554758
0.55511, 0.555106
0.593308, 0.555833
0.633687, 0.556936
0.677117, 0.558343
0.72442, 0.560007
0.776352, 0.561951
0.83351, 0.564334
0.896196, 0.567448
0.964707, 0.571986
0.034967, 0.620146
0.102598, 0.613013
0.164683, 0.608098
0.221564, 0.604293
0.273442, 0.601196
0.320895, 0.598554
0.364648, 0.596303
0.405473, 0.594529
0.444171, 0.593304
0.481544, 0.592678
0.518465, 0.592678
0.555837, 0.593305
0.594535, 0.594532
0.63536, 0.596306
0.679113, 0.598556
0.726565, 0.601198
0.778442, 0.604295
0.835322, 0.608099
0.897405, 0.613013
0.965034, 0.620146
0.0345294, 0.66867
0.101183, 0.659345
0.162314, 0.653059
0.218714, 0.648118
0.270482, 0.644086
0.318106, 0.640654
0.362282, 0.637721
0.403699, 0.635355
0.443067, 0.633683
0.481175, 0.632811
0.518833, 0.632812
0.556941, 0.633685
0.596309, 0.635358
0.637727, 0.637724
0.681902, 0.640658
0.729525, 0.644089
0.781293, 0.64812
0.837691, 0.65306
0.898821, 0.659346
0.965472, 0.66867
0.0340072, 0.717664
0.0995806, 0.706763
0.159726, 0.699454
0.215333, 0.693903
0.266892, 0.689262
0.314708, 0.685294
0.359348, 0.681896
0.401448, 0.679108
0.44166, 0.677113
0.480693, 0.676062
0.519314, 0.676063
0.558348, 0.677115
0.59856, 0.679112
0.640661, 0.6819
0.6853, 0.685298
0.733116, 0.689265
0.784674, 0.693905
0.84028, 0.699456
0.900423, 0.706764
0.965994, 0.717664
0.03338, 0.76719
0.0977203, 0.755519
0.156844, 0.74766
0.211651, 0.741907
0.262765, 0.737238
0.310741, 0.733111
0.355916, 0.72952
0.398806, 0.726561
0.439995, 0.724417
0.48012, 0.723293
0.519887, 0.723293
0.560012, 0.72442
0.601201, 0.726564
0.644091, 0.729524
0.689267, 0.733115
0.737242, 0.737241
0.788356, 0.74191
0.843161, 0.747662
0.902283, 0.75552
0.966621, 0.76719
0.0325575, 0.817309
0.0953699, 0.805854
0.153305, 0.798175
0.207391, 0.792611
0.258096, 0.788352
0.3061, 0.784669
0.351885, 0.781288
0.395709, 0.778438
0.438051, 0.77635
0.479459, 0.775251
0.520547, 0.775252
0.561955, 0.776352
0.604298, 0.778441
0.648122, 0.781292
0.693907, 0.784673
0.741911, 0.788355
0.792615, 0.792614
0.846699, 0.798177
0.904633, 0.805855
0.967444, 0.81731
0.0314004, 0.868111
0.0921491, 0.858035
0.148588, 0.851413
0.201827, 0.846697
0.252342, 0.843158
0.300548, 0.840277
0.346943, 0.837688
0.391904, 0.83532
0.435668, 0.833508
0.478654, 0.832515
0.52135, 0.832515
0.564337, 0.833509
0.608101, 0.835321
0.653062, 0.83769
0.699457, 0.840279
0.747663, 0.84316
0.798178, 0.846699
0.851415, 0.851415
0.907853, 0.858036
0.9686, 0.868112
0.0297787, 0.919734
0.0875445, 0.912456
0.141966, 0.907851
0.194147, 0.904631
0.244482, 0.902281
0.293238, 0.900421
0.340656, 0.898819
0.386989, 0.897403
0.432553, 0.896195
0.477587, 0.89548
0.522417, 0.89548
0.567451, 0.896196
0.613015, 0.897404
0.659347, 0.89882
0.706765, 0.900423
0.755521, 0.902283
0.805855, 0.904633
0.858036, 0.907853
0.912457, 0.912457
0.970222, 0.919734
0.0273793, 0.972621
0.0802664, 0.970221
0.131889, 0.9686
0.182691, 0.967443
0.232811, 0.966621
0.282337, 0.965993
0.331331, 0.965471
0.379854, 0.965034
0.428014, 0.964707
0.476012, 0.96452
0.52399, 0.96452
0.571987, 0.964707
0.620147, 0.965034
0.66867, 0.965472
0.717664, 0.965994
0.76719, 0.966621
0.81731, 0.967443
0.868112, 0.9686
0.919734, 0.970222
0.972621, 0.972621
