0, 11, 121
11, 12, 121
12, 1, 121
0, 1, 121
1, 12, 122
12, 13, 122
13, 2, 122
1, 2, 122
2, 13, 123
13, 14, 123
14, 3, 123
2, 3, 123
3, 14, 124
14, 15, 124
15, 4, 124
3, 4, 124
4, 15, 125
15, 16, 125
16, 5, 125
4, 5, 125
5, 16, 126
16, 17, 126
17, 6, 126
5, 6, 126
6, 17, 127
17, 18, 127
18, 7, 127
6, 7, 127
7, 18, 128
18, 19, 128
19, 8, 128
7, 8, 128
8, 19, 129
19, 20, 129
20, 9, 129
8, 9, 129
9, 20, 130
20, 21, 130
21, 10, 130
9, 10, 130
11, 22, 131
22, 23, 131
23, 12, 131
11, 12, 131
12, 23, 132
23, 24, 132
24, 13, 132
12, 13, 132
13, 24, 133
24, 25, 133
25, 14, 133
13, 14, 133
14, 25, 134
25, 26, 134
26, 15, 134
14, 15, 134
15, 26, 135
26, 27, 135
27, 16, 135
15, 16, 135
16, 27, 136
27, 28, 136
28, 17, 136
16, 17, 136
17, 28, 137
28, 29, 137
29, 18, 137
17, 18, 137
18, 29, 138
29, 30, 138
30, 19, 138
18, 19, 138
19, 30, 139
30, 31, 139
31, 20, 139
19, 20, 139
20, 31, 140
31, 32, 140
32, 21, 140
20, 21, 140
22, 33, 141
33, 34, 141
34, 23, 141
22, 23, 141
23, 34, 142
34, 35, 142
35, 24, 142
23, 24, 142
24, 35, 143
35, 36, 143
36, 25, 143
24, 25, 143
25, 36, 144
36, 37, 144
37, 26, 144
25, 26, 144
26, 37, 145
37, 38, 145
38, 27, 145
26, 27, 145
27, 38, 146
38, 39, 146
39, 28, 146
27, 28, 146
28, 39, 147
39, 40, 147
40, 29, 147
28, 29, 147
29, 40, 148
40, 41, 148
41, 30, 148
29, 30, 148
30, 41, 149
41, 42, 149
42, 31, 149
30, 31, 149
31, 42, 150
42, 43, 150
43, 32, 150
31, 32, 150
33, 44, 151
44, 45, 151
45, 34, 151
33, 34, 151
34, 45, 152
45, 46, 152
46, 35, 152
34, 35, 152
35, 46, 153
46, 47, 153
47, 36, 153
35, 36, 153
36, 47, 154
47, 48, 154
48, 37, 154
36, 37, 154
37, 48, 155
48, 49, 155
49, 38, 155
37, 38, 155
38, 49, 156
49, 50, 156
50, 39, 156
38, 39, 156
39, 50, 157
50, 51, 157
51, 40, 157
39, 40, 157
40, 51, 158
51, 52, 158
52, 41, 158
40, 41, 158
41, 52, 159
52, 53, 159
53, 42, 159
41, 42, 159
42, 53, 160
53, 54, 160
54, 43, 160
42, 43, 160
44, 55, 161
55, 56, 161
56, 45, 161
44, 45, 161
45, 56, 162
56, 57, 162
57, 46, 162
45, 46, 162
46, 57, 163
57, 58, 163
58, 47, 163
46, 47, 163
47, 58, 164
58, 59, 164
59, 48, 164
47, 48, 164
48, 59, 165
59, 60, 165
60, 49, 165
48, 49, 165
49, 60, 166
60, 61, 166
61, 50, 166
49, 50, 166
50, 61, 167
61, 62, 167
62, 51, 167
50, 51, 167
51, 62, 168
62, 63, 168
63, 52, 168
51, 52, 168
52, 63, 169
63, 64, 169
64, 53, 169
52, 53, 169
53, 64, 170
64, 65, 170
65, 54, 170
53, 54, 170
55, 66, 171
66, 67, 171
67, 56, 171
55, 56, 171
56, 67, 172
67, 68, 172
68, 57, 172
56, 57, 172
57, 68, 173
68, 69, 173
69, 58, 173
57, 58, 173
58, 69, 174
69, 70, 174
70, 59, 174
58, 59, 174
59, 70, 175
70, 71, 175
71, 60, 175
59, 60, 175
60, 71, 176
71, 72, 176
72, 61, 176
60, 61, 176
61, 72, 177
72, 73, 177
73, 62, 177
61, 62, 177
62, 73, 178
73, 74, 178
74, 63, 178
62, 63, 178
63, 74, 179
74, 75, 179
75, 64, 179
63, 64, 179
64, 75, 180
75, 76, 180
76, 65, 180
64, 65, 180
66, 77, 181
77, 78, 181
78, 67, 181
66, 67, 181
67, 78, 182
78, 79, 182
79, 68, 182
67, 68, 182
68, 79, 183
79, 80, 183
80, 69, 183
68, 69, 183
69, 80, 184
80, 81, 184
81, 70, 184
69, 70, 184
70, 81, 185
81, 82, 185
82, 71, 185
70, 71, 185
71, 82, 186
82, 83, 186
83, 72, 186
71, 72, 186
72, 83, 187
83, 84, 187
84, 73, 187
72, 73, 187
73, 84, 188
84, 85, 188
85, 74, 188
73, 74, 188
74, 85, 189
85, 86, 189
86, 75, 189
74, 75, 189
75, 86, 190
86, 87, 190
87, 76, 190
75, 76, 190
77, 88, 191
88, 89, 191
89, 78, 191
77, 78, 191
78, 89, 192
89, 90, 192
90, 79, 192
78, 79, 192
79, 90, 193
90, 91, 193
91, 80, 193
79, 80, 193
80, 91, 194
91, 92, 194
92, 81, 194
80, 81, 194
81, 92, 195
92, 93, 195
93, 82, 195
81, 82, 195
82, 93, 196
93, 94, 196
94, 83, 196
82, 83, 196
83, 94, 197
94, 95, 197
95, 84, 197
83, 84, 197
84, 95, 198
95, 96, 198
96, 85, 198
84, 85, 198
85, 96, 199
96, 97, 199
97, 86, 199
85, 86, 199
86, 97, 200
97, 98, 200
98, 87, 200
86, 87, 200
88, 99, 201
99, 100, 201
100, 89, 201
88, 89, 201
89, 100, 202
100, 101, 202
101, 90, 202
89, 90, 202
90, 101, 203
101, 102, 203
102, 91, 203
90, 91, 203
91, 102, 204
102, 103, 204
103, 92, 204
91, 92, 204
92, 103, 205
103, 104, 205
104, 93, 205
92, 93, 205
93, 104, 206
104, 105, 206
105, 94, 206
93, 94, 206
94, 105, 207
105, 106, 207
106, 95, 207
94, 95, 207
95, 106, 208
106, 107, 208
107, 96, 208
95, 96, 208
96, 107, 209
107, 108, 209
108, 97, 209
96, 97, 209
97, 108, 210
108, 109, 210
109, 98, 210
97, 98, 210
99, 110, 211
110, 111, 211
111, 100, 211
99, 100, 211
100, 111, 212
111, 112, 212
112, 101, 212
100, 101, 212
101, 112, 213
112, 113, 213
113, 102, 213
101, 102, 213
102, 113, 214
113, 114, 214
114, 103, 214
102, 103, 214
103, 114, 215
114, 115, 215
115, 104, 215
103, 104, 215
104, 115, 216
115, 116, 216
116, 105, 216
104, 105, 216
105, 116, 217
116, 117, 217
117, 106, 217
105, 106, 217
106, 117, 218
117, 118, 218
118, 107, 218
106, 107, 218
107, 118, 219
118, 119, 219
119, 108, 219
107, 108, 219
108, 119, 220
119, 120, 220
120, 109, 220
108, 109, 220
