0, 0.842673
0.00561873, 0.842673
0.00770938, 0.817818
0.00919317, 0.815902
0.0105984, 0.814917
0.0119001, 0.814359
0.0131436, 0.814019
0.0138681, 0.8138
0.0145912, 0.813651
0.0153044, 0.813545
0.0160031, 0.813469
0.0167093, 0.813412
0.0174181, 0.813368
0.0181145, 0.813334
0.0188211, 0.813307
0.019546, 0.813285
0.0202574, 0.813268
0.0209436, 0.813254
0.0216459, 0.813242
0.022314, 0.813232
0.0229739, 0.813223
0.0236358, 0.813216
0.0243029, 0.81321
0.0249626, 0.813204
0.0256244, 0.8132
0.0262896, 0.813196
0.0269457, 0.813192
0.027612, 0.813189
0.0282736, 0.813186
0.0289357, 0.813184
0.0295967, 0.813182
0.0302647, 0.81318
0.0309204, 0.813178
0.031593, 0.813177
0.0322317, 0.813175
0.0328638, 0.813174
0.0335057, 0.813173
0.0341556, 0.813172
0.0347941, 0.813171
0.0354341, 0.81317
0.0360803, 0.813169
0.0367382, 0.813169
0.037397, 0.813168
0.0380305, 0.813168
0.0386725, 0.813167
0.0393171, 0.813167
0.0399554, 0.813166
0.0405966, 0.813166
0.0412343, 0.813165
0.041877, 0.813165
0.0424898, 0.813165
0.0431041, 0.813164
0.0437141, 0.813164
0.0443273, 0.813164
0.0449368, 0.813164
0.045549, 0.813164
0.0461667, 0.813163
0.0467738, 0.813163
0.0473913, 0.813163
0.0479993, 0.813163
0.0486155, 0.813163
0.0492284, 0.813163
0.0498395, 0.813162
0.0504607, 0.813162
0.0510746, 0.813162
0.0516942, 0.813162
0.0523194, 0.813162
0.0529314, 0.813162
0.0535308, 0.813162
0.0541268, 0.813162
0.054714, 0.813162
0.0553085, 0.813162
0.0559126, 0.813162
0.0565072, 0.813161
0.0571063, 0.813161
0.057694, 0.813161
0.0582965, 0.813161
0.0588866, 0.813161
