<<<<<<< HEAD
0, 0
0.1, 0
0.2, 0
0.3, 0
0.4, 0
0.5, 0
0.6, 0
0.7, 0
0.8, 0
0.9, 0
1, 0
0, 0.1
0.0991714, 0.0993505
0.199091, 0.0996352
0.29852, 0.100252
0.398233, 0.0981159
0.498689, 0.0987207
0.599184, 0.100239
0.699125, 0.100843
0.799682, 0.099421
0.900421, 0.0987549
1, 0.1
0, 0.2
0.0991772, 0.199411
0.198476, 0.199734
0.299117, 0.200538
0.399684, 0.198172
0.499809, 0.19766
0.600232, 0.200076
0.700568, 0.199935
0.801545, 0.198507
0.901556, 0.198483
1, 0.2
0, 0.3
0.099889, 0.299546
0.200252, 0.299619
0.301448, 0.300061
0.401983, 0.298691
0.50118, 0.298181
0.59994, 0.299431
0.699951, 0.298642
0.799996, 0.298596
0.900163, 0.298881
1, 0.3
0, 0.4
0.101157, 0.399003
0.20268, 0.398864
0.30287, 0.399449
0.40266, 0.398423
0.501623, 0.399438
0.600453, 0.39948
0.699587, 0.398817
0.7991, 0.399172
0.899287, 0.399457
1, 0.4
0, 0.5
0.102288, 0.499252
0.202041, 0.499349
0.302335, 0.498869
0.402135, 0.49807
=======
0, -5.1824e-19
0.1, 8.51928e-18
0.2, -3.82487e-18
0.3, -2.38454e-18
0.4, -6.03189e-19
0.5, 1.20128e-18
0.6, -2.66222e-18
0.7, -4.68383e-19
0.8, -1.31557e-19
0.9, -4.76228e-18
1, 3.2931e-18
2.95624e-17, 0.1
0.100302, 0.100215
0.200341, 0.100332
0.300161, 0.100254
0.39997, 0.0998377
0.49986, 0.0995838
0.599946, 0.0996868
0.699932, 0.0999202
0.799926, 0.0999843
0.899873, 0.0999507
1, 0.1
0, 0.2
0.100131, 0.200247
0.200218, 0.200414
0.300133, 0.200329
0.399993, 0.199886
0.500086, 0.199291
0.600347, 0.199318
0.70059, 0.199782
0.800564, 0.199933
0.900406, 0.199824
1, 0.2
0, 0.3
0.0999647, 0.300323
0.199916, 0.300424
0.299859, 0.300304
0.399924, 0.299813
0.500201, 0.299292
0.600659, 0.299223
0.701097, 0.299581
0.801276, 0.299905
0.900756, 0.299977
1, 0.3
0, 0.4
0.100051, 0.40033
0.199976, 0.40041
0.299821, 0.400258
0.399895, 0.399959
0.50012, 0.399482
0.600494, 0.39933
0.700779, 0.399536
0.800882, 0.399888
0.900514, 0.400092
1, 0.4
0, 0.5
0.0999879, 0.500068
0.200123, 0.50015
0.299987, 0.500189
0.400001, 0.500087
>>>>>>> a3f32770e569a4db99b8594c398d069d60676cac
0.5, 0.5
0.6, 0.5
0.7, 0.5
0.8, 0.5
0.9, 0.5
1, 0.5
0, 0.6
<<<<<<< HEAD
0.100242, 0.600294
0.200818, 0.600145
0.301654, 0.597695
0.401714, 0.597872
=======
0.100028, 0.599779
0.200227, 0.599693
0.300287, 0.599884
0.400128, 0.600078
>>>>>>> a3f32770e569a4db99b8594c398d069d60676cac
0.5, 0.6
0.6, 0.6
0.7, 0.6
0.8, 0.6
0.9, 0.6
1, 0.6
<<<<<<< HEAD
0, 0.7
0.100281, 0.700637
0.200641, 0.699285
0.300792, 0.696959
0.39999, 0.697648
=======
-3.03941e-21, 0.7
0.100147, 0.69928
0.200431, 0.698974
0.300587, 0.699357
0.400425, 0.699898
>>>>>>> a3f32770e569a4db99b8594c398d069d60676cac
0.5, 0.7
0.6, 0.7
0.7, 0.7
0.8, 0.7
0.9, 0.7
1, 0.7
<<<<<<< HEAD
0, 0.8
0.100977, 0.800444
0.200992, 0.798984
0.299806, 0.797158
0.399689, 0.797566
=======
-3.843e-18, 0.8
0.100267, 0.799064
0.200499, 0.798623
0.300674, 0.799026
0.400515, 0.799759
>>>>>>> a3f32770e569a4db99b8594c398d069d60676cac
0.5, 0.8
0.6, 0.8
0.7, 0.8
0.8, 0.8
0.9, 0.8
1, 0.8
<<<<<<< HEAD
0, 0.9
0.100566, 0.900687
0.200596, 0.89912
0.300152, 0.898033
0.399264, 0.898414
=======
-1.30911e-20, 0.9
0.100291, 0.899392
0.200417, 0.898965
0.300414, 0.899247
0.400219, 0.899777
>>>>>>> a3f32770e569a4db99b8594c398d069d60676cac
0.5, 0.9
0.6, 0.9
0.7, 0.9
0.8, 0.9
0.9, 0.9
1, 0.9
0, 1
0.1, 1
0.2, 1
0.3, 1
0.4, 1
0.5, 1
0.6, 1
0.7, 1
0.8, 1
0.9, 1
1, 1
<<<<<<< HEAD
0.0496995, 0.0497367
0.149542, 0.0496639
0.249446, 0.0499455
0.348872, 0.0494265
0.44909, 0.0490118
0.549384, 0.0498085
0.649496, 0.0504334
0.749354, 0.0502636
0.849883, 0.0495235
0.950221, 0.0496118
0.0495135, 0.14967
0.148819, 0.149278
0.248625, 0.150269
0.348768, 0.149236
0.448827, 0.147736
0.549529, 0.149177
0.649691, 0.15063
0.750219, 0.14978
0.851114, 0.148539
0.950686, 0.149075
0.0497714, 0.249758
0.14923, 0.249619
0.249559, 0.250189
0.350741, 0.249554
0.450791, 0.247854
0.550273, 0.248657
0.650158, 0.249619
0.750698, 0.248728
0.851059, 0.248442
0.9506, 0.249311
0.0501346, 0.349654
0.150995, 0.349221
0.252049, 0.349517
0.352488, 0.34924
0.452175, 0.348608
0.550684, 0.34926
0.649881, 0.348875
0.749478, 0.348588
0.849459, 0.349006
0.949796, 0.349565
0.0510709, 0.449522
0.152403, 0.448678
0.252583, 0.449151
0.352718, 0.448625
0.45177, 0.44886
0.55057, 0.449882
0.650059, 0.449554
0.749564, 0.449468
0.849464, 0.449656
0.949747, 0.44982
0.0508455, 0.549718
0.151424, 0.550102
0.251526, 0.549168
0.3523, 0.548019
0.45114, 0.548864
=======
0.0500691, 0.0499999
0.150142, 0.0501195
0.250171, 0.05007
0.350018, 0.0500241
0.449904, 0.0499252
0.549976, 0.0497404
0.650033, 0.0498703
0.749929, 0.0499659
0.849926, 0.0500021
0.95005, 0.0499632
0.0501345, 0.150054
0.150242, 0.150281
0.25022, 0.150395
0.350037, 0.150124
0.45001, 0.149616
0.549998, 0.14947
0.650159, 0.149635
0.75026, 0.149964
0.850241, 0.149934
0.950058, 0.149946
0.0501132, 0.250114
0.150127, 0.250395
0.25, 0.250477
0.35, 0.250055
0.450045, 0.249464
0.550271, 0.249238
0.650662, 0.249442
0.750915, 0.249719
0.850791, 0.249918
0.950265, 0.249908
0.0500025, 0.350139
0.149958, 0.350394
0.249948, 0.350388
0.349887, 0.350093
0.450051, 0.34957
0.550354, 0.349237
0.650849, 0.34937
0.751159, 0.349781
0.851019, 0.349873
0.950492, 0.349988
0.0500564, 0.450204
0.149935, 0.45027
0.249927, 0.450324
0.349857, 0.450128
0.449852, 0.449858
0.550095, 0.44971
0.650353, 0.449721
0.750524, 0.449879
0.850457, 0.449979
0.950229, 0.450085
0.0500614, 0.549945
0.150163, 0.549945
0.250158, 0.550037
0.350101, 0.550168
0.45002, 0.550057
>>>>>>> a3f32770e569a4db99b8594c398d069d60676cac
0.55, 0.55
0.65, 0.55
0.75, 0.55
0.85, 0.55
0.95, 0.55
<<<<<<< HEAD
0.0500865, 0.650346
0.150254, 0.650327
0.251057, 0.648469
0.3512, 0.647165
0.450436, 0.648963
=======
0.0500032, 0.649711
0.150201, 0.649346
0.250342, 0.649494
0.350481, 0.649882
0.450241, 0.65
>>>>>>> a3f32770e569a4db99b8594c398d069d60676cac
0.55, 0.65
0.65, 0.65
0.75, 0.65
0.85, 0.65
0.95, 0.65
<<<<<<< HEAD
0.0503324, 0.750373
0.150916, 0.749913
0.250605, 0.747828
0.349888, 0.747126
0.44982, 0.74864
=======
0.0501471, 0.749592
0.150423, 0.748889
0.250665, 0.748937
0.350662, 0.749492
0.45024, 0.749849
>>>>>>> a3f32770e569a4db99b8594c398d069d60676cac
0.55, 0.75
0.65, 0.75
0.75, 0.75
0.85, 0.75
0.95, 0.75
<<<<<<< HEAD
0.0505335, 0.850415
0.150913, 0.849857
0.250451, 0.848208
0.349584, 0.847398
0.449586, 0.848926
=======
0.0501575, 0.849497
0.150524, 0.848801
0.250521, 0.84886
0.350432, 0.849331
0.450126, 0.849889
>>>>>>> a3f32770e569a4db99b8594c398d069d60676cac
0.55, 0.85
0.65, 0.85
0.75, 0.85
0.85, 0.85
0.95, 0.85
<<<<<<< HEAD
0.0500766, 0.950289
0.150438, 0.95003
0.25029, 0.949092
0.349762, 0.949029
0.449608, 0.949494
=======
0.0501933, 0.949725
0.15023, 0.949493
0.250142, 0.949528
0.350084, 0.949713
0.450124, 0.949932
>>>>>>> a3f32770e569a4db99b8594c398d069d60676cac
0.55, 0.95
0.65, 0.95
0.75, 0.95
0.85, 0.95
0.95, 0.95
