0, 0.163225
0.0406727, 0.163225
0.0810448, 0.162623
0.121395, 0.162065
0.161743, 0.161543
0.202058, 0.161054
0.242382, 0.160592
0.282733, 0.160156
0.323071, 0.159742
0.363441, 0.159349
0.403774, 0.158975
0.444133, 0.158619
0.484499, 0.158279
0.524855, 0.157953
0.565194, 0.157642
0.605554, 0.157344
0.645905, 0.157058
0.686278, 0.156783
0.726641, 0.15652
0.767043, 0.156266
0.807421, 0.156022
0.847768, 0.155788
0.888163, 0.155561
0.928514, 0.155343
0.968874, 0.155133
1.00924, 0.154929
1.04961, 0.154733
1.09, 0.154544
1.13036, 0.154361
1.17074, 0.154184
1.2111, 0.154013
1.25145, 0.153848
1.2918, 0.153688
1.33417, 0.153534
1.37703, 0.153384
1.4174, 0.153238
1.45775, 0.153098
1.4981, 0.152961
1.53849, 0.152829
1.57884, 0.152701
1.6192, 0.152576
1.65957, 0.152456
1.69992, 0.152339
1.74029, 0.152225
1.78065, 0.152115
1.82106, 0.152007
1.86141, 0.151903
1.90178, 0.151802
1.94213, 0.151704
1.98249, 0.151608
2.02287, 0.151514
2.06322, 0.151424
2.10356, 0.151335
2.14393, 0.15125
2.18431, 0.151166
2.22466, 0.151084
2.26501, 0.151005
2.30537, 0.150928
2.34575, 0.150852
2.38613, 0.150779
2.42652, 0.150707
2.46687, 0.150637
2.50722, 0.150569
2.54759, 0.150503
2.58794, 0.150438
2.62831, 0.150374
2.66866, 0.150313
2.70903, 0.150252
2.7494, 0.150193
2.78975, 0.150136
2.8301, 0.15008
2.87046, 0.150025
2.91085, 0.149971
2.9512, 0.149919
2.99158, 0.149867
3.03196, 0.149817
3.07231, 0.149768
3.11266, 0.14972
3.15302, 0.149673
3.19339, 0.149628
3.23375, 0.149583
3.27412, 0.149539
3.31448, 0.149496
3.35482, 0.149453
3.39842, 0.149412
3.43888, 0.149372
3.47929, 0.149332
3.51964, 0.149293
3.55999, 0.149255
3.60036, 0.149218
3.64073, 0.149182
3.6811, 0.149146
3.72148, 0.149111
3.76184, 0.149077
3.80222, 0.149043
3.84259, 0.14901
3.88293, 0.148977
3.92331, 0.148946
3.9637, 0.148914
4.00404, 0.148884
4.04439, 0.148854
4.08476, 0.148824
4.12514, 0.148795
4.16549, 0.148767
4.20583, 0.148739
4.24624, 0.148711
4.28661, 0.148684
4.32696, 0.148658
4.36732, 0.148632
4.40767, 0.148606
4.44802, 0.148581
4.48837, 0.148557
4.52872, 0.148532
4.56907, 0.148508
4.60942, 0.148485
4.64976, 0.148462
4.69011, 0.148439
4.73046, 0.148417
4.77081, 0.148395
4.81116, 0.148374
4.85151, 0.148353
4.89189, 0.148332
4.93226, 0.148311
4.97263, 0.148291
5.01299, 0.148271
5.05334, 0.148252
5.09369, 0.148233
5.13404, 0.148214
5.17439, 0.148195
5.21474, 0.148177
5.25509, 0.148159
5.29546, 0.148141
5.3358, 0.148123
5.37616, 0.148106
5.41655, 0.148089
5.4569, 0.148073
5.49726, 0.148056
5.53762, 0.14804
5.57796, 0.148024
5.61831, 0.148008
5.65868, 0.147993
5.69903, 0.147977
5.7394, 0.147962
5.77976, 0.147947
5.82013, 0.147933
5.86047, 0.147918
5.90085, 0.147904
5.94123, 0.14789
5.98159, 0.147876
6.02196, 0.147863
6.06233, 0.147849
6.10268, 0.147836
6.14302, 0.147823
6.18342, 0.14781
6.22376, 0.147797
6.26414, 0.147785
6.30449, 0.147772
6.34483, 0.14776
6.38518, 0.147748
6.42553, 0.147736
6.46588, 0.147724
6.50628, 0.147713
6.54664, 0.147701
6.59016, 0.14769
6.63069, 0.147679
6.67105, 0.147668
6.7114, 0.147657
6.75175, 0.147646
6.79212, 0.147635
6.83248, 0.147625
6.87284, 0.147614
6.91319, 0.147604
6.95354, 0.147594
6.99391, 0.147584
7.03427, 0.147574
7.07465, 0.147565
7.11502, 0.147555
7.15538, 0.147545
7.19573, 0.147536
7.23608, 0.147527
7.27643, 0.147518
7.31678, 0.147509
7.35714, 0.1475
7.39753, 0.147491
7.4379, 0.147482
7.47827, 0.147473
7.51862, 0.147465
7.55901, 0.147456
7.59936, 0.147448
7.63971, 0.14744
7.68008, 0.147432
7.72047, 0.147424
7.76081, 0.147416
7.80117, 0.147408
7.84152, 0.1474
7.88188, 0.147392
7.92224, 0.147384
7.96261, 0.147377
8.00297, 0.147369
8.04332, 0.147362
8.08368, 0.147355
8.12403, 0.147348
8.16439, 0.14734
8.20477, 0.147333
8.24513, 0.147326
8.28549, 0.147319
8.32586, 0.147313
8.36624, 0.147306
8.40659, 0.147299
8.44697, 0.147292
8.48733, 0.147286
8.52767, 0.147279
8.56805, 0.147273
8.60841, 0.147267
8.64876, 0.14726
8.68915, 0.147254
8.72952, 0.147248
8.76988, 0.147242
8.81026, 0.147236
8.85064, 0.14723
8.891, 0.147224
8.93135, 0.147218
8.9717, 0.147212
9.01208, 0.147206
9.05243, 0.147201
9.09279, 0.147195
9.13317, 0.147189
9.17353, 0.147184
9.21388, 0.147178
9.25425, 0.147173
9.2946, 0.147168
9.33497, 0.147162
9.37532, 0.147157
9.41568, 0.147152
9.45606, 0.147147
9.49645, 0.147142
9.53683, 0.147136
9.5772, 0.147131
9.61756, 0.147126
9.65792, 0.147122
9.69829, 0.147117
9.73866, 0.147112
9.77902, 0.147107
9.81937, 0.147102
9.85972, 0.147098
9.90009, 0.147093
9.94047, 0.147088
9.98082, 0.147084
10.0212, 0.147079
10.0616, 0.147075
10.102, 0.14707
10.1423, 0.147066
10.1827, 0.147061
10.223, 0.147057
10.2634, 0.147053
10.3038, 0.147049
10.3442, 0.147044
10.3845, 0.14704
10.4249, 0.147036
10.4652, 0.147032
10.5056, 0.147028
10.5459, 0.147024
10.5863, 0.14702
10.6267, 0.147016
10.667, 0.147012
10.7074, 0.147008
10.7478, 0.147004
10.7882, 0.147
10.8285, 0.146996
10.8689, 0.146993
10.9092, 0.146989
10.9496, 0.146985
10.9899, 0.146981
11.0303, 0.146978
11.0707, 0.146974
11.111, 0.146971
11.1514, 0.146967
11.1918, 0.146964
11.2322, 0.14696
11.2725, 0.146957
11.3129, 0.146953
11.3532, 0.14695
11.3936, 0.146946
11.4339, 0.146943
11.4743, 0.14694
11.5147, 0.146936
11.555, 0.146933
11.5954, 0.14693
11.6357, 0.146926
11.6761, 0.146923
11.7196, 0.14692
11.7601, 0.146917
11.8005, 0.146914
11.8408, 0.146911
11.8812, 0.146908
11.9216, 0.146905
11.9619, 0.146902
12.0023, 0.146899
12.0427, 0.146896
12.083, 0.146893
12.1234, 0.14689
12.1638, 0.146887
12.2041, 0.146884
12.2445, 0.146881
12.2848, 0.146878
12.3252, 0.146875
12.3655, 0.146872
12.4059, 0.14687
12.4463, 0.146867
12.4866, 0.146864
12.527, 0.146861
12.5673, 0.146859
12.6077, 0.146856
12.648, 0.146853
12.6884, 0.146851
12.7288, 0.146848
12.7691, 0.146845
12.8095, 0.146843
12.8498, 0.14684
12.8902, 0.146838
12.9306, 0.146835
12.9709, 0.146833
13.0113, 0.14683
13.0517, 0.146828
13.092, 0.146825
13.1324, 0.146823
13.1727, 0.14682
13.2131, 0.146818
13.2534, 0.146816
13.2938, 0.146813
13.3342, 0.146811
13.3746, 0.146809
13.4149, 0.146806
13.4553, 0.146804
13.4956, 0.146802
13.536, 0.146799
13.5764, 0.146797
13.6167, 0.146795
13.6571, 0.146793
13.6975, 0.14679
13.7379, 0.146788
13.7783, 0.146786
13.8186, 0.146784
13.859, 0.146782
13.8994, 0.14678
13.9397, 0.146777
13.9801, 0.146775
14.0205, 0.146773
14.0608, 0.146771
14.1012, 0.146769
14.1415, 0.146767
14.1819, 0.146765
14.2223, 0.146763
14.2627, 0.146761
14.303, 0.146759
14.3434, 0.146757
14.3837, 0.146755
14.4241, 0.146753
14.4644, 0.146751
14.5048, 0.146749
14.5452, 0.146747
14.5855, 0.146745
14.6259, 0.146743
14.6663, 0.146742
14.7066, 0.14674
14.747, 0.146738
14.7874, 0.146736
14.8278, 0.146734
14.8682, 0.146732
14.9085, 0.146731
14.9489, 0.146729
14.9893, 0.146727
15.0297, 0.146725
15.07, 0.146723
15.1104, 0.146722
15.1507, 0.14672
15.1911, 0.146718
15.2315, 0.146717
15.2718, 0.146715
15.3122, 0.146713
15.3525, 0.146711
15.3929, 0.14671
15.4333, 0.146708
15.4736, 0.146706
15.514, 0.146705
15.5543, 0.146703
15.5947, 0.146702
15.6351, 0.1467
15.6754, 0.146698
15.7158, 0.146697
15.7562, 0.146695
15.7966, 0.146694
15.837, 0.146692
15.8773, 0.14669
15.9177, 0.146689
15.9581, 0.146687
15.9984, 0.146686
16.0388, 0.146684
16.0792, 0.146683
16.1195, 0.146681
16.1599, 0.14668
16.2003, 0.146678
16.2406, 0.146677
16.281, 0.146675
16.3214, 0.146674
16.3618, 0.146672
16.4022, 0.146671
16.4425, 0.14667
16.4829, 0.146668
16.5232, 0.146667
16.5636, 0.146665
16.604, 0.146664
16.6443, 0.146663
16.6847, 0.146661
16.725, 0.14666
16.7654, 0.146658
16.8058, 0.146657
16.8461, 0.146656
16.8865, 0.146654
16.9268, 0.146653
16.9672, 0.146652
17.0076, 0.14665
17.0479, 0.146649
17.0883, 0.146648
17.1287, 0.146647
17.169, 0.146645
17.2094, 0.146644
17.2498, 0.146643
17.2902, 0.146641
17.3305, 0.14664
17.3709, 0.146639
17.4112, 0.146638
17.4516, 0.146636
17.4919, 0.146635
17.5323, 0.146634
17.5727, 0.146633
17.613, 0.146632
17.6534, 0.14663
17.6938, 0.146629
17.7341, 0.146628
17.7745, 0.146627
17.8148, 0.146626
17.8552, 0.146625
17.8955, 0.146623
17.9359, 0.146622
17.9763, 0.146621
18.0167, 0.14662
18.057, 0.146619
18.0974, 0.146618
18.1377, 0.146617
18.1781, 0.146615
18.2185, 0.146614
18.2589, 0.146613
18.2993, 0.146612
18.3396, 0.146611
18.38, 0.14661
18.4204, 0.146609
18.4607, 0.146608
18.5011, 0.146607
18.5415, 0.146606
18.5818, 0.146605
18.6222, 0.146604
18.6625, 0.146602
18.7029, 0.146601
18.7433, 0.1466
18.7837, 0.146599
18.8241, 0.146598
18.8644, 0.146597
18.9048, 0.146596
18.9451, 0.146595
18.9855, 0.146594
19.0259, 0.146593
19.0662, 0.146592
19.1066, 0.146591
19.147, 0.14659
19.1873, 0.146589
19.2277, 0.146588
19.268, 0.146587
19.3084, 0.146586
19.3488, 0.146586
19.3892, 0.146585
19.4295, 0.146584
19.4699, 0.146583
19.5102, 0.146582
19.5506, 0.146581
19.591, 0.14658
19.6314, 0.146579
19.6717, 0.146578
19.7121, 0.146577
19.7525, 0.146576
19.7928, 0.146575
19.8332, 0.146574
19.8736, 0.146574
19.9172, 0.146573
19.9577, 0.146572
19.998, 0.146571
20.0384, 0.14657
20.0788, 0.146569
20.1191, 0.146568
20.1595, 0.146567
20.1998, 0.146567
20.2402, 0.146566
20.2805, 0.146565
20.3209, 0.146564
20.3613, 0.146563
20.4016, 0.146562
20.442, 0.146562
20.4824, 0.146561
20.5227, 0.14656
20.5631, 0.146559
20.6034, 0.146558
20.6438, 0.146557
20.6842, 0.146557
20.7245, 0.146556
20.7649, 0.146555
20.8053, 0.146554
20.8457, 0.146553
20.886, 0.146553
20.9264, 0.146552
20.9668, 0.146551
21.0071, 0.14655
21.0475, 0.14655
21.0878, 0.146549
21.1282, 0.146548
21.1686, 0.146547
21.209, 0.146547
21.2493, 0.146546
21.2897, 0.146545
21.33, 0.146544
21.3704, 0.146544
21.4107, 0.146543
21.4511, 0.146542
21.4914, 0.146541
21.5318, 0.146541
21.5722, 0.14654
21.6126, 0.146539
21.6529, 0.146538
21.6933, 0.146538
21.7336, 0.146537
21.774, 0.146536
21.8144, 0.146536
21.8547, 0.146535
21.8951, 0.146534
21.9355, 0.146534
21.9759, 0.146533
22.0162, 0.146532
22.0566, 0.146531
22.0969, 0.146531
22.1373, 0.14653
22.1777, 0.146529
22.218, 0.146529
22.2584, 0.146528
22.2987, 0.146527
22.3391, 0.146527
22.3795, 0.146526
22.4199, 0.146525
22.4602, 0.146525
22.5006, 0.146524
22.5409, 0.146523
22.5813, 0.146523
22.6217, 0.146522
22.662, 0.146522
22.7024, 0.146521
22.7427, 0.14652
22.7831, 0.14652
22.8234, 0.146519
22.8638, 0.146518
22.9042, 0.146518
22.9446, 0.146517
22.9849, 0.146517
23.0253, 0.146516
23.0657, 0.146515
23.106, 0.146515
23.1464, 0.146514
23.1868, 0.146513
23.2272, 0.146513
23.2675, 0.146512
23.3079, 0.146512
23.3482, 0.146511
23.3886, 0.146511
23.4289, 0.14651
23.4693, 0.146509
23.5097, 0.146509
23.5501, 0.146508
23.5904, 0.146508
23.6308, 0.146507
23.6712, 0.146506
23.7116, 0.146506
23.7519, 0.146505
23.7923, 0.146505
23.8327, 0.146504
23.873, 0.146504
23.9134, 0.146503
23.9538, 0.146503
23.9942, 0.146502
24.0345, 0.146501
24.0749, 0.146501
24.1152, 0.1465
24.1556, 0.1465
24.1959, 0.146499
24.2363, 0.146499
24.2767, 0.146498
24.317, 0.146498
24.3574, 0.146497
24.3977, 0.146497
24.4381, 0.146496
24.4785, 0.146496
24.5188, 0.146495
24.5592, 0.146494
24.5996, 0.146494
24.6399, 0.146493
24.6803, 0.146493
24.7207, 0.146492
24.761, 0.146492
24.8014, 0.146491
24.8418, 0.146491
24.8822, 0.14649
24.9225, 0.14649
24.9629, 0.146489
