0, 0.163225
0.756382, 0.162652
0.92953, 0.162116
1.09279, 0.161613
1.26155, 0.161138
1.43293, 0.160688
1.59645, 0.160261
1.75094, 0.159856
1.90734, 0.15947
2.06623, 0.159102
2.22347, 0.15875
2.37984, 0.158414
2.53655, 0.158092
2.69364, 0.157783
2.84988, 0.157487
3.00486, 0.157203
3.16154, 0.15693
3.32596, 0.156668
3.48182, 0.156415
3.6375, 0.156172
3.79543, 0.155937
3.95005, 0.155711
4.1056, 0.155493
4.26146, 0.155282
4.41814, 0.155078
4.57299, 0.154882
4.72866, 0.154691
4.88615, 0.154508
5.04207, 0.15433
5.19835, 0.154158
5.3525, 0.153991
5.50927, 0.15383
5.66603, 0.153674
5.82149, 0.153523
5.97716, 0.153376
6.13217, 0.153234
6.28871, 0.153096
6.44472, 0.152963
6.61142, 0.152833
6.76781, 0.152707
6.92264, 0.152585
7.07772, 0.152466
7.23305, 0.15235
7.39016, 0.152238
7.54887, 0.15213
7.70525, 0.152024
7.86236, 0.151921
8.02102, 0.151821
8.17548, 0.151723
8.33166, 0.151628
8.48743, 0.151536
8.64342, 0.151446
8.8009, 0.151359
8.95807, 0.151273
9.11363, 0.15119
9.27016, 0.151109
9.42733, 0.15103
9.58387, 0.150953
9.73984, 0.150878
9.89499, 0.150805
10.0499, 0.150734
10.205, 0.150664
10.3608, 0.150596
10.5162, 0.15053
10.6754, 0.150465
10.8325, 0.150402
10.9908, 0.15034
11.1485, 0.15028
11.3062, 0.150221
11.4633, 0.150164
11.6219, 0.150108
11.7889, 0.150053
11.9462, 0.149999
12.1046, 0.149946
12.2601, 0.149895
12.416, 0.149845
12.5709, 0.149796
12.7261, 0.149748
12.8816, 0.149701
13.04, 0.149655
13.1994, 0.149609
13.356, 0.149565
13.5123, 0.149522
13.6643, 0.14948
13.8209, 0.149438
13.9757, 0.149398
14.1321, 0.149358
14.2396, 0.149319
14.3458, 0.149281
14.4546, 0.149243
14.5614, 0.149207
14.6699, 0.149171
14.7794, 0.149135
14.8874, 0.149101
14.9971, 0.149067
15.1047, 0.149034
15.2119, 0.149001
15.3206, 0.148969
15.4283, 0.148937
15.539, 0.148907
15.6479, 0.148876
15.7572, 0.148846
15.8662, 0.148817
15.9755, 0.148789
16.0854, 0.14876
16.1949, 0.148733
16.3037, 0.148706
16.414, 0.148679
16.5226, 0.148653
16.6321, 0.148627
16.7416, 0.148602
16.8504, 0.148577
16.9608, 0.148552
17.0693, 0.148528
17.1775, 0.148505
17.286, 0.148481
17.394, 0.148458
17.503, 0.148436
17.6109, 0.148414
17.7208, 0.148392
17.8302, 0.148371
17.9393, 0.14835
18.0494, 0.148329
18.1576, 0.148309
18.2659, 0.148289
18.3753, 0.148269
18.4842, 0.14825
18.5944, 0.148231
18.7032, 0.148212
18.8114, 0.148193
18.921, 0.148175
19.0293, 0.148157
19.1391, 0.148139
19.2465, 0.148122
19.3523, 0.148105
19.4593, 0.148088
19.5689, 0.148071
19.6776, 0.148055
19.7869, 0.148039
19.8962, 0.148023
20.0137, 0.148007
20.1226, 0.147992
20.2303, 0.147977
20.3393, 0.147961
20.4481, 0.147947
20.5555, 0.147932
20.6629, 0.147918
20.7716, 0.147904
20.8812, 0.14789
20.9894, 0.147876
21.0996, 0.147862
21.2089, 0.147849
21.3176, 0.147836
21.4273, 0.147822
21.5352, 0.14781
21.6454, 0.147797
21.7535, 0.147784
21.8631, 0.147772
21.9722, 0.14776
22.081, 0.147748
22.1904, 0.147736
22.2989, 0.147724
22.4076, 0.147713
22.5152, 0.147701
22.6239, 0.14769
22.7307, 0.147679
22.8375, 0.147668
22.945, 0.147657
23.0517, 0.147646
23.1609, 0.147635
23.2676, 0.147625
23.3755, 0.147615
23.4817, 0.147604
23.5899, 0.147594
23.6984, 0.147584
23.8051, 0.147575
23.9129, 0.147565
24.0197, 0.147555
24.1282, 0.147546
24.235, 0.147536
24.3426, 0.147527
24.4504, 0.147518
24.5572, 0.147509
24.666, 0.1475
24.7731, 0.147491
24.8821, 0.147482
24.9896, 0.147474
25.0979, 0.147465
25.2064, 0.147457
25.3135, 0.147449
25.4224, 0.14744
25.5295, 0.147432
25.6371, 0.147424
25.7447, 0.147416
25.8514, 0.147408
25.9601, 0.1474
26.0685, 0.147393
26.1757, 0.147385
26.2821, 0.147377
26.3887, 0.14737
26.4965, 0.147363
26.6031, 0.147355
26.7094, 0.147348
26.8163, 0.147341
26.9254, 0.147334
27.0327, 0.147327
27.1411, 0.14732
27.2489, 0.147313
27.3577, 0.147306
27.4662, 0.1473
27.5755, 0.147293
27.6862, 0.147286
27.7949, 0.14728
27.9046, 0.147274
28.0133, 0.147267
28.1211, 0.147261
28.2313, 0.147255
28.3404, 0.147248
28.4509, 0.147242
28.5605, 0.147236
28.6696, 0.14723
28.7801, 0.147224
28.8893, 0.147219
28.9995, 0.147213
29.1093, 0.147207
29.2186, 0.147201
29.3291, 0.147196
29.4367, 0.14719
29.5454, 0.147185
29.6535, 0.147179
29.7615, 0.147174
29.869, 0.147168
29.9766, 0.147163
30.0841, 0.147158
30.191, 0.147152
30.3009, 0.147147
30.4085, 0.147142
30.5169, 0.147137
30.6234, 0.147132
30.7319, 0.147127
30.8402, 0.147122
30.9459, 0.147117
31.0527, 0.147113
31.1597, 0.147108
31.2684, 0.147103
31.3758, 0.147098
31.484, 0.147094
31.5914, 0.147089
31.6984, 0.147084
31.8067, 0.14708
31.9134, 0.147075
32.022, 0.147071
32.1281, 0.147067
32.2368, 0.147062
32.3448, 0.147058
32.4522, 0.147054
32.5581, 0.147049
32.6657, 0.147045
32.7748, 0.147041
32.883, 0.147037
32.9925, 0.147033
33.102, 0.147029
33.2264, 0.147024
33.3354, 0.14702
33.4435, 0.147016
33.5513, 0.147013
33.6604, 0.147009
33.7685, 0.147005
33.879, 0.147001
33.9855, 0.146997
34.0928, 0.146993
34.2019, 0.14699
34.3095, 0.146986
34.4176, 0.146982
34.5254, 0.146979
34.6325, 0.146975
34.7415, 0.146971
34.8488, 0.146968
34.9569, 0.146964
35.0634, 0.146961
35.1717, 0.146957
35.2791, 0.146954
35.3891, 0.14695
35.4968, 0.146947
35.6051, 0.146944
35.7118, 0.14694
35.8173, 0.146937
35.9237, 0.146934
36.0304, 0.14693
36.1381, 0.146927
36.245, 0.146924
36.3543, 0.146921
36.4602, 0.146918
36.5673, 0.146914
36.6747, 0.146911
36.782, 0.146908
36.8909, 0.146905
36.9978, 0.146902
37.1061, 0.146899
37.2143, 0.146896
37.322, 0.146893
37.431, 0.14689
37.538, 0.146887
37.6475, 0.146884
37.7562, 0.146882
37.8646, 0.146879
37.9747, 0.146876
38.084, 0.146873
38.1932, 0.14687
38.3025, 0.146868
38.4113, 0.146865
38.5216, 0.146862
38.6307, 0.146859
38.7385, 0.146857
38.8484, 0.146854
38.9569, 0.146851
39.0665, 0.146849
39.1762, 0.146846
39.2852, 0.146844
39.3959, 0.146841
39.5049, 0.146838
39.6145, 0.146836
39.7247, 0.146833
39.8324, 0.146831
39.9425, 0.146828
40.052, 0.146826
40.16, 0.146823
40.2706, 0.146821
40.3793, 0.146819
40.489, 0.146816
40.5991, 0.146814
40.7078, 0.146811
40.8174, 0.146809
40.9268, 0.146807
41.0347, 0.146805
41.1451, 0.146802
41.2538, 0.1468
41.3629, 0.146798
41.4726, 0.146795
41.5813, 0.146793
41.6916, 0.146791
41.8008, 0.146789
41.9103, 0.146787
42.0201, 0.146784
42.1293, 0.146782
42.2395, 0.14678
42.3494, 0.146778
42.4586, 0.146776
42.5687, 0.146774
42.6777, 0.146772
42.7868, 0.14677
42.8964, 0.146768
43.0053, 0.146766
43.1156, 0.146764
43.2234, 0.146762
43.333, 0.14676
43.4437, 0.146758
43.5532, 0.146756
43.6634, 0.146754
43.7734, 0.146752
43.8829, 0.14675
43.9935, 0.146748
44.1031, 0.146746
44.2125, 0.146744
44.3214, 0.146742
44.4303, 0.14674
44.5409, 0.146738
44.6507, 0.146737
44.7602, 0.146735
44.871, 0.146733
44.9803, 0.146731
45.0895, 0.146729
45.1998, 0.146728
45.3074, 0.146726
45.4132, 0.146724
45.522, 0.146722
45.6311, 0.14672
45.7415, 0.146719
45.8508, 0.146717
45.9594, 0.146715
46.0692, 0.146714
46.1782, 0.146712
46.2886, 0.14671
46.3968, 0.146709
46.5063, 0.146707
46.6168, 0.146705
46.7263, 0.146704
46.8354, 0.146702
46.9451, 0.1467
47.0547, 0.146699
47.1646, 0.146697
47.273, 0.146696
47.3824, 0.146694
47.4917, 0.146692
47.6, 0.146691
47.7089, 0.146689
47.8175, 0.146688
47.9273, 0.146686
48.0368, 0.146685
48.1446, 0.146683
48.2552, 0.146682
48.3641, 0.14668
48.4729, 0.146679
48.5833, 0.146677
48.6925, 0.146676
48.8032, 0.146674
48.9126, 0.146673
49.0218, 0.146672
49.1322, 0.14667
49.2402, 0.146669
49.3486, 0.146667
49.4566, 0.146666
49.5639, 0.146664
49.6711, 0.146663
49.779, 0.146662
49.8879, 0.14666
49.9937, 0.146659
50.1025, 0.146658
50.2112, 0.146656
50.32, 0.146655
50.4296, 0.146654
50.5387, 0.146652
50.6484, 0.146651
50.7583, 0.14665
50.8673, 0.146648
50.9773, 0.146647
51.0864, 0.146646
51.1959, 0.146644
51.3142, 0.146643
51.4234, 0.146642
51.5342, 0.146641
51.6429, 0.146639
51.7531, 0.146638
51.8607, 0.146637
51.9697, 0.146636
52.0775, 0.146634
52.1874, 0.146633
52.294, 0.146632
52.4036, 0.146631
52.5125, 0.14663
52.6224, 0.146628
52.7303, 0.146627
52.8405, 0.146626
52.949, 0.146625
53.058, 0.146624
53.1673, 0.146623
53.2768, 0.146622
53.3869, 0.14662
53.4946, 0.146619
53.604, 0.146618
53.7117, 0.146617
53.8219, 0.146616
53.9287, 0.146615
54.0383, 0.146614
54.1456, 0.146613
54.2635, 0.146611
54.3708, 0.14661
54.4814, 0.146609
54.5415, 0.146608
54.6017, 0.146607
54.6613, 0.146606
54.721, 0.146605
54.78, 0.146604
54.8386, 0.146603
54.8972, 0.146602
54.9569, 0.146601
55.0163, 0.1466
55.0757, 0.146599
55.1345, 0.146598
55.1932, 0.146597
55.253, 0.146596
55.3123, 0.146595
55.3712, 0.146594
55.4299, 0.146593
55.4886, 0.146592
55.5483, 0.146591
55.6075, 0.14659
55.6669, 0.146589
55.7262, 0.146588
55.7851, 0.146587
55.8439, 0.146586
55.9037, 0.146585
55.9639, 0.146584
56.0232, 0.146583
56.0826, 0.146582
56.1409, 0.146581
56.1991, 0.14658
56.2552, 0.146579
56.311, 0.146578
56.3711, 0.146577
56.43, 0.146576
56.4886, 0.146576
56.5483, 0.146575
56.6077, 0.146574
56.6672, 0.146573
56.7258, 0.146572
56.7837, 0.146571
56.8424, 0.14657
56.9021, 0.146569
56.9617, 0.146569
57.0213, 0.146568
57.0804, 0.146567
57.1402, 0.146566
57.1998, 0.146565
57.2601, 0.146564
57.3199, 0.146563
57.3799, 0.146563
57.4382, 0.146562
57.4977, 0.146561
57.5551, 0.14656
57.6146, 0.146559
57.6746, 0.146558
57.7339, 0.146558
57.7923, 0.146557
57.8519, 0.146556
57.9116, 0.146555
57.9706, 0.146554
58.0294, 0.146554
58.0882, 0.146553
58.1471, 0.146552
58.2069, 0.146551
58.2652, 0.14655
58.3241, 0.14655
58.3838, 0.146549
58.4434, 0.146548
58.502, 0.146547
58.5604, 0.146547
58.6199, 0.146546
58.6796, 0.146545
58.7395, 0.146544
58.7986, 0.146544
58.8571, 0.146543
58.917, 0.146542
58.9773, 0.146541
59.0371, 0.146541
59.0969, 0.14654
59.1572, 0.146539
59.2177, 0.146539
59.278, 0.146538
59.3379, 0.146537
59.3973, 0.146536
59.457, 0.146536
59.5176, 0.146535
59.5778, 0.146534
59.6381, 0.146534
59.6974, 0.146533
59.7574, 0.146532
59.8176, 0.146531
59.878, 0.146531
59.9383, 0.14653
59.9983, 0.146529
60.0578, 0.146529
60.1171, 0.146528
60.1776, 0.146527
60.2375, 0.146527
60.2975, 0.146526
60.357, 0.146525
60.4167, 0.146525
60.4764, 0.146524
60.5363, 0.146523
60.596, 0.146523
60.6558, 0.146522
60.7152, 0.146522
60.775, 0.146521
60.8346, 0.14652
60.8939, 0.14652
60.9529, 0.146519
61.0137, 0.146518
61.0741, 0.146518
61.1339, 0.146517
61.1936, 0.146517
61.2534, 0.146516
61.3129, 0.146515
61.3718, 0.146515
61.4319, 0.146514
61.4921, 0.146513
61.5518, 0.146513
61.6112, 0.146512
61.6707, 0.146512
61.7298, 0.146511
61.7893, 0.14651
61.8487, 0.14651
61.9086, 0.146509
61.9681, 0.146509
62.0271, 0.146508
62.0867, 0.146508
62.1466, 0.146507
62.2059, 0.146506
62.2653, 0.146506
62.3251, 0.146505
62.3835, 0.146505
62.4433, 0.146504
62.5024, 0.146504
62.5616, 0.146503
62.6213, 0.146502
62.6815, 0.146502
62.7418, 0.146501
62.8016, 0.146501
62.8614, 0.1465
62.9213, 0.1465
62.9808, 0.146499
63.0412, 0.146499
63.1016, 0.146498
63.1618, 0.146498
63.2215, 0.146497
63.2814, 0.146497
63.3416, 0.146496
63.4022, 0.146495
63.4623, 0.146495
63.5222, 0.146494
63.582, 0.146494
63.6417, 0.146493
63.7014, 0.146493
63.7616, 0.146492
63.8218, 0.146492
63.8816, 0.146491
63.9411, 0.146491
64.0014, 0.14649
64.062, 0.14649
64.1223, 0.146489
