0, 3.84004e+06
7.3725, 4.54367
8.1817, 4.54364
8.9244, 4.54361
9.65955, 4.54358
10.3946, 4.54355
11.1297, 4.54352
11.8543, 4.54349
12.5703, 4.54347
13.2974, 4.54344
14.0115, 4.54342
14.7193, 4.5434
15.4274, 4.54337
16.132, 4.54335
16.835, 4.54333
17.5334, 4.54331
18.2173, 4.54329
18.887, 4.54326
19.5483, 4.54324
20.1986, 4.54322
20.8506, 4.5432
21.5211, 4.54318
22.202, 4.54317
22.8804, 4.54315
23.5391, 4.54313
24.1815, 4.54311
24.8452, 4.5431
25.4926, 4.54308
26.1368, 4.54306
26.7793, 4.54305
27.4156, 4.54303
28.0662, 4.54302
28.7058, 4.54301
29.3547, 4.54299
29.9807, 4.54298
30.5937, 4.54296
31.2368, 4.54295
31.8781, 4.54294
32.5211, 4.54292
33.1685, 4.54291
33.7976, 4.54289
34.4182, 4.54288
35.0296, 4.54287
35.6572, 4.54286
36.3074, 4.54284
36.9244, 4.54283
37.5408, 4.54282
38.1517, 4.5428
38.7619, 4.54279
39.372, 4.54278
39.9901, 4.54277
40.6312, 4.54275
41.2736, 4.54274
41.9198, 4.54273
42.5416, 4.54272
43.161, 4.5427
43.7907, 4.54269
44.4013, 4.54268
45.0158, 4.54267
45.6263, 4.54266
46.2363, 4.54265
46.8495, 4.54263
47.5044, 4.54262
48.1146, 4.54261
48.7258, 4.5426
49.337, 4.54259
49.9501, 4.54258
50.5606, 4.54256
51.1704, 4.54255
51.7806, 4.54254
52.3903, 4.54253
53.0016, 4.54252
53.6178, 4.54251
54.2436, 4.54249
54.8867, 4.54248
55.5257, 4.54247
56.1662, 4.54246
56.7812, 4.54245
57.393, 4.54244
58.0561, 4.54243
58.7092, 4.54241
59.3585, 4.5424
60.0065, 4.54239
60.6575, 4.54238
61.3065, 4.54237
61.9541, 4.54236
62.5998, 4.54235
63.2395, 4.54234
63.8714, 4.54233
64.5157, 4.54231
65.1338, 4.5423
65.7446, 4.54229
66.3855, 4.54228
67.0258, 4.54227
67.6667, 4.54226
68.3072, 4.54225
68.9477, 4.54224
69.5881, 4.54223
70.2287, 4.54221
70.8698, 4.5422
71.5112, 4.54219
72.1487, 4.54218
72.7844, 4.54217
73.4256, 4.54216
74.0663, 4.54215
74.7258, 4.54214
75.3902, 4.54213
76.0313, 4.54212
76.6741, 4.5421
77.2904, 4.54209
77.8999, 4.54208
78.51, 4.54207
79.1199, 4.54206
79.7632, 4.54205
80.3733, 4.54204
80.9852, 4.54203
81.595, 4.54202
82.2055, 4.54201
82.8156, 4.542
83.4253, 4.54198
84.0352, 4.54197
84.652, 4.54196
85.2626, 4.54195
85.8722, 4.54194
86.4821, 4.54193
87.0928, 4.54192
87.7028, 4.54191
88.313, 4.5419
88.9231, 4.54189
89.5328, 4.54188
90.1428, 4.54187
90.7533, 4.54186
91.3635, 4.54184
91.9732, 4.54183
92.5827, 4.54182
93.1936, 4.54181
93.8041, 4.5418
94.4273, 4.54179
95.0367, 4.54178
95.6465, 4.54177
96.2561, 4.54176
96.866, 4.54175
97.4755, 4.54174
98.0851, 4.54173
98.6941, 4.54172
99.3042, 4.54171
99.9148, 4.5417
100.525, 4.54169
101.136, 4.54167
101.746, 4.54166
102.356, 4.54165
102.967, 4.54164
103.587, 4.54163
104.208, 4.54162
104.819, 4.54161
105.429, 4.5416
106.039, 4.54159
106.649, 4.54158
107.259, 4.54157
107.869, 4.54156
108.479, 4.54155
109.089, 4.54154
109.699, 4.54153
110.31, 4.54152
110.924, 4.54151
111.533, 4.5415
112.143, 4.54149
112.753, 4.54148
113.363, 4.54146
113.973, 4.54145
114.583, 4.54144
115.192, 4.54143
115.801, 4.54142
116.417, 4.54141
117.027, 4.5414
117.637, 4.54139
118.248, 4.54138
118.858, 4.54137
119.468, 4.54136
120.079, 4.54135
120.689, 4.54134
121.3, 4.54133
121.91, 4.54132
122.519, 4.54131
123.128, 4.5413
123.739, 4.54129
124.35, 4.54128
124.96, 4.54127
125.57, 4.54126
126.18, 4.54125
126.798, 4.54124
127.42, 4.54123
128.03, 4.54122
128.639, 4.54121
129.249, 4.5412
129.859, 4.54119
130.469, 4.54118
131.079, 4.54117
131.689, 4.54116
132.299, 4.54115
132.911, 4.54114
133.52, 4.54113
134.13, 4.54112
134.74, 4.54111
135.351, 4.5411
135.973, 4.54108
136.62, 4.54107
137.254, 4.54106
137.882, 4.54105
138.514, 4.54104
139.148, 4.54103
139.767, 4.54102
140.394, 4.54101
141.026, 4.541
141.638, 4.54099
142.248, 4.54098
142.859, 4.54097
143.472, 4.54096
144.083, 4.54095
144.711, 4.54094
145.321, 4.54093
145.932, 4.54092
146.543, 4.54091
147.152, 4.5409
147.763, 4.54089
148.374, 4.54088
149, 4.54087
149.627, 4.54086
150.252, 4.54085
150.862, 4.54084
151.473, 4.54083
152.083, 4.54082
152.693, 4.54081
153.304, 4.5408
153.914, 4.54079
154.524, 4.54078
155.134, 4.54077
155.744, 4.54076
156.353, 4.54075
156.964, 4.54074
157.573, 4.54073
158.182, 4.54072
158.793, 4.54071
159.402, 4.5407
160.013, 4.54069
160.623, 4.54068
161.234, 4.54067
161.846, 4.54066
162.456, 4.54065
163.066, 4.54064
163.678, 4.54063
164.288, 4.54062
164.898, 4.54061
165.508, 4.5406
166.119, 4.54059
166.729, 4.54058
167.339, 4.54057
167.949, 4.54056
168.559, 4.54055
169.201, 4.54054
169.853, 4.54053
170.485, 4.54052
171.142, 4.54051
171.785, 4.5405
172.428, 4.54049
173.039, 4.54048
173.65, 4.54047
174.261, 4.54046
174.87, 4.54045
175.48, 4.54044
176.091, 4.54043
176.701, 4.54042
177.311, 4.54041
177.92, 4.5404
178.533, 4.54039
179.166, 4.54038
179.825, 4.54037
180.473, 4.54036
181.129, 4.54035
181.784, 4.54035
182.43, 4.54034
183.068, 4.54033
183.717, 4.54032
184.362, 4.54031
184.975, 4.5403
185.584, 4.54029
186.194, 4.54028
186.804, 4.54027
187.414, 4.54026
188.044, 4.54025
188.679, 4.54024
189.323, 4.54023
189.955, 4.54022
190.596, 4.54021
191.222, 4.5402
191.833, 4.54019
192.443, 4.54018
193.078, 4.54017
193.717, 4.54016
194.349, 4.54015
194.977, 4.54014
195.618, 4.54013
196.257, 4.54012
196.871, 4.54011
197.501, 4.5401
198.141, 4.54009
198.782, 4.54008
199.419, 4.54007
200.068, 4.54006
200.709, 4.54005
201.349, 4.54004
201.989, 4.54003
202.63, 4.54002
203.264, 4.54002
203.89, 4.54001
204.539, 4.54
205.184, 4.53999
205.83, 4.53998
206.477, 4.53997
207.11, 4.53996
207.752, 4.53995
208.398, 4.53994
209.04, 4.53993
209.688, 4.53992
210.337, 4.53991
210.963, 4.5399
211.574, 4.53989
212.183, 4.53988
212.808, 4.53987
213.435, 4.53986
214.056, 4.53985
214.671, 4.53984
215.288, 4.53983
215.922, 4.53982
216.549, 4.53982
217.169, 4.53981
217.8, 4.5398
218.411, 4.53979
219.021, 4.53978
219.633, 4.53977
220.244, 4.53976
220.855, 4.53975
221.464, 4.53974
222.074, 4.53973
222.684, 4.53972
223.294, 4.53971
223.903, 4.5397
224.527, 4.5397
225.148, 4.53968
225.766, 4.53967
226.385, 4.53966
227.004, 4.53965
227.619, 4.53964
228.233, 4.53963
228.848, 4.53962
229.465, 4.53961
230.083, 4.53961
232.489, 4.5396
233.276, 4.53959
234.038, 4.53958
236.438, 4.53956
238.414, 4.53955
239.092, 4.53954
240.605, 4.53953
242.94, 4.53953
244.479, 4.53952
245.13, 4.5395
247.458, 4.53948
249.838, 4.53946
250.538, 4.53945
252.912, 4.53944
255.296, 4.53943
257.678, 4.53943
258.383, 4.5394
260.753, 4.53938
263.145, 4.53936
263.855, 4.53934
266.161, 4.53933
268.559, 4.53933
270.949, 4.53932
272.498, 4.53929
274.862, 4.53926
277.258, 4.53923
277.972, 4.53921
280.36, 4.5392
282.757, 4.53921
