0, 2.62329
4.48019, 2.62327
5.27438, 2.62326
6.0705, 2.62324
6.87143, 2.62322
7.70285, 2.6232
8.50648, 2.62319
9.30906, 2.62317
10.0951, 2.62315
10.8769, 2.62314
11.6531, 2.62312
12.4431, 2.6231
13.2166, 2.62309
13.9906, 2.62307
14.7651, 2.62305
15.5676, 2.62304
16.3413, 2.62302
17.1138, 2.623
17.8931, 2.62299
18.6679, 2.62297
19.4456, 2.62295
20.2207, 2.62294
20.9997, 2.62292
21.7751, 2.6229
22.5527, 2.62289
23.3422, 2.62287
24.1187, 2.62286
24.8935, 2.62284
25.6702, 2.62282
26.4459, 2.62281
27.221, 2.62279
27.9944, 2.62278
28.7765, 2.62276
29.5733, 2.62274
30.3798, 2.62273
31.1876, 2.62271
31.9946, 2.6227
32.8053, 2.62268
33.6067, 2.62267
34.3855, 2.62265
35.1593, 2.62263
35.935, 2.62262
36.7136, 2.6226
37.4872, 2.62259
38.2624, 2.62257
39.0373, 2.62256
39.8119, 2.62254
40.6027, 2.62253
41.3762, 2.62251
42.1503, 2.6225
42.924, 2.62248
43.6979, 2.62247
44.4708, 2.62245
45.2458, 2.62244
46.0217, 2.62242
46.7971, 2.62241
47.5718, 2.62239
48.3454, 2.62238
49.1209, 2.62236
49.8946, 2.62235
50.6992, 2.62233
51.4736, 2.62232
52.2457, 2.6223
53.0199, 2.62229
53.7944, 2.62227
54.5694, 2.62226
55.3439, 2.62224
56.1209, 2.62223
56.8964, 2.62221
57.6721, 2.6222
58.4467, 2.62218
59.2214, 2.62217
59.9966, 2.62216
60.7703, 2.62214
61.5714, 2.62213
62.3735, 2.62211
63.1809, 2.6221
63.9734, 2.62208
64.7488, 2.62207
65.5312, 2.62206
66.3162, 2.62204
67.0907, 2.62203
67.8643, 2.62201
68.6536, 2.622
69.4309, 2.62198
70.2042, 2.62197
70.9788, 2.62196
71.7521, 2.62194
72.5258, 2.62193
73.3004, 2.62192
74.0763, 2.6219
74.8508, 2.62189
75.6256, 2.62187
76.399, 2.62186
77.1722, 2.62185
77.9475, 2.62183
78.7234, 2.62182
79.4976, 2.62181
80.2713, 2.62179
81.0516, 2.62178
81.8312, 2.62176
82.6053, 2.62175
83.3799, 2.62174
84.1666, 2.62172
84.9612, 2.62171
85.7363, 2.6217
86.5113, 2.62168
87.2878, 2.62167
88.07, 2.62166
88.8524, 2.62164
89.6271, 2.62163
90.4029, 2.62162
91.179, 2.6216
91.9554, 2.62159
92.7307, 2.62158
93.5058, 2.62156
94.2866, 2.62155
95.0628, 2.62154
95.8384, 2.62152
96.6158, 2.62151
97.3909, 2.6215
98.1661, 2.62148
98.943, 2.62147
99.7225, 2.62146
100.543, 2.62144
101.362, 2.62143
102.171, 2.62142
102.978, 2.6214
103.79, 2.62139
104.598, 2.62138
105.407, 2.62136
106.209, 2.62135
107.01, 2.62134
107.793, 2.62133
108.568, 2.62131
109.343, 2.6213
110.12, 2.62129
110.896, 2.62127
111.705, 2.62126
112.513, 2.62125
113.319, 2.62124
114.127, 2.62122
114.902, 2.62121
115.679, 2.6212
116.455, 2.62119
117.231, 2.62117
118.029, 2.62116
119.108, 2.62115
120.169, 2.62113
120.999, 2.62112
121.801, 2.62111
122.575, 2.6211
123.35, 2.62108
124.126, 2.62107
124.918, 2.62106
125.709, 2.62105
126.488, 2.62104
127.262, 2.62102
128.039, 2.62101
128.816, 2.621
129.595, 2.62099
130.372, 2.62097
131.149, 2.62096
131.923, 2.62095
132.701, 2.62094
133.478, 2.62092
134.254, 2.62091
135.038, 2.6209
135.839, 2.62089
136.615, 2.62088
137.395, 2.62086
138.172, 2.62085
138.949, 2.62084
139.725, 2.62083
140.501, 2.62082
141.276, 2.6208
142.051, 2.62079
142.828, 2.62078
143.603, 2.62077
144.381, 2.62076
145.159, 2.62074
145.938, 2.62073
146.713, 2.62072
147.495, 2.62071
148.272, 2.6207
149.049, 2.62069
149.827, 2.62067
150.603, 2.62066
151.381, 2.62065
152.158, 2.62064
152.935, 2.62063
153.713, 2.62062
154.489, 2.6206
155.266, 2.62059
156.044, 2.62058
156.821, 2.62057
157.598, 2.62056
158.374, 2.62055
159.15, 2.62053
159.931, 2.62052
160.706, 2.62051
161.481, 2.6205
162.258, 2.62049
163.034, 2.62048
163.812, 2.62047
164.587, 2.62045
165.363, 2.62044
166.14, 2.62043
166.916, 2.62042
167.694, 2.62041
168.47, 2.6204
169.246, 2.62039
170.023, 2.62038
170.798, 2.62036
171.592, 2.62035
172.367, 2.62034
173.142, 2.62033
173.92, 2.62032
174.699, 2.62031
175.475, 2.6203
176.252, 2.62029
177.028, 2.62028
177.805, 2.62027
178.582, 2.62025
179.358, 2.62024
180.136, 2.62023
180.912, 2.62022
181.69, 2.62021
182.467, 2.6202
183.243, 2.62019
184.018, 2.62018
184.794, 2.62017
185.571, 2.62016
186.351, 2.62015
187.127, 2.62014
187.903, 2.62012
188.678, 2.62011
189.455, 2.6201
190.232, 2.62009
191.008, 2.62008
191.783, 2.62007
192.56, 2.62006
193.336, 2.62005
194.113, 2.62004
194.889, 2.62003
195.695, 2.62002
196.469, 2.62001
197.243, 2.62
198.034, 2.61999
198.843, 2.61998
199.651, 2.61997
200.464, 2.61996
201.28, 2.61995
202.091, 2.61994
202.907, 2.61993
203.705, 2.61991
204.486, 2.6199
205.264, 2.61989
206.044, 2.61988
206.821, 2.61987
207.601, 2.61986
208.378, 2.61985
209.154, 2.61984
209.944, 2.61983
210.754, 2.61982
211.557, 2.61981
212.359, 2.6198
213.162, 2.61979
213.957, 2.61978
214.734, 2.61977
215.51, 2.61976
216.288, 2.61975
217.064, 2.61974
217.843, 2.61973
218.62, 2.61972
219.398, 2.61971
220.179, 2.6197
220.958, 2.61969
221.734, 2.61968
222.51, 2.61967
223.288, 2.61966
224.063, 2.61965
224.84, 2.61964
225.617, 2.61963
226.394, 2.61962
227.172, 2.61961
227.95, 2.6196
228.726, 2.61959
229.503, 2.61958
230.281, 2.61957
231.057, 2.61956
231.85, 2.61955
232.625, 2.61954
233.401, 2.61953
234.178, 2.61952
234.955, 2.61951
235.733, 2.61951
236.508, 2.6195
237.286, 2.61949
238.063, 2.61948
238.84, 2.61947
239.616, 2.61946
240.393, 2.61945
241.168, 2.61944
241.946, 2.61943
242.723, 2.61942
243.498, 2.61941
244.273, 2.6194
245.048, 2.61939
245.827, 2.61938
246.604, 2.61937
247.381, 2.61936
248.158, 2.61935
248.936, 2.61934
249.713, 2.61933
250.489, 2.61932
251.266, 2.61931
252.043, 2.6193
252.819, 2.61929
253.599, 2.61928
254.375, 2.61928
255.152, 2.61927
255.96, 2.61926
256.735, 2.61925
257.512, 2.61924
258.29, 2.61923
259.066, 2.61922
259.843, 2.61921
260.618, 2.6192
261.395, 2.61919
262.172, 2.61918
262.949, 2.61917
263.724, 2.61916
264.503, 2.61915
265.28, 2.61915
266.058, 2.61914
266.834, 2.61913
267.615, 2.61912
268.392, 2.61911
269.167, 2.6191
269.944, 2.61909
270.723, 2.61908
271.5, 2.61907
272.277, 2.61906
273.052, 2.61905
273.83, 2.61904
274.606, 2.61904
275.387, 2.61903
276.176, 2.61902
276.953, 2.61901
277.731, 2.619
278.507, 2.61899
279.283, 2.61898
280.065, 2.61897
280.84, 2.61896
281.615, 2.61896
282.391, 2.61895
283.168, 2.61894
283.943, 2.61893
284.719, 2.61892
285.496, 2.61891
286.271, 2.6189
287.046, 2.61889
287.821, 2.61888
288.598, 2.61888
289.374, 2.61887
290.151, 2.61886
290.929, 2.61885
291.707, 2.61884
292.501, 2.61883
293.277, 2.61882
294.056, 2.61882
294.832, 2.61881
295.609, 2.6188
296.385, 2.61879
297.161, 2.61878
297.938, 2.61877
298.714, 2.61876
299.491, 2.61876
300.29, 2.61875
301.106, 2.61874
301.905, 2.61873
302.682, 2.61872
303.458, 2.61871
304.235, 2.6187
305.011, 2.6187
305.789, 2.61869
306.566, 2.61868
307.343, 2.61867
308.12, 2.61866
308.898, 2.61865
309.676, 2.61865
310.453, 2.61864
311.23, 2.61863
312.015, 2.61862
312.823, 2.61861
313.631, 2.6186
314.412, 2.6186
315.189, 2.61859
315.994, 2.61858
316.772, 2.61857
317.549, 2.61856
318.325, 2.61855
319.102, 2.61855
319.878, 2.61854
320.654, 2.61853
321.43, 2.61852
322.204, 2.61851
322.982, 2.61851
323.757, 2.6185
324.537, 2.61849
325.314, 2.61848
326.091, 2.61847
326.867, 2.61846
327.644, 2.61846
328.424, 2.61845
329.201, 2.61844
329.979, 2.61843
330.755, 2.61842
331.532, 2.61842
332.308, 2.61841
333.085, 2.6184
333.861, 2.61839
334.637, 2.61839
335.413, 2.61838
336.19, 2.61837
336.967, 2.61836
337.742, 2.61835
338.518, 2.61835
339.296, 2.61834
340.076, 2.61833
340.852, 2.61832
341.627, 2.61831
342.404, 2.61831
343.179, 2.6183
343.957, 2.61829
344.733, 2.61828
345.511, 2.61828
346.289, 2.61827
347.066, 2.61826
347.844, 2.61825
348.62, 2.61825
349.396, 2.61824
350.116, 2.61823
350.892, 2.61822
351.67, 2.61821
352.465, 2.61821
353.242, 2.6182
354.02, 2.61819
354.798, 2.61818
355.576, 2.61818
356.353, 2.61817
357.13, 2.61816
357.908, 2.61815
358.685, 2.61815
359.462, 2.61814
360.239, 2.61813
361.016, 2.61812
361.794, 2.61812
362.571, 2.61811
363.348, 2.6181
364.125, 2.61809
364.902, 2.61809
365.686, 2.61808
366.466, 2.61807
367.242, 2.61806
368.018, 2.61806
368.794, 2.61805
369.571, 2.61804
370.349, 2.61804
371.125, 2.61803
371.901, 2.61802
372.679, 2.61801
373.455, 2.61801
374.233, 2.618
375.01, 2.61799
375.728, 2.61798
376.535, 2.61798
377.251, 2.61797
378.029, 2.61796
378.806, 2.61796
379.584, 2.61795
380.368, 2.61794
381.145, 2.61793
381.922, 2.61793
382.697, 2.61792
383.472, 2.61791
384.19, 2.61791
384.966, 2.6179
385.745, 2.61789
386.464, 2.61788
387.181, 2.61788
387.957, 2.61787
388.677, 2.61786
389.394, 2.61786
390.191, 2.61785
391.013, 2.61784
391.835, 2.61784
392.582, 2.61783
393.389, 2.61782
394.119, 2.61782
394.835, 2.61781
395.551, 2.6178
396.329, 2.61779
397.104, 2.61779
397.882, 2.61778
398.66, 2.61777
399.437, 2.61777
400.213, 2.61776
400.994, 2.61775
401.71, 2.61775
402.485, 2.61774
403.263, 2.61773
404.038, 2.61773
404.813, 2.61772
405.53, 2.61771
406.248, 2.61771
406.964, 2.6177
407.7, 2.61769
408.474, 2.61769
409.192, 2.61768
409.968, 2.61767
410.685, 2.61767
411.403, 2.61766
412.118, 2.61765
412.91, 2.61765
413.685, 2.61764
414.463, 2.61763
415.182, 2.61763
415.901, 2.61762
416.617, 2.61761
417.393, 2.61761
418.168, 2.6176
418.943, 2.61759
419.718, 2.61759
420.493, 2.61758
421.267, 2.61757
422.042, 2.61757
422.818, 2.61756
423.592, 2.61755
424.366, 2.61755
425.139, 2.61754
425.93, 2.61753
426.705, 2.61753
427.482, 2.61752
428.257, 2.61751
429.033, 2.61751
429.808, 2.6175
430.582, 2.6175
431.357, 2.61749
432.133, 2.61748
432.909, 2.61748
433.685, 2.61747
434.46, 2.61746
435.238, 2.61746
436.012, 2.61745
436.816, 2.61744
437.592, 2.61744
438.368, 2.61743
439.144, 2.61743
439.919, 2.61742
440.694, 2.61741
441.469, 2.61741
442.246, 2.6174
443.021, 2.61739
443.797, 2.61739
444.573, 2.61738
445.349, 2.61738
446.125, 2.61737
446.901, 2.61736
447.677, 2.61736
448.458, 2.61735
449.233, 2.61735
450.009, 2.61734
450.785, 2.61733
451.561, 2.61733
452.338, 2.61732
453.114, 2.61731
453.89, 2.61731
454.665, 2.6173
455.442, 2.6173
456.22, 2.61729
456.997, 2.61728
457.774, 2.61728
458.549, 2.61727
459.326, 2.61727
460.103, 2.61726
460.884, 2.61725
461.66, 2.61725
462.436, 2.61724
463.212, 2.61724
463.986, 2.61723
464.703, 2.61722
465.478, 2.61722
466.254, 2.61721
467.028, 2.61721
467.804, 2.6172
468.58, 2.61719
469.356, 2.61719
470.133, 2.61718
470.909, 2.61718
471.686, 2.61717
472.464, 2.61716
473.256, 2.61716
474.034, 2.61715
474.809, 2.61715
475.587, 2.61714
476.304, 2.61714
477.021, 2.61713
477.797, 2.61712
478.573, 2.61712
479.348, 2.61711
480.163, 2.61711
480.985, 2.6171
481.8, 2.6171
482.534, 2.61709
483.268, 2.61708
484.001, 2.61708
484.734, 2.61707
485.535, 2.61707
486.261, 2.61706
487.035, 2.61706
487.754, 2.61705
488.53, 2.61704
489.307, 2.61704
490.087, 2.61703
490.805, 2.61703
491.521, 2.61702
492.296, 2.61702
493.072, 2.61701
493.791, 2.617
494.506, 2.617
495.224, 2.61699
495.941, 2.61699
496.746, 2.61698
497.525, 2.61698
498.301, 2.61697
499.019, 2.61697
499.795, 2.61696
500.57, 2.61695
501.348, 2.61695
502.074, 2.61694
502.826, 2.61694
