0, 0.845015
0.0871054, 0.845015
0.113051, 0.818116
0.129914, 0.816061
0.143698, 0.814748
0.157011, 0.814181
0.169974, 0.814371
0.185822, 0.814367
0.199164, 0.813608
0.207047, 0.813504
0.212748, 0.813429
0.218362, 0.813384
0.224065, 0.813367
0.229786, 0.813379
0.243496, 0.813378
0.251196, 0.813282
0.258967, 0.813266
0.264548, 0.813253
0.270206, 0.813243
0.275789, 0.813237
0.281467, 0.813234
0.287093, 0.813234
0.294868, 0.813234
0.302631, 0.81321
0.310316, 0.813206
0.315892, 0.813202
0.32147, 0.813199
0.327053, 0.813197
0.332628, 0.813195
0.33873, 0.813194
0.344356, 0.813194
0.349939, 0.813195
0.357724, 0.813195
0.365435, 0.813184
0.373159, 0.813182
0.378791, 0.81318
0.384444, 0.813179
0.390029, 0.813179
0.395603, 0.813178
0.40121, 0.813178
0.409542, 0.813178
