0, 127259
0.003569, 1.49949
0.00722, 1.46501
0.010807, 1.44921
0.014227, 1.43931
0.017643, 1.43253
0.02107, 1.42766
0.02449, 1.42404
0.027901, 1.42128
0.031333, 1.41913
0.034766, 1.41744
0.038188, 1.41609
0.041611, 1.415
0.045028, 1.41411
0.048448, 1.41337
0.051875, 1.41276
0.055298, 1.41225
0.058731, 1.41181
0.06216, 1.41145
0.0656, 1.41113
0.069032, 1.41086
0.072467, 1.41063
0.075908, 1.41042
0.079347, 1.41025
0.082791, 1.41009
0.086231, 1.40995
0.089677, 1.40983
0.09312, 1.40972
0.096568, 1.40962
0.10001, 1.40954
0.103455, 1.40946
0.106905, 1.40939
0.110351, 1.40932
0.113822, 1.40927
0.117271, 1.40921
0.12072, 1.40917
0.124164, 1.40912
0.127612, 1.40908
0.131057, 1.40905
0.134506, 1.40901
0.137949, 1.40898
0.141391, 1.40895
0.144838, 1.40892
0.148277, 1.4089
0.151723, 1.40888
0.155163, 1.40886
0.158606, 1.40884
0.162046, 1.40882
0.165489, 1.4088
0.168928, 1.40878
0.172366, 1.40877
0.175809, 1.40875
0.179245, 1.40874
0.182685, 1.40873
0.18612, 1.40872
0.189575, 1.40871
0.193017, 1.40869
0.196453, 1.40868
0.199894, 1.40868
0.203328, 1.40867
0.206767, 1.40866
0.210199, 1.40865
0.213645, 1.40864
0.217085, 1.40864
0.220529, 1.40863
0.223962, 1.40862
0.227393, 1.40862
0.230829, 1.40861
0.234258, 1.4086
0.237694, 1.4086
0.241124, 1.40859
0.24456, 1.40859
0.247989, 1.40858
0.251419, 1.40858
0.254854, 1.40858
0.258283, 1.40857
0.261719, 1.40857
0.265158, 1.40856
0.268603, 1.40856
0.272032, 1.40856
0.27546, 1.40855
0.278897, 1.40855
0.282326, 1.40855
0.285759, 1.40854
0.289188, 1.40854
0.292619, 1.40854
0.296045, 1.40854
0.299473, 1.40853
0.302917, 1.40853
0.306353, 1.40853
0.30979, 1.40853
0.313217, 1.40852
0.316648, 1.40852
0.320074, 1.40852
0.323506, 1.40852
0.32693, 1.40852
0.330357, 1.40851
0.333788, 1.40851
0.337214, 1.40851
0.340645, 1.40851
0.344071, 1.40851
0.347505, 1.40851
0.350938, 1.4085
0.354372, 1.4085
0.35781, 1.4085
0.361237, 1.4085
0.364668, 1.4085
0.368094, 1.4085
0.371526, 1.4085
0.37495, 1.40849
0.378377, 1.40849
0.381809, 1.40849
0.385235, 1.40849
0.388667, 1.40849
0.392099, 1.40849
0.395541, 1.40849
0.398971, 1.40849
0.402398, 1.40849
