-2.30504e-19, 1.24289e-20
0.025, 3.40198e-19
0.05, 1.16391e-18
0.075, -6.1318e-19
0.1, -1.05159e-18
0.125, -5.2016e-19
0.15, 2.62485e-19
0.175, -4.4495e-19
0.2, 1.69147e-21
0.225, -1.97123e-19
0.25, 7.29613e-20
0.275, -1.14377e-19
0.3, 4.66121e-19
0.325, -1.568e-18
0.35, -3.01755e-19
0.375, -1.19351e-18
0.4, -2.58362e-19
0.425, 1.62215e-18
0.45, -8.75473e-19
0.475, 1.47637e-18
0.5, -1.99866e-19
0.525, 3.25495e-19
0.55, -7.92217e-19
0.575, 9.70749e-19
0.6, 1.04913e-18
0.625, 6.23611e-20
0.65, 2.62242e-19
0.675, -3.71532e-18
0.7, 1.15686e-18
0.725, -6.19845e-19
0.75, -5.4659e-19
0.775, 5.45105e-19
0.8, -1.71699e-18
0.825, 2.81102e-18
0.85, 9.35794e-20
0.875, 4.95819e-19
0.9, 1.56476e-19
0.925, -2.14858e-19
0.95, 0
0.975, 9.16411e-19
1, -5.43375e-19
2.69999e-18, 0.025
0.02497, 0.0249818
0.049924, 0.0249682
0.0748446, 0.0249524
0.0997442, 0.0249434
0.124712, 0.0248996
0.149727, 0.0248283
0.174776, 0.0247937
0.199853, 0.0248214
0.224944, 0.0248693
0.250032, 0.0249279
0.27515, 0.0249979
0.300232, 0.0250336
0.325286, 0.0250135
0.350322, 0.0249772
0.375328, 0.0249427
0.40032, 0.0249614
0.425258, 0.0250324
0.450115, 0.0250513
0.474998, 0.0250019
0.499925, 0.024957
0.524885, 0.0249237
0.549895, 0.0248782
0.57495, 0.024878
0.600038, 0.0249175
0.625139, 0.0249698
0.650183, 0.0249915
0.675229, 0.0249789
0.700227, 0.0249818
0.725209, 0.0249832
0.750167, 0.0249907
0.775116, 0.0250007
0.800057, 0.0250097
0.825034, 0.0249968
0.850008, 0.0250175
0.874995, 0.0250526
0.900022, 0.0250577
0.92507, 0.0250319
0.950108, 0.024981
0.975087, 0.0249698
1, 0.025
0, 0.05
0.0249933, 0.0499814
0.0499442, 0.0499511
0.0748409, 0.0499367
0.0997134, 0.0499175
0.12463, 0.049832
0.149634, 0.0497179
0.174663, 0.049649
0.199747, 0.0496896
0.224866, 0.0497827
0.250016, 0.0498769
0.275189, 0.049984
0.300335, 0.0500603
0.325429, 0.0500459
0.350486, 0.0499708
0.375476, 0.0499239
0.400415, 0.0499846
0.425316, 0.0500906
0.450159, 0.0501086
0.475022, 0.0500264
0.499896, 0.0499569
0.524818, 0.0498915
0.549784, 0.0498188
0.574819, 0.0498068
0.599931, 0.049865
0.625054, 0.0499291
0.650181, 0.0499556
0.675278, 0.0499674
0.700313, 0.0499943
0.725302, 0.0500162
0.750229, 0.0500085
0.775153, 0.0500172
0.800083, 0.0500231
0.825039, 0.0500158
0.84998, 0.0500404
0.874972, 0.0500774
0.900021, 0.050088
0.925118, 0.050035
0.950165, 0.0499637
0.975123, 0.0499567
1, 0.05
0, 0.075
0.0250393, 0.074962
0.0500165, 0.0749393
0.0749408, 0.0749442
0.0998428, 0.0749319
0.124756, 0.0748237
0.149716, 0.074684
0.174717, 0.0746179
0.199757, 0.0746658
0.22482, 0.0747668
0.249955, 0.0748556
0.275108, 0.0749801
0.300271, 0.0750865
0.325384, 0.0751124
0.35045, 0.0750536
0.375427, 0.074981
0.400358, 0.0750101
0.425255, 0.0751022
0.450118, 0.0751153
0.475001, 0.0750432
0.499879, 0.0749891
0.524772, 0.0749467
0.549702, 0.0748909
0.574695, 0.0748555
0.599759, 0.0748715
0.624878, 0.074912
0.65004, 0.074925
0.675204, 0.0749367
0.700286, 0.0749732
0.725283, 0.0750232
0.750215, 0.0750353
0.775116, 0.0750337
0.800048, 0.0750333
0.824999, 0.0750314
0.849959, 0.0750606
0.874927, 0.0750828
0.89997, 0.0750481
0.92505, 0.0749929
0.950102, 0.0749747
0.975087, 0.0749893
1, 0.075
-8.34295e-22, 0.1
0.0250463, 0.0999389
0.0500545, 0.0998974
0.0750236, 0.0999207
0.0999726, 0.0999463
0.12492, 0.0998755
0.149874, 0.0997513
0.174853, 0.0996972
0.199843, 0.0997566
0.224835, 0.0998484
0.249873, 0.0999343
0.274961, 0.10003
0.300087, 0.100136
0.325218, 0.100179
0.350307, 0.100141
0.375324, 0.100072
0.40025, 0.100068
0.425175, 0.100109
0.450057, 0.100095
0.474956, 0.100056
0.499823, 0.100049
0.524713, 0.100073
0.549655, 0.100052
0.574652, 0.0999949
0.599703, 0.0999438
0.624817, 0.0999103
0.649978, 0.0998793
0.675127, 0.099895
0.700231, 0.0999882
0.725222, 0.100064
0.75016, 0.10008
0.775067, 0.10006
0.800007, 0.100037
0.824969, 0.100032
0.849935, 0.100068
0.874876, 0.100074
0.899865, 0.100022
0.924876, 0.0999734
0.949913, 0.099984
0.974979, 0.100022
1, 0.1
1.3966e-17, 0.125
0.0250298, 0.124891
0.0500691, 0.12485
0.0750507, 0.124882
0.100023, 0.124949
0.125, 0.124927
0.149984, 0.124851
0.174938, 0.124828
0.199903, 0.124907
0.224845, 0.125019
0.249826, 0.125062
0.274836, 0.125114
0.299915, 0.125156
0.325035, 0.125178
0.350147, 0.125167
0.375188, 0.125123
0.40017, 0.125076
0.425128, 0.12506
0.450033, 0.12504
0.474914, 0.125053
0.499755, 0.125139
0.524644, 0.125197
0.549621, 0.125186
0.574669, 0.125105
0.599768, 0.125001
0.624892, 0.124909
0.650015, 0.124845
0.675103, 0.124882
0.700179, 0.125024
0.725172, 0.125128
0.750124, 0.125129
0.775065, 0.125076
0.80001, 0.125038
0.82497, 0.125041
0.84992, 0.125067
0.874833, 0.125076
0.899759, 0.125031
0.924717, 0.124976
0.949742, 0.124954
0.974849, 0.124987
1, 0.125
1.37767e-18, 0.15
0.0250401, 0.149864
0.0500759, 0.149814
0.0750749, 0.14987
0.100054, 0.149957
0.12504, 0.149974
0.149999, 0.149954
0.174942, 0.14998
0.199883, 0.150068
0.224858, 0.150162
0.249824, 0.150174
0.274809, 0.150146
0.299851, 0.150127
0.324911, 0.150125
0.350004, 0.150115
0.37508, 0.150066
0.400103, 0.150003
0.425089, 0.149966
0.450007, 0.149985
0.474854, 0.150095
0.49969, 0.150234
0.524595, 0.150291
0.549587, 0.150244
0.574687, 0.150134
0.599819, 0.150003
0.624955, 0.149886
0.650059, 0.149839
0.675125, 0.149914
0.700158, 0.150072
0.725172, 0.150173
0.750161, 0.150147
0.775125, 0.150089
0.800059, 0.150046
0.824973, 0.150039
0.849908, 0.150066
0.874832, 0.150085
0.89977, 0.150049
0.924714, 0.149976
0.949736, 0.149921
0.974839, 0.14992
1, 0.15
0, 0.175
0.0250767, 0.174857
0.0501281, 0.17478
0.0751349, 0.174831
0.100109, 0.174971
0.125084, 0.175057
0.150008, 0.17507
0.174941, 0.175084
0.199891, 0.175144
0.224876, 0.175203
0.249873, 0.175191
0.274868, 0.175124
0.299877, 0.175071
0.324897, 0.175032
0.349953, 0.174993
0.374996, 0.174938
0.400019, 0.174878
0.424993, 0.174859
0.449889, 0.174945
0.474767, 0.175115
0.499644, 0.175274
0.524585, 0.175306
0.549601, 0.175203
0.574691, 0.175063
0.599817, 0.174923
0.624947, 0.17482
0.650048, 0.17483
0.675124, 0.174973
0.700181, 0.175142
0.72524, 0.175181
0.750261, 0.175137
0.775223, 0.175099
0.800139, 0.17509
0.825013, 0.175079
0.84994, 0.175072
0.874902, 0.175056
0.899926, 0.175015
0.924898, 0.174951
0.949907, 0.174873
0.974944, 0.17487
1, 0.175
0, 0.2
0.0250778, 0.199819
0.0501366, 0.199752
0.0751539, 0.199836
0.100149, 0.199991
0.125153, 0.200113
0.150113, 0.200145
0.175049, 0.200154
0.200001, 0.200173
0.224966, 0.20017
0.249953, 0.200124
0.274927, 0.200039
0.299923, 0.199967
0.324922, 0.19991
0.349949, 0.19987
0.374969, 0.199832
0.39995, 0.199812
0.424874, 0.19983
0.449776, 0.199917
0.4747, 0.200098
0.499647, 0.200257
0.524668, 0.200247
0.549707, 0.200103
0.574767, 0.199948
0.599841, 0.199814
0.624913, 0.199752
0.650012, 0.199809
0.67513, 0.199979
0.700242, 0.200142
0.725334, 0.200177
0.750346, 0.200132
0.775293, 0.200119
0.800177, 0.200145
0.825067, 0.200132
0.850028, 0.200045
0.875052, 0.199968
0.900132, 0.199925
0.925136, 0.199895
0.950093, 0.199828
0.975047, 0.199846
1, 0.2
-2.3453e-19, 0.225
0.0250156, 0.22476
0.0500426, 0.224708
0.0750659, 0.224831
0.100104, 0.224996
0.125156, 0.225123
0.150198, 0.225169
0.175214, 0.225162
0.200206, 0.225157
0.22514, 0.225143
0.250059, 0.225105
0.274974, 0.225002
0.299913, 0.224888
0.324915, 0.224817
0.349941, 0.224795
0.374984, 0.224806
0.399949, 0.224843
0.424897, 0.224889
0.449804, 0.224955
0.474768, 0.225079
0.499768, 0.225169
0.524832, 0.225128
0.54987, 0.225011
0.574918, 0.224853
0.59996, 0.224756
0.625009, 0.22473
0.650083, 0.2248
0.67521, 0.224961
0.700323, 0.225097
0.725382, 0.225135
0.750344, 0.225118
0.775277, 0.225139
0.800168, 0.225207
0.82512, 0.225171
0.850129, 0.224991
0.875201, 0.224838
0.900289, 0.224808
0.925271, 0.22483
0.950181, 0.224821
0.975089, 0.224854
1, 0.225
0, 0.25
0.0249495, 0.249731
0.0499417, 0.249671
0.0749442, 0.249798
0.0999776, 0.249991
0.125027, 0.250118
0.150125, 0.250112
0.175239, 0.250078
0.200335, 0.250078
0.225313, 0.250122
0.250205, 0.25012
0.275052, 0.250001
0.29993, 0.249858
0.324888, 0.249771
0.349921, 0.249779
0.374983, 0.249869
0.400024, 0.249963
0.42502, 0.250015
0.449993, 0.250021
0.474972, 0.250037
0.499982, 0.250074
0.524977, 0.250047
0.549992, 0.249924
0.575045, 0.249772
0.600104, 0.249705
0.625194, 0.249738
0.650237, 0.249831
0.675291, 0.249954
0.700307, 0.250056
0.725297, 0.250121
0.750229, 0.250119
0.775162, 0.250151
0.800142, 0.250227
0.825147, 0.250186
0.850198, 0.249965
0.875266, 0.249746
0.900318, 0.249725
0.925275, 0.249811
0.950177, 0.249852
0.975079, 0.249893
1, 0.25
0, 0.275
0.0249289, 0.274699
0.0498922, 0.274604
0.0748645, 0.274781
0.0998694, 0.27502
0.12488, 0.275127
0.149967, 0.275069
0.175125, 0.274945
0.200297, 0.274947
0.225376, 0.275087
0.250329, 0.275153
0.275148, 0.275076
0.299979, 0.274935
0.324869, 0.274831
0.349866, 0.274847
0.374934, 0.27497
0.400024, 0.275089
0.425111, 0.27512
0.450167, 0.275073
0.475163, 0.275056
0.500136, 0.275075
0.52508, 0.275037
0.550047, 0.274881
0.575089, 0.274709
0.600171, 0.274685
0.625261, 0.274785
0.650262, 0.274915
0.675224, 0.275025
0.700153, 0.275093
0.72508, 0.275098
0.750051, 0.275094
0.775034, 0.275125
0.800066, 0.275221
0.825108, 0.275193
0.850172, 0.27496
0.875216, 0.274728
0.900225, 0.274713
0.925207, 0.274829
0.950128, 0.274901
0.975048, 0.274926
1, 0.275
7.16985e-19, 0.3
0.0249501, 0.299685
0.0498681, 0.299588
0.074826, 0.299785
0.0998221, 0.300051
0.124823, 0.300161
0.149901, 0.300027
0.175063, 0.299828
0.200231, 0.299793
0.225348, 0.29996
0.250342, 0.30013
0.275191, 0.300134
0.300014, 0.300016
0.32485, 0.29992
0.349779, 0.299937
0.37485, 0.300046
0.399966, 0.30015
0.42511, 0.300154
0.450219, 0.300095
0.475222, 0.300063
0.500191, 0.300067
0.525126, 0.300042
0.550102, 0.299896
0.575103, 0.299727
0.600124, 0.29971
0.625137, 0.299879
0.650081, 0.300051
0.675013, 0.300135
0.699934, 0.300144
0.724882, 0.300108
0.749887, 0.300054
0.77493, 0.300123
0.799962, 0.300252
0.825013, 0.300241
0.850082, 0.300019
0.875099, 0.299799
0.900092, 0.299788
0.925097, 0.299898
0.950067, 0.299966
0.975041, 0.299974
1, 0.3
-9.3108e-21, 0.325
0.0249579, 0.324721
0.0498743, 0.324632
0.074818, 0.324805
0.0998227, 0.325086
0.124893, 0.32519
0.150013, 0.325041
0.175137, 0.324779
0.200244, 0.324692
0.225304, 0.324851
0.250291, 0.325048
0.27518, 0.325116
0.3, 0.325061
0.324816, 0.324999
0.349729, 0.325011
0.374793, 0.325068
0.399937, 0.325137
0.425088, 0.325131
0.450184, 0.325076
0.475185, 0.325051
0.50014, 0.325076
0.525138, 0.325043
0.550117, 0.324915
0.575094, 0.324807
0.60004, 0.324838
0.624959, 0.325007
0.649893, 0.325168
0.674822, 0.325216
0.699781, 0.325185
0.724767, 0.325097
0.749809, 0.325052
0.774829, 0.325134
0.79986, 0.325312
0.824908, 0.325309
0.849961, 0.325103
0.874992, 0.324911
0.899998, 0.324885
0.925013, 0.324956
0.950033, 0.32499
0.975036, 0.324994
1, 0.325
-1.52079e-21, 0.35
0.0249739, 0.349819
0.0498969, 0.349737
0.0748507, 0.349835
0.0998867, 0.350028
0.125008, 0.35014
0.150167, 0.350039
0.175256, 0.349799
0.200275, 0.349683
0.225261, 0.349777
0.250237, 0.349929
0.275142, 0.350044
0.299987, 0.350062
0.324832, 0.350023
0.349754, 0.350011
0.374814, 0.350032
0.399939, 0.350069
0.425056, 0.35008
0.450073, 0.350066
0.475065, 0.350062
0.500039, 0.350051
0.525072, 0.350022
0.550105, 0.349941
0.575097, 0.349893
0.600035, 0.349981
0.624955, 0.350126
0.649896, 0.350231
0.674827, 0.350263
0.699796, 0.350186
0.724772, 0.350082
0.749791, 0.350047
0.774787, 0.350191
0.799808, 0.350366
0.824852, 0.35038
0.849899, 0.350194
0.87494, 0.35001
0.899959, 0.349969
0.924987, 0.349975
0.950009, 0.349974
0.975019, 0.349981
1, 0.35
-2.55508e-19, 0.375
0.0249831, 0.374914
0.0499224, 0.374846
0.0748779, 0.374851
0.0998985, 0.37496
0.125028, 0.375051
0.150192, 0.375021
0.175264, 0.374869
0.200255, 0.374734
0.225214, 0.374724
0.250174, 0.37481
0.275107, 0.374926
0.3, 0.375006
0.324875, 0.375016
0.349823, 0.374983
0.374852, 0.374975
0.399939, 0.375012
0.425006, 0.375064
0.44998, 0.375076
0.474948, 0.375039
0.499949, 0.374984
0.524999, 0.374932
0.550086, 0.37491
0.57516, 0.374958
0.600144, 0.375068
0.625119, 0.375184
0.650075, 0.375261
0.675009, 0.375258
0.699923, 0.375177
0.724856, 0.37506
0.74984, 0.375044
0.774857, 0.375209
0.799885, 0.375391
0.824902, 0.375387
0.849929, 0.375197
0.874924, 0.375045
0.899947, 0.37498
0.924975, 0.37495
0.949988, 0.37494
0.975013, 0.374955
1, 0.375
0, 0.4
0.024972, 0.39995
0.0499079, 0.399915
0.0748477, 0.399885
0.0998453, 0.399901
0.124926, 0.399967
0.150055, 0.400007
0.175118, 0.399942
0.200133, 0.399825
0.225109, 0.399748
0.250067, 0.399756
0.275039, 0.399869
0.299954, 0.399993
0.324875, 0.400028
0.349836, 0.399974
0.374868, 0.399943
0.399933, 0.399977
0.424991, 0.400046
0.44999, 0.400076
0.474959, 0.400016
0.499982, 0.399913
0.525046, 0.399837
0.55011, 0.399852
0.575188, 0.399962
0.600236, 0.40008
0.625265, 0.400154
0.65027, 0.400225
0.675216, 0.400242
0.700104, 0.400165
0.725025, 0.400016
0.749966, 0.399956
0.774988, 0.400103
0.800032, 0.400319
0.825041, 0.400332
0.850006, 0.40018
0.87495, 0.40002
0.899944, 0.399926
0.924956, 0.3999
0.949992, 0.399887
0.975019, 0.399925
1, 0.4
8.70866e-18, 0.425
0.0249561, 0.424971
0.0498899, 0.424954
0.074838, 0.424896
0.0998149, 0.424871
0.124837, 0.424911
0.149889, 0.424985
0.174935, 0.424997
0.199931, 0.424911
0.224927, 0.424816
0.24991, 0.424787
0.274888, 0.424892
0.299862, 0.425036
0.324822, 0.425084
0.349818, 0.425029
0.374852, 0.424949
0.399924, 0.424964
0.425012, 0.425017
0.450087, 0.425025
0.475105, 0.424943
0.500121, 0.424816
0.525144, 0.42477
0.550137, 0.424828
0.575138, 0.424945
0.600193, 0.425028
0.625252, 0.425095
0.650326, 0.425167
0.675329, 0.425197
0.700263, 0.425118
0.725175, 0.424963
0.750103, 0.424878
0.775095, 0.424976
0.800152, 0.425175
0.825182, 0.425241
0.850125, 0.425127
0.875039, 0.424969
0.899972, 0.424876
0.924946, 0.424847
0.949966, 0.424849
0.97499, 0.424901
1, 0.425
0, 0.45
0.0249318, 0.449987
0.0498912, 0.449946
0.0748595, 0.449886
0.0998287, 0.449856
0.124825, 0.449899
0.149811, 0.449976
0.174813, 0.450032
0.199799, 0.449998
0.224787, 0.44992
0.249779, 0.449907
0.274787, 0.450003
0.299823, 0.450142
0.324824, 0.450194
0.349836, 0.450117
0.374862, 0.449978
0.399926, 0.449917
0.425056, 0.449926
0.450169, 0.449917
0.475249, 0.449865
0.500231, 0.449793
0.525164, 0.449787
0.550069, 0.449868
0.57503, 0.449951
0.600059, 0.449993
0.625131, 0.450016
0.650223, 0.450073
0.675299, 0.450121
0.700291, 0.450088
0.725231, 0.449946
0.750153, 0.449825
0.775133, 0.449873
0.800161, 0.450031
0.82521, 0.450126
0.850218, 0.450074
0.87512, 0.44996
0.900025, 0.449883
0.924946, 0.449854
0.949921, 0.449854
0.974952, 0.449893
1, 0.45
0, 0.475
0.0249384, 0.474995
0.0498869, 0.474924
0.0748687, 0.47485
0.0998491, 0.47484
0.12483, 0.474883
0.149795, 0.474961
0.17476, 0.475014
0.199755, 0.475035
0.224749, 0.475036
0.249773, 0.475041
0.274809, 0.475118
0.299892, 0.475244
0.324953, 0.475298
0.34996, 0.475214
0.37497, 0.47505
0.400005, 0.474907
0.425091, 0.474842
0.450182, 0.474785
0.475243, 0.474775
0.500206, 0.474841
0.525083, 0.474898
0.549993, 0.47494
0.574964, 0.474985
0.599982, 0.474982
0.625036, 0.47499
0.650089, 0.47502
0.675155, 0.475046
0.700179, 0.475033
0.725164, 0.474956
0.750108, 0.474874
0.775063, 0.474889
0.800072, 0.474991
0.825116, 0.475035
0.850159, 0.475016
0.875106, 0.474979
0.900026, 0.474939
0.924957, 0.474911
0.94993, 0.474897
0.974948, 0.474927
1, 0.475
-4.15877e-18, 0.5
0.0249581, 0.499984
0.0499032, 0.499922
0.0748701, 0.499829
0.0998363, 0.499808
0.1248, 0.499848
0.149751, 0.499923
0.174733, 0.499991
0.19972, 0.500048
0.224728, 0.500095
0.249778, 0.500125
0.274852, 0.500191
0.299963, 0.500291
0.32509, 0.500352
0.350134, 0.500307
0.375154, 0.500145
0.400155, 0.499957
0.42516, 0.499802
0.450163, 0.499731
0.47514, 0.499771
0.5, 0.5
0.525, 0.5
0.55, 0.5
0.575, 0.5
0.6, 0.5
0.625, 0.5
0.65, 0.5
0.675, 0.5
0.7, 0.5
0.725, 0.5
0.75, 0.5
0.775, 0.5
0.8, 0.5
0.825, 0.5
0.85, 0.5
0.875, 0.5
0.9, 0.5
0.925, 0.5
0.95, 0.5
0.975, 0.5
1, 0.5
-1.15179e-18, 0.525
0.0249846, 0.524993
0.0499732, 0.524933
0.0749083, 0.524865
0.0998359, 0.524812
0.124778, 0.52482
0.149719, 0.524875
0.174693, 0.524963
0.199669, 0.525073
0.224668, 0.525145
0.249725, 0.525151
0.27482, 0.52517
0.299936, 0.525244
0.325089, 0.525339
0.350214, 0.525345
0.37528, 0.525235
0.400295, 0.525086
0.425243, 0.524928
0.450162, 0.524818
0.475086, 0.524843
0.5, 0.525
0.525, 0.525
0.55, 0.525
0.575, 0.525
0.6, 0.525
0.625, 0.525
0.65, 0.525
0.675, 0.525
0.7, 0.525
0.725, 0.525
0.75, 0.525
0.775, 0.525
0.8, 0.525
0.825, 0.525
0.85, 0.525
0.875, 0.525
0.9, 0.525
0.925, 0.525
0.95, 0.525
0.975, 0.525
1, 0.525
-3.55882e-19, 0.55
0.0250247, 0.549963
0.0500379, 0.54994
0.0749641, 0.549922
0.0998927, 0.549871
0.124805, 0.549832
0.149756, 0.549881
0.174718, 0.549995
0.199682, 0.550127
0.224675, 0.550182
0.249704, 0.550142
0.274753, 0.550104
0.299845, 0.550136
0.324984, 0.550228
0.35016, 0.550295
0.375279, 0.550302
0.400302, 0.550245
0.42524, 0.550118
0.450136, 0.549977
0.475046, 0.549938
0.5, 0.55
0.525, 0.55
0.55, 0.55
0.575, 0.55
0.6, 0.55
0.625, 0.55
0.65, 0.55
0.675, 0.55
0.7, 0.55
0.725, 0.55
0.75, 0.55
0.775, 0.55
0.8, 0.55
0.825, 0.55
0.85, 0.55
0.875, 0.55
0.9, 0.55
0.925, 0.55
0.95, 0.55
0.975, 0.55
1, 0.55
4.44527e-19, 0.575
0.0250233, 0.574927
0.0500299, 0.574961
0.0749824, 0.575008
0.0999232, 0.574968
0.124868, 0.574895
0.149859, 0.574923
0.174865, 0.575087
0.199835, 0.575231
0.224807, 0.57525
0.249796, 0.575172
0.274789, 0.575066
0.29984, 0.575031
0.324937, 0.575083
0.350092, 0.575205
0.375199, 0.575345
0.400212, 0.575409
0.425153, 0.575327
0.450064, 0.575168
0.475007, 0.575037
0.5, 0.575
0.525, 0.575
0.55, 0.575
0.575, 0.575
0.6, 0.575
0.625, 0.575
0.65, 0.575
0.675, 0.575
0.7, 0.575
0.725, 0.575
0.75, 0.575
0.775, 0.575
0.8, 0.575
0.825, 0.575
0.85, 0.575
0.875, 0.575
0.9, 0.575
0.925, 0.575
0.95, 0.575
0.975, 0.575
1, 0.575
4.64944e-22, 0.6
0.0249851, 0.599919
0.0499795, 0.599972
0.0749536, 0.600077
0.099928, 0.600052
0.124923, 0.599948
0.149942, 0.599986
0.174986, 0.600154
0.2, 0.600298
0.22498, 0.600294
0.249954, 0.600174
0.27493, 0.600041
0.299946, 0.599947
0.324989, 0.599967
0.350081, 0.60011
0.375123, 0.600344
0.40011, 0.600505
0.425077, 0.600467
0.450016, 0.600282
0.474992, 0.600101
0.5, 0.6
0.525, 0.6
0.55, 0.6
0.575, 0.6
0.6, 0.6
0.625, 0.6
0.65, 0.6
0.675, 0.6
0.7, 0.6
0.725, 0.6
0.75, 0.6
0.775, 0.6
0.8, 0.6
0.825, 0.6
0.85, 0.6
0.875, 0.6
0.9, 0.6
0.925, 0.6
0.95, 0.6
0.975, 0.6
1, 0.6
0, 0.625
0.0249444, 0.624903
0.0499444, 0.624979
0.0749385, 0.625123
0.0999362, 0.625118
0.124946, 0.625023
0.149952, 0.625028
0.175006, 0.625136
0.200043, 0.625263
0.225083, 0.625286
0.250063, 0.625187
0.275018, 0.62503
0.300007, 0.624914
0.325012, 0.624902
0.35003, 0.625049
0.375033, 0.625305
0.400019, 0.625503
0.42502, 0.625501
0.449994, 0.62533
0.474992, 0.625138
0.5, 0.625
0.525, 0.625
0.55, 0.625
0.575, 0.625
0.6, 0.625
0.625, 0.625
0.65, 0.625
0.675, 0.625
0.7, 0.625
0.725, 0.625
0.75, 0.625
0.775, 0.625
0.8, 0.625
0.825, 0.625
0.85, 0.625
0.875, 0.625
0.9, 0.625
0.925, 0.625
0.95, 0.625
0.975, 0.625
1, 0.625
5.43889e-23, 0.65
0.0249317, 0.649885
0.0499229, 0.649943
0.0749339, 0.650104
0.0999592, 0.650169
0.124963, 0.650113
0.149952, 0.65007
0.175001, 0.650116
0.20005, 0.650177
0.225097, 0.650193
0.250059, 0.650138
0.274996, 0.650018
0.299945, 0.649898
0.32491, 0.64988
0.349874, 0.649998
0.374878, 0.650211
0.399875, 0.650387
0.424893, 0.650425
0.449925, 0.650307
0.474963, 0.650158
0.5, 0.65
0.525, 0.65
0.55, 0.65
0.575, 0.65
0.6, 0.65
0.625, 0.65
0.65, 0.65
0.675, 0.65
0.7, 0.65
0.725, 0.65
0.75, 0.65
0.775, 0.65
0.8, 0.65
0.825, 0.65
0.85, 0.65
0.875, 0.65
0.9, 0.65
0.925, 0.65
0.95, 0.65
0.975, 0.65
1, 0.65
1.87382e-19, 0.675
0.0249359, 0.674872
0.0499224, 0.674902
0.0749252, 0.675065
0.0999586, 0.675194
0.124982, 0.675194
0.149987, 0.675113
0.175043, 0.675061
0.200097, 0.675084
0.225094, 0.675113
0.250005, 0.6751
0.274925, 0.675011
0.29983, 0.67492
0.324756, 0.674895
0.349688, 0.674971
0.37468, 0.675101
0.399689, 0.675227
0.424724, 0.675275
0.449795, 0.675235
0.474887, 0.675138
0.5, 0.675
0.525, 0.675
0.55, 0.675
0.575, 0.675
0.6, 0.675
0.625, 0.675
0.65, 0.675
0.675, 0.675
0.7, 0.675
0.725, 0.675
0.75, 0.675
0.775, 0.675
0.8, 0.675
0.825, 0.675
0.85, 0.675
0.875, 0.675
0.9, 0.675
0.925, 0.675
0.95, 0.675
0.975, 0.675
1, 0.675
0, 0.7
0.0249866, 0.699868
0.0499766, 0.699865
0.0749649, 0.700048
0.0999918, 0.700216
0.125004, 0.700228
0.150037, 0.700126
0.175077, 0.700033
0.2001, 0.700022
0.225057, 0.700077
0.249957, 0.700085
0.274848, 0.700036
0.299737, 0.699977
0.324644, 0.699952
0.349589, 0.699964
0.374582, 0.699989
0.399587, 0.700039
0.424633, 0.700096
0.449704, 0.700128
0.474839, 0.700095
0.5, 0.7
0.525, 0.7
0.55, 0.7
0.575, 0.7
0.6, 0.7
0.625, 0.7
0.65, 0.7
0.675, 0.7
0.7, 0.7
0.725, 0.7
0.75, 0.7
0.775, 0.7
0.8, 0.7
0.825, 0.7
0.85, 0.7
0.875, 0.7
0.9, 0.7
0.925, 0.7
0.95, 0.7
0.975, 0.7
1, 0.7
1.22446e-18, 0.725
0.0250464, 0.724853
0.0500727, 0.724873
0.0750573, 0.725067
0.100045, 0.725237
0.12502, 0.725255
0.150032, 0.725153
0.175023, 0.725044
0.200009, 0.725028
0.224947, 0.725073
0.249883, 0.725109
0.274774, 0.725075
0.299686, 0.725052
0.324633, 0.725022
0.349609, 0.72497
0.374627, 0.724915
0.399654, 0.724901
0.424678, 0.724963
0.449729, 0.725032
0.47485, 0.725026
0.5, 0.725
0.525, 0.725
0.55, 0.725
0.575, 0.725
0.6, 0.725
0.625, 0.725
0.65, 0.725
0.675, 0.725
0.7, 0.725
0.725, 0.725
0.75, 0.725
0.775, 0.725
0.8, 0.725
0.825, 0.725
0.85, 0.725
0.875, 0.725
0.9, 0.725
0.925, 0.725
0.95, 0.725
0.975, 0.725
1, 0.725
0, 0.75
0.0250626, 0.749854
0.0500946, 0.749914
0.0751006, 0.750136
0.100064, 0.75028
0.124992, 0.750263
0.149967, 0.750145
0.174894, 0.750042
0.199866, 0.750029
0.224826, 0.750072
0.249804, 0.750108
0.274749, 0.750117
0.299692, 0.750108
0.324678, 0.75007
0.34969, 0.749962
0.374742, 0.749839
0.399772, 0.749808
0.424784, 0.749917
0.449809, 0.750019
0.47488, 0.750028
0.5, 0.75
0.525, 0.75
0.55, 0.75
0.575, 0.75
0.6, 0.75
0.625, 0.75
0.65, 0.75
0.675, 0.75
0.7, 0.75
0.725, 0.75
0.75, 0.75
0.775, 0.75
0.8, 0.75
0.825, 0.75
0.85, 0.75
0.875, 0.75
0.9, 0.75
0.925, 0.75
0.95, 0.75
0.975, 0.75
1, 0.75
-5.60801e-19, 0.775
0.0250144, 0.77489
0.0500222, 0.774965
0.0750264, 0.775164
0.100022, 0.77531
0.124969, 0.775268
0.149908, 0.775138
0.174816, 0.775044
0.199776, 0.775026
0.224765, 0.775051
0.249777, 0.775079
0.274778, 0.775113
0.299757, 0.775148
0.324742, 0.775107
0.349775, 0.774965
0.374818, 0.774838
0.399834, 0.774823
0.424827, 0.774906
0.449849, 0.775008
0.474904, 0.77502
0.5, 0.775
0.525, 0.775
0.55, 0.775
0.575, 0.775
0.6, 0.775
0.625, 0.775
0.65, 0.775
0.675, 0.775
0.7, 0.775
0.725, 0.775
0.75, 0.775
0.775, 0.775
0.8, 0.775
0.825, 0.775
0.85, 0.775
0.875, 0.775
0.9, 0.775
0.925, 0.775
0.95, 0.775
0.975, 0.775
1, 0.775
0, 0.8
0.0249433, 0.799926
0.0499234, 0.799999
0.0749458, 0.800175
0.0999898, 0.800285
0.124992, 0.800255
0.149935, 0.800153
0.174844, 0.800069
0.199783, 0.800018
0.224774, 0.79999
0.249809, 0.800013
0.274827, 0.800072
0.299807, 0.800131
0.324807, 0.800107
0.349823, 0.799987
0.374819, 0.799892
0.399822, 0.799883
0.424805, 0.79995
0.449839, 0.800022
0.474925, 0.800013
0.5, 0.8
0.525, 0.8
0.55, 0.8
0.575, 0.8
0.6, 0.8
0.625, 0.8
0.65, 0.8
0.675, 0.8
0.7, 0.8
0.725, 0.8
0.75, 0.8
0.775, 0.8
0.8, 0.8
0.825, 0.8
0.85, 0.8
0.875, 0.8
0.9, 0.8
0.925, 0.8
0.95, 0.8
0.975, 0.8
1, 0.8
0, 0.825
0.0249239, 0.824973
0.0498947, 0.82503
0.0749592, 0.825166
0.100052, 0.825265
0.125076, 0.825278
0.150023, 0.825206
0.174931, 0.825106
0.199876, 0.825004
0.224865, 0.824928
0.249871, 0.82494
0.274847, 0.825045
0.299829, 0.825133
0.32481, 0.825121
0.349807, 0.825047
0.37479, 0.824987
0.399791, 0.824981
0.424801, 0.825006
0.449865, 0.825004
0.474933, 0.824988
0.5, 0.825
0.525, 0.825
0.55, 0.825
0.575, 0.825
0.6, 0.825
0.625, 0.825
0.65, 0.825
0.675, 0.825
0.7, 0.825
0.725, 0.825
0.75, 0.825
0.775, 0.825
0.8, 0.825
0.825, 0.825
0.85, 0.825
0.875, 0.825
0.9, 0.825
0.925, 0.825
0.95, 0.825
0.975, 0.825
1, 0.825
-4.13185e-19, 0.85
0.0249518, 0.850004
0.0499553, 0.850041
0.0750451, 0.850129
0.100139, 0.850232
0.125162, 0.850306
0.150101, 0.850271
0.17502, 0.85013
0.199997, 0.849988
0.22498, 0.849906
0.249935, 0.849937
0.274889, 0.850036
0.299845, 0.85015
0.324817, 0.850166
0.349808, 0.850099
0.374817, 0.850062
0.399849, 0.850045
0.424906, 0.850011
0.449961, 0.849977
0.474989, 0.849946
0.5, 0.85
0.525, 0.85
0.55, 0.85
0.575, 0.85
0.6, 0.85
0.625, 0.85
0.65, 0.85
0.675, 0.85
0.7, 0.85
0.725, 0.85
0.75, 0.85
0.775, 0.85
0.8, 0.85
0.825, 0.85
0.85, 0.85
0.875, 0.85
0.9, 0.85
0.925, 0.85
0.95, 0.85
0.975, 0.85
1, 0.85
-2.68479e-19, 0.875
0.024982, 0.87501
0.0500119, 0.875041
0.0750865, 0.8751
0.100157, 0.875233
0.125176, 0.875357
0.150135, 0.87533
0.175074, 0.875161
0.200055, 0.874989
0.225029, 0.874927
0.249986, 0.874965
0.274945, 0.875094
0.299905, 0.87521
0.324882, 0.875225
0.349889, 0.875157
0.374933, 0.875099
0.400021, 0.875058
0.425082, 0.875024
0.450114, 0.874987
0.475078, 0.874966
0.5, 0.875
0.525, 0.875
0.55, 0.875
0.575, 0.875
0.6, 0.875
0.625, 0.875
0.65, 0.875
0.675, 0.875
0.7, 0.875
0.725, 0.875
0.75, 0.875
0.775, 0.875
0.8, 0.875
0.825, 0.875
0.85, 0.875
0.875, 0.875
0.9, 0.875
0.925, 0.875
0.95, 0.875
0.975, 0.875
1, 0.875
0, 0.9
0.0249901, 0.900051
0.050015, 0.900064
0.0750519, 0.900106
0.100116, 0.900254
0.125143, 0.900385
0.150139, 0.900353
0.175103, 0.900178
0.200053, 0.900001
0.22503, 0.899944
0.250008, 0.90002
0.274992, 0.900168
0.29999, 0.900279
0.324986, 0.900276
0.350008, 0.900179
0.375082, 0.900063
0.400188, 0.900022
0.425263, 0.900027
0.450279, 0.899994
0.475153, 0.899982
0.5, 0.9
0.525, 0.9
0.55, 0.9
0.575, 0.9
0.6, 0.9
0.625, 0.9
0.65, 0.9
0.675, 0.9
0.7, 0.9
0.725, 0.9
0.75, 0.9
0.775, 0.9
0.8, 0.9
0.825, 0.9
0.85, 0.9
0.875, 0.9
0.9, 0.9
0.925, 0.9
0.95, 0.9
0.975, 0.9
1, 0.9
0, 0.925
0.0250121, 0.925076
0.0500248, 0.925103
0.0750364, 0.925128
0.100089, 0.925247
0.125129, 0.925349
0.150149, 0.925315
0.175117, 0.925172
0.200051, 0.925034
0.225008, 0.924991
0.250011, 0.925071
0.275033, 0.925215
0.300057, 0.925303
0.325058, 0.925286
0.350078, 0.925159
0.375147, 0.925013
0.400248, 0.924971
0.425355, 0.925005
0.450366, 0.925039
0.475211, 0.925018
0.5, 0.925
0.525, 0.925
0.55, 0.925
0.575, 0.925
0.6, 0.925
0.625, 0.925
0.65, 0.925
0.675, 0.925
0.7, 0.925
0.725, 0.925
0.75, 0.925
0.775, 0.925
0.8, 0.925
0.825, 0.925
0.85, 0.925
0.875, 0.925
0.9, 0.925
0.925, 0.925
0.95, 0.925
0.975, 0.925
1, 0.925
1.71437e-18, 0.95
0.0250294, 0.95008
0.0500624, 0.95011
0.0750712, 0.950134
0.100105, 0.950186
0.125153, 0.95025
0.150157, 0.950245
0.175131, 0.95016
0.200069, 0.950051
0.225026, 0.950016
0.250013, 0.950085
0.275058, 0.950208
0.300079, 0.950277
0.325084, 0.950258
0.350087, 0.95013
0.375113, 0.949982
0.400199, 0.949921
0.425295, 0.949974
0.45032, 0.950035
0.475222, 0.950031
0.5, 0.95
0.525, 0.95
0.55, 0.95
0.575, 0.95
0.6, 0.95
0.625, 0.95
0.65, 0.95
0.675, 0.95
0.7, 0.95
0.725, 0.95
0.75, 0.95
0.775, 0.95
0.8, 0.95
0.825, 0.95
0.85, 0.95
0.875, 0.95
0.9, 0.95
0.925, 0.95
0.95, 0.95
0.975, 0.95
1, 0.95
0, 0.975
0.025023, 0.975054
0.0500485, 0.975075
0.0750894, 0.975087
0.100111, 0.975098
0.125119, 0.975123
0.150129, 0.975132
0.175103, 0.975089
0.200066, 0.975052
0.225032, 0.975029
0.250017, 0.975053
0.275035, 0.975107
0.300064, 0.975167
0.325077, 0.97515
0.350071, 0.975071
0.375069, 0.974974
0.400108, 0.974937
0.42515, 0.974973
0.450184, 0.975016
0.47513, 0.975038
0.5, 0.975
0.525, 0.975
0.55, 0.975
0.575, 0.975
0.6, 0.975
0.625, 0.975
0.65, 0.975
0.675, 0.975
0.7, 0.975
0.725, 0.975
0.75, 0.975
0.775, 0.975
0.8, 0.975
0.825, 0.975
0.85, 0.975
0.875, 0.975
0.9, 0.975
0.925, 0.975
0.95, 0.975
0.975, 0.975
1, 0.975
0, 1
0.025, 1
0.05, 1
0.075, 1
0.1, 1
0.125, 1
0.15, 1
0.175, 1
0.2, 1
0.225, 1
0.25, 1
0.275, 1
0.3, 1
0.325, 1
0.35, 1
0.375, 1
0.4, 1
0.425, 1
0.45, 1
0.475, 1
0.5, 1
0.525, 1
0.55, 1
0.575, 1
0.6, 1
0.625, 1
0.65, 1
0.675, 1
0.7, 1
0.725, 1
0.75, 1
0.775, 1
0.8, 1
0.825, 1
0.85, 1
0.875, 1
0.9, 1
0.925, 1
0.95, 1
0.975, 1
1, 1
0.0124978, 0.0125091
0.0374724, 0.012487
0.0624388, 0.0124765
0.0874008, 0.012468
0.11236, 0.012447
0.137336, 0.0124392
0.162357, 0.0124062
0.187401, 0.0124008
0.212439, 0.0124248
0.237493, 0.0124706
0.262551, 0.0124848
0.287598, 0.0125131
0.312643, 0.0125204
0.337649, 0.0125022
0.362681, 0.0124637
0.387689, 0.0124748
0.412637, 0.0125068
0.437586, 0.0125167
0.462534, 0.0125073
0.487471, 0.012488
0.51243, 0.0124595
0.53743, 0.0124431
0.562451, 0.012435
0.587514, 0.0124557
0.612548, 0.0124687
0.63758, 0.0124903
0.662623, 0.0124934
0.687618, 0.012506
0.712623, 0.0124955
0.737597, 0.0124975
0.762568, 0.0125008
0.787547, 0.0125
0.812536, 0.012495
0.837501, 0.0125031
0.862503, 0.0125116
0.887507, 0.0125368
0.912516, 0.0125406
0.937534, 0.0125052
0.96254, 0.012474
0.987531, 0.012475
0.0125013, 0.0375052
0.0374703, 0.0374765
0.0623816, 0.0374562
0.0872753, 0.0374225
0.112189, 0.0373946
0.137134, 0.0373054
0.162174, 0.0372368
0.187262, 0.0372203
0.212339, 0.0372753
0.23745, 0.0373671
0.262596, 0.0374402
0.287738, 0.0375053
0.312849, 0.0375587
0.3379, 0.0375068
0.362913, 0.0374264
0.387915, 0.0374453
0.412846, 0.0375177
0.437718, 0.0375588
0.462578, 0.0375521
0.487439, 0.0374961
0.51236, 0.0374047
0.537323, 0.0373614
0.56237, 0.0373379
0.587448, 0.0373497
0.612542, 0.0374155
0.637654, 0.0374612
0.662734, 0.037493
0.68779, 0.0374758
0.712785, 0.0374771
0.737739, 0.037494
0.762671, 0.0375136
0.787615, 0.0375045
0.812552, 0.0374998
0.837511, 0.0375171
0.862496, 0.0375388
0.887495, 0.0375872
0.912551, 0.0375647
0.937618, 0.0375089
0.96264, 0.0374609
0.98755, 0.0374619
0.0125025, 0.0624933
0.0375006, 0.0624628
0.0624348, 0.06245
0.0873206, 0.0624268
0.112219, 0.0623807
0.137166, 0.0622626
0.162168, 0.062132
0.187216, 0.062121
0.212289, 0.0622003
0.237412, 0.0623074
0.262564, 0.0624157
0.287739, 0.0625102
0.312875, 0.0625945
0.337949, 0.062552
0.362969, 0.0624655
0.38795, 0.0624598
0.412855, 0.0625482
0.437733, 0.0626083
0.462586, 0.0625877
0.487444, 0.0625044
0.512337, 0.0624291
0.537259, 0.0623778
0.562247, 0.0623323
0.587289, 0.0623284
0.612394, 0.0623832
0.637548, 0.0624315
0.662684, 0.0624508
0.687796, 0.0624734
0.712816, 0.0624825
0.737756, 0.0625006
0.762684, 0.0625383
0.7876, 0.0625179
0.812535, 0.0625309
0.837482, 0.0625393
0.862451, 0.062565
0.887471, 0.0625775
0.912541, 0.0625446
0.937631, 0.062491
0.962653, 0.0624776
0.987558, 0.0624936
0.0125134, 0.0874705
0.0375554, 0.0874262
0.0625287, 0.0874216
0.0874494, 0.0874242
0.11236, 0.0873936
0.137315, 0.087289
0.162291, 0.0871613
0.187275, 0.0871549
0.212307, 0.0872341
0.23737, 0.0873556
0.262481, 0.0874452
0.287612, 0.0875564
0.312753, 0.0876384
0.337862, 0.0876167
0.362883, 0.0875403
0.387846, 0.0875467
0.412748, 0.0875821
0.437655, 0.0876107
0.462539, 0.0875768
0.487419, 0.0875301
0.512298, 0.0875077
0.537204, 0.0874873
0.562148, 0.0874371
0.587174, 0.0874094
0.612278, 0.0874146
0.637424, 0.0873888
0.662594, 0.0874029
0.687713, 0.087449
0.712773, 0.0875238
0.737725, 0.0875601
0.762634, 0.0875575
0.787564, 0.0875348
0.812517, 0.087548
0.837459, 0.087562
0.862425, 0.0875599
0.887405, 0.0875604
0.912434, 0.0875202
0.937509, 0.0874756
0.962528, 0.0874876
0.987503, 0.0875205
0.0125298, 0.112451
0.037551, 0.11238
0.0625542, 0.112405
0.0875221, 0.112435
0.112484, 0.112429
0.137453, 0.112344
0.162428, 0.112266
0.187385, 0.112291
0.212348, 0.112392
0.237353, 0.112467
0.262361, 0.11253
0.287447, 0.112594
0.312553, 0.112674
0.337679, 0.112677
0.362745, 0.112637
0.387755, 0.112597
0.412686, 0.112586
0.437596, 0.112568
0.462494, 0.112561
0.487346, 0.112568
0.512236, 0.112624
0.537146, 0.112639
0.562134, 0.112588
0.58719, 0.112522
0.612288, 0.112458
0.637407, 0.112382
0.66256, 0.112366
0.687673, 0.112431
0.712709, 0.11254
0.737672, 0.11261
0.762597, 0.11259
0.787533, 0.112549
0.812486, 0.112534
0.837446, 0.112561
0.862393, 0.112565
0.887329, 0.112552
0.912275, 0.112492
0.9373, 0.112456
0.96236, 0.112494
0.987447, 0.112507
0.0125277, 0.137452
0.0375546, 0.137359
0.06255, 0.13734
0.0875596, 0.13741
0.11254, 0.137459
0.137503, 0.137441
0.16247, 0.137383
0.187436, 0.13746
0.212391, 0.137548
0.237327, 0.137622
0.262313, 0.137632
0.287325, 0.137631
0.312411, 0.137675
0.337522, 0.137666
0.362614, 0.137619
0.387649, 0.137588
0.412633, 0.137533
0.437573, 0.137504
0.462456, 0.137559
0.487308, 0.137628
0.512159, 0.137718
0.537096, 0.137756
0.562143, 0.13768
0.587242, 0.137584
0.612371, 0.137467
0.637487, 0.137365
0.662595, 0.137363
0.687649, 0.137474
0.712655, 0.137594
0.737661, 0.137658
0.76262, 0.137619
0.787565, 0.137549
0.812509, 0.137531
0.837433, 0.137549
0.862367, 0.137577
0.887295, 0.137569
0.912221, 0.13751
0.937194, 0.137449
0.962277, 0.137459
0.987428, 0.137486
0.0125349, 0.162434
0.0375901, 0.162319
0.0626122, 0.162314
0.0876039, 0.162405
0.112575, 0.162493
0.137525, 0.162522
0.162465, 0.162506
0.187393, 0.162572
0.212361, 0.162666
0.237342, 0.16269
0.262351, 0.162668
0.287343, 0.162625
0.31239, 0.162592
0.337447, 0.162565
0.362504, 0.162541
0.387551, 0.162475
0.412554, 0.162421
0.4375, 0.162428
0.4624, 0.162527
0.487241, 0.162688
0.512103, 0.162792
0.53707, 0.162783
0.562137, 0.162671
0.587255, 0.162519
0.612388, 0.162407
0.637506, 0.16234
0.662589, 0.162387
0.687641, 0.162523
0.712687, 0.162658
0.737699, 0.162684
0.762703, 0.162618
0.787642, 0.162562
0.812553, 0.162563
0.837458, 0.162569
0.862396, 0.162569
0.88735, 0.16256
0.912314, 0.162516
0.937302, 0.162416
0.96233, 0.162386
0.987445, 0.162442
0.0125398, 0.187396
0.0376126, 0.187278
0.0626358, 0.187306
0.0876523, 0.187417
0.112638, 0.187535
0.137598, 0.187599
0.162528, 0.187632
0.187449, 0.187648
0.212416, 0.187685
0.237407, 0.18769
0.262411, 0.187638
0.287403, 0.187543
0.312403, 0.187492
0.337425, 0.18745
0.362458, 0.187402
0.387479, 0.187354
0.412454, 0.187321
0.437388, 0.187361
0.462281, 0.18753
0.48717, 0.187708
0.512117, 0.187787
0.537121, 0.18774
0.56219, 0.187597
0.58728, 0.187431
0.612366, 0.187324
0.637464, 0.187294
0.662572, 0.187402
0.687682, 0.187566
0.712762, 0.187669
0.737808, 0.187671
0.7628, 0.187613
0.787709, 0.187602
0.812586, 0.187613
0.837491, 0.187593
0.862478, 0.187518
0.887508, 0.187506
0.912519, 0.187463
0.937515, 0.18738
0.962482, 0.18734
0.987495, 0.187413
0.0125237, 0.212384
0.0375812, 0.212256
0.0625995, 0.212275
0.0876207, 0.212416
0.11264, 0.212572
0.137648, 0.212655
0.162659, 0.212678
0.187626, 0.212653
0.212585, 0.212659
0.237535, 0.212641
0.262465, 0.212562
0.287424, 0.21247
0.312403, 0.212376
0.337432, 0.212342
0.362464, 0.212308
0.387472, 0.212315
0.412425, 0.212303
0.43733, 0.21239
0.462236, 0.212519
0.487212, 0.212644
0.512227, 0.212702
0.537255, 0.212638
0.562325, 0.212476
0.587359, 0.212332
0.612423, 0.212242
0.6375, 0.212267
0.662601, 0.212391
0.687737, 0.212549
0.712852, 0.212643
0.737878, 0.212642
0.762823, 0.212616
0.787721, 0.212661
0.812645, 0.212671
0.837568, 0.212609
0.862609, 0.212461
0.887676, 0.212379
0.912712, 0.212361
0.937695, 0.212334
0.962616, 0.212336
0.98753, 0.212416
0.0124965, 0.237367
0.0374832, 0.23721
0.0625026, 0.237237
0.0875272, 0.237404
0.112567, 0.23757
0.137644, 0.237643
0.162713, 0.237645
0.187768, 0.237611
0.212762, 0.237642
0.2377, 0.237626
0.262565, 0.237538
0.28745, 0.237421
0.312395, 0.237323
0.337423, 0.237275
0.362468, 0.2373
0.387501, 0.237366
0.41247, 0.237437
0.437415, 0.237454
0.462376, 0.237525
0.487377, 0.237585
0.512385, 0.237628
0.537418, 0.237523
0.562445, 0.237368
0.587507, 0.237267
0.612564, 0.237212
0.637626, 0.237261
0.66271, 0.237369
0.687784, 0.237518
0.712836, 0.237609
0.73782, 0.237617
0.762761, 0.237639
0.787682, 0.237686
0.812637, 0.237703
0.837633, 0.237574
0.862712, 0.237381
0.887774, 0.237257
0.912799, 0.237285
0.937752, 0.237316
0.962634, 0.237345
0.987531, 0.237435
0.012468, 0.262337
0.0374201, 0.262146
0.0624028, 0.262196
0.0874163, 0.262395
0.112441, 0.262566
0.137496, 0.262608
0.162622, 0.262547
0.187757, 0.262514
0.212842, 0.262573
0.237824, 0.26262
0.262682, 0.262604
0.287529, 0.262467
0.312401, 0.262327
0.337374, 0.262291
0.36242, 0.262355
0.387495, 0.262478
0.412547, 0.262562
0.437579, 0.262564
0.462579, 0.262551
0.487564, 0.262562
0.512538, 0.262548
0.537527, 0.262467
0.562535, 0.262317
0.587616, 0.262209
0.612702, 0.262212
0.637751, 0.262315
0.662774, 0.262423
0.687754, 0.262522
0.712729, 0.262601
0.737652, 0.262594
0.762632, 0.262622
0.787602, 0.26269
0.812613, 0.262721
0.837664, 0.262572
0.862722, 0.262316
0.887776, 0.262206
0.912772, 0.262259
0.937691, 0.262351
0.962608, 0.262392
0.987524, 0.262454
0.0124615, 0.28732
0.0373972, 0.287132
0.0623725, 0.287158
0.08733, 0.287397
0.112311, 0.287617
0.137373, 0.287619
0.162477, 0.28745
0.187673, 0.287366
0.212846, 0.287439
0.237872, 0.287589
0.262783, 0.287642
0.287595, 0.287534
0.312415, 0.287399
0.337329, 0.287374
0.362333, 0.287444
0.387437, 0.287576
0.412586, 0.287649
0.437671, 0.287626
0.462716, 0.287557
0.487694, 0.287547
0.512625, 0.287565
0.537591, 0.287454
0.56258, 0.287296
0.587636, 0.287193
0.612684, 0.287243
0.637706, 0.287403
0.662662, 0.287535
0.687575, 0.287596
0.712502, 0.287612
0.737475, 0.287604
0.762457, 0.287586
0.787503, 0.287674
0.812553, 0.287737
0.837596, 0.287605
0.862645, 0.28735
0.887684, 0.287236
0.912656, 0.287308
0.937617, 0.28741
0.962578, 0.287442
0.987521, 0.287481
0.0124734, 0.312345
0.0374043, 0.312137
0.0623504, 0.312182
0.0872963, 0.312424
0.112328, 0.312654
0.137394, 0.31264
0.162509, 0.312411
0.187654, 0.312241
0.212794, 0.312311
0.237844, 0.312519
0.262773, 0.312633
0.287594, 0.312606
0.312396, 0.312518
0.337285, 0.312461
0.362271, 0.312525
0.387366, 0.312616
0.412541, 0.312647
0.437664, 0.31262
0.462719, 0.312572
0.487706, 0.312588
0.512664, 0.312577
0.537619, 0.312495
0.562601, 0.312312
0.58758, 0.31224
0.612556, 0.312349
0.637511, 0.312517
0.662456, 0.312665
0.687371, 0.312689
0.712343, 0.312636
0.737327, 0.312558
0.762354, 0.312582
0.787378, 0.312681
0.812435, 0.312784
0.837481, 0.312691
0.86252, 0.312455
0.887557, 0.312327
0.912554, 0.312375
0.937566, 0.31245
0.962554, 0.312475
0.987514, 0.312487
0.0124909, 0.337387
0.0374287, 0.33722
0.0623448, 0.337241
0.0873332, 0.337424
0.11241, 0.337632
0.137541, 0.337624
0.162656, 0.337395
0.187735, 0.337208
0.212783, 0.337217
0.237778, 0.337392
0.262707, 0.337559
0.287578, 0.337571
0.3124, 0.337547
0.337282, 0.337514
0.36226, 0.337526
0.387353, 0.33759
0.412494, 0.337601
0.437604, 0.337592
0.462621, 0.337557
0.487618, 0.337564
0.512593, 0.337556
0.537604, 0.337483
0.562627, 0.337399
0.587574, 0.337369
0.61249, 0.337478
0.637403, 0.337651
0.662337, 0.337743
0.687301, 0.33772
0.712267, 0.33764
0.737281, 0.337566
0.762284, 0.337611
0.787329, 0.337762
0.81234, 0.337865
0.837406, 0.337757
0.862454, 0.337554
0.887461, 0.337444
0.912484, 0.337444
0.937508, 0.337478
0.962521, 0.337491
0.987514, 0.337494
0.0124967, 0.362424
0.0374527, 0.362314
0.0623717, 0.362312
0.0873442, 0.362424
0.112467, 0.362564
0.137625, 0.362585
0.162733, 0.362429
0.187783, 0.36227
0.212762, 0.362211
0.23773, 0.362308
0.262679, 0.362436
0.287571, 0.362499
0.312418, 0.36254
0.337297, 0.362511
0.362287, 0.362497
0.387384, 0.362517
0.412485, 0.36256
0.43755, 0.362559
0.46253, 0.362556
0.487476, 0.362546
0.512502, 0.362509
0.537567, 0.362448
0.562608, 0.362433
0.587607, 0.362494
0.612568, 0.362592
0.637493, 0.362714
0.662442, 0.362755
0.687366, 0.362733
0.712324, 0.362626
0.737293, 0.362555
0.762308, 0.362622
0.787328, 0.362805
0.812361, 0.362906
0.837394, 0.362792
0.862413, 0.362611
0.887436, 0.362488
0.912445, 0.362475
0.937488, 0.362475
0.962522, 0.362466
0.987511, 0.362486
0.012506, 0.387473
0.0374632, 0.38741
0.0623889, 0.387374
0.0873649, 0.387388
0.112433, 0.38747
0.13756, 0.387517
0.162673, 0.387458
0.1877, 0.387346
0.212666, 0.38725
0.237653, 0.387252
0.262612, 0.387319
0.287536, 0.387446
0.312425, 0.387506
0.337336, 0.387503
0.362329, 0.38746
0.387411, 0.387472
0.412483, 0.387535
0.437488, 0.38757
0.462464, 0.387554
0.48743, 0.38749
0.512474, 0.387411
0.537575, 0.387386
0.562647, 0.387425
0.587674, 0.387512
0.612708, 0.387635
0.637697, 0.387717
0.662655, 0.387753
0.68757, 0.387725
0.712479, 0.387594
0.737417, 0.387518
0.76241, 0.387586
0.787423, 0.387773
0.812475, 0.387875
0.837456, 0.387796
0.862446, 0.387611
0.887431, 0.387481
0.912442, 0.387453
0.937492, 0.387425
0.962511, 0.387417
0.987504, 0.387459
0.0124767, 0.412498
0.0374403, 0.412462
0.0623799, 0.412407
0.0873184, 0.412386
0.112347, 0.412406
0.137433, 0.412469
0.162512, 0.412478
0.187546, 0.412437
0.212517, 0.41231
0.237501, 0.412247
0.262479, 0.412312
0.287433, 0.412429
0.312381, 0.412541
0.337331, 0.412528
0.362331, 0.412464
0.387383, 0.412446
0.412469, 0.41251
0.437512, 0.412565
0.462531, 0.412527
0.487545, 0.412419
0.512553, 0.41232
0.537605, 0.412307
0.562658, 0.412395
0.587696, 0.412493
0.612743, 0.412603
0.637798, 0.41266
0.662796, 0.412715
0.68775, 0.412701
0.712641, 0.412577
0.737551, 0.412432
0.762554, 0.412478
0.787591, 0.412656
0.812611, 0.412779
0.837601, 0.412743
0.862546, 0.412559
0.887472, 0.412446
0.912465, 0.412388
0.937467, 0.41236
0.962485, 0.412383
0.987494, 0.412446
0.0124664, 0.437506
0.0374068, 0.437468
0.0623507, 0.437413
0.0873222, 0.437384
0.112308, 0.437382
0.137335, 0.437443
0.162355, 0.437497
0.187365, 0.437486
0.212364, 0.437408
0.237338, 0.437343
0.262339, 0.437384
0.287337, 0.437513
0.31233, 0.437627
0.337325, 0.437596
0.36232, 0.437497
0.38739, 0.437452
0.412484, 0.437454
0.437578, 0.4375
0.462657, 0.437436
0.487703, 0.437347
0.512676, 0.437278
0.537607, 0.437297
0.562589, 0.437386
0.587589, 0.437492
0.612666, 0.437541
0.637751, 0.437575
0.662798, 0.437633
0.687805, 0.437659
0.712753, 0.437527
0.737674, 0.43737
0.762619, 0.437354
0.787634, 0.437513
0.81268, 0.437653
0.837687, 0.43765
0.862638, 0.43753
0.887543, 0.437415
0.912462, 0.43735
0.937443, 0.437323
0.962461, 0.437364
0.987477, 0.437456
0.0124715, 0.462479
0.0374056, 0.462458
0.0623666, 0.462407
0.087363, 0.462357
0.112348, 0.462365
0.137304, 0.462432
0.16229, 0.462512
0.187268, 0.462525
0.212256, 0.462497
0.237252, 0.462461
0.262274, 0.462518
0.287317, 0.462637
0.312359, 0.462735
0.337401, 0.462713
0.362403, 0.462575
0.387441, 0.462463
0.412504, 0.462387
0.437621, 0.462357
0.462731, 0.462331
0.487751, 0.462305
0.512688, 0.462315
0.537583, 0.462361
0.562501, 0.462427
0.587491, 0.462478
0.61254, 0.462497
0.637635, 0.462505
0.662704, 0.462562
0.687741, 0.46258
0.712729, 0.462495
0.737668, 0.462381
0.762596, 0.46235
0.787586, 0.462426
0.812662, 0.462534
0.837691, 0.462569
0.862655, 0.462502
0.887577, 0.462431
0.912468, 0.462383
0.937431, 0.462365
0.962421, 0.462396
0.987471, 0.462464
0.0124654, 0.487503
0.0374169, 0.487452
0.0623872, 0.487386
0.087361, 0.487329
0.112331, 0.487338
0.137295, 0.487409
0.162264, 0.487465
0.187254, 0.48754
0.212251, 0.487555
0.237245, 0.487587
0.262296, 0.487628
0.287395, 0.487722
0.312478, 0.487828
0.337533, 0.487826
0.362566, 0.487671
0.387557, 0.4875
0.412595, 0.487358
0.437651, 0.487278
0.462703, 0.487254
0.48767, 0.487336
0.512586, 0.48743
0.537525, 0.487461
0.562484, 0.487478
0.587475, 0.487482
0.612502, 0.487493
0.637534, 0.487475
0.662565, 0.487507
0.687595, 0.487521
0.71261, 0.487504
0.73758, 0.487461
0.762546, 0.487442
0.787542, 0.487452
0.812552, 0.487479
0.837584, 0.487524
0.862573, 0.487506
0.88755, 0.487479
0.912503, 0.487464
0.937472, 0.487459
0.962462, 0.487461
0.987479, 0.487482
0.0124792, 0.512511
0.037459, 0.51246
0.0624138, 0.512379
0.0873609, 0.512313
0.112299, 0.512309
0.137259, 0.512359
0.162229, 0.512424
0.187192, 0.512512
0.212203, 0.512584
0.237237, 0.512647
0.262298, 0.512665
0.287419, 0.512718
0.312534, 0.512827
0.337635, 0.512862
0.362708, 0.512774
0.387722, 0.512594
0.412712, 0.512425
0.4377, 0.512295
0.462648, 0.512251
0.487546, 0.512396
0.5125, 0.5125
0.5375, 0.5125
0.5625, 0.5125
0.5875, 0.5125
0.6125, 0.5125
0.6375, 0.5125
0.6625, 0.5125
0.6875, 0.5125
0.7125, 0.5125
0.7375, 0.5125
0.7625, 0.5125
0.7875, 0.5125
0.8125, 0.5125
0.8375, 0.5125
0.8625, 0.5125
0.8875, 0.5125
0.9125, 0.5125
0.9375, 0.5125
0.9625, 0.5125
0.9875, 0.5125
0.0125168, 0.53748
0.0375074, 0.53747
0.0624829, 0.537408
0.0874012, 0.537347
0.11231, 0.537328
0.137245, 0.537339
0.162213, 0.537432
0.18717, 0.537538
0.21216, 0.537623
0.237176, 0.537663
0.262224, 0.537655
0.287325, 0.537661
0.312466, 0.537737
0.337615, 0.537811
0.362746, 0.537821
0.387812, 0.537732
0.412779, 0.537578
0.437706, 0.537443
0.462601, 0.537377
0.487522, 0.537433
0.5125, 0.5375
0.5375, 0.5375
0.5625, 0.5375
0.5875, 0.5375
0.6125, 0.5375
0.6375, 0.5375
0.6625, 0.5375
0.6875, 0.5375
0.7125, 0.5375
0.7375, 0.5375
0.7625, 0.5375
0.7875, 0.5375
0.8125, 0.5375
0.8375, 0.5375
0.8625, 0.5375
0.8875, 0.5375
0.9125, 0.5375
0.9375, 0.5375
0.9625, 0.5375
0.9875, 0.5375
0.0125185, 0.562475
0.0375313, 0.562452
0.0625284, 0.562463
0.0874507, 0.562447
0.112358, 0.562374
0.137338, 0.562377
0.162304, 0.562483
0.187275, 0.562628
0.21224, 0.562702
0.23721, 0.562684
0.262244, 0.562615
0.287282, 0.562571
0.31239, 0.562603
0.337544, 0.562707
0.362693, 0.562804
0.387767, 0.562833
0.412741, 0.562795
0.437652, 0.562665
0.462566, 0.56252
0.487513, 0.562486
0.5125, 0.5625
0.5375, 0.5625
0.5625, 0.5625
0.5875, 0.5625
0.6125, 0.5625
0.6375, 0.5625
0.6625, 0.5625
0.6875, 0.5625
0.7125, 0.5625
0.7375, 0.5625
0.7625, 0.5625
0.7875, 0.5625
0.8125, 0.5625
0.8375, 0.5625
0.8625, 0.5625
0.8875, 0.5625
0.9125, 0.5625
0.9375, 0.5625
0.9625, 0.5625
0.9875, 0.5625
0.0124987, 0.587446
0.0375111, 0.587434
0.0624916, 0.587524
0.0874378, 0.587539
0.112412, 0.587463
0.137407, 0.58743
0.16242, 0.587537
0.18742, 0.5877
0.212427, 0.587779
0.237404, 0.587737
0.262367, 0.58761
0.287361, 0.587513
0.312414, 0.58749
0.337527, 0.587583
0.36262, 0.587757
0.387671, 0.587906
0.412629, 0.587956
0.437568, 0.587832
0.462518, 0.587637
0.487499, 0.587534
0.5125, 0.5875
0.5375, 0.5875
0.5625, 0.5875
0.5875, 0.5875
0.6125, 0.5875
0.6375, 0.5875
0.6625, 0.5875
0.6875, 0.5875
0.7125, 0.5875
0.7375, 0.5875
0.7625, 0.5875
0.7875, 0.5875
0.8125, 0.5875
0.8375, 0.5875
0.8625, 0.5875
0.8875, 0.5875
0.9125, 0.5875
0.9375, 0.5875
0.9625, 0.5875
0.9875, 0.5875
0.0124916, 0.612432
0.0374612, 0.612432
0.0624415, 0.612558
0.0874464, 0.612618
0.112435, 0.612547
0.137445, 0.612469
0.162474, 0.61256
0.187507, 0.612751
0.212543, 0.612804
0.23753, 0.612752
0.26251, 0.612619
0.287473, 0.612486
0.312494, 0.612409
0.337534, 0.612496
0.36257, 0.612706
0.387594, 0.612924
0.412558, 0.613018
0.437516, 0.612927
0.462505, 0.612714
0.487491, 0.612555
0.5125, 0.6125
0.5375, 0.6125
0.5625, 0.6125
0.5875, 0.6125
0.6125, 0.6125
0.6375, 0.6125
0.6625, 0.6125
0.6875, 0.6125
0.7125, 0.6125
0.7375, 0.6125
0.7625, 0.6125
0.7875, 0.6125
0.8125, 0.6125
0.8375, 0.6125
0.8625, 0.6125
0.8875, 0.6125
0.9125, 0.6125
0.9375, 0.6125
0.9625, 0.6125
0.9875, 0.6125
0.0124807, 0.637432
0.0374324, 0.637423
0.0624177, 0.63754
0.0874607, 0.637638
0.112458, 0.637616
0.137449, 0.637542
0.162455, 0.637577
0.187524, 0.637695
0.212575, 0.637744
0.237559, 0.637701
0.262534, 0.637591
0.287504, 0.637467
0.312471, 0.637373
0.337473, 0.637441
0.362461, 0.637646
0.387458, 0.637877
0.41246, 0.637976
0.437465, 0.637909
0.462461, 0.637742
0.487483, 0.637564
0.5125, 0.6375
0.5375, 0.6375
0.5625, 0.6375
0.5875, 0.6375
0.6125, 0.6375
0.6375, 0.6375
0.6625, 0.6375
0.6875, 0.6375
0.7125, 0.6375
0.7375, 0.6375
0.7625, 0.6375
0.7875, 0.6375
0.8125, 0.6375
0.8375, 0.6375
0.8625, 0.6375
0.8875, 0.6375
0.9125, 0.6375
0.9375, 0.6375
0.9625, 0.6375
0.9875, 0.6375
0.0124711, 0.662435
0.0374092, 0.662382
0.0624169, 0.662504
0.0874523, 0.662652
0.112455, 0.662673
0.137464, 0.662618
0.162498, 0.662573
0.18755, 0.662597
0.212596, 0.662649
0.237575, 0.662638
0.262508, 0.662565
0.287412, 0.662465
0.31235, 0.662383
0.337308, 0.662425
0.362276, 0.662572
0.387256, 0.662743
0.412304, 0.662838
0.437345, 0.662828
0.462395, 0.662723
0.487452, 0.662575
0.5125, 0.6625
0.5375, 0.6625
0.5625, 0.6625
0.5875, 0.6625
0.6125, 0.6625
0.6375, 0.6625
0.6625, 0.6625
0.6875, 0.6625
0.7125, 0.6625
0.7375, 0.6625
0.7625, 0.6625
0.7875, 0.6625
0.8125, 0.6625
0.8375, 0.6625
0.8625, 0.6625
0.8875, 0.6625
0.9125, 0.6625
0.9375, 0.6625
0.9625, 0.6625
0.9875, 0.6625
0.0124839, 0.687414
0.0374442, 0.687356
0.0624481, 0.687456
0.087458, 0.687625
0.11247, 0.687732
0.137503, 0.687676
0.162549, 0.687589
0.187598, 0.687546
0.212591, 0.687565
0.237552, 0.687581
0.262434, 0.68756
0.287313, 0.687485
0.312226, 0.687431
0.337163, 0.687435
0.362125, 0.687503
0.38711, 0.687596
0.412142, 0.687654
0.437194, 0.68769
0.46229, 0.68764
0.487429, 0.687559
0.5125, 0.6875
0.5375, 0.6875
0.5625, 0.6875
0.5875, 0.6875
0.6125, 0.6875
0.6375, 0.6875
0.6625, 0.6875
0.6875, 0.6875
0.7125, 0.6875
0.7375, 0.6875
0.7625, 0.6875
0.7875, 0.6875
0.8125, 0.6875
0.8375, 0.6875
0.8625, 0.6875
0.8875, 0.6875
0.9125, 0.6875
0.9375, 0.6875
0.9625, 0.6875
0.9875, 0.6875
0.0125084, 0.712411
0.0375122, 0.712348
0.0625287, 0.712467
0.0875132, 0.712645
0.112504, 0.712754
0.137524, 0.712699
0.162552, 0.71258
0.187558, 0.712517
0.212547, 0.712551
0.237468, 0.71258
0.262364, 0.71258
0.287257, 0.712536
0.312176, 0.712493
0.337119, 0.712478
0.362087, 0.712448
0.387101, 0.712441
0.412129, 0.712499
0.437174, 0.712559
0.462261, 0.712582
0.487401, 0.712546
0.5125, 0.7125
0.5375, 0.7125
0.5625, 0.7125
0.5875, 0.7125
0.6125, 0.7125
0.6375, 0.7125
0.6625, 0.7125
0.6875, 0.7125
0.7125, 0.7125
0.7375, 0.7125
0.7625, 0.7125
0.7875, 0.7125
0.8125, 0.7125
0.8375, 0.7125
0.8625, 0.7125
0.8875, 0.7125
0.9125, 0.7125
0.9375, 0.7125
0.9625, 0.7125
0.9875, 0.7125
0.0125375, 0.737419
0.0375886, 0.73736
0.0625971, 0.737483
0.0875665, 0.737684
0.112545, 0.737785
0.137503, 0.737698
0.162469, 0.737579
0.187452, 0.737518
0.212419, 0.737554
0.237372, 0.737597
0.262287, 0.737602
0.287237, 0.737597
0.312154, 0.737571
0.337135, 0.737522
0.362161, 0.737407
0.387196, 0.73735
0.412224, 0.737383
0.437251, 0.737466
0.462305, 0.737529
0.487422, 0.737528
0.5125, 0.7375
0.5375, 0.7375
0.5625, 0.7375
0.5875, 0.7375
0.6125, 0.7375
0.6375, 0.7375
0.6625, 0.7375
0.6875, 0.7375
0.7125, 0.7375
0.7375, 0.7375
0.7625, 0.7375
0.7875, 0.7375
0.8125, 0.7375
0.8375, 0.7375
0.8625, 0.7375
0.8875, 0.7375
0.9125, 0.7375
0.9375, 0.7375
0.9625, 0.7375
0.9875, 0.7375
0.0125205, 0.762412
0.0375603, 0.762375
0.0625768, 0.762538
0.0875409, 0.762726
0.112528, 0.762792
0.137459, 0.762712
0.162393, 0.762594
0.187341, 0.762535
0.212296, 0.762545
0.237293, 0.762595
0.262272, 0.762616
0.287239, 0.762621
0.312214, 0.762615
0.337225, 0.762544
0.362267, 0.762392
0.387299, 0.762303
0.412324, 0.76235
0.437318, 0.762447
0.462365, 0.76252
0.487453, 0.762521
0.5125, 0.7625
0.5375, 0.7625
0.5625, 0.7625
0.5875, 0.7625
0.6125, 0.7625
0.6375, 0.7625
0.6625, 0.7625
0.6875, 0.7625
0.7125, 0.7625
0.7375, 0.7625
0.7625, 0.7625
0.7875, 0.7625
0.8125, 0.7625
0.8375, 0.7625
0.8625, 0.7625
0.8875, 0.7625
0.9125, 0.7625
0.9375, 0.7625
0.9625, 0.7625
0.9875, 0.7625
0.0124984, 0.787431
0.0374702, 0.787416
0.0624685, 0.787589
0.0875042, 0.787765
0.112499, 0.787793
0.137452, 0.787714
0.162359, 0.787604
0.187278, 0.787526
0.212252, 0.787512
0.237276, 0.787529
0.262295, 0.787573
0.287283, 0.787634
0.312283, 0.787622
0.337296, 0.787548
0.362326, 0.787405
0.387332, 0.787326
0.412306, 0.787396
0.437323, 0.787488
0.462373, 0.787519
0.487448, 0.787531
0.5125, 0.7875
0.5375, 0.7875
0.5625, 0.7875
0.5875, 0.7875
0.6125, 0.7875
0.6375, 0.7875
0.6625, 0.7875
0.6875, 0.7875
0.7125, 0.7875
0.7375, 0.7875
0.7625, 0.7875
0.7875, 0.7875
0.8125, 0.7875
0.8375, 0.7875
0.8625, 0.7875
0.8875, 0.7875
0.9125, 0.7875
0.9375, 0.7875
0.9625, 0.7875
0.9875, 0.7875
0.0124609, 0.812466
0.0374027, 0.812482
0.0624156, 0.812605
0.0874905, 0.812726
0.112546, 0.812777
0.137514, 0.812724
0.162416, 0.812625
0.187345, 0.81253
0.212325, 0.812479
0.237333, 0.812472
0.262337, 0.812506
0.287335, 0.812591
0.312317, 0.812643
0.337301, 0.812569
0.362313, 0.812457
0.387297, 0.812428
0.412288, 0.81247
0.437333, 0.812484
0.462382, 0.812494
0.48747, 0.812502
0.5125, 0.8125
0.5375, 0.8125
0.5625, 0.8125
0.5875, 0.8125
0.6125, 0.8125
0.6375, 0.8125
0.6625, 0.8125
0.6875, 0.8125
0.7125, 0.8125
0.7375, 0.8125
0.7625, 0.8125
0.7875, 0.8125
0.8125, 0.8125
0.8375, 0.8125
0.8625, 0.8125
0.8875, 0.8125
0.9125, 0.8125
0.9375, 0.8125
0.9625, 0.8125
0.9875, 0.8125
0.012458, 0.83749
0.0374221, 0.837519
0.0624576, 0.837576
0.0875507, 0.837687
0.112629, 0.837763
0.137593, 0.837755
0.162529, 0.83768
0.187462, 0.837558
0.212431, 0.837457
0.237407, 0.837426
0.262393, 0.837467
0.287357, 0.837581
0.312317, 0.837639
0.337307, 0.837616
0.362293, 0.83754
0.387299, 0.837522
0.41233, 0.837524
0.437376, 0.837499
0.462448, 0.837479
0.487489, 0.8375
0.5125, 0.8375
0.5375, 0.8375
0.5625, 0.8375
0.5875, 0.8375
0.6125, 0.8375
0.6375, 0.8375
0.6625, 0.8375
0.6875, 0.8375
0.7125, 0.8375
0.7375, 0.8375
0.7625, 0.8375
0.7875, 0.8375
0.8125, 0.8375
0.8375, 0.8375
0.8625, 0.8375
0.8875, 0.8375
0.9125, 0.8375
0.9375, 0.8375
0.9625, 0.8375
0.9875, 0.8375
0.0124816, 0.86252
0.0374579, 0.862533
0.0625175, 0.862556
0.0876192, 0.862675
0.112674, 0.862801
0.137651, 0.86283
0.162597, 0.862739
0.187547, 0.862571
0.212507, 0.862449
0.237504, 0.86241
0.26244, 0.862498
0.287391, 0.862623
0.312362, 0.862691
0.337346, 0.862676
0.362352, 0.862613
0.387401, 0.862562
0.412463, 0.86255
0.437523, 0.862498
0.462527, 0.86246
0.487519, 0.862481
0.5125, 0.8625
0.5375, 0.8625
0.5625, 0.8625
0.5875, 0.8625
0.6125, 0.8625
0.6375, 0.8625
0.6625, 0.8625
0.6875, 0.8625
0.7125, 0.8625
0.7375, 0.8625
0.7625, 0.8625
0.7875, 0.8625
0.8125, 0.8625
0.8375, 0.8625
0.8625, 0.8625
0.8875, 0.8625
0.9125, 0.8625
0.9375, 0.8625
0.9625, 0.8625
0.9875, 0.8625
0.0124944, 0.887529
0.0374961, 0.887531
0.0625352, 0.887575
0.0876181, 0.887678
0.112658, 0.887819
0.137646, 0.88788
0.162603, 0.887761
0.187573, 0.887572
0.212544, 0.887446
0.237508, 0.887463
0.262489, 0.887569
0.287451, 0.887687
0.31244, 0.887751
0.337443, 0.887708
0.362481, 0.887622
0.387552, 0.887567
0.412654, 0.887534
0.437707, 0.887505
0.462652, 0.887478
0.487565, 0.887468
0.5125, 0.8875
0.5375, 0.8875
0.5625, 0.8875
0.5875, 0.8875
0.6125, 0.8875
0.6375, 0.8875
0.6625, 0.8875
0.6875, 0.8875
0.7125, 0.8875
0.7375, 0.8875
0.7625, 0.8875
0.7875, 0.8875
0.8125, 0.8875
0.8375, 0.8875
0.8625, 0.8875
0.8875, 0.8875
0.9125, 0.8875
0.9375, 0.8875
0.9625, 0.8875
0.9875, 0.8875
0.0125032, 0.912529
0.0375011, 0.912555
0.0625304, 0.912602
0.0875686, 0.912694
0.11261, 0.912807
0.137645, 0.912873
0.162621, 0.912769
0.187578, 0.912582
0.212534, 0.912476
0.237501, 0.912509
0.262506, 0.912629
0.287515, 0.912755
0.312519, 0.912814
0.337527, 0.912728
0.362564, 0.912605
0.387658, 0.912527
0.412794, 0.912493
0.437826, 0.912522
0.46278, 0.912512
0.487618, 0.912492
0.5125, 0.9125
0.5375, 0.9125
0.5625, 0.9125
0.5875, 0.9125
0.6125, 0.9125
0.6375, 0.9125
0.6625, 0.9125
0.6875, 0.9125
0.7125, 0.9125
0.7375, 0.9125
0.7625, 0.9125
0.7875, 0.9125
0.8125, 0.9125
0.8375, 0.9125
0.8625, 0.9125
0.8875, 0.9125
0.9125, 0.9125
0.9375, 0.9125
0.9625, 0.9125
0.9875, 0.9125
0.0125048, 0.937544
0.0375209, 0.937598
0.0625445, 0.937633
0.0875856, 0.937683
0.11262, 0.937749
0.137661, 0.937807
0.162656, 0.937726
0.187608, 0.937599
0.212541, 0.937513
0.237514, 0.93755
0.262527, 0.937636
0.287558, 0.93777
0.312587, 0.937805
0.337585, 0.937705
0.3626, 0.937568
0.387671, 0.937466
0.412788, 0.937467
0.437863, 0.937503
0.462806, 0.937527
0.487617, 0.937528
0.5125, 0.9375
0.5375, 0.9375
0.5625, 0.9375
0.5875, 0.9375
0.6125, 0.9375
0.6375, 0.9375
0.6625, 0.9375
0.6875, 0.9375
0.7125, 0.9375
0.7375, 0.9375
0.7625, 0.9375
0.7875, 0.9375
0.8125, 0.9375
0.8375, 0.9375
0.8625, 0.9375
0.8875, 0.9375
0.9125, 0.9375
0.9375, 0.9375
0.9625, 0.9375
0.9875, 0.9375
0.0125238, 0.962532
0.0375465, 0.962595
0.0625823, 0.962609
0.0876006, 0.962632
0.112626, 0.962684
0.137648, 0.962684
0.162651, 0.962663
0.187588, 0.962594
0.212537, 0.962545
0.237519, 0.962545
0.262542, 0.962612
0.287558, 0.962697
0.312591, 0.962733
0.33758, 0.962656
0.362593, 0.962534
0.38762, 0.962443
0.412695, 0.962444
0.437761, 0.962484
0.462731, 0.962559
0.487589, 0.962536
0.5125, 0.9625
0.5375, 0.9625
0.5625, 0.9625
0.5875, 0.9625
0.6125, 0.9625
0.6375, 0.9625
0.6625, 0.9625
0.6875, 0.9625
0.7125, 0.9625
0.7375, 0.9625
0.7625, 0.9625
0.7875, 0.9625
0.8125, 0.9625
0.8375, 0.9625
0.8625, 0.9625
0.8875, 0.9625
0.9125, 0.9625
0.9375, 0.9625
0.9625, 0.9625
0.9875, 0.9625
0.0125019, 0.987504
0.0375347, 0.987526
0.0625463, 0.987553
0.0875344, 0.987542
0.112553, 0.987561
0.137556, 0.98757
0.162546, 0.987565
0.187548, 0.98754
0.21252, 0.987514
0.23751, 0.987517
0.26251, 0.987554
0.287529, 0.987583
0.312524, 0.98758
0.337533, 0.987562
0.362535, 0.987517
0.387535, 0.987478
0.41256, 0.987458
0.43758, 0.98749
0.462581, 0.987519
0.487538, 0.987512
0.5125, 0.9875
0.5375, 0.9875
0.5625, 0.9875
0.5875, 0.9875
0.6125, 0.9875
0.6375, 0.9875
0.6625, 0.9875
0.6875, 0.9875
0.7125, 0.9875
0.7375, 0.9875
0.7625, 0.9875
0.7875, 0.9875
0.8125, 0.9875
0.8375, 0.9875
0.8625, 0.9875
0.8875, 0.9875
0.9125, 0.9875
0.9375, 0.9875
0.9625, 0.9875
0.9875, 0.9875
