0, 1681, 41
1681, 42, 41
1681, 1, 42
0, 1, 1681
1, 1682, 42
1682, 43, 42
1682, 2, 43
1, 2, 1682
2, 1683, 43
1683, 44, 43
1683, 3, 44
2, 3, 1683
3, 1684, 44
1684, 45, 44
1684, 4, 45
3, 4, 1684
4, 1685, 45
1685, 46, 45
1685, 5, 46
4, 5, 1685
5, 1686, 46
1686, 47, 46
1686, 6, 47
5, 6, 1686
6, 1687, 47
1687, 48, 47
1687, 7, 48
6, 7, 1687
7, 1688, 48
1688, 49, 48
1688, 8, 49
7, 8, 1688
8, 1689, 49
1689, 50, 49
1689, 9, 50
8, 9, 1689
9, 1690, 50
1690, 51, 50
1690, 10, 51
9, 10, 1690
10, 1691, 51
1691, 52, 51
1691, 11, 52
10, 11, 1691
11, 1692, 52
1692, 53, 52
1692, 12, 53
11, 12, 1692
12, 1693, 53
1693, 54, 53
1693, 13, 54
12, 13, 1693
13, 1694, 54
1694, 55, 54
1694, 14, 55
13, 14, 1694
14, 1695, 55
1695, 56, 55
1695, 15, 56
14, 15, 1695
15, 1696, 56
1696, 57, 56
1696, 16, 57
15, 16, 1696
16, 1697, 57
1697, 58, 57
1697, 17, 58
16, 17, 1697
17, 1698, 58
1698, 59, 58
1698, 18, 59
17, 18, 1698
18, 1699, 59
1699, 60, 59
1699, 19, 60
18, 19, 1699
19, 1700, 60
1700, 61, 60
1700, 20, 61
19, 20, 1700
20, 1701, 61
1701, 62, 61
1701, 21, 62
20, 21, 1701
21, 1702, 62
1702, 63, 62
1702, 22, 63
21, 22, 1702
22, 1703, 63
1703, 64, 63
1703, 23, 64
22, 23, 1703
23, 1704, 64
1704, 65, 64
1704, 24, 65
23, 24, 1704
24, 1705, 65
1705, 66, 65
1705, 25, 66
24, 25, 1705
25, 1706, 66
1706, 67, 66
1706, 26, 67
25, 26, 1706
26, 1707, 67
1707, 68, 67
1707, 27, 68
26, 27, 1707
27, 1708, 68
1708, 69, 68
1708, 28, 69
27, 28, 1708
28, 1709, 69
1709, 70, 69
1709, 29, 70
28, 29, 1709
29, 1710, 70
1710, 71, 70
1710, 30, 71
29, 30, 1710
30, 1711, 71
1711, 72, 71
1711, 31, 72
30, 31, 1711
31, 1712, 72
1712, 73, 72
1712, 32, 73
31, 32, 1712
32, 1713, 73
1713, 74, 73
1713, 33, 74
32, 33, 1713
33, 1714, 74
1714, 75, 74
1714, 34, 75
33, 34, 1714
34, 1715, 75
1715, 76, 75
1715, 35, 76
34, 35, 1715
35, 1716, 76
1716, 77, 76
1716, 36, 77
35, 36, 1716
36, 1717, 77
1717, 78, 77
1717, 37, 78
36, 37, 1717
37, 1718, 78
1718, 79, 78
1718, 38, 79
37, 38, 1718
38, 1719, 79
1719, 80, 79
1719, 39, 80
38, 39, 1719
39, 1720, 80
1720, 81, 80
1720, 40, 81
39, 40, 1720
41, 1721, 82
1721, 83, 82
1721, 42, 83
41, 42, 1721
42, 1722, 83
1722, 84, 83
1722, 43, 84
42, 43, 1722
43, 1723, 84
1723, 85, 84
1723, 44, 85
43, 44, 1723
44, 1724, 85
1724, 86, 85
1724, 45, 86
44, 45, 1724
45, 1725, 86
1725, 87, 86
1725, 46, 87
45, 46, 1725
46, 1726, 87
1726, 88, 87
1726, 47, 88
46, 47, 1726
47, 1727, 88
1727, 89, 88
1727, 48, 89
47, 48, 1727
48, 1728, 89
1728, 90, 89
1728, 49, 90
48, 49, 1728
49, 1729, 90
1729, 91, 90
1729, 50, 91
49, 50, 1729
50, 1730, 91
1730, 92, 91
1730, 51, 92
50, 51, 1730
51, 1731, 92
1731, 93, 92
1731, 52, 93
51, 52, 1731
52, 1732, 93
1732, 94, 93
1732, 53, 94
52, 53, 1732
53, 1733, 94
1733, 95, 94
1733, 54, 95
53, 54, 1733
54, 1734, 95
1734, 96, 95
1734, 55, 96
54, 55, 1734
55, 1735, 96
1735, 97, 96
1735, 56, 97
55, 56, 1735
56, 1736, 97
1736, 98, 97
1736, 57, 98
56, 57, 1736
57, 1737, 98
1737, 99, 98
1737, 58, 99
57, 58, 1737
58, 1738, 99
1738, 100, 99
1738, 59, 100
58, 59, 1738
59, 1739, 100
1739, 101, 100
1739, 60, 101
59, 60, 1739
60, 1740, 101
1740, 102, 101
1740, 61, 102
60, 61, 1740
61, 1741, 102
1741, 103, 102
1741, 62, 103
61, 62, 1741
62, 1742, 103
1742, 104, 103
1742, 63, 104
62, 63, 1742
63, 1743, 104
1743, 105, 104
1743, 64, 105
63, 64, 1743
64, 1744, 105
1744, 106, 105
1744, 65, 106
64, 65, 1744
65, 1745, 106
1745, 107, 106
1745, 66, 107
65, 66, 1745
66, 1746, 107
1746, 108, 107
1746, 67, 108
66, 67, 1746
67, 1747, 108
1747, 109, 108
1747, 68, 109
67, 68, 1747
68, 1748, 109
1748, 110, 109
1748, 69, 110
68, 69, 1748
69, 1749, 110
1749, 111, 110
1749, 70, 111
69, 70, 1749
70, 1750, 111
1750, 112, 111
1750, 71, 112
70, 71, 1750
71, 1751, 112
1751, 113, 112
1751, 72, 113
71, 72, 1751
72, 1752, 113
1752, 114, 113
1752, 73, 114
72, 73, 1752
73, 1753, 114
1753, 115, 114
1753, 74, 115
73, 74, 1753
74, 1754, 115
1754, 116, 115
1754, 75, 116
74, 75, 1754
75, 1755, 116
1755, 117, 116
1755, 76, 117
75, 76, 1755
76, 1756, 117
1756, 118, 117
1756, 77, 118
76, 77, 1756
77, 1757, 118
1757, 119, 118
1757, 78, 119
77, 78, 1757
78, 1758, 119
1758, 120, 119
1758, 79, 120
78, 79, 1758
79, 1759, 120
1759, 121, 120
1759, 80, 121
79, 80, 1759
80, 1760, 121
1760, 122, 121
1760, 81, 122
80, 81, 1760
82, 1761, 123
1761, 124, 123
1761, 83, 124
82, 83, 1761
83, 1762, 124
1762, 125, 124
1762, 84, 125
83, 84, 1762
84, 1763, 125
1763, 126, 125
1763, 85, 126
84, 85, 1763
85, 1764, 126
1764, 127, 126
1764, 86, 127
85, 86, 1764
86, 1765, 127
1765, 128, 127
1765, 87, 128
86, 87, 1765
87, 1766, 128
1766, 129, 128
1766, 88, 129
87, 88, 1766
88, 1767, 129
1767, 130, 129
1767, 89, 130
88, 89, 1767
89, 1768, 130
1768, 131, 130
1768, 90, 131
89, 90, 1768
90, 1769, 131
1769, 132, 131
1769, 91, 132
90, 91, 1769
91, 1770, 132
1770, 133, 132
1770, 92, 133
91, 92, 1770
92, 1771, 133
1771, 134, 133
1771, 93, 134
92, 93, 1771
93, 1772, 134
1772, 135, 134
1772, 94, 135
93, 94, 1772
94, 1773, 135
1773, 136, 135
1773, 95, 136
94, 95, 1773
95, 1774, 136
1774, 137, 136
1774, 96, 137
95, 96, 1774
96, 1775, 137
1775, 138, 137
1775, 97, 138
96, 97, 1775
97, 1776, 138
1776, 139, 138
1776, 98, 139
97, 98, 1776
98, 1777, 139
1777, 140, 139
1777, 99, 140
98, 99, 1777
99, 1778, 140
1778, 141, 140
1778, 100, 141
99, 100, 1778
100, 1779, 141
1779, 142, 141
1779, 101, 142
100, 101, 1779
101, 1780, 142
1780, 143, 142
1780, 102, 143
101, 102, 1780
102, 1781, 143
1781, 144, 143
1781, 103, 144
102, 103, 1781
103, 1782, 144
1782, 145, 144
1782, 104, 145
103, 104, 1782
104, 1783, 145
1783, 146, 145
1783, 105, 146
104, 105, 1783
105, 1784, 146
1784, 147, 146
1784, 106, 147
105, 106, 1784
106, 1785, 147
1785, 148, 147
1785, 107, 148
106, 107, 1785
107, 1786, 148
1786, 149, 148
1786, 108, 149
107, 108, 1786
108, 1787, 149
1787, 150, 149
1787, 109, 150
108, 109, 1787
109, 1788, 150
1788, 151, 150
1788, 110, 151
109, 110, 1788
110, 1789, 151
1789, 152, 151
1789, 111, 152
110, 111, 1789
111, 1790, 152
1790, 153, 152
1790, 112, 153
111, 112, 1790
112, 1791, 153
1791, 154, 153
1791, 113, 154
112, 113, 1791
113, 1792, 154
1792, 155, 154
1792, 114, 155
113, 114, 1792
114, 1793, 155
1793, 156, 155
1793, 115, 156
114, 115, 1793
115, 1794, 156
1794, 157, 156
1794, 116, 157
115, 116, 1794
116, 1795, 157
1795, 158, 157
1795, 117, 158
116, 117, 1795
117, 1796, 158
1796, 159, 158
1796, 118, 159
117, 118, 1796
118, 1797, 159
1797, 160, 159
1797, 119, 160
118, 119, 1797
119, 1798, 160
1798, 161, 160
1798, 120, 161
119, 120, 1798
120, 1799, 161
1799, 162, 161
1799, 121, 162
120, 121, 1799
121, 1800, 162
1800, 163, 162
1800, 122, 163
121, 122, 1800
123, 1801, 164
1801, 165, 164
1801, 124, 165
123, 124, 1801
124, 1802, 165
1802, 166, 165
1802, 125, 166
124, 125, 1802
125, 1803, 166
1803, 167, 166
1803, 126, 167
125, 126, 1803
126, 1804, 167
1804, 168, 167
1804, 127, 168
126, 127, 1804
127, 1805, 168
1805, 169, 168
1805, 128, 169
127, 128, 1805
128, 1806, 169
1806, 170, 169
1806, 129, 170
128, 129, 1806
129, 1807, 170
1807, 171, 170
1807, 130, 171
129, 130, 1807
130, 1808, 171
1808, 172, 171
1808, 131, 172
130, 131, 1808
131, 1809, 172
1809, 173, 172
1809, 132, 173
131, 132, 1809
132, 1810, 173
1810, 174, 173
1810, 133, 174
132, 133, 1810
133, 1811, 174
1811, 175, 174
1811, 134, 175
133, 134, 1811
134, 1812, 175
1812, 176, 175
1812, 135, 176
134, 135, 1812
135, 1813, 176
1813, 177, 176
1813, 136, 177
135, 136, 1813
136, 1814, 177
1814, 178, 177
1814, 137, 178
136, 137, 1814
137, 1815, 178
1815, 179, 178
1815, 138, 179
137, 138, 1815
138, 1816, 179
1816, 180, 179
1816, 139, 180
138, 139, 1816
139, 1817, 180
1817, 181, 180
1817, 140, 181
139, 140, 1817
140, 1818, 181
1818, 182, 181
1818, 141, 182
140, 141, 1818
141, 1819, 182
1819, 183, 182
1819, 142, 183
141, 142, 1819
142, 1820, 183
1820, 184, 183
1820, 143, 184
142, 143, 1820
143, 1821, 184
1821, 185, 184
1821, 144, 185
143, 144, 1821
144, 1822, 185
1822, 186, 185
1822, 145, 186
144, 145, 1822
145, 1823, 186
1823, 187, 186
1823, 146, 187
145, 146, 1823
146, 1824, 187
1824, 188, 187
1824, 147, 188
146, 147, 1824
147, 1825, 188
1825, 189, 188
1825, 148, 189
147, 148, 1825
148, 1826, 189
1826, 190, 189
1826, 149, 190
148, 149, 1826
149, 1827, 190
1827, 191, 190
1827, 150, 191
149, 150, 1827
150, 1828, 191
1828, 192, 191
1828, 151, 192
150, 151, 1828
151, 1829, 192
1829, 193, 192
1829, 152, 193
151, 152, 1829
152, 1830, 193
1830, 194, 193
1830, 153, 194
152, 153, 1830
153, 1831, 194
1831, 195, 194
1831, 154, 195
153, 154, 1831
154, 1832, 195
1832, 196, 195
1832, 155, 196
154, 155, 1832
155, 1833, 196
1833, 197, 196
1833, 156, 197
155, 156, 1833
156, 1834, 197
1834, 198, 197
1834, 157, 198
156, 157, 1834
157, 1835, 198
1835, 199, 198
1835, 158, 199
157, 158, 1835
158, 1836, 199
1836, 200, 199
1836, 159, 200
158, 159, 1836
159, 1837, 200
1837, 201, 200
1837, 160, 201
159, 160, 1837
160, 1838, 201
1838, 202, 201
1838, 161, 202
160, 161, 1838
161, 1839, 202
1839, 203, 202
1839, 162, 203
161, 162, 1839
162, 1840, 203
1840, 204, 203
1840, 163, 204
162, 163, 1840
164, 1841, 205
1841, 206, 205
1841, 165, 206
164, 165, 1841
165, 1842, 206
1842, 207, 206
1842, 166, 207
165, 166, 1842
166, 1843, 207
1843, 208, 207
1843, 167, 208
166, 167, 1843
167, 1844, 208
1844, 209, 208
1844, 168, 209
167, 168, 1844
168, 1845, 209
1845, 210, 209
1845, 169, 210
168, 169, 1845
169, 1846, 210
1846, 211, 210
1846, 170, 211
169, 170, 1846
170, 1847, 211
1847, 212, 211
1847, 171, 212
170, 171, 1847
171, 1848, 212
1848, 213, 212
1848, 172, 213
171, 172, 1848
172, 1849, 213
1849, 214, 213
1849, 173, 214
172, 173, 1849
173, 1850, 214
1850, 215, 214
1850, 174, 215
173, 174, 1850
174, 1851, 215
1851, 216, 215
1851, 175, 216
174, 175, 1851
175, 1852, 216
1852, 217, 216
1852, 176, 217
175, 176, 1852
176, 1853, 217
1853, 218, 217
1853, 177, 218
176, 177, 1853
177, 1854, 218
1854, 219, 218
1854, 178, 219
177, 178, 1854
178, 1855, 219
1855, 220, 219
1855, 179, 220
178, 179, 1855
179, 1856, 220
1856, 221, 220
1856, 180, 221
179, 180, 1856
180, 1857, 221
1857, 222, 221
1857, 181, 222
180, 181, 1857
181, 1858, 222
1858, 223, 222
1858, 182, 223
181, 182, 1858
182, 1859, 223
1859, 224, 223
1859, 183, 224
182, 183, 1859
183, 1860, 224
1860, 225, 224
1860, 184, 225
183, 184, 1860
184, 1861, 225
1861, 226, 225
1861, 185, 226
184, 185, 1861
185, 1862, 226
1862, 227, 226
1862, 186, 227
185, 186, 1862
186, 1863, 227
1863, 228, 227
1863, 187, 228
186, 187, 1863
187, 1864, 228
1864, 229, 228
1864, 188, 229
187, 188, 1864
188, 1865, 229
1865, 230, 229
1865, 189, 230
188, 189, 1865
189, 1866, 230
1866, 231, 230
1866, 190, 231
189, 190, 1866
190, 1867, 231
1867, 232, 231
1867, 191, 232
190, 191, 1867
191, 1868, 232
1868, 233, 232
1868, 192, 233
191, 192, 1868
192, 1869, 233
1869, 234, 233
1869, 193, 234
192, 193, 1869
193, 1870, 234
1870, 235, 234
1870, 194, 235
193, 194, 1870
194, 1871, 235
1871, 236, 235
1871, 195, 236
194, 195, 1871
195, 1872, 236
1872, 237, 236
1872, 196, 237
195, 196, 1872
196, 1873, 237
1873, 238, 237
1873, 197, 238
196, 197, 1873
197, 1874, 238
1874, 239, 238
1874, 198, 239
197, 198, 1874
198, 1875, 239
1875, 240, 239
1875, 199, 240
198, 199, 1875
199, 1876, 240
1876, 241, 240
1876, 200, 241
199, 200, 1876
200, 1877, 241
1877, 242, 241
1877, 201, 242
200, 201, 1877
201, 1878, 242
1878, 243, 242
1878, 202, 243
201, 202, 1878
202, 1879, 243
1879, 244, 243
1879, 203, 244
202, 203, 1879
203, 1880, 244
1880, 245, 244
1880, 204, 245
203, 204, 1880
205, 1881, 246
1881, 247, 246
1881, 206, 247
205, 206, 1881
206, 1882, 247
1882, 248, 247
1882, 207, 248
206, 207, 1882
207, 1883, 248
1883, 249, 248
1883, 208, 249
207, 208, 1883
208, 1884, 249
1884, 250, 249
1884, 209, 250
208, 209, 1884
209, 1885, 250
1885, 251, 250
1885, 210, 251
209, 210, 1885
210, 1886, 251
1886, 252, 251
1886, 211, 252
210, 211, 1886
211, 1887, 252
1887, 253, 252
1887, 212, 253
211, 212, 1887
212, 1888, 253
1888, 254, 253
1888, 213, 254
212, 213, 1888
213, 1889, 254
1889, 255, 254
1889, 214, 255
213, 214, 1889
214, 1890, 255
1890, 256, 255
1890, 215, 256
214, 215, 1890
215, 1891, 256
1891, 257, 256
1891, 216, 257
215, 216, 1891
216, 1892, 257
1892, 258, 257
1892, 217, 258
216, 217, 1892
217, 1893, 258
1893, 259, 258
1893, 218, 259
217, 218, 1893
218, 1894, 259
1894, 260, 259
1894, 219, 260
218, 219, 1894
219, 1895, 260
1895, 261, 260
1895, 220, 261
219, 220, 1895
220, 1896, 261
1896, 262, 261
1896, 221, 262
220, 221, 1896
221, 1897, 262
1897, 263, 262
1897, 222, 263
221, 222, 1897
222, 1898, 263
1898, 264, 263
1898, 223, 264
222, 223, 1898
223, 1899, 264
1899, 265, 264
1899, 224, 265
223, 224, 1899
224, 1900, 265
1900, 266, 265
1900, 225, 266
224, 225, 1900
225, 1901, 266
1901, 267, 266
1901, 226, 267
225, 226, 1901
226, 1902, 267
1902, 268, 267
1902, 227, 268
226, 227, 1902
227, 1903, 268
1903, 269, 268
1903, 228, 269
227, 228, 1903
228, 1904, 269
1904, 270, 269
1904, 229, 270
228, 229, 1904
229, 1905, 270
1905, 271, 270
1905, 230, 271
229, 230, 1905
230, 1906, 271
1906, 272, 271
1906, 231, 272
230, 231, 1906
231, 1907, 272
1907, 273, 272
1907, 232, 273
231, 232, 1907
232, 1908, 273
1908, 274, 273
1908, 233, 274
232, 233, 1908
233, 1909, 274
1909, 275, 274
1909, 234, 275
233, 234, 1909
234, 1910, 275
1910, 276, 275
1910, 235, 276
234, 235, 1910
235, 1911, 276
1911, 277, 276
1911, 236, 277
235, 236, 1911
236, 1912, 277
1912, 278, 277
1912, 237, 278
236, 237, 1912
237, 1913, 278
1913, 279, 278
1913, 238, 279
237, 238, 1913
238, 1914, 279
1914, 280, 279
1914, 239, 280
238, 239, 1914
239, 1915, 280
1915, 281, 280
1915, 240, 281
239, 240, 1915
240, 1916, 281
1916, 282, 281
1916, 241, 282
240, 241, 1916
241, 1917, 282
1917, 283, 282
1917, 242, 283
241, 242, 1917
242, 1918, 283
1918, 284, 283
1918, 243, 284
242, 243, 1918
243, 1919, 284
1919, 285, 284
1919, 244, 285
243, 244, 1919
244, 1920, 285
1920, 286, 285
1920, 245, 286
244, 245, 1920
246, 1921, 287
1921, 288, 287
1921, 247, 288
246, 247, 1921
247, 1922, 288
1922, 289, 288
1922, 248, 289
247, 248, 1922
248, 1923, 289
1923, 290, 289
1923, 249, 290
248, 249, 1923
249, 1924, 290
1924, 291, 290
1924, 250, 291
249, 250, 1924
250, 1925, 291
1925, 292, 291
1925, 251, 292
250, 251, 1925
251, 1926, 292
1926, 293, 292
1926, 252, 293
251, 252, 1926
252, 1927, 293
1927, 294, 293
1927, 253, 294
252, 253, 1927
253, 1928, 294
1928, 295, 294
1928, 254, 295
253, 254, 1928
254, 1929, 295
1929, 296, 295
1929, 255, 296
254, 255, 1929
255, 1930, 296
1930, 297, 296
1930, 256, 297
255, 256, 1930
256, 1931, 297
1931, 298, 297
1931, 257, 298
256, 257, 1931
257, 1932, 298
1932, 299, 298
1932, 258, 299
257, 258, 1932
258, 1933, 299
1933, 300, 299
1933, 259, 300
258, 259, 1933
259, 1934, 300
1934, 301, 300
1934, 260, 301
259, 260, 1934
260, 1935, 301
1935, 302, 301
1935, 261, 302
260, 261, 1935
261, 1936, 302
1936, 303, 302
1936, 262, 303
261, 262, 1936
262, 1937, 303
1937, 304, 303
1937, 263, 304
262, 263, 1937
263, 1938, 304
1938, 305, 304
1938, 264, 305
263, 264, 1938
264, 1939, 305
1939, 306, 305
1939, 265, 306
264, 265, 1939
265, 1940, 306
1940, 307, 306
1940, 266, 307
265, 266, 1940
266, 1941, 307
1941, 308, 307
1941, 267, 308
266, 267, 1941
267, 1942, 308
1942, 309, 308
1942, 268, 309
267, 268, 1942
268, 1943, 309
1943, 310, 309
1943, 269, 310
268, 269, 1943
269, 1944, 310
1944, 311, 310
1944, 270, 311
269, 270, 1944
270, 1945, 311
1945, 312, 311
1945, 271, 312
270, 271, 1945
271, 1946, 312
1946, 313, 312
1946, 272, 313
271, 272, 1946
272, 1947, 313
1947, 314, 313
1947, 273, 314
272, 273, 1947
273, 1948, 314
1948, 315, 314
1948, 274, 315
273, 274, 1948
274, 1949, 315
1949, 316, 315
1949, 275, 316
274, 275, 1949
275, 1950, 316
1950, 317, 316
1950, 276, 317
275, 276, 1950
276, 1951, 317
1951, 318, 317
1951, 277, 318
276, 277, 1951
277, 1952, 318
1952, 319, 318
1952, 278, 319
277, 278, 1952
278, 1953, 319
1953, 320, 319
1953, 279, 320
278, 279, 1953
279, 1954, 320
1954, 321, 320
1954, 280, 321
279, 280, 1954
280, 1955, 321
1955, 322, 321
1955, 281, 322
280, 281, 1955
281, 1956, 322
1956, 323, 322
1956, 282, 323
281, 282, 1956
282, 1957, 323
1957, 324, 323
1957, 283, 324
282, 283, 1957
283, 1958, 324
1958, 325, 324
1958, 284, 325
283, 284, 1958
284, 1959, 325
1959, 326, 325
1959, 285, 326
284, 285, 1959
285, 1960, 326
1960, 327, 326
1960, 286, 327
285, 286, 1960
287, 1961, 328
1961, 329, 328
1961, 288, 329
287, 288, 1961
288, 1962, 329
1962, 330, 329
1962, 289, 330
288, 289, 1962
289, 1963, 330
1963, 331, 330
1963, 290, 331
289, 290, 1963
290, 1964, 331
1964, 332, 331
1964, 291, 332
290, 291, 1964
291, 1965, 332
1965, 333, 332
1965, 292, 333
291, 292, 1965
292, 1966, 333
1966, 334, 333
1966, 293, 334
292, 293, 1966
293, 1967, 334
1967, 335, 334
1967, 294, 335
293, 294, 1967
294, 1968, 335
1968, 336, 335
1968, 295, 336
294, 295, 1968
295, 1969, 336
1969, 337, 336
1969, 296, 337
295, 296, 1969
296, 1970, 337
1970, 338, 337
1970, 297, 338
296, 297, 1970
297, 1971, 338
1971, 339, 338
1971, 298, 339
297, 298, 1971
298, 1972, 339
1972, 340, 339
1972, 299, 340
298, 299, 1972
299, 1973, 340
1973, 341, 340
1973, 300, 341
299, 300, 1973
300, 1974, 341
1974, 342, 341
1974, 301, 342
300, 301, 1974
301, 1975, 342
1975, 343, 342
1975, 302, 343
301, 302, 1975
302, 1976, 343
1976, 344, 343
1976, 303, 344
302, 303, 1976
303, 1977, 344
1977, 345, 344
1977, 304, 345
303, 304, 1977
304, 1978, 345
1978, 346, 345
1978, 305, 346
304, 305, 1978
305, 1979, 346
1979, 347, 346
1979, 306, 347
305, 306, 1979
306, 1980, 347
1980, 348, 347
1980, 307, 348
306, 307, 1980
307, 1981, 348
1981, 349, 348
1981, 308, 349
307, 308, 1981
308, 1982, 349
1982, 350, 349
1982, 309, 350
308, 309, 1982
309, 1983, 350
1983, 351, 350
1983, 310, 351
309, 310, 1983
310, 1984, 351
1984, 352, 351
1984, 311, 352
310, 311, 1984
311, 1985, 352
1985, 353, 352
1985, 312, 353
311, 312, 1985
312, 1986, 353
1986, 354, 353
1986, 313, 354
312, 313, 1986
313, 1987, 354
1987, 355, 354
1987, 314, 355
313, 314, 1987
314, 1988, 355
1988, 356, 355
1988, 315, 356
314, 315, 1988
315, 1989, 356
1989, 357, 356
1989, 316, 357
315, 316, 1989
316, 1990, 357
1990, 358, 357
1990, 317, 358
316, 317, 1990
317, 1991, 358
1991, 359, 358
1991, 318, 359
317, 318, 1991
318, 1992, 359
1992, 360, 359
1992, 319, 360
318, 319, 1992
319, 1993, 360
1993, 361, 360
1993, 320, 361
319, 320, 1993
320, 1994, 361
1994, 362, 361
1994, 321, 362
320, 321, 1994
321, 1995, 362
1995, 363, 362
1995, 322, 363
321, 322, 1995
322, 1996, 363
1996, 364, 363
1996, 323, 364
322, 323, 1996
323, 1997, 364
1997, 365, 364
1997, 324, 365
323, 324, 1997
324, 1998, 365
1998, 366, 365
1998, 325, 366
324, 325, 1998
325, 1999, 366
1999, 367, 366
1999, 326, 367
325, 326, 1999
326, 2000, 367
2000, 368, 367
2000, 327, 368
326, 327, 2000
328, 2001, 369
2001, 370, 369
2001, 329, 370
328, 329, 2001
329, 2002, 370
2002, 371, 370
2002, 330, 371
329, 330, 2002
330, 2003, 371
2003, 372, 371
2003, 331, 372
330, 331, 2003
331, 2004, 372
2004, 373, 372
2004, 332, 373
331, 332, 2004
332, 2005, 373
2005, 374, 373
2005, 333, 374
332, 333, 2005
333, 2006, 374
2006, 375, 374
2006, 334, 375
333, 334, 2006
334, 2007, 375
2007, 376, 375
2007, 335, 376
334, 335, 2007
335, 2008, 376
2008, 377, 376
2008, 336, 377
335, 336, 2008
336, 2009, 377
2009, 378, 377
2009, 337, 378
336, 337, 2009
337, 2010, 378
2010, 379, 378
2010, 338, 379
337, 338, 2010
338, 2011, 379
2011, 380, 379
2011, 339, 380
338, 339, 2011
339, 2012, 380
2012, 381, 380
2012, 340, 381
339, 340, 2012
340, 2013, 381
2013, 382, 381
2013, 341, 382
340, 341, 2013
341, 2014, 382
2014, 383, 382
2014, 342, 383
341, 342, 2014
342, 2015, 383
2015, 384, 383
2015, 343, 384
342, 343, 2015
343, 2016, 384
2016, 385, 384
2016, 344, 385
343, 344, 2016
344, 2017, 385
2017, 386, 385
2017, 345, 386
344, 345, 2017
345, 2018, 386
2018, 387, 386
2018, 346, 387
345, 346, 2018
346, 2019, 387
2019, 388, 387
2019, 347, 388
346, 347, 2019
347, 2020, 388
2020, 389, 388
2020, 348, 389
347, 348, 2020
348, 2021, 389
2021, 390, 389
2021, 349, 390
348, 349, 2021
349, 2022, 390
2022, 391, 390
2022, 350, 391
349, 350, 2022
350, 2023, 391
2023, 392, 391
2023, 351, 392
350, 351, 2023
351, 2024, 392
2024, 393, 392
2024, 352, 393
351, 352, 2024
352, 2025, 393
2025, 394, 393
2025, 353, 394
352, 353, 2025
353, 2026, 394
2026, 395, 394
2026, 354, 395
353, 354, 2026
354, 2027, 395
2027, 396, 395
2027, 355, 396
354, 355, 2027
355, 2028, 396
2028, 397, 396
2028, 356, 397
355, 356, 2028
356, 2029, 397
2029, 398, 397
2029, 357, 398
356, 357, 2029
357, 2030, 398
2030, 399, 398
2030, 358, 399
357, 358, 2030
358, 2031, 399
2031, 400, 399
2031, 359, 400
358, 359, 2031
359, 2032, 400
2032, 401, 400
2032, 360, 401
359, 360, 2032
360, 2033, 401
2033, 402, 401
2033, 361, 402
360, 361, 2033
361, 2034, 402
2034, 403, 402
2034, 362, 403
361, 362, 2034
362, 2035, 403
2035, 404, 403
2035, 363, 404
362, 363, 2035
363, 2036, 404
2036, 405, 404
2036, 364, 405
363, 364, 2036
364, 2037, 405
2037, 406, 405
2037, 365, 406
364, 365, 2037
365, 2038, 406
2038, 407, 406
2038, 366, 407
365, 366, 2038
366, 2039, 407
2039, 408, 407
2039, 367, 408
366, 367, 2039
367, 2040, 408
2040, 409, 408
2040, 368, 409
367, 368, 2040
369, 2041, 410
2041, 411, 410
2041, 370, 411
369, 370, 2041
370, 2042, 411
2042, 412, 411
2042, 371, 412
370, 371, 2042
371, 2043, 412
2043, 413, 412
2043, 372, 413
371, 372, 2043
372, 2044, 413
2044, 414, 413
2044, 373, 414
372, 373, 2044
373, 2045, 414
2045, 415, 414
2045, 374, 415
373, 374, 2045
374, 2046, 415
2046, 416, 415
2046, 375, 416
374, 375, 2046
375, 2047, 416
2047, 417, 416
2047, 376, 417
375, 376, 2047
376, 2048, 417
2048, 418, 417
2048, 377, 418
376, 377, 2048
377, 2049, 418
2049, 419, 418
2049, 378, 419
377, 378, 2049
378, 2050, 419
2050, 420, 419
2050, 379, 420
378, 379, 2050
379, 2051, 420
2051, 421, 420
2051, 380, 421
379, 380, 2051
380, 2052, 421
2052, 422, 421
2052, 381, 422
380, 381, 2052
381, 2053, 422
2053, 423, 422
2053, 382, 423
381, 382, 2053
382, 2054, 423
2054, 424, 423
2054, 383, 424
382, 383, 2054
383, 2055, 424
2055, 425, 424
2055, 384, 425
383, 384, 2055
384, 2056, 425
2056, 426, 425
2056, 385, 426
384, 385, 2056
385, 2057, 426
2057, 427, 426
2057, 386, 427
385, 386, 2057
386, 2058, 427
2058, 428, 427
2058, 387, 428
386, 387, 2058
387, 2059, 428
2059, 429, 428
2059, 388, 429
387, 388, 2059
388, 2060, 429
2060, 430, 429
2060, 389, 430
388, 389, 2060
389, 2061, 430
2061, 431, 430
2061, 390, 431
389, 390, 2061
390, 2062, 431
2062, 432, 431
2062, 391, 432
390, 391, 2062
391, 2063, 432
2063, 433, 432
2063, 392, 433
391, 392, 2063
392, 2064, 433
2064, 434, 433
2064, 393, 434
392, 393, 2064
393, 2065, 434
2065, 435, 434
2065, 394, 435
393, 394, 2065
394, 2066, 435
2066, 436, 435
2066, 395, 436
394, 395, 2066
395, 2067, 436
2067, 437, 436
2067, 396, 437
395, 396, 2067
396, 2068, 437
2068, 438, 437
2068, 397, 438
396, 397, 2068
397, 2069, 438
2069, 439, 438
2069, 398, 439
397, 398, 2069
398, 2070, 439
2070, 440, 439
2070, 399, 440
398, 399, 2070
399, 2071, 440
2071, 441, 440
2071, 400, 441
399, 400, 2071
400, 2072, 441
2072, 442, 441
2072, 401, 442
400, 401, 2072
401, 2073, 442
2073, 443, 442
2073, 402, 443
401, 402, 2073
402, 2074, 443
2074, 444, 443
2074, 403, 444
402, 403, 2074
403, 2075, 444
2075, 445, 444
2075, 404, 445
403, 404, 2075
404, 2076, 445
2076, 446, 445
2076, 405, 446
404, 405, 2076
405, 2077, 446
2077, 447, 446
2077, 406, 447
405, 406, 2077
406, 2078, 447
2078, 448, 447
2078, 407, 448
406, 407, 2078
407, 2079, 448
2079, 449, 448
2079, 408, 449
407, 408, 2079
408, 2080, 449
2080, 450, 449
2080, 409, 450
408, 409, 2080
410, 2081, 451
2081, 452, 451
2081, 411, 452
410, 411, 2081
411, 2082, 452
2082, 453, 452
2082, 412, 453
411, 412, 2082
412, 2083, 453
2083, 454, 453
2083, 413, 454
412, 413, 2083
413, 2084, 454
2084, 455, 454
2084, 414, 455
413, 414, 2084
414, 2085, 455
2085, 456, 455
2085, 415, 456
414, 415, 2085
415, 2086, 456
2086, 457, 456
2086, 416, 457
415, 416, 2086
416, 2087, 457
2087, 458, 457
2087, 417, 458
416, 417, 2087
417, 2088, 458
2088, 459, 458
2088, 418, 459
417, 418, 2088
418, 2089, 459
2089, 460, 459
2089, 419, 460
418, 419, 2089
419, 2090, 460
2090, 461, 460
2090, 420, 461
419, 420, 2090
420, 2091, 461
2091, 462, 461
2091, 421, 462
420, 421, 2091
421, 2092, 462
2092, 463, 462
2092, 422, 463
421, 422, 2092
422, 2093, 463
2093, 464, 463
2093, 423, 464
422, 423, 2093
423, 2094, 464
2094, 465, 464
2094, 424, 465
423, 424, 2094
424, 2095, 465
2095, 466, 465
2095, 425, 466
424, 425, 2095
425, 2096, 466
2096, 467, 466
2096, 426, 467
425, 426, 2096
426, 2097, 467
2097, 468, 467
2097, 427, 468
426, 427, 2097
427, 2098, 468
2098, 469, 468
2098, 428, 469
427, 428, 2098
428, 2099, 469
2099, 470, 469
2099, 429, 470
428, 429, 2099
429, 2100, 470
2100, 471, 470
2100, 430, 471
429, 430, 2100
430, 2101, 471
2101, 472, 471
2101, 431, 472
430, 431, 2101
431, 2102, 472
2102, 473, 472
2102, 432, 473
431, 432, 2102
432, 2103, 473
2103, 474, 473
2103, 433, 474
432, 433, 2103
433, 2104, 474
2104, 475, 474
2104, 434, 475
433, 434, 2104
434, 2105, 475
2105, 476, 475
2105, 435, 476
434, 435, 2105
435, 2106, 476
2106, 477, 476
2106, 436, 477
435, 436, 2106
436, 2107, 477
2107, 478, 477
2107, 437, 478
436, 437, 2107
437, 2108, 478
2108, 479, 478
2108, 438, 479
437, 438, 2108
438, 2109, 479
2109, 480, 479
2109, 439, 480
438, 439, 2109
439, 2110, 480
2110, 481, 480
2110, 440, 481
439, 440, 2110
440, 2111, 481
2111, 482, 481
2111, 441, 482
440, 441, 2111
441, 2112, 482
2112, 483, 482
2112, 442, 483
441, 442, 2112
442, 2113, 483
2113, 484, 483
2113, 443, 484
442, 443, 2113
443, 2114, 484
2114, 485, 484
2114, 444, 485
443, 444, 2114
444, 2115, 485
2115, 486, 485
2115, 445, 486
444, 445, 2115
445, 2116, 486
2116, 487, 486
2116, 446, 487
445, 446, 2116
446, 2117, 487
2117, 488, 487
2117, 447, 488
446, 447, 2117
447, 2118, 488
2118, 489, 488
2118, 448, 489
447, 448, 2118
448, 2119, 489
2119, 490, 489
2119, 449, 490
448, 449, 2119
449, 2120, 490
2120, 491, 490
2120, 450, 491
449, 450, 2120
451, 2121, 492
2121, 493, 492
2121, 452, 493
451, 452, 2121
452, 2122, 493
2122, 494, 493
2122, 453, 494
452, 453, 2122
453, 2123, 494
2123, 495, 494
2123, 454, 495
453, 454, 2123
454, 2124, 495
2124, 496, 495
2124, 455, 496
454, 455, 2124
455, 2125, 496
2125, 497, 496
2125, 456, 497
455, 456, 2125
456, 2126, 497
2126, 498, 497
2126, 457, 498
456, 457, 2126
457, 2127, 498
2127, 499, 498
2127, 458, 499
457, 458, 2127
458, 2128, 499
2128, 500, 499
2128, 459, 500
458, 459, 2128
459, 2129, 500
2129, 501, 500
2129, 460, 501
459, 460, 2129
460, 2130, 501
2130, 502, 501
2130, 461, 502
460, 461, 2130
461, 2131, 502
2131, 503, 502
2131, 462, 503
461, 462, 2131
462, 2132, 503
2132, 504, 503
2132, 463, 504
462, 463, 2132
463, 2133, 504
2133, 505, 504
2133, 464, 505
463, 464, 2133
464, 2134, 505
2134, 506, 505
2134, 465, 506
464, 465, 2134
465, 2135, 506
2135, 507, 506
2135, 466, 507
465, 466, 2135
466, 2136, 507
2136, 508, 507
2136, 467, 508
466, 467, 2136
467, 2137, 508
2137, 509, 508
2137, 468, 509
467, 468, 2137
468, 2138, 509
2138, 510, 509
2138, 469, 510
468, 469, 2138
469, 2139, 510
2139, 511, 510
2139, 470, 511
469, 470, 2139
470, 2140, 511
2140, 512, 511
2140, 471, 512
470, 471, 2140
471, 2141, 512
2141, 513, 512
2141, 472, 513
471, 472, 2141
472, 2142, 513
2142, 514, 513
2142, 473, 514
472, 473, 2142
473, 2143, 514
2143, 515, 514
2143, 474, 515
473, 474, 2143
474, 2144, 515
2144, 516, 515
2144, 475, 516
474, 475, 2144
475, 2145, 516
2145, 517, 516
2145, 476, 517
475, 476, 2145
476, 2146, 517
2146, 518, 517
2146, 477, 518
476, 477, 2146
477, 2147, 518
2147, 519, 518
2147, 478, 519
477, 478, 2147
478, 2148, 519
2148, 520, 519
2148, 479, 520
478, 479, 2148
479, 2149, 520
2149, 521, 520
2149, 480, 521
479, 480, 2149
480, 2150, 521
2150, 522, 521
2150, 481, 522
480, 481, 2150
481, 2151, 522
2151, 523, 522
2151, 482, 523
481, 482, 2151
482, 2152, 523
2152, 524, 523
2152, 483, 524
482, 483, 2152
483, 2153, 524
2153, 525, 524
2153, 484, 525
483, 484, 2153
484, 2154, 525
2154, 526, 525
2154, 485, 526
484, 485, 2154
485, 2155, 526
2155, 527, 526
2155, 486, 527
485, 486, 2155
486, 2156, 527
2156, 528, 527
2156, 487, 528
486, 487, 2156
487, 2157, 528
2157, 529, 528
2157, 488, 529
487, 488, 2157
488, 2158, 529
2158, 530, 529
2158, 489, 530
488, 489, 2158
489, 2159, 530
2159, 531, 530
2159, 490, 531
489, 490, 2159
490, 2160, 531
2160, 532, 531
2160, 491, 532
490, 491, 2160
492, 2161, 533
2161, 534, 533
2161, 493, 534
492, 493, 2161
493, 2162, 534
2162, 535, 534
2162, 494, 535
493, 494, 2162
494, 2163, 535
2163, 536, 535
2163, 495, 536
494, 495, 2163
495, 2164, 536
2164, 537, 536
2164, 496, 537
495, 496, 2164
496, 2165, 537
2165, 538, 537
2165, 497, 538
496, 497, 2165
497, 2166, 538
2166, 539, 538
2166, 498, 539
497, 498, 2166
498, 2167, 539
2167, 540, 539
2167, 499, 540
498, 499, 2167
499, 2168, 540
2168, 541, 540
2168, 500, 541
499, 500, 2168
500, 2169, 541
2169, 542, 541
2169, 501, 542
500, 501, 2169
501, 2170, 542
2170, 543, 542
2170, 502, 543
501, 502, 2170
502, 2171, 543
2171, 544, 543
2171, 503, 544
502, 503, 2171
503, 2172, 544
2172, 545, 544
2172, 504, 545
503, 504, 2172
504, 2173, 545
2173, 546, 545
2173, 505, 546
504, 505, 2173
505, 2174, 546
2174, 547, 546
2174, 506, 547
505, 506, 2174
506, 2175, 547
2175, 548, 547
2175, 507, 548
506, 507, 2175
507, 2176, 548
2176, 549, 548
2176, 508, 549
507, 508, 2176
508, 2177, 549
2177, 550, 549
2177, 509, 550
508, 509, 2177
509, 2178, 550
2178, 551, 550
2178, 510, 551
509, 510, 2178
510, 2179, 551
2179, 552, 551
2179, 511, 552
510, 511, 2179
511, 2180, 552
2180, 553, 552
2180, 512, 553
511, 512, 2180
512, 2181, 553
2181, 554, 553
2181, 513, 554
512, 513, 2181
513, 2182, 554
2182, 555, 554
2182, 514, 555
513, 514, 2182
514, 2183, 555
2183, 556, 555
2183, 515, 556
514, 515, 2183
515, 2184, 556
2184, 557, 556
2184, 516, 557
515, 516, 2184
516, 2185, 557
2185, 558, 557
2185, 517, 558
516, 517, 2185
517, 2186, 558
2186, 559, 558
2186, 518, 559
517, 518, 2186
518, 2187, 559
2187, 560, 559
2187, 519, 560
518, 519, 2187
519, 2188, 560
2188, 561, 560
2188, 520, 561
519, 520, 2188
520, 2189, 561
2189, 562, 561
2189, 521, 562
520, 521, 2189
521, 2190, 562
2190, 563, 562
2190, 522, 563
521, 522, 2190
522, 2191, 563
2191, 564, 563
2191, 523, 564
522, 523, 2191
523, 2192, 564
2192, 565, 564
2192, 524, 565
523, 524, 2192
524, 2193, 565
2193, 566, 565
2193, 525, 566
524, 525, 2193
525, 2194, 566
2194, 567, 566
2194, 526, 567
525, 526, 2194
526, 2195, 567
2195, 568, 567
2195, 527, 568
526, 527, 2195
527, 2196, 568
2196, 569, 568
2196, 528, 569
527, 528, 2196
528, 2197, 569
2197, 570, 569
2197, 529, 570
528, 529, 2197
529, 2198, 570
2198, 571, 570
2198, 530, 571
529, 530, 2198
530, 2199, 571
2199, 572, 571
2199, 531, 572
530, 531, 2199
531, 2200, 572
2200, 573, 572
2200, 532, 573
531, 532, 2200
533, 2201, 574
2201, 575, 574
2201, 534, 575
533, 534, 2201
534, 2202, 575
2202, 576, 575
2202, 535, 576
534, 535, 2202
535, 2203, 576
2203, 577, 576
2203, 536, 577
535, 536, 2203
536, 2204, 577
2204, 578, 577
2204, 537, 578
536, 537, 2204
537, 2205, 578
2205, 579, 578
2205, 538, 579
537, 538, 2205
538, 2206, 579
2206, 580, 579
2206, 539, 580
538, 539, 2206
539, 2207, 580
2207, 581, 580
2207, 540, 581
539, 540, 2207
540, 2208, 581
2208, 582, 581
2208, 541, 582
540, 541, 2208
541, 2209, 582
2209, 583, 582
2209, 542, 583
541, 542, 2209
542, 2210, 583
2210, 584, 583
2210, 543, 584
542, 543, 2210
543, 2211, 584
2211, 585, 584
2211, 544, 585
543, 544, 2211
544, 2212, 585
2212, 586, 585
2212, 545, 586
544, 545, 2212
545, 2213, 586
2213, 587, 586
2213, 546, 587
545, 546, 2213
546, 2214, 587
2214, 588, 587
2214, 547, 588
546, 547, 2214
547, 2215, 588
2215, 589, 588
2215, 548, 589
547, 548, 2215
548, 2216, 589
2216, 590, 589
2216, 549, 590
548, 549, 2216
549, 2217, 590
2217, 591, 590
2217, 550, 591
549, 550, 2217
550, 2218, 591
2218, 592, 591
2218, 551, 592
550, 551, 2218
551, 2219, 592
2219, 593, 592
2219, 552, 593
551, 552, 2219
552, 2220, 593
2220, 594, 593
2220, 553, 594
552, 553, 2220
553, 2221, 594
2221, 595, 594
2221, 554, 595
553, 554, 2221
554, 2222, 595
2222, 596, 595
2222, 555, 596
554, 555, 2222
555, 2223, 596
2223, 597, 596
2223, 556, 597
555, 556, 2223
556, 2224, 597
2224, 598, 597
2224, 557, 598
556, 557, 2224
557, 2225, 598
2225, 599, 598
2225, 558, 599
557, 558, 2225
558, 2226, 599
2226, 600, 599
2226, 559, 600
558, 559, 2226
559, 2227, 600
2227, 601, 600
2227, 560, 601
559, 560, 2227
560, 2228, 601
2228, 602, 601
2228, 561, 602
560, 561, 2228
561, 2229, 602
2229, 603, 602
2229, 562, 603
561, 562, 2229
562, 2230, 603
2230, 604, 603
2230, 563, 604
562, 563, 2230
563, 2231, 604
2231, 605, 604
2231, 564, 605
563, 564, 2231
564, 2232, 605
2232, 606, 605
2232, 565, 606
564, 565, 2232
565, 2233, 606
2233, 607, 606
2233, 566, 607
565, 566, 2233
566, 2234, 607
2234, 608, 607
2234, 567, 608
566, 567, 2234
567, 2235, 608
2235, 609, 608
2235, 568, 609
567, 568, 2235
568, 2236, 609
2236, 610, 609
2236, 569, 610
568, 569, 2236
569, 2237, 610
2237, 611, 610
2237, 570, 611
569, 570, 2237
570, 2238, 611
2238, 612, 611
2238, 571, 612
570, 571, 2238
571, 2239, 612
2239, 613, 612
2239, 572, 613
571, 572, 2239
572, 2240, 613
2240, 614, 613
2240, 573, 614
572, 573, 2240
574, 2241, 615
2241, 616, 615
2241, 575, 616
574, 575, 2241
575, 2242, 616
2242, 617, 616
2242, 576, 617
575, 576, 2242
576, 2243, 617
2243, 618, 617
2243, 577, 618
576, 577, 2243
577, 2244, 618
2244, 619, 618
2244, 578, 619
577, 578, 2244
578, 2245, 619
2245, 620, 619
2245, 579, 620
578, 579, 2245
579, 2246, 620
2246, 621, 620
2246, 580, 621
579, 580, 2246
580, 2247, 621
2247, 622, 621
2247, 581, 622
580, 581, 2247
581, 2248, 622
2248, 623, 622
2248, 582, 623
581, 582, 2248
582, 2249, 623
2249, 624, 623
2249, 583, 624
582, 583, 2249
583, 2250, 624
2250, 625, 624
2250, 584, 625
583, 584, 2250
584, 2251, 625
2251, 626, 625
2251, 585, 626
584, 585, 2251
585, 2252, 626
2252, 627, 626
2252, 586, 627
585, 586, 2252
586, 2253, 627
2253, 628, 627
2253, 587, 628
586, 587, 2253
587, 2254, 628
2254, 629, 628
2254, 588, 629
587, 588, 2254
588, 2255, 629
2255, 630, 629
2255, 589, 630
588, 589, 2255
589, 2256, 630
2256, 631, 630
2256, 590, 631
589, 590, 2256
590, 2257, 631
2257, 632, 631
2257, 591, 632
590, 591, 2257
591, 2258, 632
2258, 633, 632
2258, 592, 633
591, 592, 2258
592, 2259, 633
2259, 634, 633
2259, 593, 634
592, 593, 2259
593, 2260, 634
2260, 635, 634
2260, 594, 635
593, 594, 2260
594, 2261, 635
2261, 636, 635
2261, 595, 636
594, 595, 2261
595, 2262, 636
2262, 637, 636
2262, 596, 637
595, 596, 2262
596, 2263, 637
2263, 638, 637
2263, 597, 638
596, 597, 2263
597, 2264, 638
2264, 639, 638
2264, 598, 639
597, 598, 2264
598, 2265, 639
2265, 640, 639
2265, 599, 640
598, 599, 2265
599, 2266, 640
2266, 641, 640
2266, 600, 641
599, 600, 2266
600, 2267, 641
2267, 642, 641
2267, 601, 642
600, 601, 2267
601, 2268, 642
2268, 643, 642
2268, 602, 643
601, 602, 2268
602, 2269, 643
2269, 644, 643
2269, 603, 644
602, 603, 2269
603, 2270, 644
2270, 645, 644
2270, 604, 645
603, 604, 2270
604, 2271, 645
2271, 646, 645
2271, 605, 646
604, 605, 2271
605, 2272, 646
2272, 647, 646
2272, 606, 647
605, 606, 2272
606, 2273, 647
2273, 648, 647
2273, 607, 648
606, 607, 2273
607, 2274, 648
2274, 649, 648
2274, 608, 649
607, 608, 2274
608, 2275, 649
2275, 650, 649
2275, 609, 650
608, 609, 2275
609, 2276, 650
2276, 651, 650
2276, 610, 651
609, 610, 2276
610, 2277, 651
2277, 652, 651
2277, 611, 652
610, 611, 2277
611, 2278, 652
2278, 653, 652
2278, 612, 653
611, 612, 2278
612, 2279, 653
2279, 654, 653
2279, 613, 654
612, 613, 2279
613, 2280, 654
2280, 655, 654
2280, 614, 655
613, 614, 2280
615, 2281, 656
2281, 657, 656
2281, 616, 657
615, 616, 2281
616, 2282, 657
2282, 658, 657
2282, 617, 658
616, 617, 2282
617, 2283, 658
2283, 659, 658
2283, 618, 659
617, 618, 2283
618, 2284, 659
2284, 660, 659
2284, 619, 660
618, 619, 2284
619, 2285, 660
2285, 661, 660
2285, 620, 661
619, 620, 2285
620, 2286, 661
2286, 662, 661
2286, 621, 662
620, 621, 2286
621, 2287, 662
2287, 663, 662
2287, 622, 663
621, 622, 2287
622, 2288, 663
2288, 664, 663
2288, 623, 664
622, 623, 2288
623, 2289, 664
2289, 665, 664
2289, 624, 665
623, 624, 2289
624, 2290, 665
2290, 666, 665
2290, 625, 666
624, 625, 2290
625, 2291, 666
2291, 667, 666
2291, 626, 667
625, 626, 2291
626, 2292, 667
2292, 668, 667
2292, 627, 668
626, 627, 2292
627, 2293, 668
2293, 669, 668
2293, 628, 669
627, 628, 2293
628, 2294, 669
2294, 670, 669
2294, 629, 670
628, 629, 2294
629, 2295, 670
2295, 671, 670
2295, 630, 671
629, 630, 2295
630, 2296, 671
2296, 672, 671
2296, 631, 672
630, 631, 2296
631, 2297, 672
2297, 673, 672
2297, 632, 673
631, 632, 2297
632, 2298, 673
2298, 674, 673
2298, 633, 674
632, 633, 2298
633, 2299, 674
2299, 675, 674
2299, 634, 675
633, 634, 2299
634, 2300, 675
2300, 676, 675
2300, 635, 676
634, 635, 2300
635, 2301, 676
2301, 677, 676
2301, 636, 677
635, 636, 2301
636, 2302, 677
2302, 678, 677
2302, 637, 678
636, 637, 2302
637, 2303, 678
2303, 679, 678
2303, 638, 679
637, 638, 2303
638, 2304, 679
2304, 680, 679
2304, 639, 680
638, 639, 2304
639, 2305, 680
2305, 681, 680
2305, 640, 681
639, 640, 2305
640, 2306, 681
2306, 682, 681
2306, 641, 682
640, 641, 2306
641, 2307, 682
2307, 683, 682
2307, 642, 683
641, 642, 2307
642, 2308, 683
2308, 684, 683
2308, 643, 684
642, 643, 2308
643, 2309, 684
2309, 685, 684
2309, 644, 685
643, 644, 2309
644, 2310, 685
2310, 686, 685
2310, 645, 686
644, 645, 2310
645, 2311, 686
2311, 687, 686
2311, 646, 687
645, 646, 2311
646, 2312, 687
2312, 688, 687
2312, 647, 688
646, 647, 2312
647, 2313, 688
2313, 689, 688
2313, 648, 689
647, 648, 2313
648, 2314, 689
2314, 690, 689
2314, 649, 690
648, 649, 2314
649, 2315, 690
2315, 691, 690
2315, 650, 691
649, 650, 2315
650, 2316, 691
2316, 692, 691
2316, 651, 692
650, 651, 2316
651, 2317, 692
2317, 693, 692
2317, 652, 693
651, 652, 2317
652, 2318, 693
2318, 694, 693
2318, 653, 694
652, 653, 2318
653, 2319, 694
2319, 695, 694
2319, 654, 695
653, 654, 2319
654, 2320, 695
2320, 696, 695
2320, 655, 696
654, 655, 2320
656, 2321, 697
2321, 698, 697
2321, 657, 698
656, 657, 2321
657, 2322, 698
2322, 699, 698
2322, 658, 699
657, 658, 2322
658, 2323, 699
2323, 700, 699
2323, 659, 700
658, 659, 2323
659, 2324, 700
2324, 701, 700
2324, 660, 701
659, 660, 2324
660, 2325, 701
2325, 702, 701
2325, 661, 702
660, 661, 2325
661, 2326, 702
2326, 703, 702
2326, 662, 703
661, 662, 2326
662, 2327, 703
2327, 704, 703
2327, 663, 704
662, 663, 2327
663, 2328, 704
2328, 705, 704
2328, 664, 705
663, 664, 2328
664, 2329, 705
2329, 706, 705
2329, 665, 706
664, 665, 2329
665, 2330, 706
2330, 707, 706
2330, 666, 707
665, 666, 2330
666, 2331, 707
2331, 708, 707
2331, 667, 708
666, 667, 2331
667, 2332, 708
2332, 709, 708
2332, 668, 709
667, 668, 2332
668, 2333, 709
2333, 710, 709
2333, 669, 710
668, 669, 2333
669, 2334, 710
2334, 711, 710
2334, 670, 711
669, 670, 2334
670, 2335, 711
2335, 712, 711
2335, 671, 712
670, 671, 2335
671, 2336, 712
2336, 713, 712
2336, 672, 713
671, 672, 2336
672, 2337, 713
2337, 714, 713
2337, 673, 714
672, 673, 2337
673, 2338, 714
2338, 715, 714
2338, 674, 715
673, 674, 2338
674, 2339, 715
2339, 716, 715
2339, 675, 716
674, 675, 2339
675, 2340, 716
2340, 717, 716
2340, 676, 717
675, 676, 2340
676, 2341, 717
2341, 718, 717
2341, 677, 718
676, 677, 2341
677, 2342, 718
2342, 719, 718
2342, 678, 719
677, 678, 2342
678, 2343, 719
2343, 720, 719
2343, 679, 720
678, 679, 2343
679, 2344, 720
2344, 721, 720
2344, 680, 721
679, 680, 2344
680, 2345, 721
2345, 722, 721
2345, 681, 722
680, 681, 2345
681, 2346, 722
2346, 723, 722
2346, 682, 723
681, 682, 2346
682, 2347, 723
2347, 724, 723
2347, 683, 724
682, 683, 2347
683, 2348, 724
2348, 725, 724
2348, 684, 725
683, 684, 2348
684, 2349, 725
2349, 726, 725
2349, 685, 726
684, 685, 2349
685, 2350, 726
2350, 727, 726
2350, 686, 727
685, 686, 2350
686, 2351, 727
2351, 728, 727
2351, 687, 728
686, 687, 2351
687, 2352, 728
2352, 729, 728
2352, 688, 729
687, 688, 2352
688, 2353, 729
2353, 730, 729
2353, 689, 730
688, 689, 2353
689, 2354, 730
2354, 731, 730
2354, 690, 731
689, 690, 2354
690, 2355, 731
2355, 732, 731
2355, 691, 732
690, 691, 2355
691, 2356, 732
2356, 733, 732
2356, 692, 733
691, 692, 2356
692, 2357, 733
2357, 734, 733
2357, 693, 734
692, 693, 2357
693, 2358, 734
2358, 735, 734
2358, 694, 735
693, 694, 2358
694, 2359, 735
2359, 736, 735
2359, 695, 736
694, 695, 2359
695, 2360, 736
2360, 737, 736
2360, 696, 737
695, 696, 2360
697, 2361, 738
2361, 739, 738
2361, 698, 739
697, 698, 2361
698, 2362, 739
2362, 740, 739
2362, 699, 740
698, 699, 2362
699, 2363, 740
2363, 741, 740
2363, 700, 741
699, 700, 2363
700, 2364, 741
2364, 742, 741
2364, 701, 742
700, 701, 2364
701, 2365, 742
2365, 743, 742
2365, 702, 743
701, 702, 2365
702, 2366, 743
2366, 744, 743
2366, 703, 744
702, 703, 2366
703, 2367, 744
2367, 745, 744
2367, 704, 745
703, 704, 2367
704, 2368, 745
2368, 746, 745
2368, 705, 746
704, 705, 2368
705, 2369, 746
2369, 747, 746
2369, 706, 747
705, 706, 2369
706, 2370, 747
2370, 748, 747
2370, 707, 748
706, 707, 2370
707, 2371, 748
2371, 749, 748
2371, 708, 749
707, 708, 2371
708, 2372, 749
2372, 750, 749
2372, 709, 750
708, 709, 2372
709, 2373, 750
2373, 751, 750
2373, 710, 751
709, 710, 2373
710, 2374, 751
2374, 752, 751
2374, 711, 752
710, 711, 2374
711, 2375, 752
2375, 753, 752
2375, 712, 753
711, 712, 2375
712, 2376, 753
2376, 754, 753
2376, 713, 754
712, 713, 2376
713, 2377, 754
2377, 755, 754
2377, 714, 755
713, 714, 2377
714, 2378, 755
2378, 756, 755
2378, 715, 756
714, 715, 2378
715, 2379, 756
2379, 757, 756
2379, 716, 757
715, 716, 2379
716, 2380, 757
2380, 758, 757
2380, 717, 758
716, 717, 2380
717, 2381, 758
2381, 759, 758
2381, 718, 759
717, 718, 2381
718, 2382, 759
2382, 760, 759
2382, 719, 760
718, 719, 2382
719, 2383, 760
2383, 761, 760
2383, 720, 761
719, 720, 2383
720, 2384, 761
2384, 762, 761
2384, 721, 762
720, 721, 2384
721, 2385, 762
2385, 763, 762
2385, 722, 763
721, 722, 2385
722, 2386, 763
2386, 764, 763
2386, 723, 764
722, 723, 2386
723, 2387, 764
2387, 765, 764
2387, 724, 765
723, 724, 2387
724, 2388, 765
2388, 766, 765
2388, 725, 766
724, 725, 2388
725, 2389, 766
2389, 767, 766
2389, 726, 767
725, 726, 2389
726, 2390, 767
2390, 768, 767
2390, 727, 768
726, 727, 2390
727, 2391, 768
2391, 769, 768
2391, 728, 769
727, 728, 2391
728, 2392, 769
2392, 770, 769
2392, 729, 770
728, 729, 2392
729, 2393, 770
2393, 771, 770
2393, 730, 771
729, 730, 2393
730, 2394, 771
2394, 772, 771
2394, 731, 772
730, 731, 2394
731, 2395, 772
2395, 773, 772
2395, 732, 773
731, 732, 2395
732, 2396, 773
2396, 774, 773
2396, 733, 774
732, 733, 2396
733, 2397, 774
2397, 775, 774
2397, 734, 775
733, 734, 2397
734, 2398, 775
2398, 776, 775
2398, 735, 776
734, 735, 2398
735, 2399, 776
2399, 777, 776
2399, 736, 777
735, 736, 2399
736, 2400, 777
2400, 778, 777
2400, 737, 778
736, 737, 2400
738, 2401, 779
2401, 780, 779
2401, 739, 780
738, 739, 2401
739, 2402, 780
2402, 781, 780
2402, 740, 781
739, 740, 2402
740, 2403, 781
2403, 782, 781
2403, 741, 782
740, 741, 2403
741, 2404, 782
2404, 783, 782
2404, 742, 783
741, 742, 2404
742, 2405, 783
2405, 784, 783
2405, 743, 784
742, 743, 2405
743, 2406, 784
2406, 785, 784
2406, 744, 785
743, 744, 2406
744, 2407, 785
2407, 786, 785
2407, 745, 786
744, 745, 2407
745, 2408, 786
2408, 787, 786
2408, 746, 787
745, 746, 2408
746, 2409, 787
2409, 788, 787
2409, 747, 788
746, 747, 2409
747, 2410, 788
2410, 789, 788
2410, 748, 789
747, 748, 2410
748, 2411, 789
2411, 790, 789
2411, 749, 790
748, 749, 2411
749, 2412, 790
2412, 791, 790
2412, 750, 791
749, 750, 2412
750, 2413, 791
2413, 792, 791
2413, 751, 792
750, 751, 2413
751, 2414, 792
2414, 793, 792
2414, 752, 793
751, 752, 2414
752, 2415, 793
2415, 794, 793
2415, 753, 794
752, 753, 2415
753, 2416, 794
2416, 795, 794
2416, 754, 795
753, 754, 2416
754, 2417, 795
2417, 796, 795
2417, 755, 796
754, 755, 2417
755, 2418, 796
2418, 797, 796
2418, 756, 797
755, 756, 2418
756, 2419, 797
2419, 798, 797
2419, 757, 798
756, 757, 2419
757, 2420, 798
2420, 799, 798
2420, 758, 799
757, 758, 2420
758, 2421, 799
2421, 800, 799
2421, 759, 800
758, 759, 2421
759, 2422, 800
2422, 801, 800
2422, 760, 801
759, 760, 2422
760, 2423, 801
2423, 802, 801
2423, 761, 802
760, 761, 2423
761, 2424, 802
2424, 803, 802
2424, 762, 803
761, 762, 2424
762, 2425, 803
2425, 804, 803
2425, 763, 804
762, 763, 2425
763, 2426, 804
2426, 805, 804
2426, 764, 805
763, 764, 2426
764, 2427, 805
2427, 806, 805
2427, 765, 806
764, 765, 2427
765, 2428, 806
2428, 807, 806
2428, 766, 807
765, 766, 2428
766, 2429, 807
2429, 808, 807
2429, 767, 808
766, 767, 2429
767, 2430, 808
2430, 809, 808
2430, 768, 809
767, 768, 2430
768, 2431, 809
2431, 810, 809
2431, 769, 810
768, 769, 2431
769, 2432, 810
2432, 811, 810
2432, 770, 811
769, 770, 2432
770, 2433, 811
2433, 812, 811
2433, 771, 812
770, 771, 2433
771, 2434, 812
2434, 813, 812
2434, 772, 813
771, 772, 2434
772, 2435, 813
2435, 814, 813
2435, 773, 814
772, 773, 2435
773, 2436, 814
2436, 815, 814
2436, 774, 815
773, 774, 2436
774, 2437, 815
2437, 816, 815
2437, 775, 816
774, 775, 2437
775, 2438, 816
2438, 817, 816
2438, 776, 817
775, 776, 2438
776, 2439, 817
2439, 818, 817
2439, 777, 818
776, 777, 2439
777, 2440, 818
2440, 819, 818
2440, 778, 819
777, 778, 2440
779, 2441, 820
2441, 821, 820
2441, 780, 821
779, 780, 2441
780, 2442, 821
2442, 822, 821
2442, 781, 822
780, 781, 2442
781, 2443, 822
2443, 823, 822
2443, 782, 823
781, 782, 2443
782, 2444, 823
2444, 824, 823
2444, 783, 824
782, 783, 2444
783, 2445, 824
2445, 825, 824
2445, 784, 825
783, 784, 2445
784, 2446, 825
2446, 826, 825
2446, 785, 826
784, 785, 2446
785, 2447, 826
2447, 827, 826
2447, 786, 827
785, 786, 2447
786, 2448, 827
2448, 828, 827
2448, 787, 828
786, 787, 2448
787, 2449, 828
2449, 829, 828
2449, 788, 829
787, 788, 2449
788, 2450, 829
2450, 830, 829
2450, 789, 830
788, 789, 2450
789, 2451, 830
2451, 831, 830
2451, 790, 831
789, 790, 2451
790, 2452, 831
2452, 832, 831
2452, 791, 832
790, 791, 2452
791, 2453, 832
2453, 833, 832
2453, 792, 833
791, 792, 2453
792, 2454, 833
2454, 834, 833
2454, 793, 834
792, 793, 2454
793, 2455, 834
2455, 835, 834
2455, 794, 835
793, 794, 2455
794, 2456, 835
2456, 836, 835
2456, 795, 836
794, 795, 2456
795, 2457, 836
2457, 837, 836
2457, 796, 837
795, 796, 2457
796, 2458, 837
2458, 838, 837
2458, 797, 838
796, 797, 2458
797, 2459, 838
2459, 839, 838
2459, 798, 839
797, 798, 2459
798, 2460, 839
2460, 840, 839
2460, 799, 840
798, 799, 2460
799, 2461, 840
2461, 841, 840
2461, 800, 841
799, 800, 2461
800, 2462, 841
2462, 842, 841
2462, 801, 842
800, 801, 2462
801, 2463, 842
2463, 843, 842
2463, 802, 843
801, 802, 2463
802, 2464, 843
2464, 844, 843
2464, 803, 844
802, 803, 2464
803, 2465, 844
2465, 845, 844
2465, 804, 845
803, 804, 2465
804, 2466, 845
2466, 846, 845
2466, 805, 846
804, 805, 2466
805, 2467, 846
2467, 847, 846
2467, 806, 847
805, 806, 2467
806, 2468, 847
2468, 848, 847
2468, 807, 848
806, 807, 2468
807, 2469, 848
2469, 849, 848
2469, 808, 849
807, 808, 2469
808, 2470, 849
2470, 850, 849
2470, 809, 850
808, 809, 2470
809, 2471, 850
2471, 851, 850
2471, 810, 851
809, 810, 2471
810, 2472, 851
2472, 852, 851
2472, 811, 852
810, 811, 2472
811, 2473, 852
2473, 853, 852
2473, 812, 853
811, 812, 2473
812, 2474, 853
2474, 854, 853
2474, 813, 854
812, 813, 2474
813, 2475, 854
2475, 855, 854
2475, 814, 855
813, 814, 2475
814, 2476, 855
2476, 856, 855
2476, 815, 856
814, 815, 2476
815, 2477, 856
2477, 857, 856
2477, 816, 857
815, 816, 2477
816, 2478, 857
2478, 858, 857
2478, 817, 858
816, 817, 2478
817, 2479, 858
2479, 859, 858
2479, 818, 859
817, 818, 2479
818, 2480, 859
2480, 860, 859
2480, 819, 860
818, 819, 2480
820, 2481, 861
2481, 862, 861
2481, 821, 862
820, 821, 2481
821, 2482, 862
2482, 863, 862
2482, 822, 863
821, 822, 2482
822, 2483, 863
2483, 864, 863
2483, 823, 864
822, 823, 2483
823, 2484, 864
2484, 865, 864
2484, 824, 865
823, 824, 2484
824, 2485, 865
2485, 866, 865
2485, 825, 866
824, 825, 2485
825, 2486, 866
2486, 867, 866
2486, 826, 867
825, 826, 2486
826, 2487, 867
2487, 868, 867
2487, 827, 868
826, 827, 2487
827, 2488, 868
2488, 869, 868
2488, 828, 869
827, 828, 2488
828, 2489, 869
2489, 870, 869
2489, 829, 870
828, 829, 2489
829, 2490, 870
2490, 871, 870
2490, 830, 871
829, 830, 2490
830, 2491, 871
2491, 872, 871
2491, 831, 872
830, 831, 2491
831, 2492, 872
2492, 873, 872
2492, 832, 873
831, 832, 2492
832, 2493, 873
2493, 874, 873
2493, 833, 874
832, 833, 2493
833, 2494, 874
2494, 875, 874
2494, 834, 875
833, 834, 2494
834, 2495, 875
2495, 876, 875
2495, 835, 876
834, 835, 2495
835, 2496, 876
2496, 877, 876
2496, 836, 877
835, 836, 2496
836, 2497, 877
2497, 878, 877
2497, 837, 878
836, 837, 2497
837, 2498, 878
2498, 879, 878
2498, 838, 879
837, 838, 2498
838, 2499, 879
2499, 880, 879
2499, 839, 880
838, 839, 2499
839, 2500, 880
2500, 881, 880
2500, 840, 881
839, 840, 2500
861, 2521, 902
2521, 903, 902
2521, 862, 903
861, 862, 2521
862, 2522, 903
2522, 904, 903
2522, 863, 904
862, 863, 2522
863, 2523, 904
2523, 905, 904
2523, 864, 905
863, 864, 2523
864, 2524, 905
2524, 906, 905
2524, 865, 906
864, 865, 2524
865, 2525, 906
2525, 907, 906
2525, 866, 907
865, 866, 2525
866, 2526, 907
2526, 908, 907
2526, 867, 908
866, 867, 2526
867, 2527, 908
2527, 909, 908
2527, 868, 909
867, 868, 2527
868, 2528, 909
2528, 910, 909
2528, 869, 910
868, 869, 2528
869, 2529, 910
2529, 911, 910
2529, 870, 911
869, 870, 2529
870, 2530, 911
2530, 912, 911
2530, 871, 912
870, 871, 2530
871, 2531, 912
2531, 913, 912
2531, 872, 913
871, 872, 2531
872, 2532, 913
2532, 914, 913
2532, 873, 914
872, 873, 2532
873, 2533, 914
2533, 915, 914
2533, 874, 915
873, 874, 2533
874, 2534, 915
2534, 916, 915
2534, 875, 916
874, 875, 2534
875, 2535, 916
2535, 917, 916
2535, 876, 917
875, 876, 2535
876, 2536, 917
2536, 918, 917
2536, 877, 918
876, 877, 2536
877, 2537, 918
2537, 919, 918
2537, 878, 919
877, 878, 2537
878, 2538, 919
2538, 920, 919
2538, 879, 920
878, 879, 2538
879, 2539, 920
2539, 921, 920
2539, 880, 921
879, 880, 2539
880, 2540, 921
2540, 922, 921
2540, 881, 922
880, 881, 2540
902, 2561, 943
2561, 944, 943
2561, 903, 944
902, 903, 2561
903, 2562, 944
2562, 945, 944
2562, 904, 945
903, 904, 2562
904, 2563, 945
2563, 946, 945
2563, 905, 946
904, 905, 2563
905, 2564, 946
2564, 947, 946
2564, 906, 947
905, 906, 2564
906, 2565, 947
2565, 948, 947
2565, 907, 948
906, 907, 2565
907, 2566, 948
2566, 949, 948
2566, 908, 949
907, 908, 2566
908, 2567, 949
2567, 950, 949
2567, 909, 950
908, 909, 2567
909, 2568, 950
2568, 951, 950
2568, 910, 951
909, 910, 2568
910, 2569, 951
2569, 952, 951
2569, 911, 952
910, 911, 2569
911, 2570, 952
2570, 953, 952
2570, 912, 953
911, 912, 2570
912, 2571, 953
2571, 954, 953
2571, 913, 954
912, 913, 2571
913, 2572, 954
2572, 955, 954
2572, 914, 955
913, 914, 2572
914, 2573, 955
2573, 956, 955
2573, 915, 956
914, 915, 2573
915, 2574, 956
2574, 957, 956
2574, 916, 957
915, 916, 2574
916, 2575, 957
2575, 958, 957
2575, 917, 958
916, 917, 2575
917, 2576, 958
2576, 959, 958
2576, 918, 959
917, 918, 2576
918, 2577, 959
2577, 960, 959
2577, 919, 960
918, 919, 2577
919, 2578, 960
2578, 961, 960
2578, 920, 961
919, 920, 2578
920, 2579, 961
2579, 962, 961
2579, 921, 962
920, 921, 2579
921, 2580, 962
2580, 963, 962
2580, 922, 963
921, 922, 2580
943, 2601, 984
2601, 985, 984
2601, 944, 985
943, 944, 2601
944, 2602, 985
2602, 986, 985
2602, 945, 986
944, 945, 2602
945, 2603, 986
2603, 987, 986
2603, 946, 987
945, 946, 2603
946, 2604, 987
2604, 988, 987
2604, 947, 988
946, 947, 2604
947, 2605, 988
2605, 989, 988
2605, 948, 989
947, 948, 2605
948, 2606, 989
2606, 990, 989
2606, 949, 990
948, 949, 2606
949, 2607, 990
2607, 991, 990
2607, 950, 991
949, 950, 2607
950, 2608, 991
2608, 992, 991
2608, 951, 992
950, 951, 2608
951, 2609, 992
2609, 993, 992
2609, 952, 993
951, 952, 2609
952, 2610, 993
2610, 994, 993
2610, 953, 994
952, 953, 2610
953, 2611, 994
2611, 995, 994
2611, 954, 995
953, 954, 2611
954, 2612, 995
2612, 996, 995
2612, 955, 996
954, 955, 2612
955, 2613, 996
2613, 997, 996
2613, 956, 997
955, 956, 2613
956, 2614, 997
2614, 998, 997
2614, 957, 998
956, 957, 2614
957, 2615, 998
2615, 999, 998
2615, 958, 999
957, 958, 2615
958, 2616, 999
2616, 1000, 999
2616, 959, 1000
958, 959, 2616
959, 2617, 1000
2617, 1001, 1000
2617, 960, 1001
959, 960, 2617
960, 2618, 1001
2618, 1002, 1001
2618, 961, 1002
960, 961, 2618
961, 2619, 1002
2619, 1003, 1002
2619, 962, 1003
961, 962, 2619
962, 2620, 1003
2620, 1004, 1003
2620, 963, 1004
962, 963, 2620
984, 2641, 1025
2641, 1026, 1025
2641, 985, 1026
984, 985, 2641
985, 2642, 1026
2642, 1027, 1026
2642, 986, 1027
985, 986, 2642
986, 2643, 1027
2643, 1028, 1027
2643, 987, 1028
986, 987, 2643
987, 2644, 1028
2644, 1029, 1028
2644, 988, 1029
987, 988, 2644
988, 2645, 1029
2645, 1030, 1029
2645, 989, 1030
988, 989, 2645
989, 2646, 1030
2646, 1031, 1030
2646, 990, 1031
989, 990, 2646
990, 2647, 1031
2647, 1032, 1031
2647, 991, 1032
990, 991, 2647
991, 2648, 1032
2648, 1033, 1032
2648, 992, 1033
991, 992, 2648
992, 2649, 1033
2649, 1034, 1033
2649, 993, 1034
992, 993, 2649
993, 2650, 1034
2650, 1035, 1034
2650, 994, 1035
993, 994, 2650
994, 2651, 1035
2651, 1036, 1035
2651, 995, 1036
994, 995, 2651
995, 2652, 1036
2652, 1037, 1036
2652, 996, 1037
995, 996, 2652
996, 2653, 1037
2653, 1038, 1037
2653, 997, 1038
996, 997, 2653
997, 2654, 1038
2654, 1039, 1038
2654, 998, 1039
997, 998, 2654
998, 2655, 1039
2655, 1040, 1039
2655, 999, 1040
998, 999, 2655
999, 2656, 1040
2656, 1041, 1040
2656, 1000, 1041
999, 1000, 2656
1000, 2657, 1041
2657, 1042, 1041
2657, 1001, 1042
1000, 1001, 2657
1001, 2658, 1042
2658, 1043, 1042
2658, 1002, 1043
1001, 1002, 2658
1002, 2659, 1043
2659, 1044, 1043
2659, 1003, 1044
1002, 1003, 2659
1003, 2660, 1044
2660, 1045, 1044
2660, 1004, 1045
1003, 1004, 2660
1025, 2681, 1066
2681, 1067, 1066
2681, 1026, 1067
1025, 1026, 2681
1026, 2682, 1067
2682, 1068, 1067
2682, 1027, 1068
1026, 1027, 2682
1027, 2683, 1068
2683, 1069, 1068
2683, 1028, 1069
1027, 1028, 2683
1028, 2684, 1069
2684, 1070, 1069
2684, 1029, 1070
1028, 1029, 2684
1029, 2685, 1070
2685, 1071, 1070
2685, 1030, 1071
1029, 1030, 2685
1030, 2686, 1071
2686, 1072, 1071
2686, 1031, 1072
1030, 1031, 2686
1031, 2687, 1072
2687, 1073, 1072
2687, 1032, 1073
1031, 1032, 2687
1032, 2688, 1073
2688, 1074, 1073
2688, 1033, 1074
1032, 1033, 2688
1033, 2689, 1074
2689, 1075, 1074
2689, 1034, 1075
1033, 1034, 2689
1034, 2690, 1075
2690, 1076, 1075
2690, 1035, 1076
1034, 1035, 2690
1035, 2691, 1076
2691, 1077, 1076
2691, 1036, 1077
1035, 1036, 2691
1036, 2692, 1077
2692, 1078, 1077
2692, 1037, 1078
1036, 1037, 2692
1037, 2693, 1078
2693, 1079, 1078
2693, 1038, 1079
1037, 1038, 2693
1038, 2694, 1079
2694, 1080, 1079
2694, 1039, 1080
1038, 1039, 2694
1039, 2695, 1080
2695, 1081, 1080
2695, 1040, 1081
1039, 1040, 2695
1040, 2696, 1081
2696, 1082, 1081
2696, 1041, 1082
1040, 1041, 2696
1041, 2697, 1082
2697, 1083, 1082
2697, 1042, 1083
1041, 1042, 2697
1042, 2698, 1083
2698, 1084, 1083
2698, 1043, 1084
1042, 1043, 2698
1043, 2699, 1084
2699, 1085, 1084
2699, 1044, 1085
1043, 1044, 2699
1044, 2700, 1085
2700, 1086, 1085
2700, 1045, 1086
1044, 1045, 2700
1066, 2721, 1107
2721, 1108, 1107
2721, 1067, 1108
1066, 1067, 2721
1067, 2722, 1108
2722, 1109, 1108
2722, 1068, 1109
1067, 1068, 2722
1068, 2723, 1109
2723, 1110, 1109
2723, 1069, 1110
1068, 1069, 2723
1069, 2724, 1110
2724, 1111, 1110
2724, 1070, 1111
1069, 1070, 2724
1070, 2725, 1111
2725, 1112, 1111
2725, 1071, 1112
1070, 1071, 2725
1071, 2726, 1112
2726, 1113, 1112
2726, 1072, 1113
1071, 1072, 2726
1072, 2727, 1113
2727, 1114, 1113
2727, 1073, 1114
1072, 1073, 2727
1073, 2728, 1114
2728, 1115, 1114
2728, 1074, 1115
1073, 1074, 2728
1074, 2729, 1115
2729, 1116, 1115
2729, 1075, 1116
1074, 1075, 2729
1075, 2730, 1116
2730, 1117, 1116
2730, 1076, 1117
1075, 1076, 2730
1076, 2731, 1117
2731, 1118, 1117
2731, 1077, 1118
1076, 1077, 2731
1077, 2732, 1118
2732, 1119, 1118
2732, 1078, 1119
1077, 1078, 2732
1078, 2733, 1119
2733, 1120, 1119
2733, 1079, 1120
1078, 1079, 2733
1079, 2734, 1120
2734, 1121, 1120
2734, 1080, 1121
1079, 1080, 2734
1080, 2735, 1121
2735, 1122, 1121
2735, 1081, 1122
1080, 1081, 2735
1081, 2736, 1122
2736, 1123, 1122
2736, 1082, 1123
1081, 1082, 2736
1082, 2737, 1123
2737, 1124, 1123
2737, 1083, 1124
1082, 1083, 2737
1083, 2738, 1124
2738, 1125, 1124
2738, 1084, 1125
1083, 1084, 2738
1084, 2739, 1125
2739, 1126, 1125
2739, 1085, 1126
1084, 1085, 2739
1085, 2740, 1126
2740, 1127, 1126
2740, 1086, 1127
1085, 1086, 2740
1107, 2761, 1148
2761, 1149, 1148
2761, 1108, 1149
1107, 1108, 2761
1108, 2762, 1149
2762, 1150, 1149
2762, 1109, 1150
1108, 1109, 2762
1109, 2763, 1150
2763, 1151, 1150
2763, 1110, 1151
1109, 1110, 2763
1110, 2764, 1151
2764, 1152, 1151
2764, 1111, 1152
1110, 1111, 2764
1111, 2765, 1152
2765, 1153, 1152
2765, 1112, 1153
1111, 1112, 2765
1112, 2766, 1153
2766, 1154, 1153
2766, 1113, 1154
1112, 1113, 2766
1113, 2767, 1154
2767, 1155, 1154
2767, 1114, 1155
1113, 1114, 2767
1114, 2768, 1155
2768, 1156, 1155
2768, 1115, 1156
1114, 1115, 2768
1115, 2769, 1156
2769, 1157, 1156
2769, 1116, 1157
1115, 1116, 2769
1116, 2770, 1157
2770, 1158, 1157
2770, 1117, 1158
1116, 1117, 2770
1117, 2771, 1158
2771, 1159, 1158
2771, 1118, 1159
1117, 1118, 2771
1118, 2772, 1159
2772, 1160, 1159
2772, 1119, 1160
1118, 1119, 2772
1119, 2773, 1160
2773, 1161, 1160
2773, 1120, 1161
1119, 1120, 2773
1120, 2774, 1161
2774, 1162, 1161
2774, 1121, 1162
1120, 1121, 2774
1121, 2775, 1162
2775, 1163, 1162
2775, 1122, 1163
1121, 1122, 2775
1122, 2776, 1163
2776, 1164, 1163
2776, 1123, 1164
1122, 1123, 2776
1123, 2777, 1164
2777, 1165, 1164
2777, 1124, 1165
1123, 1124, 2777
1124, 2778, 1165
2778, 1166, 1165
2778, 1125, 1166
1124, 1125, 2778
1125, 2779, 1166
2779, 1167, 1166
2779, 1126, 1167
1125, 1126, 2779
1126, 2780, 1167
2780, 1168, 1167
2780, 1127, 1168
1126, 1127, 2780
1148, 2801, 1189
2801, 1190, 1189
2801, 1149, 1190
1148, 1149, 2801
1149, 2802, 1190
2802, 1191, 1190
2802, 1150, 1191
1149, 1150, 2802
1150, 2803, 1191
2803, 1192, 1191
2803, 1151, 1192
1150, 1151, 2803
1151, 2804, 1192
2804, 1193, 1192
2804, 1152, 1193
1151, 1152, 2804
1152, 2805, 1193
2805, 1194, 1193
2805, 1153, 1194
1152, 1153, 2805
1153, 2806, 1194
2806, 1195, 1194
2806, 1154, 1195
1153, 1154, 2806
1154, 2807, 1195
2807, 1196, 1195
2807, 1155, 1196
1154, 1155, 2807
1155, 2808, 1196
2808, 1197, 1196
2808, 1156, 1197
1155, 1156, 2808
1156, 2809, 1197
2809, 1198, 1197
2809, 1157, 1198
1156, 1157, 2809
1157, 2810, 1198
2810, 1199, 1198
2810, 1158, 1199
1157, 1158, 2810
1158, 2811, 1199
2811, 1200, 1199
2811, 1159, 1200
1158, 1159, 2811
1159, 2812, 1200
2812, 1201, 1200
2812, 1160, 1201
1159, 1160, 2812
1160, 2813, 1201
2813, 1202, 1201
2813, 1161, 1202
1160, 1161, 2813
1161, 2814, 1202
2814, 1203, 1202
2814, 1162, 1203
1161, 1162, 2814
1162, 2815, 1203
2815, 1204, 1203
2815, 1163, 1204
1162, 1163, 2815
1163, 2816, 1204
2816, 1205, 1204
2816, 1164, 1205
1163, 1164, 2816
1164, 2817, 1205
2817, 1206, 1205
2817, 1165, 1206
1164, 1165, 2817
1165, 2818, 1206
2818, 1207, 1206
2818, 1166, 1207
1165, 1166, 2818
1166, 2819, 1207
2819, 1208, 1207
2819, 1167, 1208
1166, 1167, 2819
1167, 2820, 1208
2820, 1209, 1208
2820, 1168, 1209
1167, 1168, 2820
1189, 2841, 1230
2841, 1231, 1230
2841, 1190, 1231
1189, 1190, 2841
1190, 2842, 1231
2842, 1232, 1231
2842, 1191, 1232
1190, 1191, 2842
1191, 2843, 1232
2843, 1233, 1232
2843, 1192, 1233
1191, 1192, 2843
1192, 2844, 1233
2844, 1234, 1233
2844, 1193, 1234
1192, 1193, 2844
1193, 2845, 1234
2845, 1235, 1234
2845, 1194, 1235
1193, 1194, 2845
1194, 2846, 1235
2846, 1236, 1235
2846, 1195, 1236
1194, 1195, 2846
1195, 2847, 1236
2847, 1237, 1236
2847, 1196, 1237
1195, 1196, 2847
1196, 2848, 1237
2848, 1238, 1237
2848, 1197, 1238
1196, 1197, 2848
1197, 2849, 1238
2849, 1239, 1238
2849, 1198, 1239
1197, 1198, 2849
1198, 2850, 1239
2850, 1240, 1239
2850, 1199, 1240
1198, 1199, 2850
1199, 2851, 1240
2851, 1241, 1240
2851, 1200, 1241
1199, 1200, 2851
1200, 2852, 1241
2852, 1242, 1241
2852, 1201, 1242
1200, 1201, 2852
1201, 2853, 1242
2853, 1243, 1242
2853, 1202, 1243
1201, 1202, 2853
1202, 2854, 1243
2854, 1244, 1243
2854, 1203, 1244
1202, 1203, 2854
1203, 2855, 1244
2855, 1245, 1244
2855, 1204, 1245
1203, 1204, 2855
1204, 2856, 1245
2856, 1246, 1245
2856, 1205, 1246
1204, 1205, 2856
1205, 2857, 1246
2857, 1247, 1246
2857, 1206, 1247
1205, 1206, 2857
1206, 2858, 1247
2858, 1248, 1247
2858, 1207, 1248
1206, 1207, 2858
1207, 2859, 1248
2859, 1249, 1248
2859, 1208, 1249
1207, 1208, 2859
1208, 2860, 1249
2860, 1250, 1249
2860, 1209, 1250
1208, 1209, 2860
1230, 2881, 1271
2881, 1272, 1271
2881, 1231, 1272
1230, 1231, 2881
1231, 2882, 1272
2882, 1273, 1272
2882, 1232, 1273
1231, 1232, 2882
1232, 2883, 1273
2883, 1274, 1273
2883, 1233, 1274
1232, 1233, 2883
1233, 2884, 1274
2884, 1275, 1274
2884, 1234, 1275
1233, 1234, 2884
1234, 2885, 1275
2885, 1276, 1275
2885, 1235, 1276
1234, 1235, 2885
1235, 2886, 1276
2886, 1277, 1276
2886, 1236, 1277
1235, 1236, 2886
1236, 2887, 1277
2887, 1278, 1277
2887, 1237, 1278
1236, 1237, 2887
1237, 2888, 1278
2888, 1279, 1278
2888, 1238, 1279
1237, 1238, 2888
1238, 2889, 1279
2889, 1280, 1279
2889, 1239, 1280
1238, 1239, 2889
1239, 2890, 1280
2890, 1281, 1280
2890, 1240, 1281
1239, 1240, 2890
1240, 2891, 1281
2891, 1282, 1281
2891, 1241, 1282
1240, 1241, 2891
1241, 2892, 1282
2892, 1283, 1282
2892, 1242, 1283
1241, 1242, 2892
1242, 2893, 1283
2893, 1284, 1283
2893, 1243, 1284
1242, 1243, 2893
1243, 2894, 1284
2894, 1285, 1284
2894, 1244, 1285
1243, 1244, 2894
1244, 2895, 1285
2895, 1286, 1285
2895, 1245, 1286
1244, 1245, 2895
1245, 2896, 1286
2896, 1287, 1286
2896, 1246, 1287
1245, 1246, 2896
1246, 2897, 1287
2897, 1288, 1287
2897, 1247, 1288
1246, 1247, 2897
1247, 2898, 1288
2898, 1289, 1288
2898, 1248, 1289
1247, 1248, 2898
1248, 2899, 1289
2899, 1290, 1289
2899, 1249, 1290
1248, 1249, 2899
1249, 2900, 1290
2900, 1291, 1290
2900, 1250, 1291
1249, 1250, 2900
1271, 2921, 1312
2921, 1313, 1312
2921, 1272, 1313
1271, 1272, 2921
1272, 2922, 1313
2922, 1314, 1313
2922, 1273, 1314
1272, 1273, 2922
1273, 2923, 1314
2923, 1315, 1314
2923, 1274, 1315
1273, 1274, 2923
1274, 2924, 1315
2924, 1316, 1315
2924, 1275, 1316
1274, 1275, 2924
1275, 2925, 1316
2925, 1317, 1316
2925, 1276, 1317
1275, 1276, 2925
1276, 2926, 1317
2926, 1318, 1317
2926, 1277, 1318
1276, 1277, 2926
1277, 2927, 1318
2927, 1319, 1318
2927, 1278, 1319
1277, 1278, 2927
1278, 2928, 1319
2928, 1320, 1319
2928, 1279, 1320
1278, 1279, 2928
1279, 2929, 1320
2929, 1321, 1320
2929, 1280, 1321
1279, 1280, 2929
1280, 2930, 1321
2930, 1322, 1321
2930, 1281, 1322
1280, 1281, 2930
1281, 2931, 1322
2931, 1323, 1322
2931, 1282, 1323
1281, 1282, 2931
1282, 2932, 1323
2932, 1324, 1323
2932, 1283, 1324
1282, 1283, 2932
1283, 2933, 1324
2933, 1325, 1324
2933, 1284, 1325
1283, 1284, 2933
1284, 2934, 1325
2934, 1326, 1325
2934, 1285, 1326
1284, 1285, 2934
1285, 2935, 1326
2935, 1327, 1326
2935, 1286, 1327
1285, 1286, 2935
1286, 2936, 1327
2936, 1328, 1327
2936, 1287, 1328
1286, 1287, 2936
1287, 2937, 1328
2937, 1329, 1328
2937, 1288, 1329
1287, 1288, 2937
1288, 2938, 1329
2938, 1330, 1329
2938, 1289, 1330
1288, 1289, 2938
1289, 2939, 1330
2939, 1331, 1330
2939, 1290, 1331
1289, 1290, 2939
1290, 2940, 1331
2940, 1332, 1331
2940, 1291, 1332
1290, 1291, 2940
1312, 2961, 1353
2961, 1354, 1353
2961, 1313, 1354
1312, 1313, 2961
1313, 2962, 1354
2962, 1355, 1354
2962, 1314, 1355
1313, 1314, 2962
1314, 2963, 1355
2963, 1356, 1355
2963, 1315, 1356
1314, 1315, 2963
1315, 2964, 1356
2964, 1357, 1356
2964, 1316, 1357
1315, 1316, 2964
1316, 2965, 1357
2965, 1358, 1357
2965, 1317, 1358
1316, 1317, 2965
1317, 2966, 1358
2966, 1359, 1358
2966, 1318, 1359
1317, 1318, 2966
1318, 2967, 1359
2967, 1360, 1359
2967, 1319, 1360
1318, 1319, 2967
1319, 2968, 1360
2968, 1361, 1360
2968, 1320, 1361
1319, 1320, 2968
1320, 2969, 1361
2969, 1362, 1361
2969, 1321, 1362
1320, 1321, 2969
1321, 2970, 1362
2970, 1363, 1362
2970, 1322, 1363
1321, 1322, 2970
1322, 2971, 1363
2971, 1364, 1363
2971, 1323, 1364
1322, 1323, 2971
1323, 2972, 1364
2972, 1365, 1364
2972, 1324, 1365
1323, 1324, 2972
1324, 2973, 1365
2973, 1366, 1365
2973, 1325, 1366
1324, 1325, 2973
1325, 2974, 1366
2974, 1367, 1366
2974, 1326, 1367
1325, 1326, 2974
1326, 2975, 1367
2975, 1368, 1367
2975, 1327, 1368
1326, 1327, 2975
1327, 2976, 1368
2976, 1369, 1368
2976, 1328, 1369
1327, 1328, 2976
1328, 2977, 1369
2977, 1370, 1369
2977, 1329, 1370
1328, 1329, 2977
1329, 2978, 1370
2978, 1371, 1370
2978, 1330, 1371
1329, 1330, 2978
1330, 2979, 1371
2979, 1372, 1371
2979, 1331, 1372
1330, 1331, 2979
1331, 2980, 1372
2980, 1373, 1372
2980, 1332, 1373
1331, 1332, 2980
1353, 3001, 1394
3001, 1395, 1394
3001, 1354, 1395
1353, 1354, 3001
1354, 3002, 1395
3002, 1396, 1395
3002, 1355, 1396
1354, 1355, 3002
1355, 3003, 1396
3003, 1397, 1396
3003, 1356, 1397
1355, 1356, 3003
1356, 3004, 1397
3004, 1398, 1397
3004, 1357, 1398
1356, 1357, 3004
1357, 3005, 1398
3005, 1399, 1398
3005, 1358, 1399
1357, 1358, 3005
1358, 3006, 1399
3006, 1400, 1399
3006, 1359, 1400
1358, 1359, 3006
1359, 3007, 1400
3007, 1401, 1400
3007, 1360, 1401
1359, 1360, 3007
1360, 3008, 1401
3008, 1402, 1401
3008, 1361, 1402
1360, 1361, 3008
1361, 3009, 1402
3009, 1403, 1402
3009, 1362, 1403
1361, 1362, 3009
1362, 3010, 1403
3010, 1404, 1403
3010, 1363, 1404
1362, 1363, 3010
1363, 3011, 1404
3011, 1405, 1404
3011, 1364, 1405
1363, 1364, 3011
1364, 3012, 1405
3012, 1406, 1405
3012, 1365, 1406
1364, 1365, 3012
1365, 3013, 1406
3013, 1407, 1406
3013, 1366, 1407
1365, 1366, 3013
1366, 3014, 1407
3014, 1408, 1407
3014, 1367, 1408
1366, 1367, 3014
1367, 3015, 1408
3015, 1409, 1408
3015, 1368, 1409
1367, 1368, 3015
1368, 3016, 1409
3016, 1410, 1409
3016, 1369, 1410
1368, 1369, 3016
1369, 3017, 1410
3017, 1411, 1410
3017, 1370, 1411
1369, 1370, 3017
1370, 3018, 1411
3018, 1412, 1411
3018, 1371, 1412
1370, 1371, 3018
1371, 3019, 1412
3019, 1413, 1412
3019, 1372, 1413
1371, 1372, 3019
1372, 3020, 1413
3020, 1414, 1413
3020, 1373, 1414
1372, 1373, 3020
1394, 3041, 1435
3041, 1436, 1435
3041, 1395, 1436
1394, 1395, 3041
1395, 3042, 1436
3042, 1437, 1436
3042, 1396, 1437
1395, 1396, 3042
1396, 3043, 1437
3043, 1438, 1437
3043, 1397, 1438
1396, 1397, 3043
1397, 3044, 1438
3044, 1439, 1438
3044, 1398, 1439
1397, 1398, 3044
1398, 3045, 1439
3045, 1440, 1439
3045, 1399, 1440
1398, 1399, 3045
1399, 3046, 1440
3046, 1441, 1440
3046, 1400, 1441
1399, 1400, 3046
1400, 3047, 1441
3047, 1442, 1441
3047, 1401, 1442
1400, 1401, 3047
1401, 3048, 1442
3048, 1443, 1442
3048, 1402, 1443
1401, 1402, 3048
1402, 3049, 1443
3049, 1444, 1443
3049, 1403, 1444
1402, 1403, 3049
1403, 3050, 1444
3050, 1445, 1444
3050, 1404, 1445
1403, 1404, 3050
1404, 3051, 1445
3051, 1446, 1445
3051, 1405, 1446
1404, 1405, 3051
1405, 3052, 1446
3052, 1447, 1446
3052, 1406, 1447
1405, 1406, 3052
1406, 3053, 1447
3053, 1448, 1447
3053, 1407, 1448
1406, 1407, 3053
1407, 3054, 1448
3054, 1449, 1448
3054, 1408, 1449
1407, 1408, 3054
1408, 3055, 1449
3055, 1450, 1449
3055, 1409, 1450
1408, 1409, 3055
1409, 3056, 1450
3056, 1451, 1450
3056, 1410, 1451
1409, 1410, 3056
1410, 3057, 1451
3057, 1452, 1451
3057, 1411, 1452
1410, 1411, 3057
1411, 3058, 1452
3058, 1453, 1452
3058, 1412, 1453
1411, 1412, 3058
1412, 3059, 1453
3059, 1454, 1453
3059, 1413, 1454
1412, 1413, 3059
1413, 3060, 1454
3060, 1455, 1454
3060, 1414, 1455
1413, 1414, 3060
1435, 3081, 1476
3081, 1477, 1476
3081, 1436, 1477
1435, 1436, 3081
1436, 3082, 1477
3082, 1478, 1477
3082, 1437, 1478
1436, 1437, 3082
1437, 3083, 1478
3083, 1479, 1478
3083, 1438, 1479
1437, 1438, 3083
1438, 3084, 1479
3084, 1480, 1479
3084, 1439, 1480
1438, 1439, 3084
1439, 3085, 1480
3085, 1481, 1480
3085, 1440, 1481
1439, 1440, 3085
1440, 3086, 1481
3086, 1482, 1481
3086, 1441, 1482
1440, 1441, 3086
1441, 3087, 1482
3087, 1483, 1482
3087, 1442, 1483
1441, 1442, 3087
1442, 3088, 1483
3088, 1484, 1483
3088, 1443, 1484
1442, 1443, 3088
1443, 3089, 1484
3089, 1485, 1484
3089, 1444, 1485
1443, 1444, 3089
1444, 3090, 1485
3090, 1486, 1485
3090, 1445, 1486
1444, 1445, 3090
1445, 3091, 1486
3091, 1487, 1486
3091, 1446, 1487
1445, 1446, 3091
1446, 3092, 1487
3092, 1488, 1487
3092, 1447, 1488
1446, 1447, 3092
1447, 3093, 1488
3093, 1489, 1488
3093, 1448, 1489
1447, 1448, 3093
1448, 3094, 1489
3094, 1490, 1489
3094, 1449, 1490
1448, 1449, 3094
1449, 3095, 1490
3095, 1491, 1490
3095, 1450, 1491
1449, 1450, 3095
1450, 3096, 1491
3096, 1492, 1491
3096, 1451, 1492
1450, 1451, 3096
1451, 3097, 1492
3097, 1493, 1492
3097, 1452, 1493
1451, 1452, 3097
1452, 3098, 1493
3098, 1494, 1493
3098, 1453, 1494
1452, 1453, 3098
1453, 3099, 1494
3099, 1495, 1494
3099, 1454, 1495
1453, 1454, 3099
1454, 3100, 1495
3100, 1496, 1495
3100, 1455, 1496
1454, 1455, 3100
1476, 3121, 1517
3121, 1518, 1517
3121, 1477, 1518
1476, 1477, 3121
1477, 3122, 1518
3122, 1519, 1518
3122, 1478, 1519
1477, 1478, 3122
1478, 3123, 1519
3123, 1520, 1519
3123, 1479, 1520
1478, 1479, 3123
1479, 3124, 1520
3124, 1521, 1520
3124, 1480, 1521
1479, 1480, 3124
1480, 3125, 1521
3125, 1522, 1521
3125, 1481, 1522
1480, 1481, 3125
1481, 3126, 1522
3126, 1523, 1522
3126, 1482, 1523
1481, 1482, 3126
1482, 3127, 1523
3127, 1524, 1523
3127, 1483, 1524
1482, 1483, 3127
1483, 3128, 1524
3128, 1525, 1524
3128, 1484, 1525
1483, 1484, 3128
1484, 3129, 1525
3129, 1526, 1525
3129, 1485, 1526
1484, 1485, 3129
1485, 3130, 1526
3130, 1527, 1526
3130, 1486, 1527
1485, 1486, 3130
1486, 3131, 1527
3131, 1528, 1527
3131, 1487, 1528
1486, 1487, 3131
1487, 3132, 1528
3132, 1529, 1528
3132, 1488, 1529
1487, 1488, 3132
1488, 3133, 1529
3133, 1530, 1529
3133, 1489, 1530
1488, 1489, 3133
1489, 3134, 1530
3134, 1531, 1530
3134, 1490, 1531
1489, 1490, 3134
1490, 3135, 1531
3135, 1532, 1531
3135, 1491, 1532
1490, 1491, 3135
1491, 3136, 1532
3136, 1533, 1532
3136, 1492, 1533
1491, 1492, 3136
1492, 3137, 1533
3137, 1534, 1533
3137, 1493, 1534
1492, 1493, 3137
1493, 3138, 1534
3138, 1535, 1534
3138, 1494, 1535
1493, 1494, 3138
1494, 3139, 1535
3139, 1536, 1535
3139, 1495, 1536
1494, 1495, 3139
1495, 3140, 1536
3140, 1537, 1536
3140, 1496, 1537
1495, 1496, 3140
1517, 3161, 1558
3161, 1559, 1558
3161, 1518, 1559
1517, 1518, 3161
1518, 3162, 1559
3162, 1560, 1559
3162, 1519, 1560
1518, 1519, 3162
1519, 3163, 1560
3163, 1561, 1560
3163, 1520, 1561
1519, 1520, 3163
1520, 3164, 1561
3164, 1562, 1561
3164, 1521, 1562
1520, 1521, 3164
1521, 3165, 1562
3165, 1563, 1562
3165, 1522, 1563
1521, 1522, 3165
1522, 3166, 1563
3166, 1564, 1563
3166, 1523, 1564
1522, 1523, 3166
1523, 3167, 1564
3167, 1565, 1564
3167, 1524, 1565
1523, 1524, 3167
1524, 3168, 1565
3168, 1566, 1565
3168, 1525, 1566
1524, 1525, 3168
1525, 3169, 1566
3169, 1567, 1566
3169, 1526, 1567
1525, 1526, 3169
1526, 3170, 1567
3170, 1568, 1567
3170, 1527, 1568
1526, 1527, 3170
1527, 3171, 1568
3171, 1569, 1568
3171, 1528, 1569
1527, 1528, 3171
1528, 3172, 1569
3172, 1570, 1569
3172, 1529, 1570
1528, 1529, 3172
1529, 3173, 1570
3173, 1571, 1570
3173, 1530, 1571
1529, 1530, 3173
1530, 3174, 1571
3174, 1572, 1571
3174, 1531, 1572
1530, 1531, 3174
1531, 3175, 1572
3175, 1573, 1572
3175, 1532, 1573
1531, 1532, 3175
1532, 3176, 1573
3176, 1574, 1573
3176, 1533, 1574
1532, 1533, 3176
1533, 3177, 1574
3177, 1575, 1574
3177, 1534, 1575
1533, 1534, 3177
1534, 3178, 1575
3178, 1576, 1575
3178, 1535, 1576
1534, 1535, 3178
1535, 3179, 1576
3179, 1577, 1576
3179, 1536, 1577
1535, 1536, 3179
1536, 3180, 1577
3180, 1578, 1577
3180, 1537, 1578
1536, 1537, 3180
1558, 3201, 1599
3201, 1600, 1599
3201, 1559, 1600
1558, 1559, 3201
1559, 3202, 1600
3202, 1601, 1600
3202, 1560, 1601
1559, 1560, 3202
1560, 3203, 1601
3203, 1602, 1601
3203, 1561, 1602
1560, 1561, 3203
1561, 3204, 1602
3204, 1603, 1602
3204, 1562, 1603
1561, 1562, 3204
1562, 3205, 1603
3205, 1604, 1603
3205, 1563, 1604
1562, 1563, 3205
1563, 3206, 1604
3206, 1605, 1604
3206, 1564, 1605
1563, 1564, 3206
1564, 3207, 1605
3207, 1606, 1605
3207, 1565, 1606
1564, 1565, 3207
1565, 3208, 1606
3208, 1607, 1606
3208, 1566, 1607
1565, 1566, 3208
1566, 3209, 1607
3209, 1608, 1607
3209, 1567, 1608
1566, 1567, 3209
1567, 3210, 1608
3210, 1609, 1608
3210, 1568, 1609
1567, 1568, 3210
1568, 3211, 1609
3211, 1610, 1609
3211, 1569, 1610
1568, 1569, 3211
1569, 3212, 1610
3212, 1611, 1610
3212, 1570, 1611
1569, 1570, 3212
1570, 3213, 1611
3213, 1612, 1611
3213, 1571, 1612
1570, 1571, 3213
1571, 3214, 1612
3214, 1613, 1612
3214, 1572, 1613
1571, 1572, 3214
1572, 3215, 1613
3215, 1614, 1613
3215, 1573, 1614
1572, 1573, 3215
1573, 3216, 1614
3216, 1615, 1614
3216, 1574, 1615
1573, 1574, 3216
1574, 3217, 1615
3217, 1616, 1615
3217, 1575, 1616
1574, 1575, 3217
1575, 3218, 1616
3218, 1617, 1616
3218, 1576, 1617
1575, 1576, 3218
1576, 3219, 1617
3219, 1618, 1617
3219, 1577, 1618
1576, 1577, 3219
1577, 3220, 1618
3220, 1619, 1618
3220, 1578, 1619
1577, 1578, 3220
1599, 3241, 1640
3241, 1641, 1640
3241, 1600, 1641
1599, 1600, 3241
1600, 3242, 1641
3242, 1642, 1641
3242, 1601, 1642
1600, 1601, 3242
1601, 3243, 1642
3243, 1643, 1642
3243, 1602, 1643
1601, 1602, 3243
1602, 3244, 1643
3244, 1644, 1643
3244, 1603, 1644
1602, 1603, 3244
1603, 3245, 1644
3245, 1645, 1644
3245, 1604, 1645
1603, 1604, 3245
1604, 3246, 1645
3246, 1646, 1645
3246, 1605, 1646
1604, 1605, 3246
1605, 3247, 1646
3247, 1647, 1646
3247, 1606, 1647
1605, 1606, 3247
1606, 3248, 1647
3248, 1648, 1647
3248, 1607, 1648
1606, 1607, 3248
1607, 3249, 1648
3249, 1649, 1648
3249, 1608, 1649
1607, 1608, 3249
1608, 3250, 1649
3250, 1650, 1649
3250, 1609, 1650
1608, 1609, 3250
1609, 3251, 1650
3251, 1651, 1650
3251, 1610, 1651
1609, 1610, 3251
1610, 3252, 1651
3252, 1652, 1651
3252, 1611, 1652
1610, 1611, 3252
1611, 3253, 1652
3253, 1653, 1652
3253, 1612, 1653
1611, 1612, 3253
1612, 3254, 1653
3254, 1654, 1653
3254, 1613, 1654
1612, 1613, 3254
1613, 3255, 1654
3255, 1655, 1654
3255, 1614, 1655
1613, 1614, 3255
1614, 3256, 1655
3256, 1656, 1655
3256, 1615, 1656
1614, 1615, 3256
1615, 3257, 1656
3257, 1657, 1656
3257, 1616, 1657
1615, 1616, 3257
1616, 3258, 1657
3258, 1658, 1657
3258, 1617, 1658
1616, 1617, 3258
1617, 3259, 1658
3259, 1659, 1658
3259, 1618, 1659
1617, 1618, 3259
1618, 3260, 1659
3260, 1660, 1659
3260, 1619, 1660
1618, 1619, 3260
