185, 8, 7
185, 0, 8
0, 186, 8
186, 9, 8
186, 1, 9
0, 1, 186
1, 187, 9
187, 10, 9
187, 2, 10
1, 2, 187
2, 188, 10
188, 11, 10
188, 3, 11
2, 3, 188
3, 189, 11
189, 12, 11
189, 4, 12
3, 4, 189
4, 190, 12
190, 13, 12
190, 5, 13
4, 5, 190
5, 191, 13
191, 14, 13
191, 6, 14
5, 6, 191
6, 192, 14
192, 15, 14
193, 17, 16
193, 7, 17
7, 194, 17
194, 18, 17
194, 8, 18
7, 8, 194
8, 195, 18
195, 19, 18
195, 9, 19
8, 9, 195
9, 196, 19
196, 20, 19
196, 10, 20
9, 10, 196
10, 197, 20
197, 21, 20
197, 11, 21
10, 11, 197
11, 198, 21
198, 22, 21
198, 12, 22
11, 12, 198
12, 199, 22
199, 23, 22
199, 13, 23
12, 13, 199
13, 200, 23
200, 24, 23
200, 14, 24
13, 14, 200
14, 201, 24
201, 25, 24
201, 15, 25
14, 15, 201
15, 202, 25
202, 26, 25
203, 28, 27
203, 16, 28
16, 204, 28
204, 29, 28
204, 17, 29
16, 17, 204
17, 205, 29
205, 30, 29
205, 18, 30
17, 18, 205
18, 206, 30
206, 31, 30
206, 19, 31
18, 19, 206
19, 207, 31
207, 32, 31
207, 20, 32
19, 20, 207
20, 208, 32
208, 33, 32
208, 21, 33
20, 21, 208
21, 209, 33
209, 34, 33
209, 22, 34
21, 22, 209
22, 210, 34
210, 35, 34
210, 23, 35
22, 23, 210
23, 211, 35
211, 36, 35
211, 24, 36
23, 24, 211
24, 212, 36
212, 37, 36
212, 25, 37
24, 25, 212
25, 213, 37
213, 38, 37
213, 26, 38
25, 26, 213
26, 214, 38
214, 39, 38
215, 41, 40
215, 27, 41
27, 216, 41
216, 42, 41
216, 28, 42
27, 28, 216
28, 217, 42
217, 43, 42
217, 29, 43
28, 29, 217
29, 218, 43
218, 44, 43
218, 30, 44
29, 30, 218
30, 219, 44
219, 45, 44
219, 31, 45
30, 31, 219
31, 220, 45
220, 46, 45
220, 32, 46
31, 32, 220
32, 221, 46
221, 47, 46
221, 33, 47
32, 33, 221
33, 222, 47
222, 48, 47
222, 34, 48
33, 34, 222
34, 223, 48
223, 49, 48
223, 35, 49
34, 35, 223
35, 224, 49
224, 50, 49
224, 36, 50
35, 36, 224
36, 225, 50
225, 51, 50
225, 37, 51
36, 37, 225
37, 226, 51
226, 52, 51
226, 38, 52
37, 38, 226
38, 227, 52
227, 53, 52
227, 39, 53
38, 39, 227
39, 228, 53
228, 54, 53
40, 229, 55
229, 56, 55
229, 41, 56
40, 41, 229
41, 230, 56
230, 57, 56
230, 42, 57
41, 42, 230
42, 231, 57
231, 58, 57
231, 43, 58
42, 43, 231
43, 232, 58
232, 59, 58
232, 44, 59
43, 44, 232
44, 233, 59
233, 60, 59
233, 45, 60
44, 45, 233
45, 234, 60
234, 61, 60
234, 46, 61
45, 46, 234
46, 235, 61
235, 62, 61
235, 47, 62
46, 47, 235
47, 236, 62
236, 63, 62
236, 48, 63
47, 48, 236
48, 237, 63
237, 64, 63
237, 49, 64
48, 49, 237
49, 238, 64
238, 65, 64
238, 50, 65
49, 50, 238
50, 239, 65
239, 66, 65
239, 51, 66
50, 51, 239
51, 240, 66
240, 67, 66
240, 52, 67
51, 52, 240
52, 241, 67
241, 68, 67
241, 53, 68
52, 53, 241
53, 242, 68
242, 69, 68
242, 54, 69
53, 54, 242
55, 243, 70
243, 71, 70
243, 56, 71
55, 56, 243
56, 244, 71
244, 72, 71
244, 57, 72
56, 57, 244
57, 245, 72
245, 73, 72
245, 58, 73
57, 58, 245
58, 246, 73
246, 74, 73
246, 59, 74
58, 59, 246
59, 247, 74
247, 75, 74
247, 60, 75
59, 60, 247
60, 248, 75
248, 76, 75
248, 61, 76
60, 61, 248
61, 249, 76
249, 77, 76
249, 62, 77
61, 62, 249
62, 250, 77
250, 78, 77
250, 63, 78
62, 63, 250
63, 251, 78
251, 79, 78
251, 64, 79
63, 64, 251
64, 252, 79
252, 80, 79
252, 65, 80
64, 65, 252
65, 253, 80
253, 81, 80
253, 66, 81
65, 66, 253
66, 254, 81
254, 82, 81
254, 67, 82
66, 67, 254
67, 255, 82
255, 83, 82
255, 68, 83
67, 68, 255
68, 256, 83
256, 84, 83
256, 69, 84
68, 69, 256
70, 257, 85
257, 86, 85
257, 71, 86
70, 71, 257
71, 258, 86
258, 87, 86
258, 72, 87
71, 72, 258
72, 259, 87
259, 88, 87
259, 73, 88
72, 73, 259
73, 260, 88
260, 89, 88
260, 74, 89
73, 74, 260
74, 261, 89
261, 90, 89
261, 75, 90
74, 75, 261
75, 262, 90
262, 91, 90
262, 76, 91
75, 76, 262
76, 263, 91
263, 92, 91
263, 77, 92
76, 77, 263
77, 264, 92
264, 93, 92
264, 78, 93
77, 78, 264
78, 265, 93
265, 94, 93
265, 79, 94
78, 79, 265
79, 266, 94
266, 95, 94
266, 80, 95
79, 80, 266
80, 267, 95
267, 96, 95
267, 81, 96
80, 81, 267
81, 268, 96
268, 97, 96
268, 82, 97
81, 82, 268
82, 269, 97
269, 98, 97
269, 83, 98
82, 83, 269
83, 270, 98
270, 99, 98
270, 84, 99
83, 84, 270
85, 271, 100
271, 101, 100
271, 86, 101
85, 86, 271
86, 272, 101
272, 102, 101
272, 87, 102
86, 87, 272
87, 273, 102
273, 103, 102
273, 88, 103
87, 88, 273
88, 274, 103
274, 104, 103
274, 89, 104
88, 89, 274
89, 275, 104
275, 105, 104
275, 90, 105
89, 90, 275
90, 276, 105
276, 106, 105
276, 91, 106
90, 91, 276
91, 277, 106
277, 107, 106
277, 92, 107
91, 92, 277
92, 278, 107
278, 108, 107
278, 93, 108
92, 93, 278
93, 279, 108
279, 109, 108
279, 94, 109
93, 94, 279
94, 280, 109
280, 110, 109
280, 95, 110
94, 95, 280
95, 281, 110
281, 111, 110
281, 96, 111
95, 96, 281
96, 282, 111
282, 112, 111
282, 97, 112
96, 97, 282
97, 283, 112
283, 113, 112
283, 98, 113
97, 98, 283
98, 284, 113
284, 114, 113
284, 99, 114
98, 99, 284
100, 285, 115
285, 116, 115
285, 101, 116
100, 101, 285
101, 286, 116
286, 117, 116
286, 102, 117
101, 102, 286
102, 287, 117
287, 118, 117
287, 103, 118
102, 103, 287
103, 288, 118
288, 119, 118
288, 104, 119
103, 104, 288
104, 289, 119
289, 120, 119
289, 105, 120
104, 105, 289
105, 290, 120
290, 121, 120
290, 106, 121
105, 106, 290
106, 291, 121
291, 122, 121
291, 107, 122
106, 107, 291
107, 292, 122
292, 123, 122
292, 108, 123
107, 108, 292
108, 293, 123
293, 124, 123
293, 109, 124
108, 109, 293
109, 294, 124
294, 125, 124
294, 110, 125
109, 110, 294
110, 295, 125
295, 126, 125
295, 111, 126
110, 111, 295
111, 296, 126
296, 127, 126
296, 112, 127
111, 112, 296
112, 297, 127
297, 128, 127
297, 113, 128
112, 113, 297
113, 298, 128
298, 129, 128
298, 114, 129
113, 114, 298
115, 299, 130
299, 131, 130
299, 116, 131
115, 116, 299
116, 300, 131
300, 132, 131
300, 117, 132
116, 117, 300
117, 301, 132
301, 133, 132
301, 118, 133
117, 118, 301
118, 302, 133
302, 134, 133
302, 119, 134
118, 119, 302
119, 303, 134
303, 135, 134
303, 120, 135
119, 120, 303
120, 304, 135
304, 136, 135
304, 121, 136
120, 121, 304
121, 305, 136
305, 137, 136
305, 122, 137
121, 122, 305
122, 306, 137
306, 138, 137
306, 123, 138
122, 123, 306
123, 307, 138
307, 139, 138
307, 124, 139
123, 124, 307
124, 308, 139
308, 140, 139
308, 125, 140
124, 125, 308
125, 309, 140
309, 141, 140
309, 126, 141
125, 126, 309
126, 310, 141
310, 142, 141
310, 127, 142
126, 127, 310
127, 311, 142
311, 143, 142
311, 128, 143
127, 128, 311
128, 312, 143
312, 144, 143
312, 129, 144
128, 129, 312
313, 131, 145
130, 131, 313
131, 314, 145
314, 146, 145
314, 132, 146
131, 132, 314
132, 315, 146
315, 147, 146
315, 133, 147
132, 133, 315
133, 316, 147
316, 148, 147
316, 134, 148
133, 134, 316
134, 317, 148
317, 149, 148
317, 135, 149
134, 135, 317
135, 318, 149
318, 150, 149
318, 136, 150
135, 136, 318
136, 319, 150
319, 151, 150
319, 137, 151
136, 137, 319
137, 320, 151
320, 152, 151
320, 138, 152
137, 138, 320
138, 321, 152
321, 153, 152
321, 139, 153
138, 139, 321
139, 322, 153
322, 154, 153
322, 140, 154
139, 140, 322
140, 323, 154
323, 155, 154
323, 141, 155
140, 141, 323
141, 324, 155
324, 156, 155
324, 142, 156
141, 142, 324
142, 325, 156
325, 157, 156
325, 143, 157
142, 143, 325
143, 326, 157
143, 144, 326
327, 146, 158
145, 146, 327
146, 328, 158
328, 159, 158
328, 147, 159
146, 147, 328
147, 329, 159
329, 160, 159
329, 148, 160
147, 148, 329
148, 330, 160
330, 161, 160
330, 149, 161
148, 149, 330
149, 331, 161
331, 162, 161
331, 150, 162
149, 150, 331
150, 332, 162
332, 163, 162
332, 151, 163
150, 151, 332
151, 333, 163
333, 164, 163
333, 152, 164
151, 152, 333
152, 334, 164
334, 165, 164
334, 153, 165
152, 153, 334
153, 335, 165
335, 166, 165
335, 154, 166
153, 154, 335
154, 336, 166
336, 167, 166
336, 155, 167
154, 155, 336
155, 337, 167
337, 168, 167
337, 156, 168
155, 156, 337
156, 338, 168
156, 157, 338
339, 159, 169
158, 159, 339
159, 340, 169
340, 170, 169
340, 160, 170
159, 160, 340
160, 341, 170
341, 171, 170
341, 161, 171
160, 161, 341
161, 342, 171
342, 172, 171
342, 162, 172
161, 162, 342
162, 343, 172
343, 173, 172
343, 163, 173
162, 163, 343
163, 344, 173
344, 174, 173
344, 164, 174
163, 164, 344
164, 345, 174
345, 175, 174
345, 165, 175
164, 165, 345
165, 346, 175
346, 176, 175
346, 166, 176
165, 166, 346
166, 347, 176
347, 177, 176
347, 167, 177
166, 167, 347
167, 348, 177
167, 168, 348
349, 170, 178
169, 170, 349
170, 350, 178
350, 179, 178
350, 171, 179
170, 171, 350
171, 351, 179
351, 180, 179
351, 172, 180
171, 172, 351
172, 352, 180
352, 181, 180
352, 173, 181
172, 173, 352
173, 353, 181
353, 182, 181
353, 174, 182
173, 174, 353
174, 354, 182
354, 183, 182
354, 175, 183
174, 175, 354
175, 355, 183
355, 184, 183
355, 176, 184
175, 176, 355
176, 356, 184
176, 177, 356
