0, 0.128386
0.0162966, 0.128386
0.0196492, 0.127695
0.0229988, 0.127402
0.0253795, 0.127107
0.0277155, 0.126812
0.0300402, 0.12652
0.032362, 0.12623
0.0346189, 0.125945
0.036836, 0.125665
0.0390311, 0.125393
0.0412313, 0.125124
0.0434274, 0.124863
0.0455506, 0.124605
0.0476544, 0.124355
0.0497394, 0.124111
0.0518265, 0.123878
0.0539142, 0.123657
0.0559365, 0.123448
0.0579727, 0.123246
0.0599614, 0.123054
0.0619475, 0.122873
0.0639337, 0.122704
0.0659198, 0.122543
0.0679089, 0.122393
0.0699185, 0.122251
0.071906, 0.12212
0.0738896, 0.121997
0.0758749, 0.121882
0.0778586, 0.121776
0.0798417, 0.121678
0.0818256, 0.12159
0.0838097, 0.121512
0.085794, 0.121443
0.0877761, 0.121383
0.0897595, 0.121332
0.0917423, 0.121289
0.0937251, 0.121255
0.0957086, 0.121228
0.097691, 0.12121
0.0996748, 0.121201
0.101657, 0.121199
0.103639, 0.121203
0.108285, 0.121208
0.112864, 0.121325
0.117451, 0.12144
0.122028, 0.121551
0.126613, 0.121657
0.13119, 0.121761
0.135774, 0.121861
0.140358, 0.121956
0.144936, 0.122047
0.149537, 0.122134
0.154115, 0.122217
0.1587, 0.122297
0.163283, 0.122372
0.167867, 0.122443
0.172459, 0.122508
0.177035, 0.12257
0.18162, 0.122628
0.186197, 0.122683
0.190783, 0.122734
0.195368, 0.122783
0.198101, 0.122828
0.20084, 0.122871
0.203583, 0.12291
0.206328, 0.122948
0.209063, 0.122983
0.211804, 0.123016
0.214542, 0.123047
0.217278, 0.123076
0.220009, 0.123103
0.222747, 0.123129
0.225484, 0.123153
0.228214, 0.123176
0.230952, 0.123198
0.23369, 0.123218
0.236426, 0.123237
0.239165, 0.123255
0.241901, 0.123273
0.244639, 0.123289
0.247374, 0.123304
0.250104, 0.123319
0.252857, 0.123332
0.255596, 0.123345
0.258333, 0.123357
0.261062, 0.123368
0.263801, 0.123379
0.266538, 0.123389
0.269275, 0.123399
0.272005, 0.123408
0.274743, 0.123417
0.277483, 0.123425
0.280217, 0.123432
0.282961, 0.123439
0.285715, 0.123446
0.288462, 0.123453
0.291198, 0.123459
0.293939, 0.123464
0.296678, 0.12347
0.299413, 0.123475
0.302142, 0.12348
0.304878, 0.123484
0.307615, 0.123489
0.310359, 0.123493
0.313096, 0.123497
0.315836, 0.1235
0.318572, 0.123504
0.321315, 0.123507
0.324044, 0.12351
0.326782, 0.123513
0.329519, 0.123515
0.332256, 0.123518
0.334986, 0.12352
0.337723, 0.123522
0.340466, 0.123524
0.343211, 0.123526
0.345949, 0.123528
0.348686, 0.12353
0.35143, 0.123532
0.35416, 0.123533
0.356897, 0.123535
0.359635, 0.123536
0.36237, 0.123537
0.36511, 0.123539
0.367853, 0.12354
0.370602, 0.123541
0.373341, 0.123542
0.376072, 0.123543
0.37881, 0.123544
0.381548, 0.123544
0.384284, 0.123545
0.387023, 0.123546
0.38976, 0.123546
0.392498, 0.123547
0.395234, 0.123547
0.397966, 0.123548
0.400704, 0.123548
0.403441, 0.123549
0.406172, 0.123549
0.408908, 0.123549
0.411646, 0.12355
0.414381, 0.12355
0.41712, 0.12355
0.419865, 0.12355
0.422603, 0.12355
0.425338, 0.12355
0.428068, 0.12355
0.430819, 0.12355
0.43356, 0.12355
0.436296, 0.12355
