0, 0.128386
0.00108694, 0.128386
0.00218555, 0.12803
0.00321144, 0.12771
0.0042365, 0.127426
0.00526146, 0.127173
0.00630391, 0.126947
0.00732866, 0.126743
0.00835277, 0.126559
0.00937767, 0.12639
0.0104024, 0.126236
0.0114266, 0.126096
0.0124574, 0.125967
0.013418, 0.125848
0.0143791, 0.125739
0.0153397, 0.125638
0.0163226, 0.125543
0.0172866, 0.125454
0.0182499, 0.125371
0.0192118, 0.125294
0.0201741, 0.125221
0.0211363, 0.125153
0.0220981, 0.125089
0.023071, 0.125029
0.0239768, 0.124972
0.0248827, 0.124918
0.0257885, 0.124867
0.0267034, 0.124819
0.0276104, 0.124774
0.0285158, 0.124732
0.0294223, 0.124691
0.0303299, 0.124653
0.031237, 0.124617
0.0321441, 0.124583
0.0330512, 0.12455
0.0339596, 0.124519
0.0348353, 0.124489
0.0356848, 0.124461
0.0365614, 0.124434
0.0374197, 0.124408
0.0382786, 0.124383
0.0391364, 0.12436
0.0399944, 0.124337
0.040852, 0.124316
0.0417023, 0.124295
0.0425597, 0.124275
0.0434172, 0.124257
0.0442758, 0.124239
0.0451358, 0.124221
0.0459653, 0.124205
0.0467962, 0.124189
0.0476035, 0.124174
0.0484175, 0.124159
0.0492334, 0.124145
0.0500487, 0.124131
0.0508638, 0.124118
0.0516712, 0.124105
0.0524843, 0.124093
0.0533, 0.124081
0.0541153, 0.124069
0.0549297, 0.124058
0.0557458, 0.124048
0.0565479, 0.124037
0.0573249, 0.124027
0.058118, 0.124017
0.0588927, 0.124008
0.0596602, 0.123998
0.0604337, 0.123989
0.0612091, 0.123981
0.0619835, 0.123972
0.0627576, 0.123964
0.0635245, 0.123956
0.0642978, 0.123949
0.0650726, 0.123941
0.0658471, 0.123934
0.0666138, 0.123927
0.0673899, 0.12392
0.0681282, 0.123914
0.0688653, 0.123907
0.0695957, 0.123901
0.0703319, 0.123895
0.0710696, 0.123889
0.071806, 0.123884
0.0725368, 0.123878
0.0732729, 0.123872
0.0740105, 0.123867
0.0747474, 0.123861
0.0754776, 0.123856
0.0762143, 0.123851
0.0769518, 0.123845
0.077682, 0.12384
0.0784375, 0.123836
0.0791749, 0.123831
0.0799116, 0.123826
0.0806412, 0.123821
0.0813769, 0.123817
0.0821133, 0.123812
0.0828493, 0.123808
0.0835793, 0.123804
0.0843146, 0.1238
0.0850516, 0.123796
0.085788, 0.123792
0.0865181, 0.123788
0.0872541, 0.123784
0.0879904, 0.12378
0.0887203, 0.123776
0.0894564, 0.123773
0.0901921, 0.123769
0.0909294, 0.123766
0.0916592, 0.123762
0.0923946, 0.123759
0.0931313, 0.123756
0.0938679, 0.123752
0.0945979, 0.123749
0.0953341, 0.123746
0.096091, 0.123743
0.0968287, 0.12374
0.0975583, 0.123737
0.0982964, 0.123734
0.099037, 0.123731
0.0997757, 0.123729
0.100506, 0.123726
0.101246, 0.123723
0.101983, 0.12372
0.102713, 0.123718
0.103452, 0.123715
0.104191, 0.123713
0.104927, 0.12371
0.105657, 0.123708
0.106393, 0.123706
0.10713, 0.123703
0.107866, 0.123701
0.108596, 0.123699
0.109332, 0.123696
0.110069, 0.123694
0.110805, 0.123692
0.111535, 0.12369
0.112271, 0.123688
0.113007, 0.123686
0.113742, 0.123684
0.114472, 0.123681
0.115208, 0.123679
0.115945, 0.123677
0.116675, 0.123675
0.117409, 0.123673
0.118146, 0.123672
0.118882, 0.12367
0.119612, 0.123668
0.120347, 0.123666
0.121085, 0.123664
0.121823, 0.123662
0.122552, 0.12366
0.123292, 0.123659
0.12403, 0.123657
0.124771, 0.123655
0.1255, 0.123653
0.126238, 0.123652
0.126975, 0.12365
0.127705, 0.123648
0.128442, 0.123647
0.129178, 0.123645
0.129915, 0.123644
0.130646, 0.123642
0.131382, 0.12364
0.132119, 0.123639
0.132855, 0.123637
0.133585, 0.123636
0.13432, 0.123634
0.135057, 0.123633
0.135794, 0.123631
0.136523, 0.12363
0.137261, 0.123629
0.138, 0.123627
0.138737, 0.123626
0.139466, 0.123625
0.140204, 0.123623
0.140942, 0.123622
0.141671, 0.123621
0.142408, 0.123619
0.143147, 0.123618
0.143884, 0.123617
0.144614, 0.123616
0.14535, 0.123614
0.146088, 0.123613
0.146824, 0.123612
0.147553, 0.123611
0.148289, 0.12361
0.149025, 0.123608
0.149761, 0.123607
0.150491, 0.123606
0.151227, 0.123605
0.151963, 0.123604
0.152693, 0.123603
0.153428, 0.123602
0.154165, 0.123601
0.1549, 0.1236
0.15563, 0.123599
0.156365, 0.123598
0.157102, 0.123597
0.157838, 0.123596
0.158568, 0.123595
0.159302, 0.123594
0.160039, 0.123593
0.160774, 0.123592
0.161504, 0.123591
0.162239, 0.12359
0.162976, 0.123589
0.163705, 0.123588
0.164442, 0.123587
0.165177, 0.123586
0.165914, 0.123585
0.166643, 0.123584
0.167379, 0.123583
0.168115, 0.123582
0.168851, 0.123581
0.169581, 0.12358
0.170317, 0.123579
0.171053, 0.123579
0.171789, 0.123578
0.172518, 0.123577
0.173255, 0.123576
0.173991, 0.123575
0.174721, 0.123574
0.175458, 0.123573
0.176194, 0.123573
0.17693, 0.123572
0.177661, 0.123571
0.178396, 0.12357
0.179132, 0.123569
0.179869, 0.123568
0.180598, 0.123568
0.181333, 0.123567
0.182069, 0.123566
0.182805, 0.123565
0.183534, 0.123565
0.18427, 0.123564
0.185022, 0.123563
0.185763, 0.123562
0.186494, 0.123562
0.187233, 0.123561
0.187972, 0.12356
0.188702, 0.123559
0.189441, 0.123559
0.190179, 0.123558
0.190918, 0.123557
0.191648, 0.123556
0.192384, 0.123556
0.193121, 0.123555
0.193858, 0.123554
0.194587, 0.123554
0.195324, 0.123553
0.196065, 0.123552
0.196805, 0.123551
0.197535, 0.123551
0.198272, 0.12355
0.199012, 0.123549
0.19975, 0.123549
0.200481, 0.123548
0.201218, 0.123547
0.201957, 0.123547
0.202687, 0.123546
0.203423, 0.123545
0.20416, 0.123545
0.204898, 0.123544
0.205628, 0.123543
0.206364, 0.123543
0.207102, 0.123542
0.207839, 0.123541
0.208569, 0.123541
0.209306, 0.12354
0.210042, 0.123539
0.210779, 0.123539
0.21151, 0.123538
0.212246, 0.123538
0.212984, 0.123537
0.213715, 0.123536
0.214451, 0.123536
0.215188, 0.123535
0.215925, 0.123535
0.216656, 0.123534
0.217392, 0.123534
0.21813, 0.123533
0.218869, 0.123532
0.219599, 0.123532
0.220338, 0.123531
0.221078, 0.123531
0.221817, 0.12353
0.222548, 0.12353
0.223288, 0.123529
0.224027, 0.123528
0.224765, 0.123528
0.225495, 0.123527
0.226234, 0.123527
0.226974, 0.123526
0.227705, 0.123526
0.228445, 0.123525
0.229186, 0.123525
0.229925, 0.123524
0.230656, 0.123523
0.231394, 0.123523
0.232134, 0.123522
0.232873, 0.123522
0.233603, 0.123521
0.23434, 0.123521
0.235081, 0.12352
0.235818, 0.12352
0.236548, 0.123519
0.237285, 0.123518
0.238022, 0.123518
0.238759, 0.123517
0.23949, 0.123517
0.240227, 0.123516
0.240963, 0.123516
0.241693, 0.123515
0.242429, 0.123515
0.243167, 0.123514
0.243904, 0.123514
0.244634, 0.123513
0.24537, 0.123513
0.246107, 0.123512
0.246844, 0.123512
0.247575, 0.123511
