0, 0.128386
0.0225059, 0.128059
0.026672, 0.127761
0.0308243, 0.127492
0.0337343, 0.127251
0.0364922, 0.127032
0.0392596, 0.126833
0.0420225, 0.126652
0.0447543, 0.126485
0.047378, 0.126332
0.0500044, 0.126191
0.0526329, 0.126062
0.0552166, 0.125942
0.0577195, 0.125831
0.060212, 0.125727
0.0627155, 0.125632
0.065229, 0.125541
0.0677233, 0.125456
0.0702176, 0.125376
0.0727116, 0.125301
0.0752192, 0.125231
0.0777107, 0.125164
0.0802004, 0.125102
0.0826904, 0.125043
0.0851994, 0.124987
0.0876876, 0.124934
0.0901752, 0.124884
0.0926628, 0.124836
0.0951689, 0.124791
0.0976558, 0.124749
0.100142, 0.124709
0.102628, 0.124671
0.105131, 0.124635
0.107619, 0.1246
0.110098, 0.124567
0.112584, 0.124536
0.115081, 0.124506
0.117566, 0.124478
0.120043, 0.12445
0.122528, 0.124424
0.125023, 0.124399
0.127519, 0.124375
0.130001, 0.124352
0.132483, 0.12433
0.134981, 0.12431
0.137461, 0.12429
0.13994, 0.124271
0.142419, 0.124252
0.144897, 0.124235
0.147373, 0.124218
0.149851, 0.124201
0.152328, 0.124186
0.154807, 0.124171
0.157286, 0.124156
0.159764, 0.124143
0.162242, 0.124129
0.164719, 0.124116
0.167196, 0.124104
0.169673, 0.124092
0.17215, 0.12408
0.174628, 0.124068
0.177105, 0.124057
0.179583, 0.124047
0.182061, 0.124036
0.18454, 0.124026
0.187016, 0.124016
0.189493, 0.124007
0.191971, 0.123998
0.194449, 0.123989
0.196927, 0.12398
0.199407, 0.123972
0.201886, 0.123964
0.204365, 0.123956
0.206843, 0.123948
0.209321, 0.123941
0.211801, 0.123934
0.214277, 0.123927
0.216755, 0.12392
0.219243, 0.123914
0.221727, 0.123907
0.224205, 0.123901
0.226683, 0.123895
0.229161, 0.123889
0.231684, 0.123883
0.234168, 0.123877
0.236647, 0.123872
0.239134, 0.123866
0.241612, 0.12386
0.244091, 0.123855
0.246568, 0.12385
0.249046, 0.123845
0.251521, 0.12384
0.254008, 0.123835
0.256484, 0.12383
0.258966, 0.123825
0.261441, 0.123821
0.263925, 0.123816
0.2664, 0.123812
0.268883, 0.123807
0.271356, 0.123803
0.273839, 0.123799
0.276312, 0.123795
0.278794, 0.123791
0.281267, 0.123787
0.28375, 0.123783
0.286223, 0.123779
0.288707, 0.123776
0.291181, 0.123772
0.293663, 0.123769
0.296137, 0.123765
0.298619, 0.123762
0.301092, 0.123758
0.303572, 0.123755
0.306046, 0.123752
0.308529, 0.123749
0.311004, 0.123745
0.313494, 0.123742
0.315975, 0.123739
0.318454, 0.123736
0.320932, 0.123734
0.322393, 0.123731
0.323857, 0.123728
0.325319, 0.123725
0.326782, 0.123722
0.328243, 0.12372
0.329707, 0.123717
0.331168, 0.123715
0.332631, 0.123712
0.334093, 0.12371
0.335557, 0.123707
0.337015, 0.123705
0.338473, 0.123702
0.339936, 0.1237
0.341394, 0.123698
0.342856, 0.123695
0.344314, 0.123693
0.345777, 0.123691
0.347235, 0.123689
0.348697, 0.123687
0.350155, 0.123685
0.351618, 0.123682
0.353076, 0.12368
0.354539, 0.123678
0.355997, 0.123676
0.357454, 0.123674
0.358916, 0.123672
0.360374, 0.12367
0.361837, 0.123668
0.363294, 0.123666
0.364756, 0.123665
0.366215, 0.123663
0.367677, 0.123661
0.369135, 0.123659
0.370597, 0.123657
0.372055, 0.123656
0.373513, 0.123654
0.374978, 0.123652
0.376435, 0.12365
0.377897, 0.123649
0.379354, 0.123647
0.380817, 0.123646
0.382275, 0.123644
0.383738, 0.123642
0.385196, 0.123641
0.386658, 0.123639
0.388116, 0.123638
0.389578, 0.123636
0.391036, 0.123635
0.392494, 0.123633
0.393969, 0.123632
0.395433, 0.12363
0.396895, 0.123629
0.398354, 0.123627
0.399817, 0.123626
0.401275, 0.123625
0.402737, 0.123623
0.404198, 0.123622
0.40566, 0.123621
0.407117, 0.123619
0.40858, 0.123618
0.410038, 0.123617
0.411496, 0.123616
0.412958, 0.123614
0.414417, 0.123613
0.41588, 0.123612
0.417338, 0.123611
0.418812, 0.12361
0.420272, 0.123609
0.421735, 0.123607
0.423193, 0.123606
0.424656, 0.123605
0.426115, 0.123604
0.427577, 0.123603
0.429035, 0.123602
0.430493, 0.123601
0.431956, 0.1236
0.433414, 0.123599
0.434877, 0.123598
0.436335, 0.123597
0.437798, 0.123596
0.439256, 0.123595
0.44072, 0.123594
0.442177, 0.123593
0.44364, 0.123592
0.445099, 0.123591
0.446562, 0.12359
0.448021, 0.123589
0.449478, 0.123588
0.45094, 0.123587
0.452397, 0.123586
0.45386, 0.123585
0.455317, 0.123584
0.45678, 0.123583
0.458238, 0.123582
0.4597, 0.123581
0.461158, 0.12358
0.462621, 0.123579
0.464079, 0.123579
0.465543, 0.123578
0.467002, 0.123577
0.46846, 0.123576
0.469925, 0.123575
0.471383, 0.123574
0.472846, 0.123573
0.474313, 0.123572
0.47578, 0.123572
0.477238, 0.123571
0.478701, 0.12357
0.480159, 0.123569
0.481622, 0.123568
0.483081, 0.123568
0.484544, 0.123567
0.486003, 0.123566
0.487462, 0.123565
0.488924, 0.123564
0.490382, 0.123564
0.491846, 0.123563
0.493304, 0.123562
0.494767, 0.123561
0.496225, 0.123561
0.497688, 0.12356
0.499146, 0.123559
0.500607, 0.123558
0.502066, 0.123558
0.503529, 0.123557
0.504989, 0.123556
0.506447, 0.123556
0.507909, 0.123555
0.509367, 0.123554
0.51083, 0.123553
0.512288, 0.123553
0.513751, 0.123552
0.515209, 0.123551
0.516671, 0.123551
0.51813, 0.12355
0.519592, 0.123549
0.521051, 0.123549
0.522428, 0.123548
0.523613, 0.123547
0.524794, 0.123547
0.525976, 0.123546
0.527157, 0.123545
0.528339, 0.123545
0.529521, 0.123544
0.530708, 0.123543
0.531889, 0.123543
0.533071, 0.123542
0.534254, 0.123541
0.535435, 0.123541
0.53662, 0.12354
0.537802, 0.123539
0.538983, 0.123539
0.540165, 0.123538
0.541347, 0.123537
0.542532, 0.123537
0.543714, 0.123536
0.544897, 0.123536
0.546079, 0.123535
0.54726, 0.123535
0.54845, 0.123534
0.549637, 0.123533
0.550818, 0.123533
0.551999, 0.123532
0.553182, 0.123532
0.554363, 0.123531
0.555549, 0.123531
0.55673, 0.12353
0.557911, 0.123529
0.559092, 0.123529
0.560274, 0.123528
0.561456, 0.123528
0.562642, 0.123527
0.563824, 0.123527
0.565006, 0.123526
0.566188, 0.123525
0.567369, 0.123525
0.568554, 0.123524
0.569735, 0.123524
0.570917, 0.123523
0.572098, 0.123523
0.57328, 0.123522
0.574462, 0.123522
0.575646, 0.123521
0.576828, 0.12352
0.57801, 0.12352
0.579191, 0.123519
0.580372, 0.123519
0.581557, 0.123518
0.582738, 0.123518
0.58392, 0.123517
0.585101, 0.123517
0.586284, 0.123516
0.587466, 0.123516
0.588651, 0.123515
0.589833, 0.123515
0.591015, 0.123514
0.592196, 0.123514
0.593378, 0.123513
0.594563, 0.123513
0.595745, 0.123512
0.596927, 0.123512
0.598108, 0.123511
