0, 0, 0
0.1, 0, 0
0.2, 0, 0
0.3, 0, 0
0.4, 0, 0
0.5, 0, 0
0.6, 0, 0
0.7, 0, 0
0.8, 0, 0
0.9, 0, 0
1, 0, 0
0, 0.1, 0
0.1, 0.1, 0
0.2, 0.1, 0
0.3, 0.1, 0
0.4, 0.1, 0
0.5, 0.1, 0
0.6, 0.1, 0
0.7, 0.1, 0
0.8, 0.1, 0
0.9, 0.1, 0
1, 0.1, 0
0, 0.2, 0
0.1, 0.2, 0
0.2, 0.2, 0
0.3, 0.2, 0
0.4, 0.2, 0
0.5, 0.2, 0
0.6, 0.2, 0
0.7, 0.2, 0
0.8, 0.2, 0
0.9, 0.2, 0
1, 0.2, 0
0, 0.3, 0
0.1, 0.3, 0
0.2, 0.3, 0
0.3, 0.3, 0
0.4, 0.3, 0
0.5, 0.3, 0
0.6, 0.3, 0
0.7, 0.3, 0
0.8, 0.3, 0
0.9, 0.3, 0
1, 0.3, 0
0, 0.4, 0
0.1, 0.4, 0
0.2, 0.4, 0
0.3, 0.4, 0
0.4, 0.4, 0
0.5, 0.4, 0
0.6, 0.4, 0
0.7, 0.4, 0
0.8, 0.4, 0
0.9, 0.4, 0
1, 0.4, 0
0, 0.5, 0
0.1, 0.5, 0
0.2, 0.5, 0
0.3, 0.5, 0
0.4, 0.5, 0
0.5, 0.5, 0
0.6, 0.5, 0
0.7, 0.5, 0
0.8, 0.5, 0
0.9, 0.5, 0
1, 0.5, 0
0, 0.6, 0
0.1, 0.6, 0
0.2, 0.6, 0
0.3, 0.6, 0
0.4, 0.6, 0
0.5, 0.6, 0
0.6, 0.6, 0
0.7, 0.6, 0
0.8, 0.6, 0
0.9, 0.6, 0
1, 0.6, 0
0, 0.7, 0
0.1, 0.7, 0
0.2, 0.7, 0
0.3, 0.7, 0
0.4, 0.7, 0
0.5, 0.7, 0
0.6, 0.7, 0
0.7, 0.7, 0
0.8, 0.7, 0
0.9, 0.7, 0
1, 0.7, 0
0, 0.8, 0
0.1, 0.8, 0
0.2, 0.8, 0
0.3, 0.8, 0
0.4, 0.8, 0
0.5, 0.8, 0
0.6, 0.8, 0
0.7, 0.8, 0
0.8, 0.8, 0
0.9, 0.8, 0
1, 0.8, 0
0, 0.9, 0
0.1, 0.9, 0
0.2, 0.9, 0
0.3, 0.9, 0
0.4, 0.9, 0
0.5, 0.9, 0
0.6, 0.9, 0
0.7, 0.9, 0
0.8, 0.9, 0
0.9, 0.9, 0
1, 0.9, 0
0, 1, 0
0.1, 1, 0
0.2, 1, 0
0.3, 1, 0
0.4, 1, 0
0.5, 1, 0
0.6, 1, 0
0.7, 1, 0
0.8, 1, 0
0.9, 1, 0
1, 1, 0
0, 0, 0.1
0.1, 0, 0.1
0.2, 0, 0.1
0.3, 0, 0.1
0.4, 0, 0.1
0.5, 0, 0.1
0.6, 0, 0.1
0.7, 0, 0.1
0.8, 0, 0.1
0.9, 0, 0.1
1, 0, 0.1
0, 0.1, 0.1
0.10219, 0.103032, 0.10219
0.200052, 0.100522, 0.100549
0.298751, 0.0975403, 0.0978115
0.399329, 0.0965198, 0.0965167
0.5, 0.0963495, 0.0963495
0.600671, 0.0965167, 0.0965198
0.701249, 0.0978115, 0.0975403
0.799948, 0.100549, 0.100522
0.89781, 0.10219, 0.103032
1, 0.1, 0.1
0, 0.2, 0.1
0.100161, 0.200975, 0.100161
0.197591, 0.197312, 0.0965607
0.298678, 0.196625, 0.0962572
0.399868, 0.197723, 0.0981539
0.499947, 0.198375, 0.0994129
0.600069, 0.197921, 0.0990396
0.701308, 0.197143, 0.0974559
0.802262, 0.197738, 0.0969734
0.899451, 0.200052, 0.100522
1, 0.2, 0.1
0, 0.3, 0.1
0.0970675, 0.298213, 0.0970675
0.197037, 0.297299, 0.0961691
0.300219, 0.299227, 0.100337
0.400749, 0.301059, 0.103582
0.500063, 0.301559, 0.104258
0.599445, 0.301039, 0.103727
0.70008, 0.29992, 0.101592
0.802857, 0.298692, 0.0974559
0.902188, 0.298751, 0.0975403
1, 0.3, 0.1
0, 0.4, 0.1
0.0957614, 0.398305, 0.0957614
0.197983, 0.398661, 0.0981527
0.30156, 0.400502, 0.103928
0.40134, 0.401368, 0.10531
0.50025, 0.401262, 0.104452
0.599067, 0.400933, 0.104387
0.698961, 0.400555, 0.103727
0.802079, 0.399931, 0.0990396
0.903483, 0.399329, 0.0965198
1, 0.4, 0.1
0, 0.5, 0.1
0.0954686, 0.499838, 0.0954686
0.198558, 0.499673, 0.0995205
0.302059, 0.499939, 0.105113
0.401668, 0.499861, 0.105059
0.500275, 0.499725, 0.103843
0.598738, 0.49975, 0.104452
0.698441, 0.499937, 0.104258
0.801625, 0.500053, 0.0994129
0.90365, 0.5, 0.0963495
1, 0.5, 0.1
0, 0.6, 0.1
0.0954201, 0.601491, 0.0954201
0.197686, 0.60073, 0.0988347
0.301513, 0.599276, 0.104828
0.40163, 0.59837, 0.10561
0.500139, 0.598332, 0.105059
0.598632, 0.59866, 0.10531
0.698941, 0.599251, 0.103582
0.802277, 0.600132, 0.0981539
0.90348, 0.600671, 0.0965167
1, 0.6, 0.1
0, 0.7, 0.1
0.0965997, 0.701916, 0.0965997
0.196173, 0.702562, 0.0965767
0.299528, 0.700472, 0.101968
0.400724, 0.698487, 0.104828
0.500061, 0.697941, 0.105113
0.599498, 0.69844, 0.103928
0.700773, 0.699781, 0.100337
0.803375, 0.701322, 0.0962572
0.90246, 0.701249, 0.0978115
1, 0.7, 0.1
0, 0.8, 0.1
0.100082, 0.799349, 0.100082
0.196855, 0.803145, 0.0959896
0.297438, 0.803827, 0.0965767
0.39927, 0.802314, 0.0988347
0.500327, 0.801442, 0.0995205
0.601339, 0.802017, 0.0981527
0.702701, 0.802963, 0.0961691
0.802688, 0.802409, 0.0965607
0.899478, 0.799948, 0.100549
1, 0.8, 0.1
0, 0.9, 0.1
0.103144, 0.896856, 0.103144
0.200651, 0.899918, 0.100082
0.298084, 0.9034, 0.0965997
0.398509, 0.90458, 0.0954201
0.500162, 0.904531, 0.0954686
0.601695, 0.904239, 0.0957614
0.701787, 0.902932, 0.0970675
0.799025, 0.899839, 0.100161
0.896968, 0.89781, 0.10219
1, 0.9, 0.1
0, 1, 0.1
0.1, 1, 0.1
0.2, 1, 0.1
0.3, 1, 0.1
0.4, 1, 0.1
0.5, 1, 0.1
0.6, 1, 0.1
0.7, 1, 0.1
0.8, 1, 0.1
0.9, 1, 0.1
1, 1, 0.1
0, 0, 0.2
0.1, 0, 0.2
0.2, 0, 0.2
0.3, 0, 0.2
0.4, 0, 0.2
0.5, 0, 0.2
0.6, 0, 0.2
0.7, 0, 0.2
0.8, 0, 0.2
0.9, 0, 0.2
1, 0, 0.2
0, 0.1, 0.2
0.100549, 0.100522, 0.200052
0.197738, 0.0969734, 0.197738
0.298692, 0.0974559, 0.197143
0.399931, 0.0990396, 0.197921
0.500053, 0.0994129, 0.198375
0.600132, 0.0981539, 0.197723
0.701322, 0.0962572, 0.196625
0.802409, 0.0965607, 0.197312
0.899839, 0.100161, 0.200975
1, 0.1, 0.2
0, 0.2, 0.2
0.0965607, 0.197312, 0.197591
0.197866, 0.197853, 0.197866
0.300619, 0.200972, 0.200641
0.400483, 0.202438, 0.202451
0.5, 0.202747, 0.202747
0.599517, 0.202451, 0.202438
0.699381, 0.200641, 0.200972
0.802134, 0.197866, 0.197853
0.903439, 0.197591, 0.197312
1, 0.2, 0.2
0, 0.3, 0.2
0.0961691, 0.297299, 0.197037
0.200841, 0.300168, 0.200841
0.301286, 0.301661, 0.202773
0.399655, 0.300392, 0.201318
0.500056, 0.299809, 0.199794
0.600387, 0.300416, 0.200167
0.69874, 0.30126, 0.202205
0.799359, 0.300619, 0.200972
0.903743, 0.298678, 0.196625
1, 0.3, 0.2
0, 0.4, 0.2
0.0981527, 0.398661, 0.197983
0.202647, 0.40067, 0.202647
0.300024, 0.400262, 0.20127
0.398624, 0.398875, 0.197869
0.500055, 0.398496, 0.196604
0.601231, 0.398769, 0.196988
0.699584, 0.399613, 0.200167
0.797549, 0.400483, 0.202438
0.901846, 0.399868, 0.197723
1, 0.4, 0.2
0, 0.5, 0.2
0.0995205, 0.499673, 0.198558
0.203089, 0.500084, 0.203089
0.2994, 0.50009, 0.199904
0.398342, 0.499938, 0.196589
0.50006, 0.49994, 0.19607
0.601504, 0.499945, 0.196604
0.700191, 0.499944, 0.199794
0.797253, 0.5, 0.202747
0.900587, 0.499947, 0.198375
1, 0.5, 0.2
0, 0.6, 0.2
0.0988347, 0.60073, 0.197686
0.202927, 0.599328, 0.202927
0.300263, 0.599995, 0.200706
0.398772, 0.601228, 0.197173
0.500062, 0.601658, 0.196589
0.601125, 0.601376, 0.197869
0.699608, 0.600345, 0.201318
0.797562, 0.599517, 0.202451
0.90096, 0.600069, 0.197921
1, 0.6, 0.2
0, 0.7, 0.2
0.0965767, 0.702562, 0.196173
0.201099, 0.699739, 0.201099
0.30165, 0.69835, 0.202953
0.400005, 0.699737, 0.200706
0.49991, 0.7006, 0.199904
0.599738, 0.699976, 0.20127
0.698339, 0.698714, 0.202773
0.799028, 0.699381, 0.200641
0.902544, 0.701308, 0.197143
1, 0.7, 0.2
0, 0.8, 0.2
0.0959896, 0.803145, 0.196855
0.197276, 0.802724, 0.197276
0.300261, 0.798901, 0.201099
0.400672, 0.797073, 0.202927
0.499916, 0.796911, 0.203089
0.59933, 0.797353, 0.202647
0.699832, 0.799159, 0.200841
0.802147, 0.802134, 0.197866
0.903027, 0.802262, 0.197738
1, 0.8, 0.2
0, 0.9, 0.2
0.100082, 0.899918, 0.200651
0.196855, 0.90401, 0.196855
0.297438, 0.903423, 0.196173
0.39927, 0.901165, 0.197686
0.500327, 0.900479, 0.198558
0.601339, 0.901847, 0.197983
0.702701, 0.903831, 0.197037
0.802688, 0.903439, 0.197591
0.899478, 0.899451, 0.200052
1, 0.9, 0.2
0, 1, 0.2
0.1, 1, 0.2
0.2, 1, 0.2
0.3, 1, 0.2
0.4, 1, 0.2
0.5, 1, 0.2
0.6, 1, 0.2
0.7, 1, 0.2
0.8, 1, 0.2
0.9, 1, 0.2
1, 1, 0.2
0, 0, 0.3
0.1, 0, 0.3
0.2, 0, 0.3
0.3, 0, 0.3
0.4, 0, 0.3
0.5, 0, 0.3
0.6, 0, 0.3
0.7, 0, 0.3
0.8, 0, 0.3
0.9, 0, 0.3
1, 0, 0.3
0, 0.1, 0.3
0.0978115, 0.0975403, 0.298751
0.197143, 0.0974559, 0.298692
0.29992, 0.101592, 0.29992
0.400555, 0.103727, 0.301039
0.499937, 0.104258, 0.301559
0.599251, 0.103582, 0.301059
0.699781, 0.100337, 0.299227
0.802963, 0.0961691, 0.297299
0.902932, 0.0970675, 0.298213
1, 0.1, 0.3
0, 0.2, 0.3
0.0962572, 0.196625, 0.298678
0.200641, 0.200972, 0.300619
0.30126, 0.202205, 0.30126
0.399613, 0.200167, 0.300416
0.499944, 0.199794, 0.299809
0.600345, 0.201318, 0.300392
0.698714, 0.202773, 0.301661
0.799159, 0.200841, 0.300168
0.903831, 0.197037, 0.297299
1, 0.2, 0.3
0, 0.3, 0.3
0.100337, 0.299227, 0.300219
0.202773, 0.301661, 0.301286
0.298443, 0.298143, 0.298443
0.398153, 0.296663, 0.296915
0.5, 0.296683, 0.296683
0.601847, 0.296915, 0.296663
0.701557, 0.298443, 0.298143
0.797227, 0.301286, 0.301661
0.899663, 0.300219, 0.299227
1, 0.3, 0.3
0, 0.4, 0.3
0.103928, 0.400502, 0.30156
0.20127, 0.400262, 0.300024
0.296622, 0.397924, 0.296622
0.399006, 0.398535, 0.298162
0.500063, 0.399349, 0.300153
0.600938, 0.399062, 0.298908
0.703085, 0.398153, 0.296663
0.798682, 0.399655, 0.300392
0.896418, 0.400749, 0.301059
1, 0.4, 0.3
0, 0.5, 0.3
0.105113, 0.499939, 0.302059
0.199904, 0.50009, 0.2994
0.296361, 0.499682, 0.296361
0.399719, 0.49972, 0.300188
0.500087, 0.499913, 0.302294
0.600651, 0.499937, 0.300153
0.703317, 0.5, 0.296683
0.800206, 0.500056, 0.299809
0.895742, 0.500063, 0.301559
1, 0.5, 0.3
0, 0.6, 0.3
0.104828, 0.599276, 0.301513
0.200706, 0.599995, 0.300263
0.296295, 0.601823, 0.296295
0.399081, 0.600919, 0.298639
0.50028, 0.600281, 0.300188
0.601465, 0.600994, 0.298162
0.703337, 0.601847, 0.296915
0.799833, 0.600387, 0.300416
0.896273, 0.599445, 0.301039
1, 0.6, 0.3
0, 0.7, 0.3
0.101968, 0.700472, 0.299528
0.202953, 0.69835, 0.30165
0.297959, 0.702041, 0.297959
0.398177, 0.703705, 0.296295
0.500318, 0.703639, 0.296361
0.602076, 0.703378, 0.296622
0.701857, 0.701557, 0.298443
0.797795, 0.69874, 0.30126
0.898408, 0.70008, 0.29992
1, 0.7, 0.3
0, 0.8, 0.3
0.0965767, 0.803827, 0.297438
0.201099, 0.798901, 0.300261
0.30165, 0.797047, 0.30165
0.400005, 0.799294, 0.300263
0.49991, 0.800096, 0.2994
0.599738, 0.79873, 0.300024
0.698339, 0.797227, 0.301286
0.799028, 0.799359, 0.300619
0.902544, 0.802857, 0.298692
1, 0.8, 0.3
0, 0.9, 0.3
0.0965997, 0.9034, 0.298084
0.196173, 0.903423, 0.297438
0.299528, 0.898032, 0.299528
0.400724, 0.895172, 0.301513
0.500061, 0.894887, 0.302059
0.599498, 0.896072, 0.30156
0.700773, 0.899663, 0.300219
0.803375, 0.903743, 0.298678
0.90246, 0.902188, 0.298751
1, 0.9, 0.3
0, 1, 0.3
0.1, 1, 0.3
0.2, 1, 0.3
0.3, 1, 0.3
0.4, 1, 0.3
0.5, 1, 0.3
0.6, 1, 0.3
0.7, 1, 0.3
0.8, 1, 0.3
0.9, 1, 0.3
1, 1, 0.3
0, 0, 0.4
0.1, 0, 0.4
0.2, 0, 0.4
0.3, 0, 0.4
0.4, 0, 0.4
0.5, 0, 0.4
0.6, 0, 0.4
0.7, 0, 0.4
0.8, 0, 0.4
0.9, 0, 0.4
1, 0, 0.4
0, 0.1, 0.4
0.0965167, 0.0965198, 0.399329
0.197921, 0.0990396, 0.399931
0.301039, 0.103727, 0.400555
0.400933, 0.104387, 0.400933
0.49975, 0.104452, 0.401262
0.59866, 0.10531, 0.401368
0.69844, 0.103928, 0.400502
0.802017, 0.0981527, 0.398661
0.904239, 0.0957614, 0.398305
1, 0.1, 0.4
0, 0.2, 0.4
0.0981539, 0.197723, 0.399868
0.202451, 0.202438, 0.400483
0.300416, 0.200167, 0.399613
0.398769, 0.196988, 0.398769
0.499945, 0.196604, 0.398496
0.601376, 0.197869, 0.398875
0.699976, 0.20127, 0.400262
0.797353, 0.202647, 0.40067
0.901847, 0.197983, 0.398661
1, 0.2, 0.4
0, 0.3, 0.4
0.103582, 0.301059, 0.400749
0.201318, 0.300392, 0.399655
0.296915, 0.296663, 0.398153
0.399062, 0.298908, 0.399062
0.499937, 0.300153, 0.399349
0.600994, 0.298162, 0.398535
0.703378, 0.296622, 0.397924
0.79873, 0.300024, 0.400262
0.896072, 0.30156, 0.400502
1, 0.3, 0.4
0, 0.4, 0.4
0.10531, 0.401368, 0.40134
0.197869, 0.398875, 0.398624
0.298162, 0.398535, 0.399006
0.401878, 0.402325, 0.401878
0.5, 0.402443, 0.402443
0.598122, 0.401878, 0.402325
0.701838, 0.399006, 0.398535
0.802131, 0.398624, 0.398875
0.89469, 0.40134, 0.401368
1, 0.4, 0.4
0, 0.5, 0.4
0.105059, 0.499861, 0.401668
0.196589, 0.499938, 0.398342
0.300188, 0.49972, 0.399719
0.402793, 0.500193, 0.402793
0.499722, 0.500278, 0.401644
0.597557, 0.5, 0.402443
0.699847, 0.500063, 0.399349
0.803396, 0.500055, 0.398496
0.895548, 0.50025, 0.401262
1, 0.5, 0.4
0, 0.6, 0.4
0.10561, 0.59837, 0.40163
0.197173, 0.601228, 0.398772
0.298639, 0.600919, 0.399081
0.40298, 0.59702, 0.40298
0.499807, 0.597207, 0.402793
0.597675, 0.598122, 0.401878
0.701092, 0.600938, 0.399062
0.803012, 0.601231, 0.398769
0.895613, 0.599067, 0.400933
1, 0.6, 0.4
0, 0.7, 0.4
0.104828, 0.698487, 0.400724
0.200706, 0.699737, 0.400005
0.296295, 0.703705, 0.398177
0.399081, 0.701361, 0.399081
0.50028, 0.699812, 0.399719
0.601465, 0.701838, 0.399006
0.703337, 0.703085, 0.398153
0.799833, 0.699584, 0.399613
0.896273, 0.698961, 0.400555
1, 0.7, 0.4
0, 0.8, 0.4
0.0988347, 0.802314, 0.39927
0.202927, 0.797073, 0.400672
0.300263, 0.799294, 0.400005
0.398772, 0.802827, 0.398772
0.500062, 0.803411, 0.398342
0.601125, 0.802131, 0.398624
0.699608, 0.798682, 0.399655
0.797562, 0.797549, 0.400483
0.90096, 0.802079, 0.399931
1, 0.8, 0.4
0, 0.9, 0.4
0.0954201, 0.90458, 0.398509
0.197686, 0.901165, 0.39927
0.301513, 0.895172, 0.400724
0.40163, 0.89439, 0.40163
0.500139, 0.894941, 0.401668
0.598632, 0.89469, 0.40134
0.698941, 0.896418, 0.400749
0.802277, 0.901846, 0.399868
0.90348, 0.903483, 0.399329
1, 0.9, 0.4
0, 1, 0.4
0.1, 1, 0.4
0.2, 1, 0.4
0.3, 1, 0.4
0.4, 1, 0.4
0.5, 1, 0.4
0.6, 1, 0.4
0.7, 1, 0.4
0.8, 1, 0.4
0.9, 1, 0.4
1, 1, 0.4
0, 0, 0.5
0.1, 0, 0.5
0.2, 0, 0.5
0.3, 0, 0.5
0.4, 0, 0.5
0.5, 0, 0.5
0.6, 0, 0.5
0.7, 0, 0.5
0.8, 0, 0.5
0.9, 0, 0.5
1, 0, 0.5
0, 0.1, 0.5
0.0963495, 0.0963495, 0.5
0.198375, 0.0994129, 0.500053
0.301559, 0.104258, 0.499937
0.401262, 0.104452, 0.49975
0.499725, 0.103843, 0.499725
0.598332, 0.105059, 0.499861
0.697941, 0.105113, 0.499939
0.801442, 0.0995205, 0.499673
0.904531, 0.0954686, 0.499838
1, 0.1, 0.5
0, 0.2, 0.5
0.0994129, 0.198375, 0.499947
0.202747, 0.202747, 0.5
0.299809, 0.199794, 0.499944
0.398496, 0.196604, 0.499945
0.49994, 0.19607, 0.49994
0.601658, 0.196589, 0.499938
0.7006, 0.199904, 0.50009
0.796911, 0.203089, 0.500084
0.900479, 0.198558, 0.499673
1, 0.2, 0.5
0, 0.3, 0.5
0.104258, 0.301559, 0.500063
0.199794, 0.299809, 0.500056
0.296683, 0.296683, 0.5
0.399349, 0.300153, 0.499937
0.499913, 0.302294, 0.499913
0.600281, 0.300188, 0.49972
0.703639, 0.296361, 0.499682
0.800096, 0.2994, 0.50009
0.894887, 0.302059, 0.499939
1, 0.3, 0.5
0, 0.4, 0.5
0.104452, 0.401262, 0.50025
0.196604, 0.398496, 0.500055
0.300153, 0.399349, 0.500063
0.402443, 0.402443, 0.5
0.500278, 0.401644, 0.500278
0.597207, 0.402793, 0.500193
0.699812, 0.399719, 0.49972
0.803411, 0.398342, 0.499938
0.894941, 0.401668, 0.499861
1, 0.4, 0.5
0, 0.5, 0.5
0.103843, 0.499725, 0.500275
0.19607, 0.49994, 0.50006
0.302294, 0.499913, 0.500087
0.401644, 0.500278, 0.499722
0.5, 0.5, 0.5
0.598356, 0.499722, 0.500278
0.697706, 0.500087, 0.499913
0.80393, 0.50006, 0.49994
0.896157, 0.500275, 0.499725
1, 0.5, 0.5
0, 0.6, 0.5
0.105059, 0.598332, 0.500139
0.196589, 0.601658, 0.500062
0.300188, 0.600281, 0.50028
0.402793, 0.597207, 0.499807
0.499722, 0.598356, 0.499722
0.597557, 0.597557, 0.5
0.699847, 0.600651, 0.499937
0.803396, 0.601504, 0.499945
0.895548, 0.598738, 0.49975
1, 0.6, 0.5
0, 0.7, 0.5
0.105113, 0.697941, 0.500061
0.199904, 0.7006, 0.49991
0.296361, 0.703639, 0.500318
0.399719, 0.699812, 0.50028
0.500087, 0.697706, 0.500087
0.600651, 0.699847, 0.500063
0.703317, 0.703317, 0.5
0.800206, 0.700191, 0.499944
0.895742, 0.698441, 0.499937
1, 0.7, 0.5
0, 0.8, 0.5
0.0995205, 0.801442, 0.500327
0.203089, 0.796911, 0.499916
0.2994, 0.800096, 0.49991
0.398342, 0.803411, 0.500062
0.50006, 0.80393, 0.50006
0.601504, 0.803396, 0.500055
0.700191, 0.800206, 0.500056
0.797253, 0.797253, 0.5
0.900587, 0.801625, 0.500053
1, 0.8, 0.5
0, 0.9, 0.5
0.0954686, 0.904531, 0.500162
0.198558, 0.900479, 0.500327
0.302059, 0.894887, 0.500061
0.401668, 0.894941, 0.500139
0.500275, 0.896157, 0.500275
0.598738, 0.895548, 0.50025
0.698441, 0.895742, 0.500063
0.801625, 0.900587, 0.499947
0.90365, 0.90365, 0.5
1, 0.9, 0.5
0, 1, 0.5
0.1, 1, 0.5
0.2, 1, 0.5
0.3, 1, 0.5
0.4, 1, 0.5
0.5, 1, 0.5
0.6, 1, 0.5
0.7, 1, 0.5
0.8, 1, 0.5
0.9, 1, 0.5
1, 1, 0.5
0, 0, 0.6
0.1, 0, 0.6
0.2, 0, 0.6
0.3, 0, 0.6
0.4, 0, 0.6
0.5, 0, 0.6
0.6, 0, 0.6
0.7, 0, 0.6
0.8, 0, 0.6
0.9, 0, 0.6
1, 0, 0.6
0, 0.1, 0.6
0.0965198, 0.0965167, 0.600671
0.197723, 0.0981539, 0.600132
0.301059, 0.103582, 0.599251
0.401368, 0.10531, 0.59866
0.499861, 0.105059, 0.598332
0.59837, 0.10561, 0.59837
0.698487, 0.104828, 0.599276
0.802314, 0.0988347, 0.60073
0.90458, 0.0954201, 0.601491
1, 0.1, 0.6
0, 0.2, 0.6
0.0990396, 0.197921, 0.600069
0.202438, 0.202451, 0.599517
0.300392, 0.201318, 0.600345
0.398875, 0.197869, 0.601376
0.499938, 0.196589, 0.601658
0.601228, 0.197173, 0.601228
0.699737, 0.200706, 0.599995
0.797073, 0.202927, 0.599328
0.901165, 0.197686, 0.60073
1, 0.2, 0.6
0, 0.3, 0.6
0.103727, 0.301039, 0.599445
0.200167, 0.300416, 0.600387
0.296663, 0.296915, 0.601847
0.398535, 0.298162, 0.600994
0.49972, 0.300188, 0.600281
0.600919, 0.298639, 0.600919
0.703705, 0.296295, 0.601823
0.799294, 0.300263, 0.599995
0.895172, 0.301513, 0.599276
1, 0.3, 0.6
0, 0.4, 0.6
0.104387, 0.400933, 0.599067
0.196988, 0.398769, 0.601231
0.298908, 0.399062, 0.600938
0.402325, 0.401878, 0.598122
0.500193, 0.402793, 0.597207
0.59702, 0.40298, 0.59702
0.701361, 0.399081, 0.600919
0.802827, 0.398772, 0.601228
0.89439, 0.40163, 0.59837
1, 0.4, 0.6
0, 0.5, 0.6
0.104452, 0.49975, 0.598738
0.196604, 0.499945, 0.601504
0.300153, 0.499937, 0.600651
0.402443, 0.5, 0.597557
0.500278, 0.499722, 0.598356
0.597207, 0.499807, 0.597207
0.699812, 0.50028, 0.600281
0.803411, 0.500062, 0.601658
0.894941, 0.500139, 0.598332
1, 0.5, 0.6
0, 0.6, 0.6
0.10531, 0.59866, 0.598632
0.197869, 0.601376, 0.601125
0.298162, 0.600994, 0.601465
0.401878, 0.598122, 0.597675
0.5, 0.597557, 0.597557
0.598122, 0.597675, 0.598122
0.701838, 0.601465, 0.600994
0.802131, 0.601125, 0.601376
0.89469, 0.598632, 0.59866
1, 0.6, 0.6
0, 0.7, 0.6
0.103928, 0.69844, 0.599498
0.20127, 0.699976, 0.599738
0.296622, 0.703378, 0.602076
0.399006, 0.701838, 0.601465
0.500063, 0.699847, 0.600651
0.600938, 0.701092, 0.600938
0.703085, 0.703337, 0.601847
0.798682, 0.699608, 0.600345
0.896418, 0.698941, 0.599251
1, 0.7, 0.6
0, 0.8, 0.6
0.0981527, 0.802017, 0.601339
0.202647, 0.797353, 0.59933
0.300024, 0.79873, 0.599738
0.398624, 0.802131, 0.601125
0.500055, 0.803396, 0.601504
0.601231, 0.803012, 0.601231
0.699584, 0.799833, 0.600387
0.797549, 0.797562, 0.599517
0.901846, 0.802277, 0.600132
1, 0.8, 0.6
0, 0.9, 0.6
0.0957614, 0.904239, 0.601695
0.197983, 0.901847, 0.601339
0.30156, 0.896072, 0.599498
0.40134, 0.89469, 0.598632
0.50025, 0.895548, 0.598738
0.599067, 0.895613, 0.599067
0.698961, 0.896273, 0.599445
0.802079, 0.90096, 0.600069
0.903483, 0.90348, 0.600671
1, 0.9, 0.6
0, 1, 0.6
0.1, 1, 0.6
0.2, 1, 0.6
0.3, 1, 0.6
0.4, 1, 0.6
0.5, 1, 0.6
0.6, 1, 0.6
0.7, 1, 0.6
0.8, 1, 0.6
0.9, 1, 0.6
1, 1, 0.6
0, 0, 0.7
0.1, 0, 0.7
0.2, 0, 0.7
0.3, 0, 0.7
0.4, 0, 0.7
0.5, 0, 0.7
0.6, 0, 0.7
0.7, 0, 0.7
0.8, 0, 0.7
0.9, 0, 0.7
1, 0, 0.7
0, 0.1, 0.7
0.0975403, 0.0978115, 0.701249
0.196625, 0.0962572, 0.701322
0.299227, 0.100337, 0.699781
0.400502, 0.103928, 0.69844
0.499939, 0.105113, 0.697941
0.599276, 0.104828, 0.698487
0.700472, 0.101968, 0.700472
0.803827, 0.0965767, 0.702562
0.9034, 0.0965997, 0.701916
1, 0.1, 0.7
0, 0.2, 0.7
0.0974559, 0.197143, 0.701308
0.200972, 0.200641, 0.699381
0.301661, 0.202773, 0.698714
0.400262, 0.20127, 0.699976
0.50009, 0.199904, 0.7006
0.599995, 0.200706, 0.699737
0.69835, 0.202953, 0.69835
0.798901, 0.201099, 0.699739
0.903423, 0.196173, 0.702562
1, 0.2, 0.7
0, 0.3, 0.7
0.101592, 0.29992, 0.70008
0.202205, 0.30126, 0.69874
0.298143, 0.298443, 0.701557
0.397924, 0.296622, 0.703378
0.499682, 0.296361, 0.703639
0.601823, 0.296295, 0.703705
0.702041, 0.297959, 0.702041
0.797047, 0.30165, 0.69835
0.898032, 0.299528, 0.700472
1, 0.3, 0.7
0, 0.4, 0.7
0.103727, 0.400555, 0.698961
0.200167, 0.399613, 0.699584
0.296663, 0.398153, 0.703085
0.398535, 0.399006, 0.701838
0.49972, 0.399719, 0.699812
0.600919, 0.399081, 0.701361
0.703705, 0.398177, 0.703705
0.799294, 0.400005, 0.699737
0.895172, 0.400724, 0.698487
1, 0.4, 0.7
0, 0.5, 0.7
0.104258, 0.499937, 0.698441
0.199794, 0.499944, 0.700191
0.296683, 0.5, 0.703317
0.399349, 0.500063, 0.699847
0.499913, 0.500087, 0.697706
0.600281, 0.50028, 0.699812
0.703639, 0.500318, 0.703639
0.800096, 0.49991, 0.7006
0.894887, 0.500061, 0.697941
1, 0.5, 0.7
0, 0.6, 0.7
0.103582, 0.599251, 0.698941
0.201318, 0.600345, 0.699608
0.296915, 0.601847, 0.703337
0.399062, 0.600938, 0.701092
0.499937, 0.600651, 0.699847
0.600994, 0.601465, 0.701838
0.703378, 0.602076, 0.703378
0.79873, 0.599738, 0.699976
0.896072, 0.599498, 0.69844
1, 0.6, 0.7
0, 0.7, 0.7
0.100337, 0.699781, 0.700773
0.202773, 0.698714, 0.698339
0.298443, 0.701557, 0.701857
0.398153, 0.703085, 0.703337
0.5, 0.703317, 0.703317
0.601847, 0.703337, 0.703085
0.701557, 0.701857, 0.701557
0.797227, 0.698339, 0.698714
0.899663, 0.700773, 0.699781
1, 0.7, 0.7
0, 0.8, 0.7
0.0961691, 0.802963, 0.702701
0.200841, 0.799159, 0.699832
0.301286, 0.797227, 0.698339
0.399655, 0.798682, 0.699608
0.500056, 0.800206, 0.700191
0.600387, 0.799833, 0.699584
0.69874, 0.797795, 0.69874
0.799359, 0.799028, 0.699381
0.903743, 0.803375, 0.701322
1, 0.8, 0.7
0, 0.9, 0.7
0.0970675, 0.902932, 0.701787
0.197037, 0.903831, 0.702701
0.300219, 0.899663, 0.700773
0.400749, 0.896418, 0.698941
0.500063, 0.895742, 0.698441
0.599445, 0.896273, 0.698961
0.70008, 0.898408, 0.70008
0.802857, 0.902544, 0.701308
0.902188, 0.90246, 0.701249
1, 0.9, 0.7
0, 1, 0.7
0.1, 1, 0.7
0.2, 1, 0.7
0.3, 1, 0.7
0.4, 1, 0.7
0.5, 1, 0.7
0.6, 1, 0.7
0.7, 1, 0.7
0.8, 1, 0.7
0.9, 1, 0.7
1, 1, 0.7
0, 0, 0.8
0.1, 0, 0.8
0.2, 0, 0.8
0.3, 0, 0.8
0.4, 0, 0.8
0.5, 0, 0.8
0.6, 0, 0.8
0.7, 0, 0.8
0.8, 0, 0.8
0.9, 0, 0.8
1, 0, 0.8
0, 0.1, 0.8
0.100522, 0.100549, 0.799948
0.197312, 0.0965607, 0.802409
0.297299, 0.0961691, 0.802963
0.398661, 0.0981527, 0.802017
0.499673, 0.0995205, 0.801442
0.60073, 0.0988347, 0.802314
0.702562, 0.0965767, 0.803827
0.803145, 0.0959896, 0.803145
0.899918, 0.100082, 0.799349
1, 0.1, 0.8
0, 0.2, 0.8
0.0969734, 0.197738, 0.802262
0.197853, 0.197866, 0.802134
0.300168, 0.200841, 0.799159
0.40067, 0.202647, 0.797353
0.500084, 0.203089, 0.796911
0.599328, 0.202927, 0.797073
0.699739, 0.201099, 0.798901
0.802724, 0.197276, 0.802724
0.90401, 0.196855, 0.803145
1, 0.2, 0.8
0, 0.3, 0.8
0.0974559, 0.298692, 0.802857
0.200972, 0.300619, 0.799359
0.301661, 0.301286, 0.797227
0.400262, 0.300024, 0.79873
0.50009, 0.2994, 0.800096
0.599995, 0.300263, 0.799294
0.69835, 0.30165, 0.797047
0.798901, 0.300261, 0.798901
0.903423, 0.297438, 0.803827
1, 0.3, 0.8
0, 0.4, 0.8
0.0990396, 0.399931, 0.802079
0.202438, 0.400483, 0.797549
0.300392, 0.399655, 0.798682
0.398875, 0.398624, 0.802131
0.499938, 0.398342, 0.803411
0.601228, 0.398772, 0.802827
0.699737, 0.400005, 0.799294
0.797073, 0.400672, 0.797073
0.901165, 0.39927, 0.802314
1, 0.4, 0.8
0, 0.5, 0.8
0.0994129, 0.500053, 0.801625
0.202747, 0.5, 0.797253
0.299809, 0.500056, 0.800206
0.398496, 0.500055, 0.803396
0.49994, 0.50006, 0.80393
0.601658, 0.500062, 0.803411
0.7006, 0.49991, 0.800096
0.796911, 0.499916, 0.796911
0.900479, 0.500327, 0.801442
1, 0.5, 0.8
0, 0.6, 0.8
0.0981539, 0.600132, 0.802277
0.202451, 0.599517, 0.797562
0.300416, 0.600387, 0.799833
0.398769, 0.601231, 0.803012
0.499945, 0.601504, 0.803396
0.601376, 0.601125, 0.802131
0.699976, 0.599738, 0.79873
0.797353, 0.59933, 0.797353
0.901847, 0.601339, 0.802017
1, 0.6, 0.8
0, 0.7, 0.8
0.0962572, 0.701322, 0.803375
0.200641, 0.699381, 0.799028
0.30126, 0.69874, 0.797795
0.399613, 0.699584, 0.799833
0.499944, 0.700191, 0.800206
0.600345, 0.699608, 0.798682
0.698714, 0.698339, 0.797227
0.799159, 0.699832, 0.799159
0.903831, 0.702701, 0.802963
1, 0.7, 0.8
0, 0.8, 0.8
0.0965607, 0.802409, 0.802688
0.197866, 0.802134, 0.802147
0.300619, 0.799359, 0.799028
0.400483, 0.797549, 0.797562
0.5, 0.797253, 0.797253
0.599517, 0.797562, 0.797549
0.699381, 0.799028, 0.799359
0.802134, 0.802147, 0.802134
0.903439, 0.802688, 0.802409
1, 0.8, 0.8
0, 0.9, 0.8
0.100161, 0.899839, 0.799025
0.197591, 0.903439, 0.802688
0.298678, 0.903743, 0.803375
0.399868, 0.901846, 0.802277
0.499947, 0.900587, 0.801625
0.600069, 0.90096, 0.802079
0.701308, 0.902544, 0.802857
0.802262, 0.903027, 0.802262
0.899451, 0.899478, 0.799948
1, 0.9, 0.8
0, 1, 0.8
0.1, 1, 0.8
0.2, 1, 0.8
0.3, 1, 0.8
0.4, 1, 0.8
0.5, 1, 0.8
0.6, 1, 0.8
0.7, 1, 0.8
0.8, 1, 0.8
0.9, 1, 0.8
1, 1, 0.8
0, 0, 0.9
0.1, 0, 0.9
0.2, 0, 0.9
0.3, 0, 0.9
0.4, 0, 0.9
0.5, 0, 0.9
0.6, 0, 0.9
0.7, 0, 0.9
0.8, 0, 0.9
0.9, 0, 0.9
1, 0, 0.9
0, 0.1, 0.9
0.103032, 0.10219, 0.89781
0.200975, 0.100161, 0.899839
0.298213, 0.0970675, 0.902932
0.398305, 0.0957614, 0.904239
0.499838, 0.0954686, 0.904531
0.601491, 0.0954201, 0.90458
0.701916, 0.0965997, 0.9034
0.799349, 0.100082, 0.899918
0.896856, 0.103144, 0.896856
1, 0.1, 0.9
0, 0.2, 0.9
0.100522, 0.200052, 0.899451
0.197312, 0.197591, 0.903439
0.297299, 0.197037, 0.903831
0.398661, 0.197983, 0.901847
0.499673, 0.198558, 0.900479
0.60073, 0.197686, 0.901165
0.702562, 0.196173, 0.903423
0.803145, 0.196855, 0.90401
0.899918, 0.200651, 0.899918
1, 0.2, 0.9
0, 0.3, 0.9
0.0975403, 0.298751, 0.902188
0.196625, 0.298678, 0.903743
0.299227, 0.300219, 0.899663
0.400502, 0.30156, 0.896072
0.499939, 0.302059, 0.894887
0.599276, 0.301513, 0.895172
0.700472, 0.299528, 0.898032
0.803827, 0.297438, 0.903423
0.9034, 0.298084, 0.9034
1, 0.3, 0.9
0, 0.4, 0.9
0.0965198, 0.399329, 0.903483
0.197723, 0.399868, 0.901846
0.301059, 0.400749, 0.896418
0.401368, 0.40134, 0.89469
0.499861, 0.401668, 0.894941
0.59837, 0.40163, 0.89439
0.698487, 0.400724, 0.895172
0.802314, 0.39927, 0.901165
0.90458, 0.398509, 0.90458
1, 0.4, 0.9
0, 0.5, 0.9
0.0963495, 0.5, 0.90365
0.198375, 0.499947, 0.900587
0.301559, 0.500063, 0.895742
0.401262, 0.50025, 0.895548
0.499725, 0.500275, 0.896157
0.598332, 0.500139, 0.894941
0.697941, 0.500061, 0.894887
0.801442, 0.500327, 0.900479
0.904531, 0.500162, 0.904531
1, 0.5, 0.9
0, 0.6, 0.9
0.0965167, 0.600671, 0.90348
0.197921, 0.600069, 0.90096
0.301039, 0.599445, 0.896273
0.400933, 0.599067, 0.895613
0.49975, 0.598738, 0.895548
0.59866, 0.598632, 0.89469
0.69844, 0.599498, 0.896072
0.802017, 0.601339, 0.901847
0.904239, 0.601695, 0.904239
1, 0.6, 0.9
0, 0.7, 0.9
0.0978115, 0.701249, 0.90246
0.197143, 0.701308, 0.902544
0.29992, 0.70008, 0.898408
0.400555, 0.698961, 0.896273
0.499937, 0.698441, 0.895742
0.599251, 0.698941, 0.896418
0.699781, 0.700773, 0.899663
0.802963, 0.702701, 0.903831
0.902932, 0.701787, 0.902932
1, 0.7, 0.9
0, 0.8, 0.9
0.100549, 0.799948, 0.899478
0.197738, 0.802262, 0.903027
0.298692, 0.802857, 0.902544
0.399931, 0.802079, 0.90096
0.500053, 0.801625, 0.900587
0.600132, 0.802277, 0.901846
0.701322, 0.803375, 0.903743
0.802409, 0.802688, 0.903439
0.899839, 0.799025, 0.899839
1, 0.8, 0.9
0, 0.9, 0.9
0.10219, 0.89781, 0.896968
0.200052, 0.899451, 0.899478
0.298751, 0.902188, 0.90246
0.399329, 0.903483, 0.90348
0.5, 0.90365, 0.90365
0.600671, 0.90348, 0.903483
0.701249, 0.90246, 0.902188
0.799948, 0.899478, 0.899451
0.89781, 0.896968, 0.89781
1, 0.9, 0.9
0, 1, 0.9
0.1, 1, 0.9
0.2, 1, 0.9
0.3, 1, 0.9
0.4, 1, 0.9
0.5, 1, 0.9
0.6, 1, 0.9
0.7, 1, 0.9
0.8, 1, 0.9
0.9, 1, 0.9
1, 1, 0.9
0, 0, 1
0.1, 0, 1
0.2, 0, 1
0.3, 0, 1
0.4, 0, 1
0.5, 0, 1
0.6, 0, 1
0.7, 0, 1
0.8, 0, 1
0.9, 0, 1
1, 0, 1
0, 0.1, 1
0.1, 0.1, 1
0.2, 0.1, 1
0.3, 0.1, 1
0.4, 0.1, 1
0.5, 0.1, 1
0.6, 0.1, 1
0.7, 0.1, 1
0.8, 0.1, 1
0.9, 0.1, 1
1, 0.1, 1
0, 0.2, 1
0.1, 0.2, 1
0.2, 0.2, 1
0.3, 0.2, 1
0.4, 0.2, 1
0.5, 0.2, 1
0.6, 0.2, 1
0.7, 0.2, 1
0.8, 0.2, 1
0.9, 0.2, 1
1, 0.2, 1
0, 0.3, 1
0.1, 0.3, 1
0.2, 0.3, 1
0.3, 0.3, 1
0.4, 0.3, 1
0.5, 0.3, 1
0.6, 0.3, 1
0.7, 0.3, 1
0.8, 0.3, 1
0.9, 0.3, 1
1, 0.3, 1
0, 0.4, 1
0.1, 0.4, 1
0.2, 0.4, 1
0.3, 0.4, 1
0.4, 0.4, 1
0.5, 0.4, 1
0.6, 0.4, 1
0.7, 0.4, 1
0.8, 0.4, 1
0.9, 0.4, 1
1, 0.4, 1
0, 0.5, 1
0.1, 0.5, 1
0.2, 0.5, 1
0.3, 0.5, 1
0.4, 0.5, 1
0.5, 0.5, 1
0.6, 0.5, 1
0.7, 0.5, 1
0.8, 0.5, 1
0.9, 0.5, 1
1, 0.5, 1
0, 0.6, 1
0.1, 0.6, 1
0.2, 0.6, 1
0.3, 0.6, 1
0.4, 0.6, 1
0.5, 0.6, 1
0.6, 0.6, 1
0.7, 0.6, 1
0.8, 0.6, 1
0.9, 0.6, 1
1, 0.6, 1
0, 0.7, 1
0.1, 0.7, 1
0.2, 0.7, 1
0.3, 0.7, 1
0.4, 0.7, 1
0.5, 0.7, 1
0.6, 0.7, 1
0.7, 0.7, 1
0.8, 0.7, 1
0.9, 0.7, 1
1, 0.7, 1
0, 0.8, 1
0.1, 0.8, 1
0.2, 0.8, 1
0.3, 0.8, 1
0.4, 0.8, 1
0.5, 0.8, 1
0.6, 0.8, 1
0.7, 0.8, 1
0.8, 0.8, 1
0.9, 0.8, 1
1, 0.8, 1
0, 0.9, 1
0.1, 0.9, 1
0.2, 0.9, 1
0.3, 0.9, 1
0.4, 0.9, 1
0.5, 0.9, 1
0.6, 0.9, 1
0.7, 0.9, 1
0.8, 0.9, 1
0.9, 0.9, 1
1, 0.9, 1
0, 1, 1
0.1, 1, 1
0.2, 1, 1
0.3, 1, 1
0.4, 1, 1
0.5, 1, 1
0.6, 1, 1
0.7, 1, 1
0.8, 1, 1
0.9, 1, 1
1, 1, 1
0.0497342, 0.0491569, 0.0497342
0.15108, 0.0516947, 0.0510222
0.250428, 0.0519003, 0.0511037
0.349998, 0.050756, 0.0504104
0.449953, 0.0497918, 0.0497229
0.550047, 0.0497229, 0.0497918
0.650002, 0.0504104, 0.050756
0.749572, 0.0511037, 0.0519003
0.84892, 0.0510222, 0.0516947
0.950266, 0.0497342, 0.0491569
0.0506685, 0.150524, 0.0506685
0.150607, 0.152368, 0.0512265
0.249167, 0.149408, 0.0491317
0.349113, 0.147137, 0.0474023
0.449767, 0.146979, 0.0470778
0.550179, 0.147156, 0.0469248
0.650861, 0.147317, 0.0468004
0.750931, 0.148589, 0.0484619
0.849329, 0.150671, 0.0518468
0.948978, 0.15108, 0.0516947
0.0506616, 0.251001, 0.0506616
0.148656, 0.249863, 0.0491101
0.248406, 0.247396, 0.0473725
0.349796, 0.24811, 0.0484874
0.45014, 0.24936, 0.0498982
0.549974, 0.249657, 0.0501318
0.650316, 0.248993, 0.0487861
0.75169, 0.24831, 0.0467521
0.851411, 0.249069, 0.0484619
0.948896, 0.250428, 0.0519003
0.0502066, 0.350868, 0.0502066
0.147392, 0.348363, 0.0473769
0.249063, 0.348307, 0.048461
0.350756, 0.35006, 0.0515228
0.450457, 0.351184, 0.0532927
0.549622, 0.35125, 0.053464
0.649388, 0.350612, 0.0521328
0.751007, 0.349684, 0.0487861
0.852683, 0.349139, 0.0468004
0.94959, 0.349998, 0.050756
0.0496355, 0.45048, 0.0496355
0.147226, 0.448945, 0.04706
0.24969, 0.449273, 0.0498451
0.351226, 0.450358, 0.0533858
0.450513, 0.450761, 0.05457
0.549341, 0.450659, 0.0545111
0.64875, 0.450378, 0.053464
0.750343, 0.450026, 0.0501318
0.852844, 0.449821, 0.0469248
0.950277, 0.449953, 0.0497918
0.0495935, 0.550273, 0.0495935
0.147056, 0.550081, 0.0468378
0.249413, 0.549872, 0.0500898
0.351066, 0.549768, 0.0537979
0.450435, 0.549565, 0.0548024
0.549239, 0.549487, 0.05457
0.648816, 0.549543, 0.0532927
0.75064, 0.54986, 0.0498982
0.853021, 0.550233, 0.0470778
0.950208, 0.550047, 0.0497229
0.0503442, 0.649975, 0.0503442
0.147245, 0.651053, 0.0466639
0.248375, 0.650848, 0.0486288
0.35018, 0.64982, 0.0523894
0.450232, 0.648934, 0.0537979
0.549642, 0.648774, 0.0533858
0.64994, 0.649244, 0.0515228
0.75189, 0.650204, 0.0484874
0.852863, 0.650887, 0.0474023
0.949244, 0.650002, 0.0504104
0.051357, 0.749567, 0.051357
0.149171, 0.750409, 0.0482361
0.247956, 0.752044, 0.0465424
0.349152, 0.751625, 0.0486288
0.450128, 0.750587, 0.0500898
0.550727, 0.75031, 0.0498451
0.651693, 0.750937, 0.048461
0.752604, 0.751594, 0.0473725
0.850592, 0.750833, 0.0491317
0.9481, 0.749572, 0.0511037
0.0513187, 0.849565, 0.0513187
0.151719, 0.848281, 0.0514834
0.249591, 0.850829, 0.0482361
0.348947, 0.852755, 0.0466639
0.449919, 0.852944, 0.0468378
0.551055, 0.852774, 0.04706
0.651637, 0.852608, 0.0473769
0.750137, 0.851344, 0.0491101
0.847632, 0.849393, 0.0512265
0.948305, 0.84892, 0.0510222
0.0494179, 0.950582, 0.0494179
0.150435, 0.948681, 0.0513187
0.250433, 0.948643, 0.051357
0.350025, 0.949656, 0.0503442
0.449727, 0.950407, 0.0495935
0.54952, 0.950365, 0.0496355
0.649132, 0.949793, 0.0502066
0.748999, 0.949338, 0.0506616
0.849476, 0.949332, 0.0506685
0.950843, 0.950266, 0.0497342
0.0510222, 0.0516947, 0.15108
0.150671, 0.0518468, 0.150671
0.249069, 0.0484619, 0.148589
0.349139, 0.0468004, 0.147317
0.449821, 0.0469248, 0.147156
0.550233, 0.0470778, 0.146979
0.650887, 0.0474023, 0.147137
0.750833, 0.0491317, 0.149408
0.849393, 0.0512265, 0.152368
0.949332, 0.0506685, 0.150524
0.0512265, 0.152368, 0.150607
0.148572, 0.14828, 0.148572
0.248378, 0.145964, 0.147436
0.349485, 0.147611, 0.14819
0.449951, 0.149179, 0.149248
0.550049, 0.149248, 0.149179
0.650515, 0.14819, 0.147611
0.751622, 0.147436, 0.145964
0.851428, 0.148572, 0.14828
0.948774, 0.150607, 0.152368
0.0491101, 0.249863, 0.148656
0.147271, 0.246331, 0.147271
0.249601, 0.248646, 0.149331
0.350461, 0.251511, 0.152036
0.450058, 0.252032, 0.153139
0.549827, 0.251699, 0.153399
0.64952, 0.251087, 0.152743
0.750435, 0.249565, 0.149304
0.852564, 0.248378, 0.145964
0.950868, 0.249167, 0.149408
0.0473769, 0.348363, 0.147392
0.147867, 0.347638, 0.147867
0.251071, 0.351012, 0.152102
0.350529, 0.351899, 0.153411
0.449866, 0.350521, 0.152051
0.550025, 0.350113, 0.151884
0.649402, 0.350598, 0.153563
0.748913, 0.35048, 0.152743
0.85181, 0.349485, 0.147611
0.952598, 0.349113, 0.147137
0.04706, 0.448945, 0.147226
0.148948, 0.449117, 0.148948
0.251847, 0.451042, 0.153516
0.350248, 0.450594, 0.152429
0.449951, 0.449674, 0.149723
0.550443, 0.449557, 0.149456
0.649887, 0.449975, 0.151884
0.748301, 0.450173, 0.153399
0.850752, 0.449951, 0.149179
0.952922, 0.449767, 0.146979
0.0468378, 0.550081, 0.147056
0.148814, 0.55007, 0.148814
0.252205, 0.549987, 0.154094
0.350632, 0.549799, 0.15263
0.450157, 0.549843, 0.149782
0.550326, 0.550049, 0.149723
0.649479, 0.550134, 0.152051
0.747968, 0.549942, 0.153139
0.850821, 0.550049, 0.149248
0.953075, 0.550179, 0.147156
0.0466639, 0.651053, 0.147245
0.146955, 0.651549, 0.146955
0.251406, 0.649475, 0.153233
0.351388, 0.648612, 0.154553
0.450201, 0.649368, 0.15263
0.549406, 0.649752, 0.152429
0.648101, 0.649471, 0.153411
0.748489, 0.649539, 0.152036
0.852389, 0.650515, 0.14819
0.9532, 0.650861, 0.147317
0.0482361, 0.750409, 0.149171
0.145405, 0.753299, 0.145405
0.248382, 0.751618, 0.148904
0.350525, 0.748594, 0.153233
0.450013, 0.747795, 0.154094
0.548958, 0.748153, 0.153516
0.648988, 0.748929, 0.152102
0.751354, 0.750399, 0.149331
0.854036, 0.751622, 0.147436
0.951538, 0.750931, 0.148589
0.0514834, 0.848281, 0.151719
0.148097, 0.851903, 0.148097
0.246701, 0.854595, 0.145405
0.348451, 0.853045, 0.146955
0.44993, 0.851186, 0.148814
0.550883, 0.851052, 0.148948
0.652362, 0.852133, 0.147867
0.753669, 0.852729, 0.147271
0.85172, 0.851428, 0.148572
0.948153, 0.849329, 0.150671
0.0513187, 0.948681, 0.150435
0.151719, 0.948517, 0.151719
0.249591, 0.951764, 0.149171
0.348947, 0.953336, 0.147245
0.449919, 0.953162, 0.147056
0.551055, 0.95294, 0.147226
0.651637, 0.952623, 0.147392
0.750137, 0.95089, 0.148656
0.847632, 0.948774, 0.150607
0.948305, 0.948978, 0.15108
0.0511037, 0.0519003, 0.250428
0.148589, 0.0484619, 0.249069
0.24831, 0.0467521, 0.24831
0.349684, 0.0487861, 0.248993
0.450026, 0.0501318, 0.249657
0.54986, 0.0498982, 0.24936
0.650204, 0.0484874, 0.24811
0.751594, 0.0473725, 0.247396
0.851344, 0.0491101, 0.249863
0.949338, 0.0506616, 0.251001
0.0491317, 0.149408, 0.249167
0.147436, 0.145964, 0.248378
0.249565, 0.149304, 0.249565
0.35048, 0.152743, 0.251087
0.450173, 0.153399, 0.251699
0.549942, 0.153139, 0.252032
0.649539, 0.152036, 0.251511
0.750399, 0.149331, 0.248646
0.852729, 0.147271, 0.246331
0.95089, 0.148656, 0.249863
0.0473725, 0.247396, 0.248406
0.149331, 0.248646, 0.249601
0.251249, 0.252649, 0.251249
0.349826, 0.251158, 0.250443
0.449513, 0.248872, 0.248915
0.550487, 0.248915, 0.248872
0.650174, 0.250443, 0.251158
0.748751, 0.251249, 0.252649
0.850669, 0.249601, 0.248646
0.952628, 0.248406, 0.247396
0.048461, 0.348307, 0.249063
0.152102, 0.351012, 0.251071
0.250594, 0.351367, 0.250594
0.348306, 0.347673, 0.247695
0.449472, 0.347415, 0.247002
0.550686, 0.347909, 0.246422
0.65164, 0.34836, 0.246736
0.749557, 0.349826, 0.251158
0.847964, 0.350461, 0.251511
0.951513, 0.349796, 0.24811
0.0498451, 0.449273, 0.24969
0.153516, 0.451042, 0.251847
0.249097, 0.449945, 0.249097
0.347797, 0.448469, 0.246801
0.449571, 0.448975, 0.247638
0.550667, 0.449333, 0.247582
0.652091, 0.449314, 0.246422
0.751085, 0.449513, 0.248872
0.846861, 0.450058, 0.252032
0.950102, 0.45014, 0.24936
0.0500898, 0.549872, 0.249413
0.154094, 0.549987, 0.252205
0.249206, 0.550172, 0.249206
0.347551, 0.550467, 0.246137
0.449516, 0.550484, 0.247267
0.551025, 0.550429, 0.247638
0.652585, 0.550528, 0.247002
0.751128, 0.550487, 0.248915
0.846601, 0.549827, 0.251699
0.949868, 0.549974, 0.249657
0.0486288, 0.650848, 0.248375
0.153233, 0.649475, 0.251406
0.251362, 0.649216, 0.251362
0.348212, 0.651788, 0.246933
0.449533, 0.652449, 0.246137
0.551531, 0.652203, 0.246801
0.652327, 0.651694, 0.247695
0.748842, 0.650174, 0.250443
0.847257, 0.64952, 0.251087
0.951214, 0.650316, 0.248993
0.0465424, 0.752044, 0.247956
0.148904, 0.751618, 0.248382
0.252407, 0.747593, 0.252407
0.350784, 0.748638, 0.251362
0.449828, 0.750794, 0.249206
0.550055, 0.750903, 0.249097
0.648633, 0.749406, 0.250594
0.747351, 0.748751, 0.251249
0.850696, 0.750435, 0.249565
0.953248, 0.75169, 0.24831
0.0482361, 0.850829, 0.249591
0.145405, 0.854595, 0.246701
0.248382, 0.851096, 0.248382
0.350525, 0.846767, 0.251406
0.450013, 0.845906, 0.252205
0.548958, 0.846484, 0.251847
0.648988, 0.847898, 0.251071
0.751354, 0.850669, 0.249601
0.854036, 0.852564, 0.248378
0.951538, 0.851411, 0.249069
0.051357, 0.948643, 0.250433
0.149171, 0.951764, 0.249591
0.247956, 0.953458, 0.247956
0.349152, 0.951371, 0.248375
0.450128, 0.94991, 0.249413
0.550727, 0.950155, 0.24969
0.651693, 0.951539, 0.249063
0.752604, 0.952628, 0.248406
0.850592, 0.950868, 0.249167
0.9481, 0.948896, 0.250428
0.0504104, 0.050756, 0.349998
0.147317, 0.0468004, 0.349139
0.248993, 0.0487861, 0.349684
0.350612, 0.0521328, 0.350612
0.450378, 0.053464, 0.35125
0.549543, 0.0532927, 0.351184
0.649244, 0.0515228, 0.35006
0.750937, 0.048461, 0.348307
0.852608, 0.0473769, 0.348363
0.949793, 0.0502066, 0.350868
0.0474023, 0.147137, 0.349113
0.14819, 0.147611, 0.349485
0.251087, 0.152743, 0.35048
0.350598, 0.153563, 0.350598
0.449975, 0.151884, 0.350113
0.550134, 0.152051, 0.350521
0.649471, 0.153411, 0.351899
0.748929, 0.152102, 0.351012
0.852133, 0.147867, 0.347638
0.952623, 0.147392, 0.348363
0.0484874, 0.24811, 0.349796
0.152036, 0.251511, 0.350461
0.250443, 0.251158, 0.349826
0.34836, 0.246736, 0.34836
0.449314, 0.246422, 0.347909
0.550528, 0.247002, 0.347415
0.651694, 0.247695, 0.347673
0.749406, 0.250594, 0.351367
0.847898, 0.251071, 0.351012
0.951539, 0.249063, 0.348307
0.0515228, 0.35006, 0.350756
0.153411, 0.351899, 0.350529
0.247695, 0.347673, 0.348306
0.348706, 0.347418, 0.348706
0.450319, 0.350594, 0.350756
0.549681, 0.350756, 0.350594
0.651294, 0.348706, 0.347418
0.752305, 0.348306, 0.347673
0.846589, 0.350529, 0.351899
0.948477, 0.350756, 0.35006
0.0533858, 0.450358, 0.351226
0.152429, 0.450594, 0.350248
0.246801, 0.448469, 0.347797
0.350451, 0.44964, 0.350451
0.450936, 0.451453, 0.35321
0.548789, 0.451211, 0.353597
0.649244, 0.450319, 0.350594
0.752998, 0.449472, 0.347415
0.847949, 0.449866, 0.350521
0.946707, 0.450457, 0.351184
0.0537979, 0.549768, 0.351066
0.15263, 0.549799, 0.350632
0.246137, 0.550467, 0.347551
0.350188, 0.549986, 0.350188
0.451102, 0.548898, 0.353633
0.548547, 0.549064, 0.35321
0.649406, 0.549681, 0.350756
0.753578, 0.550686, 0.347909
0.848116, 0.550025, 0.350113
0.946536, 0.549622, 0.35125
0.0523894, 0.64982, 0.35018
0.154553, 0.648612, 0.351388
0.246933, 0.651788, 0.348212
0.347457, 0.652543, 0.347457
0.450014, 0.649812, 0.350188
0.55036, 0.649549, 0.350451
0.652582, 0.651294, 0.348706
0.753264, 0.65164, 0.34836
0.846437, 0.649402, 0.350598
0.947867, 0.649388, 0.350612
0.0486288, 0.751625, 0.349152
0.153233, 0.748594, 0.350525
0.251362, 0.748638, 0.350784
0.348212, 0.753067, 0.348212
0.449533, 0.753863, 0.347551
0.551531, 0.753199, 0.347797
0.652327, 0.752305, 0.348306
0.748842, 0.749557, 0.349826
0.847257, 0.748913, 0.35048
0.951214, 0.751007, 0.349684
0.0466639, 0.852755, 0.348947
0.146955, 0.853045, 0.348451
0.251406, 0.846767, 0.350525
0.351388, 0.845447, 0.351388
0.450201, 0.84737, 0.350632
0.549406, 0.847571, 0.350248
0.648101, 0.846589, 0.350529
0.748489, 0.847964, 0.350461
0.852389, 0.85181, 0.349485
0.9532, 0.852683, 0.349139
0.0503442, 0.949656, 0.350025
0.147245, 0.953336, 0.348947
0.248375, 0.951371, 0.349152
0.35018, 0.947611, 0.35018
0.450232, 0.946202, 0.351066
0.549642, 0.946614, 0.351226
0.64994, 0.948477, 0.350756
0.75189, 0.951513, 0.349796
0.852863, 0.952598, 0.349113
0.949244, 0.94959, 0.349998
0.0497229, 0.0497918, 0.449953
0.147156, 0.0469248, 0.449821
0.249657, 0.0501318, 0.450026
0.35125, 0.053464, 0.450378
0.450659, 0.0545111, 0.450659
0.549487, 0.05457, 0.450761
0.648774, 0.0533858, 0.450358
0.75031, 0.0498451, 0.449273
0.852774, 0.04706, 0.448945
0.950365, 0.0496355, 0.45048
0.0470778, 0.146979, 0.449767
0.149248, 0.149179, 0.449951
0.251699, 0.153399, 0.450173
0.350113, 0.151884, 0.449975
0.449557, 0.149456, 0.449557
0.550049, 0.149723, 0.449674
0.649752, 0.152429, 0.450594
0.748153, 0.153516, 0.451042
0.851052, 0.148948, 0.449117
0.95294, 0.147226, 0.448945
0.0498982, 0.24936, 0.45014
0.153139, 0.252032, 0.450058
0.248915, 0.248872, 0.449513
0.347909, 0.246422, 0.449314
0.449333, 0.247582, 0.449333
0.550429, 0.247638, 0.448975
0.652203, 0.246801, 0.448469
0.750903, 0.249097, 0.449945
0.846484, 0.251847, 0.451042
0.950155, 0.24969, 0.449273
0.0532927, 0.351184, 0.450457
0.152051, 0.350521, 0.449866
0.247002, 0.347415, 0.449472
0.350756, 0.350594, 0.450319
0.451211, 0.353597, 0.451211
0.549064, 0.35321, 0.451453
0.649549, 0.350451, 0.44964
0.753199, 0.347797, 0.448469
0.847571, 0.350248, 0.450594
0.946614, 0.351226, 0.450358
0.05457, 0.450761, 0.450513
0.149723, 0.449674, 0.449951
0.247638, 0.448975, 0.449571
0.35321, 0.451453, 0.450936
0.4498, 0.450007, 0.4498
0.5502, 0.4498, 0.450007
0.64679, 0.450936, 0.451453
0.752362, 0.449571, 0.448975
0.850277, 0.449951, 0.449674
0.94543, 0.450513, 0.450761
0.0548024, 0.549565, 0.450435
0.149782, 0.549843, 0.450157
0.247267, 0.550484, 0.449516
0.353633, 0.548898, 0.451102
0.450444, 0.549556, 0.450444
0.549993, 0.5502, 0.4498
0.646403, 0.548789, 0.451211
0.752418, 0.550667, 0.449333
0.850544, 0.550443, 0.449557
0.945489, 0.549341, 0.450659
0.0537979, 0.648934, 0.450232
0.15263, 0.649368, 0.450201
0.246137, 0.652449, 0.449533
0.350188, 0.649812, 0.450014
0.451102, 0.646367, 0.451102
0.548547, 0.64679, 0.450936
0.649406, 0.649244, 0.450319
0.753578, 0.652091, 0.449314
0.848116, 0.649887, 0.449975
0.946536, 0.64875, 0.450378
0.0500898, 0.750587, 0.450128
0.154094, 0.747795, 0.450013
0.249206, 0.750794, 0.449828
0.347551, 0.753863, 0.449533
0.449516, 0.752733, 0.449516
0.551025, 0.752362, 0.449571
0.652585, 0.752998, 0.449472
0.751128, 0.751085, 0.449513
0.846601, 0.748301, 0.450173
0.949868, 0.750343, 0.450026
0.0468378, 0.852944, 0.449919
0.148814, 0.851186, 0.44993
0.252205, 0.845906, 0.450013
0.350632, 0.84737, 0.450201
0.450157, 0.850218, 0.450157
0.550326, 0.850277, 0.449951
0.649479, 0.847949, 0.449866
0.747968, 0.846861, 0.450058
0.850821, 0.850752, 0.449951
0.953075, 0.852844, 0.449821
0.0495935, 0.950407, 0.449727
0.147056, 0.953162, 0.449919
0.249413, 0.94991, 0.450128
0.351066, 0.946202, 0.450232
0.450435, 0.945198, 0.450435
0.549239, 0.94543, 0.450513
0.648816, 0.946707, 0.450457
0.75064, 0.950102, 0.45014
0.853021, 0.952922, 0.449767
0.950208, 0.950277, 0.449953
0.0497918, 0.0497229, 0.550047
0.146979, 0.0470778, 0.550233
0.24936, 0.0498982, 0.54986
0.351184, 0.0532927, 0.549543
0.450761, 0.05457, 0.549487
0.549565, 0.0548024, 0.549565
0.648934, 0.0537979, 0.549768
0.750587, 0.0500898, 0.549872
0.852944, 0.0468378, 0.550081
0.950407, 0.0495935, 0.550273
0.0469248, 0.147156, 0.550179
0.149179, 0.149248, 0.550049
0.252032, 0.153139, 0.549942
0.350521, 0.152051, 0.550134
0.449674, 0.149723, 0.550049
0.549843, 0.149782, 0.549843
0.649368, 0.15263, 0.549799
0.747795, 0.154094, 0.549987
0.851186, 0.148814, 0.55007
0.953162, 0.147056, 0.550081
0.0501318, 0.249657, 0.549974
0.153399, 0.251699, 0.549827
0.248872, 0.248915, 0.550487
0.347415, 0.247002, 0.550528
0.448975, 0.247638, 0.550429
0.550484, 0.247267, 0.550484
0.652449, 0.246137, 0.550467
0.750794, 0.249206, 0.550172
0.845906, 0.252205, 0.549987
0.94991, 0.249413, 0.549872
0.053464, 0.35125, 0.549622
0.151884, 0.350113, 0.550025
0.246422, 0.347909, 0.550686
0.350594, 0.350756, 0.549681
0.451453, 0.35321, 0.549064
0.548898, 0.353633, 0.548898
0.649812, 0.350188, 0.549986
0.753863, 0.347551, 0.550467
0.84737, 0.350632, 0.549799
0.946202, 0.351066, 0.549768
0.0545111, 0.450659, 0.549341
0.149456, 0.449557, 0.550443
0.247582, 0.449333, 0.550667
0.353597, 0.451211, 0.548789
0.450007, 0.4498, 0.5502
0.549556, 0.450444, 0.549556
0.646367, 0.451102, 0.548898
0.752733, 0.449516, 0.550484
0.850218, 0.450157, 0.549843
0.945198, 0.450435, 0.549565
0.05457, 0.549487, 0.549239
0.149723, 0.550049, 0.550326
0.247638, 0.550429, 0.551025
0.35321, 0.549064, 0.548547
0.4498, 0.5502, 0.549993
0.5502, 0.549993, 0.5502
0.64679, 0.548547, 0.549064
0.752362, 0.551025, 0.550429
0.850277, 0.550326, 0.550049
0.94543, 0.549239, 0.549487
0.0533858, 0.648774, 0.549642
0.152429, 0.649752, 0.549406
0.246801, 0.652203, 0.551531
0.350451, 0.649549, 0.55036
0.450936, 0.64679, 0.548547
0.548789, 0.646403, 0.548789
0.649244, 0.649406, 0.549681
0.752998, 0.652585, 0.550528
0.847949, 0.649479, 0.550134
0.946707, 0.648816, 0.549543
0.0498451, 0.75031, 0.550727
0.153516, 0.748153, 0.548958
0.249097, 0.750903, 0.550055
0.347797, 0.753199, 0.551531
0.449571, 0.752362, 0.551025
0.550667, 0.752418, 0.550667
0.652091, 0.753578, 0.550686
0.751085, 0.751128, 0.550487
0.846861, 0.747968, 0.549942
0.950102, 0.75064, 0.54986
0.04706, 0.852774, 0.551055
0.148948, 0.851052, 0.550883
0.251847, 0.846484, 0.548958
0.350248, 0.847571, 0.549406
0.449951, 0.850277, 0.550326
0.550443, 0.850544, 0.550443
0.649887, 0.848116, 0.550025
0.748301, 0.846601, 0.549827
0.850752, 0.850821, 0.550049
0.952922, 0.853021, 0.550233
0.0496355, 0.950365, 0.54952
0.147226, 0.95294, 0.551055
0.24969, 0.950155, 0.550727
0.351226, 0.946614, 0.549642
0.450513, 0.94543, 0.549239
0.549341, 0.945489, 0.549341
0.64875, 0.946536, 0.549622
0.750343, 0.949868, 0.549974
0.852844, 0.953075, 0.550179
0.950277, 0.950208, 0.550047
0.050756, 0.0504104, 0.650002
0.147137, 0.0474023, 0.650887
0.24811, 0.0484874, 0.650204
0.35006, 0.0515228, 0.649244
0.450358, 0.0533858, 0.648774
0.549768, 0.0537979, 0.648934
0.64982, 0.0523894, 0.64982
0.751625, 0.0486288, 0.650848
0.852755, 0.0466639, 0.651053
0.949656, 0.0503442, 0.649975
0.0468004, 0.147317, 0.650861
0.147611, 0.14819, 0.650515
0.251511, 0.152036, 0.649539
0.351899, 0.153411, 0.649471
0.450594, 0.152429, 0.649752
0.549799, 0.15263, 0.649368
0.648612, 0.154553, 0.648612
0.748594, 0.153233, 0.649475
0.853045, 0.146955, 0.651549
0.953336, 0.147245, 0.651053
0.0487861, 0.248993, 0.650316
0.152743, 0.251087, 0.64952
0.251158, 0.250443, 0.650174
0.347673, 0.247695, 0.651694
0.448469, 0.246801, 0.652203
0.550467, 0.246137, 0.652449
0.651788, 0.246933, 0.651788
0.748638, 0.251362, 0.649216
0.846767, 0.251406, 0.649475
0.951371, 0.248375, 0.650848
0.0521328, 0.350612, 0.649388
0.153563, 0.350598, 0.649402
0.246736, 0.34836, 0.65164
0.347418, 0.348706, 0.651294
0.44964, 0.350451, 0.649549
0.549986, 0.350188, 0.649812
0.652543, 0.347457, 0.652543
0.753067, 0.348212, 0.651788
0.845447, 0.351388, 0.648612
0.947611, 0.35018, 0.64982
0.053464, 0.450378, 0.64875
0.151884, 0.449975, 0.649887
0.246422, 0.449314, 0.652091
0.350594, 0.450319, 0.649244
0.451453, 0.450936, 0.64679
0.548898, 0.451102, 0.646367
0.649812, 0.450014, 0.649812
0.753863, 0.449533, 0.652449
0.84737, 0.450201, 0.649368
0.946202, 0.450232, 0.648934
0.0532927, 0.549543, 0.648816
0.152051, 0.550134, 0.649479
0.247002, 0.550528, 0.652585
0.350756, 0.549681, 0.649406
0.451211, 0.548789, 0.646403
0.549064, 0.548547, 0.64679
0.649549, 0.55036, 0.649549
0.753199, 0.551531, 0.652203
0.847571, 0.549406, 0.649752
0.946614, 0.549642, 0.648774
0.0515228, 0.649244, 0.64994
0.153411, 0.649471, 0.648101
0.247695, 0.651694, 0.652327
0.348706, 0.651294, 0.652582
0.450319, 0.649244, 0.649406
0.549681, 0.649406, 0.649244
0.651294, 0.652582, 0.651294
0.752305, 0.652327, 0.651694
0.846589, 0.648101, 0.649471
0.948477, 0.64994, 0.649244
0.048461, 0.750937, 0.651693
0.152102, 0.748929, 0.648988
0.250594, 0.749406, 0.648633
0.348306, 0.752305, 0.652327
0.449472, 0.752998, 0.652585
0.550686, 0.753578, 0.652091
0.65164, 0.753264, 0.65164
0.749557, 0.748842, 0.650174
0.847964, 0.748489, 0.649539
0.951513, 0.75189, 0.650204
0.0473769, 0.852608, 0.651637
0.147867, 0.852133, 0.652362
0.251071, 0.847898, 0.648988
0.350529, 0.846589, 0.648101
0.449866, 0.847949, 0.649479
0.550025, 0.848116, 0.649887
0.649402, 0.846437, 0.649402
0.748913, 0.847257, 0.64952
0.85181, 0.852389, 0.650515
0.952598, 0.852863, 0.650887
0.0502066, 0.949793, 0.649132
0.147392, 0.952623, 0.651637
0.249063, 0.951539, 0.651693
0.350756, 0.948477, 0.64994
0.450457, 0.946707, 0.648816
0.549622, 0.946536, 0.64875
0.649388, 0.947867, 0.649388
0.751007, 0.951214, 0.650316
0.852683, 0.9532, 0.650861
0.94959, 0.949244, 0.650002
0.0519003, 0.0511037, 0.749572
0.149408, 0.0491317, 0.750833
0.247396, 0.0473725, 0.751594
0.348307, 0.048461, 0.750937
0.449273, 0.0498451, 0.75031
0.549872, 0.0500898, 0.750587
0.650848, 0.0486288, 0.751625
0.752044, 0.0465424, 0.752044
0.850829, 0.0482361, 0.750409
0.948643, 0.051357, 0.749567
0.0484619, 0.148589, 0.750931
0.145964, 0.147436, 0.751622
0.248646, 0.149331, 0.750399
0.351012, 0.152102, 0.748929
0.451042, 0.153516, 0.748153
0.549987, 0.154094, 0.747795
0.649475, 0.153233, 0.748594
0.751618, 0.148904, 0.751618
0.854595, 0.145405, 0.753299
0.951764, 0.149171, 0.750409
0.0467521, 0.24831, 0.75169
0.149304, 0.249565, 0.750435
0.252649, 0.251249, 0.748751
0.351367, 0.250594, 0.749406
0.449945, 0.249097, 0.750903
0.550172, 0.249206, 0.750794
0.649216, 0.251362, 0.748638
0.747593, 0.252407, 0.747593
0.851096, 0.248382, 0.751618
0.953458, 0.247956, 0.752044
0.0487861, 0.349684, 0.751007
0.152743, 0.35048, 0.748913
0.251158, 0.349826, 0.749557
0.347673, 0.348306, 0.752305
0.448469, 0.347797, 0.753199
0.550467, 0.347551, 0.753863
0.651788, 0.348212, 0.753067
0.748638, 0.350784, 0.748638
0.846767, 0.350525, 0.748594
0.951371, 0.349152, 0.751625
0.0501318, 0.450026, 0.750343
0.153399, 0.450173, 0.748301
0.248872, 0.449513, 0.751085
0.347415, 0.449472, 0.752998
0.448975, 0.449571, 0.752362
0.550484, 0.449516, 0.752733
0.652449, 0.449533, 0.753863
0.750794, 0.449828, 0.750794
0.845906, 0.450013, 0.747795
0.94991, 0.450128, 0.750587
0.0498982, 0.54986, 0.75064
0.153139, 0.549942, 0.747968
0.248915, 0.550487, 0.751128
0.347909, 0.550686, 0.753578
0.449333, 0.550667, 0.752418
0.550429, 0.551025, 0.752362
0.652203, 0.551531, 0.753199
0.750903, 0.550055, 0.750903
0.846484, 0.548958, 0.748153
0.950155, 0.550727, 0.75031
0.0484874, 0.650204, 0.75189
0.152036, 0.649539, 0.748489
0.250443, 0.650174, 0.748842
0.34836, 0.65164, 0.753264
0.449314, 0.652091, 0.753578
0.550528, 0.652585, 0.752998
0.651694, 0.652327, 0.752305
0.749406, 0.648633, 0.749406
0.847898, 0.648988, 0.748929
0.951539, 0.651693, 0.750937
0.0473725, 0.751594, 0.752604
0.149331, 0.750399, 0.751354
0.251249, 0.748751, 0.747351
0.349826, 0.749557, 0.748842
0.449513, 0.751085, 0.751128
0.550487, 0.751128, 0.751085
0.650174, 0.748842, 0.749557
0.748751, 0.747351, 0.748751
0.850669, 0.751354, 0.750399
0.952628, 0.752604, 0.751594
0.0491101, 0.851344, 0.750137
0.147271, 0.852729, 0.753669
0.249601, 0.850669, 0.751354
0.350461, 0.847964, 0.748489
0.450058, 0.846861, 0.747968
0.549827, 0.846601, 0.748301
0.64952, 0.847257, 0.748913
0.750435, 0.850696, 0.750435
0.852564, 0.854036, 0.751622
0.950868, 0.850592, 0.750833
0.0506616, 0.949338, 0.748999
0.148656, 0.95089, 0.750137
0.248406, 0.952628, 0.752604
0.349796, 0.951513, 0.75189
0.45014, 0.950102, 0.75064
0.549974, 0.949868, 0.750343
0.650316, 0.951214, 0.751007
0.75169, 0.953248, 0.75169
0.851411, 0.951538, 0.750931
0.948896, 0.9481, 0.749572
0.0516947, 0.0510222, 0.84892
0.152368, 0.0512265, 0.849393
0.249863, 0.0491101, 0.851344
0.348363, 0.0473769, 0.852608
0.448945, 0.04706, 0.852774
0.550081, 0.0468378, 0.852944
0.651053, 0.0466639, 0.852755
0.750409, 0.0482361, 0.850829
0.848281, 0.0514834, 0.848281
0.948681, 0.0513187, 0.849565
0.0518468, 0.150671, 0.849329
0.14828, 0.148572, 0.851428
0.246331, 0.147271, 0.852729
0.347638, 0.147867, 0.852133
0.449117, 0.148948, 0.851052
0.55007, 0.148814, 0.851186
0.651549, 0.146955, 0.853045
0.753299, 0.145405, 0.854595
0.851903, 0.148097, 0.851903
0.948517, 0.151719, 0.848281
0.0484619, 0.249069, 0.851411
0.145964, 0.248378, 0.852564
0.248646, 0.249601, 0.850669
0.351012, 0.251071, 0.847898
0.451042, 0.251847, 0.846484
0.549987, 0.252205, 0.845906
0.649475, 0.251406, 0.846767
0.751618, 0.248382, 0.851096
0.854595, 0.246701, 0.854595
0.951764, 0.249591, 0.850829
0.0468004, 0.349139, 0.852683
0.147611, 0.349485, 0.85181
0.251511, 0.350461, 0.847964
0.351899, 0.350529, 0.846589
0.450594, 0.350248, 0.847571
0.549799, 0.350632, 0.84737
0.648612, 0.351388, 0.845447
0.748594, 0.350525, 0.846767
0.853045, 0.348451, 0.853045
0.953336, 0.348947, 0.852755
0.0469248, 0.449821, 0.852844
0.149179, 0.449951, 0.850752
0.252032, 0.450058, 0.846861
0.350521, 0.449866, 0.847949
0.449674, 0.449951, 0.850277
0.549843, 0.450157, 0.850218
0.649368, 0.450201, 0.84737
0.747795, 0.450013, 0.845906
0.851186, 0.44993, 0.851186
0.953162, 0.449919, 0.852944
0.0470778, 0.550233, 0.853021
0.149248, 0.550049, 0.850821
0.251699, 0.549827, 0.846601
0.350113, 0.550025, 0.848116
0.449557, 0.550443, 0.850544
0.550049, 0.550326, 0.850277
0.649752, 0.549406, 0.847571
0.748153, 0.548958, 0.846484
0.851052, 0.550883, 0.851052
0.95294, 0.551055, 0.852774
0.0474023, 0.650887, 0.852863
0.14819, 0.650515, 0.852389
0.251087, 0.64952, 0.847257
0.350598, 0.649402, 0.846437
0.449975, 0.649887, 0.848116
0.550134, 0.649479, 0.847949
0.649471, 0.648101, 0.846589
0.748929, 0.648988, 0.847898
0.852133, 0.652362, 0.852133
0.952623, 0.651637, 0.852608
0.0491317, 0.750833, 0.850592
0.147436, 0.751622, 0.854036
0.249565, 0.750435, 0.850696
0.35048, 0.748913, 0.847257
0.450173, 0.748301, 0.846601
0.549942, 0.747968, 0.846861
0.649539, 0.748489, 0.847964
0.750399, 0.751354, 0.850669
0.852729, 0.753669, 0.852729
0.95089, 0.750137, 0.851344
0.0512265, 0.849393, 0.847632
0.148572, 0.851428, 0.85172
0.248378, 0.852564, 0.854036
0.349485, 0.85181, 0.852389
0.449951, 0.850752, 0.850821
0.550049, 0.850821, 0.850752
0.650515, 0.852389, 0.85181
0.751622, 0.854036, 0.852564
0.851428, 0.85172, 0.851428
0.948774, 0.847632, 0.849393
0.0506685, 0.949332, 0.849476
0.150607, 0.948774, 0.847632
0.249167, 0.950868, 0.850592
0.349113, 0.952598, 0.852863
0.449767, 0.952922, 0.853021
0.550179, 0.953075, 0.852844
0.650861, 0.9532, 0.852683
0.750931, 0.951538, 0.851411
0.849329, 0.948153, 0.849329
0.948978, 0.948305, 0.84892
0.0491569, 0.0497342, 0.950266
0.150524, 0.0506685, 0.949332
0.251001, 0.0506616, 0.949338
0.350868, 0.0502066, 0.949793
0.45048, 0.0496355, 0.950365
0.550273, 0.0495935, 0.950407
0.649975, 0.0503442, 0.949656
0.749567, 0.051357, 0.948643
0.849565, 0.0513187, 0.948681
0.950582, 0.0494179, 0.950582
0.0516947, 0.15108, 0.948978
0.152368, 0.150607, 0.948774
0.249863, 0.148656, 0.95089
0.348363, 0.147392, 0.952623
0.448945, 0.147226, 0.95294
0.550081, 0.147056, 0.953162
0.651053, 0.147245, 0.953336
0.750409, 0.149171, 0.951764
0.848281, 0.151719, 0.948517
0.948681, 0.150435, 0.948681
0.0519003, 0.250428, 0.948896
0.149408, 0.249167, 0.950868
0.247396, 0.248406, 0.952628
0.348307, 0.249063, 0.951539
0.449273, 0.24969, 0.950155
0.549872, 0.249413, 0.94991
0.650848, 0.248375, 0.951371
0.752044, 0.247956, 0.953458
0.850829, 0.249591, 0.951764
0.948643, 0.250433, 0.948643
0.050756, 0.349998, 0.94959
0.147137, 0.349113, 0.952598
0.24811, 0.349796, 0.951513
0.35006, 0.350756, 0.948477
0.450358, 0.351226, 0.946614
0.549768, 0.351066, 0.946202
0.64982, 0.35018, 0.947611
0.751625, 0.349152, 0.951371
0.852755, 0.348947, 0.953336
0.949656, 0.350025, 0.949656
0.0497918, 0.449953, 0.950277
0.146979, 0.449767, 0.952922
0.24936, 0.45014, 0.950102
0.351184, 0.450457, 0.946707
0.450761, 0.450513, 0.94543
0.549565, 0.450435, 0.945198
0.648934, 0.450232, 0.946202
0.750587, 0.450128, 0.94991
0.852944, 0.449919, 0.953162
0.950407, 0.449727, 0.950407
0.0497229, 0.550047, 0.950208
0.147156, 0.550179, 0.953075
0.249657, 0.549974, 0.949868
0.35125, 0.549622, 0.946536
0.450659, 0.549341, 0.945489
0.549487, 0.549239, 0.94543
0.648774, 0.549642, 0.946614
0.75031, 0.550727, 0.950155
0.852774, 0.551055, 0.95294
0.950365, 0.54952, 0.950365
0.0504104, 0.650002, 0.949244
0.147317, 0.650861, 0.9532
0.248993, 0.650316, 0.951214
0.350612, 0.649388, 0.947867
0.450378, 0.64875, 0.946536
0.549543, 0.648816, 0.946707
0.649244, 0.64994, 0.948477
0.750937, 0.651693, 0.951539
0.852608, 0.651637, 0.952623
0.949793, 0.649132, 0.949793
0.0511037, 0.749572, 0.9481
0.148589, 0.750931, 0.951538
0.24831, 0.75169, 0.953248
0.349684, 0.751007, 0.951214
0.450026, 0.750343, 0.949868
0.54986, 0.75064, 0.950102
0.650204, 0.75189, 0.951513
0.751594, 0.752604, 0.952628
0.851344, 0.750137, 0.95089
0.949338, 0.748999, 0.949338
0.0510222, 0.84892, 0.948305
0.150671, 0.849329, 0.948153
0.249069, 0.851411, 0.951538
0.349139, 0.852683, 0.9532
0.449821, 0.852844, 0.953075
0.550233, 0.853021, 0.952922
0.650887, 0.852863, 0.952598
0.750833, 0.850592, 0.950868
0.849393, 0.847632, 0.948774
0.949332, 0.849476, 0.949332
0.0497342, 0.950266, 0.950843
0.15108, 0.948978, 0.948305
0.250428, 0.948896, 0.9481
0.349998, 0.94959, 0.949244
0.449953, 0.950277, 0.950208
0.550047, 0.950208, 0.950277
0.650002, 0.949244, 0.94959
0.749572, 0.9481, 0.948896
0.84892, 0.948305, 0.948978
0.950266, 0.950843, 0.950266
