0, 0.132535
0.00363405, 0.132535
0.00711303, 0.132219
0.0105437, 0.131938
0.0139709, 0.131687
0.01725, 0.131462
0.0204893, 0.131259
0.0237233, 0.131075
0.0268984, 0.130907
0.0299655, 0.130754
0.033029, 0.130614
0.0360954, 0.130485
0.0390458, 0.130365
0.041958, 0.130255
0.0448694, 0.130153
0.04778, 0.130059
0.0505506, 0.129972
0.0533288, 0.12989
0.0561016, 0.129814
0.0588789, 0.129743
0.0615323, 0.129677
0.0641807, 0.129616
0.0668273, 0.129558
0.0694835, 0.129503
0.0720179, 0.129452
0.0745541, 0.129404
0.0770885, 0.129359
0.0796246, 0.129317
0.0820927, 0.129277
0.0845259, 0.129239
0.0869476, 0.129203
0.0893776, 0.129169
0.0918083, 0.129136
0.0941448, 0.129105
0.0964746, 0.129076
0.0987997, 0.129049
0.10113, 0.129022
0.103417, 0.128997
0.105655, 0.128974
0.107889, 0.128951
0.110132, 0.128929
0.112368, 0.128909
0.11457, 0.128889
0.116729, 0.12887
0.118891, 0.128852
0.121049, 0.128835
0.123214, 0.128818
0.125356, 0.128802
0.127444, 0.128787
0.129528, 0.128773
0.131616, 0.128759
0.133702, 0.128745
0.13578, 0.128732
0.137794, 0.12872
0.139806, 0.128708
0.141815, 0.128696
0.143822, 0.128685
0.145831, 0.128674
0.147799, 0.128664
0.14974, 0.128654
0.15168, 0.128644
0.153622, 0.128634
0.155566, 0.128625
0.157519, 0.128617
0.159397, 0.128608
0.161278, 0.1286
0.163159, 0.128591
0.165033, 0.128584
0.166917, 0.128576
0.168803, 0.128569
0.170625, 0.128561
0.172443, 0.128554
0.174264, 0.128547
0.176081, 0.128541
0.177901, 0.128534
0.179727, 0.128528
0.181493, 0.128522
0.183257, 0.128516
0.18502, 0.12851
0.186786, 0.128504
0.188561, 0.128499
0.190328, 0.128493
0.192053, 0.128488
0.193767, 0.128483
0.195484, 0.128478
0.197201, 0.128473
0.198913, 0.128468
0.200632, 0.128463
0.202338, 0.128458
0.204001, 0.128454
0.20571, 0.128449
0.207393, 0.128445
0.209054, 0.12844
0.210781, 0.128436
0.212445, 0.128432
0.214142, 0.128428
0.215836, 0.128424
0.217505, 0.12842
0.21921, 0.128416
0.220888, 0.128412
0.222556, 0.128408
0.224281, 0.128405
0.225946, 0.128401
0.227638, 0.128397
0.229351, 0.128394
0.231021, 0.128391
0.232734, 0.128387
0.234412, 0.128384
0.236115, 0.128381
0.23783, 0.128378
0.239498, 0.128374
0.241196, 0.128371
0.242887, 0.128368
0.244556, 0.128365
0.246271, 0.128362
0.247948, 0.128359
0.24962, 0.128356
0.251291, 0.128353
0.253001, 0.128351
0.254685, 0.128348
0.256352, 0.128345
0.258077, 0.128343
0.259744, 0.12834
0.261438, 0.128337
0.263141, 0.128335
0.264806, 0.128332
0.266513, 0.12833
0.268199, 0.128327
0.269859, 0.128325
0.271586, 0.128323
0.273251, 0.12832
0.274936, 0.128318
0.27664, 0.128316
0.278307, 0.128314
0.280009, 0.128311
0.281697, 0.128309
0.283364, 0.128307
0.285091, 0.128305
0.286756, 0.128303
0.288447, 0.128301
0.290174, 0.128299
0.29184, 0.128297
0.293547, 0.128295
0.295236, 0.128293
0.296898, 0.128291
0.298623, 0.128289
0.300286, 0.128287
0.301977, 0.128285
0.303677, 0.128283
0.305342, 0.128281
0.307045, 0.128279
0.30873, 0.128277
0.310396, 0.128276
0.312121, 0.128274
0.313834, 0.128272
0.315518, 0.12827
0.317186, 0.128269
0.318912, 0.128267
0.320578, 0.128265
0.322269, 0.128263
0.323982, 0.128262
0.325683, 0.12826
0.327391, 0.128259
0.329103, 0.128257
0.330824, 0.128255
0.332568, 0.128254
0.334237, 0.128252
0.3359, 0.128251
0.337565, 0.128249
0.339235, 0.128248
0.34096, 0.128246
0.342628, 0.128245
0.344323, 0.128243
0.34602, 0.128242
0.347687, 0.12824
0.349399, 0.128239
0.351108, 0.128238
0.35282, 0.128236
0.354532, 0.128235
0.356218, 0.128234
0.357911, 0.128232
0.359611, 0.128231
0.361279, 0.12823
0.36294, 0.128228
0.364576, 0.128227
0.366293, 0.128226
0.367971, 0.128224
0.369655, 0.128223
0.371372, 0.128222
0.37303, 0.128221
0.374725, 0.128219
0.376433, 0.128218
0.378095, 0.128217
0.37981, 0.128216
0.381526, 0.128215
0.383233, 0.128213
0.384914, 0.128212
0.386631, 0.128211
0.388346, 0.12821
0.390033, 0.128209
0.391769, 0.128208
0.39344, 0.128207
0.395138, 0.128206
0.39683, 0.128205
0.398498, 0.128203
0.400213, 0.128202
0.40189, 0.128201
0.403557, 0.1282
0.405192, 0.128199
0.406917, 0.128198
0.408539, 0.128197
0.410201, 0.128196
0.411906, 0.128195
0.413572, 0.128194
0.415268, 0.128193
0.416963, 0.128192
0.418626, 0.128191
0.420332, 0.12819
0.422016, 0.128189
0.423677, 0.128188
0.425297, 0.128187
0.427002, 0.128186
0.428639, 0.128185
0.430259, 0.128185
0.431996, 0.128184
0.433618, 0.128183
0.435287, 0.128182
0.436985, 0.128181
0.43865, 0.12818
0.440347, 0.128179
0.442052, 0.128178
0.443716, 0.128178
0.445423, 0.128177
0.447104, 0.128176
0.448766, 0.128175
0.45049, 0.128174
0.452155, 0.128173
0.45386, 0.128173
0.455592, 0.128172
0.457317, 0.128171
0.459016, 0.12817
0.460709, 0.12817
0.462413, 0.128169
0.464077, 0.128168
0.465787, 0.128167
0.467475, 0.128167
0.46914, 0.128166
0.470864, 0.128165
0.472534, 0.128164
0.474226, 0.128164
0.475921, 0.128163
0.477585, 0.128162
0.479287, 0.128161
0.480971, 0.128161
0.482633, 0.12816
0.484347, 0.128159
0.486025, 0.128159
0.48769, 0.128158
0.489419, 0.128157
0.491078, 0.128157
0.492775, 0.128156
0.494473, 0.128155
0.496137, 0.128155
0.497838, 0.128154
0.499524, 0.128153
0.501188, 0.128153
0.502913, 0.128152
0.504575, 0.128151
0.506238, 0.128151
0.507959, 0.12815
0.509622, 0.128149
0.511313, 0.128149
0.513008, 0.128148
0.514671, 0.128148
0.516378, 0.128147
0.518058, 0.128146
0.519722, 0.128146
0.521392, 0.128145
0.523094, 0.128145
0.524783, 0.128144
0.526456, 0.128143
0.528176, 0.128143
0.529875, 0.128142
0.531564, 0.128142
0.53327, 0.128141
0.534935, 0.128141
0.536642, 0.12814
0.538332, 0.12814
0.539997, 0.128139
0.541666, 0.128139
0.543289, 0.128138
0.544906, 0.128137
0.546548, 0.128137
0.548274, 0.128136
0.549936, 0.128136
0.551636, 0.128135
0.553332, 0.128135
0.554997, 0.128134
0.556711, 0.128134
