0, 0.132535
0.0884451, 0.132245
0.101743, 0.131982
0.11437, 0.131745
0.126407, 0.13153
0.137931, 0.131334
0.149014, 0.131156
0.159662, 0.130991
0.169964, 0.130841
0.179936, 0.130701
0.189639, 0.130573
0.199064, 0.130454
0.20826, 0.130343
0.21726, 0.13024
0.225948, 0.130144
0.234467, 0.130054
0.24282, 0.129971
0.248641, 0.129893
0.254474, 0.12982
0.260277, 0.129752
0.266122, 0.129687
0.27201, 0.129627
0.277933, 0.129571
0.283782, 0.129518
0.289588, 0.129467
0.295506, 0.12942
0.301336, 0.129376
0.307156, 0.129333
0.312925, 0.129294
0.318696, 0.129256
0.324513, 0.12922
0.33035, 0.129185
0.336291, 0.129153
0.342151, 0.129122
0.347983, 0.129093
0.35394, 0.129065
0.359815, 0.129038
0.365667, 0.129013
0.371496, 0.128989
0.377418, 0.128966
0.383352, 0.128944
0.389085, 0.128923
0.39488, 0.128903
0.400697, 0.128884
0.406636, 0.128866
0.412604, 0.128848
0.418497, 0.128831
0.424259, 0.128815
0.430068, 0.128799
0.435817, 0.128784
0.4416, 0.12877
0.447374, 0.128756
0.453082, 0.128743
0.458845, 0.12873
0.464609, 0.128718
0.470417, 0.128706
0.476329, 0.128694
0.482226, 0.128683
0.488173, 0.128673
0.49401, 0.128662
0.499785, 0.128652
0.505552, 0.128643
0.511316, 0.128633
0.517079, 0.128624
0.522848, 0.128615
0.52862, 0.128607
0.534405, 0.128599
0.54026, 0.12859
0.546202, 0.128583
0.552145, 0.128575
0.558088, 0.128568
0.563949, 0.12856
0.569777, 0.128553
0.575684, 0.128547
0.581536, 0.12854
0.58736, 0.128534
0.59317, 0.128527
0.599067, 0.128521
0.604861, 0.128515
0.610798, 0.128509
0.616779, 0.128504
0.622695, 0.128498
0.628495, 0.128493
0.634325, 0.128487
0.640138, 0.128482
0.645959, 0.128477
0.651853, 0.128472
0.657783, 0.128467
0.66372, 0.128462
0.669575, 0.128457
0.67554, 0.128453
0.6815, 0.128448
0.68748, 0.128444
0.693488, 0.128439
0.699408, 0.128435
0.705238, 0.128431
0.711069, 0.128427
0.71695, 0.128423
0.722758, 0.128419
0.728558, 0.128415
0.734335, 0.128411
0.740137, 0.128407
0.746, 0.128404
0.751888, 0.1284
0.757714, 0.128397
0.763622, 0.128393
0.769467, 0.12839
0.775352, 0.128386
0.781205, 0.128383
0.786961, 0.12838
0.792801, 0.128377
0.798617, 0.128373
0.804396, 0.12837
0.810244, 0.128367
0.816016, 0.128364
0.821875, 0.128361
0.827759, 0.128358
0.833659, 0.128355
0.839491, 0.128353
0.84533, 0.12835
0.851093, 0.128347
0.856884, 0.128344
0.862696, 0.128342
0.868398, 0.128339
0.874326, 0.128337
0.880262, 0.128334
0.886218, 0.128332
0.892002, 0.128329
0.897805, 0.128327
0.903689, 0.128324
0.909535, 0.128322
0.915303, 0.12832
0.921217, 0.128317
0.927133, 0.128315
0.9329, 0.128313
0.938806, 0.128311
0.944747, 0.128308
0.950707, 0.128306
0.956643, 0.128304
0.962414, 0.128302
0.968207, 0.1283
0.974114, 0.128298
0.979957, 0.128296
0.98581, 0.128294
0.991639, 0.128292
0.997498, 0.12829
1.00341, 0.128288
1.00929, 0.128286
1.01517, 0.128284
1.02105, 0.128282
1.02693, 0.12828
1.03279, 0.128278
1.0387, 0.128277
1.04447, 0.128275
1.05038, 0.128273
1.05628, 0.128271
1.06227, 0.12827
1.06819, 0.128268
1.07399, 0.128266
1.07982, 0.128264
1.08578, 0.128263
1.09169, 0.128261
1.09755, 0.12826
1.10336, 0.128258
1.10674, 0.128256
1.11018, 0.128255
1.11354, 0.128253
1.11695, 0.128252
1.12032, 0.12825
1.12375, 0.128249
1.12714, 0.128247
1.13048, 0.128246
1.13382, 0.128244
1.13724, 0.128243
1.14065, 0.128241
1.14401, 0.12824
1.14747, 0.128238
1.1509, 0.128237
1.15433, 0.128236
1.15779, 0.128234
1.16116, 0.128233
1.16453, 0.128231
1.16791, 0.12823
1.17134, 0.128229
1.17474, 0.128227
1.17811, 0.128226
1.18147, 0.128225
1.18492, 0.128224
1.1883, 0.128222
1.19166, 0.128221
1.19508, 0.12822
1.19851, 0.128219
1.2019, 0.128217
1.20539, 0.128216
1.20879, 0.128215
1.21224, 0.128214
1.21567, 0.128213
1.21917, 0.128212
1.22259, 0.12821
1.22595, 0.128209
1.22939, 0.128208
1.23279, 0.128207
1.23623, 0.128206
1.23962, 0.128205
1.24304, 0.128204
1.24634, 0.128203
1.24959, 0.128202
1.25291, 0.128201
1.25625, 0.128199
1.25952, 0.128198
1.26285, 0.128197
1.26614, 0.128196
1.26941, 0.128195
1.27265, 0.128194
1.27606, 0.128193
1.2795, 0.128192
1.28293, 0.128191
1.28636, 0.12819
1.28979, 0.128189
1.29323, 0.128188
1.29665, 0.128187
1.30008, 0.128187
1.30352, 0.128186
1.30693, 0.128185
1.31036, 0.128184
1.31379, 0.128183
1.31722, 0.128182
1.32064, 0.128181
1.32407, 0.12818
1.32749, 0.128179
1.33093, 0.128179
1.3344, 0.128178
1.33787, 0.128177
1.34134, 0.128176
1.34477, 0.128175
1.3482, 0.128174
1.35168, 0.128174
1.35515, 0.128173
1.35864, 0.128172
1.36208, 0.128171
1.36549, 0.12817
1.36882, 0.12817
1.37216, 0.128169
1.37553, 0.128168
1.37889, 0.128167
1.38226, 0.128167
1.38567, 0.128166
1.38908, 0.128165
1.39249, 0.128164
1.39592, 0.128164
1.39931, 0.128163
1.40267, 0.128162
1.40615, 0.128162
1.40962, 0.128161
1.41308, 0.12816
1.41653, 0.128159
1.41995, 0.128159
1.42336, 0.128158
1.42677, 0.128157
1.4302, 0.128157
1.43366, 0.128156
1.43715, 0.128155
1.44061, 0.128155
1.44404, 0.128154
1.44751, 0.128153
1.45098, 0.128153
1.45444, 0.128152
1.45791, 0.128151
1.46134, 0.128151
1.4648, 0.12815
1.46827, 0.128149
1.47174, 0.128149
1.47521, 0.128148
1.47868, 0.128148
1.48211, 0.128147
1.48558, 0.128146
1.48905, 0.128146
1.49252, 0.128145
1.49597, 0.128145
1.49943, 0.128144
1.50285, 0.128143
1.5062, 0.128143
1.50957, 0.128142
1.51294, 0.128142
1.51641, 0.128141
1.51987, 0.128141
1.52335, 0.12814
1.52678, 0.12814
1.53018, 0.128139
1.53356, 0.128139
1.53699, 0.128138
1.54041, 0.128137
1.54388, 0.128137
1.54737, 0.128136
1.5508, 0.128136
1.55427, 0.128135
1.55776, 0.128135
1.56119, 0.128134
1.56466, 0.128134
1.56813, 0.128133
1.57153, 0.128133
1.57493, 0.128132
1.57828, 0.128132
1.58166, 0.128131
