-1.47739e-05, -1
-0.234756, -0.972054
-0.192841, -0.98123
-0.152657, -0.988279
-0.112801, -0.993618
-0.0735052, -0.997295
-0.0356136, -0.999366
0.0355929, -0.999366
0.0734995, -0.997295
0.112803, -0.993617
0.152662, -0.988278
0.192849, -0.981228
0.234765, -0.972052
-0.348044, -0.937478
-0.309162, -0.951009
-0.270816, -0.962631
-0.197763, -0.941524
-0.161152, -0.947512
-0.130602, -0.95049
-0.0962107, -0.952274
-0.0495851, -0.95906
0.00482752, -0.957229
0.0519477, -0.954853
0.0887195, -0.955805
0.126789, -0.95131
0.168209, -0.94827
0.206773, -0.945886
0.270827, -0.962628
0.309174, -0.951006
0.348056, -0.937474
-0.424445, -0.905454
-0.38876, -0.921339
-0.355538, -0.898388
-0.324331, -0.90627
-0.28665, -0.915054
-0.23614, -0.919258
-0.181915, -0.908348
-0.146857, -0.913163
-0.111864, -0.917347
-0.0684546, -0.917534
-0.017322, -0.918121
0.0245544, -0.918904
0.0635091, -0.918623
0.10329, -0.917876
0.148153, -0.910115
0.190324, -0.909431
0.240737, -0.921375
0.2841, -0.917831
0.323454, -0.916535
0.35596, -0.912134
0.388772, -0.921334
0.424457, -0.905448
-0.498829, -0.866701
-0.464004, -0.885833
-0.426928, -0.871506
-0.381416, -0.876557
-0.340069, -0.870436
-0.306285, -0.875461
-0.259157, -0.879528
-0.205253, -0.878096
-0.167183, -0.879133
-0.131576, -0.88227
-0.0873449, -0.881927
-0.0385327, -0.876834
0.00237318, -0.879358
0.0402578, -0.882314
0.0833092, -0.87901
0.128755, -0.874654
0.169569, -0.873735
0.21104, -0.873391
0.256195, -0.878858
0.298797, -0.880639
0.343235, -0.879112
0.385552, -0.876495
0.424114, -0.864232
0.464015, -0.885827
0.498839, -0.866695
-0.575436, -0.817847
-0.537594, -0.843204
-0.501641, -0.814087
-0.455339, -0.837675
-0.402389, -0.838419
-0.355414, -0.839874
-0.323145, -0.84002
-0.283855, -0.838043
-0.231401, -0.841328
-0.184934, -0.843878
-0.149266, -0.845849
-0.10626, -0.84173
-0.0577045, -0.841133
-0.0192839, -0.842495
0.017856, -0.843773
0.0623879, -0.841551
0.108825, -0.835153
0.148429, -0.836448
0.189587, -0.83858
0.231485, -0.838626
0.272915, -0.837727
0.320083, -0.835557
0.36552, -0.832284
0.404348, -0.833504
0.453426, -0.836119
0.503078, -0.820725
0.537604, -0.843198
0.575445, -0.817841
-0.607913, -0.794004
-0.534683, -0.792124
-0.50652, -0.778993
-0.472083, -0.788733
-0.42669, -0.796811
-0.377598, -0.800541
-0.33599, -0.79849
-0.303007, -0.797235
-0.258071, -0.796889
-0.209474, -0.800736
-0.165961, -0.801513
-0.127436, -0.801648
-0.0815331, -0.80217
-0.0397334, -0.806005
-0.0013149, -0.808406
0.0435116, -0.803419
0.0886756, -0.801832
0.127615, -0.802705
0.166608, -0.800348
0.208913, -0.801017
0.251097, -0.801662
0.297345, -0.79736
0.342445, -0.79262
0.382781, -0.797091
0.422722, -0.800195
0.469049, -0.795331
0.507627, -0.788656
0.539095, -0.802645
0.607921, -0.793998
-0.643146, -0.765744
-0.612766, -0.760453
-0.566484, -0.766399
-0.525658, -0.756817
-0.492187, -0.753336
-0.447639, -0.7575
-0.399789, -0.760059
-0.352841, -0.762733
-0.316608, -0.762721
-0.280975, -0.762189
-0.233971, -0.761469
-0.188184, -0.762456
-0.146801, -0.763786
-0.106004, -0.764831
-0.0633474, -0.767304
-0.0215248, -0.76865
0.0227795, -0.768516
0.0660915, -0.768274
0.10716, -0.770909
0.14841, -0.770682
0.189637, -0.766371
0.229631, -0.76281
0.274897, -0.760337
0.322102, -0.759845
0.360265, -0.761304
0.396829, -0.761225
0.440606, -0.759992
0.486085, -0.758918
0.529047, -0.764451
0.568407, -0.769707
0.607617, -0.754466
0.643154, -0.765737
-0.675232, -0.737606
-0.63732, -0.736427
-0.589811, -0.732981
-0.540506, -0.725956
-0.509071, -0.723106
-0.472274, -0.721815
-0.421772, -0.720378
-0.378407, -0.722667
-0.333137, -0.727825
-0.297901, -0.728226
-0.256845, -0.727135
-0.211454, -0.727454
-0.166711, -0.727108
-0.127174, -0.726922
-0.0857257, -0.72708
-0.0439952, -0.729385
0.000707031, -0.729193
0.0444478, -0.729729
0.0847043, -0.731064
0.126868, -0.730429
0.171015, -0.732626
0.21299, -0.731083
0.254555, -0.726426
0.297949, -0.722555
0.338351, -0.725521
0.377413, -0.726946
0.420205, -0.722603
0.461743, -0.72232
0.506279, -0.724151
0.550378, -0.723565
0.592064, -0.72056
0.630527, -0.723327
0.675239, -0.737599
-0.731973, -0.681334
-0.705163, -0.709045
-0.661612, -0.704417
-0.617963, -0.699415
-0.560841, -0.691152
-0.523436, -0.683951
-0.493008, -0.683964
-0.445329, -0.685548
-0.400481, -0.686222
-0.357951, -0.686617
-0.314696, -0.686038
-0.279698, -0.686278
-0.234042, -0.688322
-0.187315, -0.688482
-0.143176, -0.684652
-0.107585, -0.685337
-0.0671162, -0.687926
-0.0215679, -0.689165
0.0236257, -0.6882
0.065371, -0.684901
0.103692, -0.685279
0.146293, -0.688487
0.1904, -0.690569
0.235645, -0.693148
0.279596, -0.691485
0.31779, -0.689784
0.355796, -0.688789
0.401348, -0.684995
0.439988, -0.684151
0.483085, -0.685767
0.533232, -0.683916
0.577556, -0.6842
0.615621, -0.684864
0.654531, -0.692001
0.70517, -0.709038
0.731979, -0.681327
-0.761435, -0.648241
-0.717531, -0.646354
-0.684036, -0.663421
-0.643496, -0.655991
-0.589223, -0.653824
-0.540384, -0.651092
-0.509735, -0.648767
-0.475448, -0.649324
-0.421695, -0.651881
-0.37913, -0.652138
-0.332954, -0.650932
-0.296414, -0.651525
-0.259293, -0.651758
-0.209795, -0.651735
-0.162227, -0.651085
-0.125799, -0.651378
-0.090753, -0.651838
-0.0449647, -0.651443
0.00429908, -0.647379
0.045932, -0.646964
0.0840103, -0.648839
0.122693, -0.647395
0.165123, -0.647679
0.210438, -0.650633
0.25595, -0.653179
0.299917, -0.655564
0.337213, -0.654802
0.384042, -0.651923
0.422052, -0.650455
0.458948, -0.649868
0.509859, -0.647765
0.559887, -0.646745
0.599818, -0.647543
0.638797, -0.649339
0.683908, -0.655639
0.723245, -0.640206
0.761441, -0.648234
-0.788175, -0.615451
-0.736295, -0.61188
-0.692653, -0.611848
-0.659127, -0.60918
-0.621471, -0.609223
-0.562723, -0.613084
-0.524213, -0.614719
-0.4951, -0.613314
-0.449923, -0.613775
-0.399682, -0.613998
-0.358089, -0.615089
-0.313774, -0.617621
-0.279276, -0.617955
-0.233981, -0.616632
-0.185693, -0.616505
-0.142508, -0.617591
-0.1089, -0.617866
-0.0657766, -0.614939
-0.01664, -0.613057
0.0242843, -0.613682
0.0642539, -0.614173
0.10355, -0.613508
0.144876, -0.612145
0.186495, -0.610201
0.22955, -0.611626
0.277177, -0.615908
0.317499, -0.617175
0.360287, -0.616497
0.404731, -0.615897
0.439989, -0.615569
0.486816, -0.613545
0.539501, -0.612658
0.581179, -0.613301
0.61947, -0.615099
0.656877, -0.615296
0.696512, -0.611934
0.746222, -0.609245
0.788181, -0.615444
-0.813339, -0.581791
-0.758903, -0.578387
-0.706816, -0.573521
-0.672564, -0.570146
-0.642327, -0.568936
-0.598001, -0.570685
-0.541488, -0.576316
-0.510304, -0.576473
-0.47729, -0.575914
-0.422783, -0.576336
-0.379826, -0.576974
-0.336229, -0.577556
-0.296777, -0.577621
-0.258003, -0.577606
-0.208988, -0.577371
-0.162979, -0.577488
-0.125333, -0.577732
-0.0879224, -0.577863
-0.0415051, -0.578258
0.00424717, -0.57981
0.0450405, -0.579905
0.0850879, -0.577542
0.125034, -0.576413
0.166571, -0.575825
0.207822, -0.576102
0.249629, -0.576709
0.296706, -0.577973
0.3391, -0.577862
0.385774, -0.576821
0.422326, -0.576022
0.460653, -0.576214
0.513788, -0.577026
0.561348, -0.577692
0.599578, -0.57911
0.636665, -0.580155
0.676556, -0.578756
0.723646, -0.574924
0.771257, -0.575681
0.813344, -0.581784
-0.837075, -0.547089
-0.785058, -0.543524
-0.729008, -0.538659
-0.686577, -0.536945
-0.658367, -0.538717
-0.627108, -0.538447
-0.569379, -0.538514
-0.525748, -0.538972
-0.496017, -0.538639
-0.450813, -0.538088
-0.400594, -0.539058
-0.359136, -0.539441
-0.314089, -0.538069
-0.278453, -0.537459
-0.233178, -0.537816
-0.186232, -0.538052
-0.143183, -0.53805
-0.108687, -0.538438
-0.065671, -0.54047
-0.0188884, -0.54214
0.024953, -0.5421
0.067464, -0.540583
0.105447, -0.539589
0.145687, -0.53997
0.18628, -0.541084
0.227657, -0.540754
0.275351, -0.538552
0.317216, -0.537797
0.362075, -0.538163
0.405291, -0.537832
0.440219, -0.537816
0.486601, -0.539767
0.539087, -0.541765
0.580883, -0.542345
0.617871, -0.542312
0.656723, -0.540989
0.701534, -0.537664
0.749398, -0.537186
0.793264, -0.542629
0.837079, -0.547082
-0.859349, -0.51139
-0.811442, -0.507197
-0.755651, -0.502625
-0.705835, -0.500997
-0.673362, -0.50416
-0.644928, -0.507185
-0.598116, -0.506688
-0.5424, -0.504737
-0.51078, -0.504168
-0.476474, -0.502801
-0.423366, -0.500369
-0.381326, -0.500741
-0.334572, -0.502834
-0.295719, -0.50247
-0.256966, -0.5008
-0.209718, -0.50011
-0.164181, -0.501868
-0.126019, -0.503011
-0.0893381, -0.502821
-0.0443236, -0.502633
0.00307012, -0.503666
0.0473752, -0.504465
0.0862092, -0.504503
0.124925, -0.504743
0.165117, -0.504961
0.207982, -0.504308
0.252862, -0.502097
0.298068, -0.498623
0.337852, -0.499271
0.38569, -0.502434
0.422733, -0.503284
0.459616, -0.503297
0.510095, -0.504729
0.56015, -0.507459
0.600891, -0.507156
0.639007, -0.504427
0.681297, -0.5014
0.726075, -0.500754
0.76996, -0.504465
0.811039, -0.510904
0.859352, -0.511384
-0.880081, -0.474823
-0.836703, -0.469802
-0.782195, -0.46626
-0.727083, -0.463307
-0.691494, -0.464048
-0.663002, -0.468533
-0.62642, -0.470596
-0.565562, -0.469132
-0.526479, -0.469717
-0.494259, -0.469457
-0.445791, -0.466355
-0.402763, -0.464978
-0.361199, -0.46571
-0.313821, -0.46675
-0.276626, -0.465963
-0.230767, -0.463226
-0.190267, -0.463457
-0.144757, -0.467126
-0.107357, -0.466044
-0.0654903, -0.463628
-0.0213511, -0.463971
0.0232739, -0.46667
0.066134, -0.470556
0.106001, -0.471541
0.145886, -0.469424
0.186391, -0.469512
0.232733, -0.466861
0.279145, -0.464823
0.316958, -0.464818
0.357171, -0.466234
0.403727, -0.468217
0.441438, -0.467158
0.484426, -0.465471
0.534599, -0.46805
0.581298, -0.471291
0.621214, -0.471677
0.661034, -0.47087
0.703561, -0.470679
0.74655, -0.472301
0.78744, -0.475115
0.828614, -0.476921
0.880084, -0.474818
-0.899196, -0.437545
-0.861177, -0.430989
-0.808652, -0.42934
-0.74947, -0.427297
-0.710276, -0.427981
-0.681826, -0.431641
-0.648652, -0.434904
-0.591338, -0.43031
-0.54478, -0.425998
-0.512828, -0.427877
-0.470481, -0.428114
-0.421951, -0.426885
-0.383934, -0.427791
-0.335101, -0.428804
-0.294997, -0.429212
-0.252412, -0.430126
-0.210998, -0.429789
-0.169075, -0.430772
-0.124809, -0.429584
-0.0840426, -0.425833
-0.0453492, -0.422802
-0.00189626, -0.425867
0.0415703, -0.429702
0.0848734, -0.431941
0.126495, -0.433855
0.167217, -0.431862
0.211523, -0.429249
0.255943, -0.430466
0.297886, -0.43226
0.33683, -0.431258
0.381344, -0.429862
0.424107, -0.43044
0.463714, -0.428699
0.506241, -0.427318
0.553595, -0.431222
0.599973, -0.437308
0.641035, -0.439779
0.682054, -0.440254
0.723537, -0.4414
0.764892, -0.443254
0.805472, -0.443419
0.850811, -0.439454
0.899199, -0.437541
-0.916644, -0.399704
-0.885846, -0.391983
-0.836261, -0.391349
-0.773937, -0.390975
-0.729089, -0.39399
-0.699315, -0.397454
-0.668125, -0.400119
-0.615544, -0.396393
-0.562806, -0.391739
-0.530387, -0.392852
-0.493636, -0.392714
-0.441708, -0.387813
-0.405248, -0.387307
-0.362586, -0.3907
-0.315915, -0.393719
-0.275644, -0.394286
-0.231455, -0.395628
-0.191044, -0.395967
-0.144584, -0.395553
-0.100843, -0.394834
-0.0619387, -0.391991
-0.0234761, -0.387884
0.0166957, -0.385814
0.0607009, -0.389394
0.105499, -0.389974
0.147071, -0.390248
0.189475, -0.391604
0.233187, -0.391293
0.27557, -0.393262
0.318079, -0.394837
0.359165, -0.394367
0.401832, -0.394169
0.445498, -0.393364
0.487236, -0.389892
0.527392, -0.389002
0.573377, -0.393192
0.618701, -0.397754
0.6606, -0.400565
0.701656, -0.402282
0.742902, -0.403755
0.785018, -0.40401
0.829422, -0.400704
0.876279, -0.395404
0.916646, -0.3997
-0.932423, -0.36137
-0.906593, -0.35771
-0.863652, -0.354367
-0.800844, -0.351814
-0.751059, -0.356057
-0.717114, -0.361345
-0.686253, -0.364362
-0.639951, -0.361473
-0.584266, -0.358594
-0.5482, -0.361777
-0.513339, -0.363944
-0.460839, -0.358875
-0.422772, -0.356122
-0.387434, -0.355224
-0.340026, -0.354337
-0.296653, -0.353341
-0.252666, -0.352438
-0.212777, -0.351427
-0.168524, -0.353741
-0.124072, -0.354882
-0.0791067, -0.359801
-0.0389127, -0.358653
-0.000395418, -0.35514
0.0386135, -0.352047
0.082415, -0.351425
0.125403, -0.353715
0.167435, -0.354023
0.211205, -0.354411
0.253192, -0.355138
0.294478, -0.356615
0.338678, -0.357311
0.381871, -0.35554
0.424689, -0.35475
0.468613, -0.356568
0.50773, -0.356311
0.548164, -0.354502
0.593536, -0.353045
0.637026, -0.355135
0.679202, -0.358538
0.721781, -0.360455
0.765069, -0.360158
0.809213, -0.358987
0.854503, -0.358762
0.897293, -0.360148
0.932424, -0.361366
-0.946611, -0.322378
-0.919926, -0.329173
-0.883622, -0.322288
-0.826527, -0.311433
-0.776435, -0.312365
-0.739039, -0.319517
-0.705181, -0.324943
-0.662557, -0.32398
-0.609575, -0.321058
-0.569882, -0.324744
-0.533442, -0.32949
-0.483677, -0.32847
-0.439303, -0.32622
-0.403158, -0.323714
-0.359515, -0.315412
-0.317533, -0.313243
-0.272419, -0.314525
-0.232965, -0.314532
-0.19088, -0.313436
-0.148832, -0.313136
-0.104683, -0.315101
-0.0620447, -0.318208
-0.0181329, -0.324143
0.0212933, -0.322442
0.0615134, -0.319369
0.103298, -0.319904
0.146217, -0.319389
0.188994, -0.318693
0.231686, -0.320174
0.273845, -0.318919
0.317074, -0.317626
0.361313, -0.318884
0.402396, -0.319558
0.443947, -0.320766
0.487601, -0.323212
0.529922, -0.320943
0.57461, -0.315349
0.615822, -0.313029
0.656492, -0.314237
0.699241, -0.316253
0.743824, -0.316957
0.787216, -0.316516
0.829111, -0.31795
0.871306, -0.322788
0.910218, -0.329455
0.946612, -0.322374
-0.95969, -0.281061
-0.930885, -0.299787
-0.897808, -0.290491
-0.847922, -0.275651
-0.798856, -0.272718
-0.76355, -0.277774
-0.728299, -0.283457
-0.684369, -0.284165
-0.633909, -0.280879
-0.593116, -0.284669
-0.554855, -0.289217
-0.508038, -0.289177
-0.459861, -0.287993
-0.417137, -0.286264
-0.374431, -0.279094
-0.339024, -0.278493
-0.297201, -0.281948
-0.252623, -0.284966
-0.211216, -0.284892
-0.168254, -0.282527
-0.126561, -0.280527
-0.0852526, -0.279148
-0.0436989, -0.280424
-0.000621507, -0.283372
0.042099, -0.286665
0.0833916, -0.284838
0.125464, -0.282324
0.167671, -0.283341
0.210523, -0.282787
0.254143, -0.281477
0.295618, -0.281584
0.337562, -0.281673
0.380646, -0.283135
0.423223, -0.282504
0.466239, -0.281337
0.50989, -0.282543
0.554998, -0.283875
0.595981, -0.28362
0.635401, -0.28357
0.676699, -0.283785
0.721301, -0.284276
0.766579, -0.284478
0.807835, -0.285041
0.847915, -0.286947
0.886866, -0.290414
0.922777, -0.296765
0.959691, -0.281057
-0.96957, -0.244813
-0.916829, -0.256389
-0.866391, -0.238832
-0.820625, -0.239061
-0.784708, -0.244719
-0.751332, -0.248126
-0.705785, -0.244028
-0.656248, -0.238325
-0.616826, -0.24341
-0.577707, -0.248528
-0.531081, -0.248615
-0.482412, -0.247112
-0.43687, -0.246612
-0.392045, -0.244901
-0.358147, -0.246615
-0.323605, -0.249689
-0.276838, -0.253267
-0.232498, -0.254514
-0.187272, -0.253799
-0.145449, -0.25137
-0.102954, -0.248115
-0.0633122, -0.24422
-0.0237979, -0.241741
0.018571, -0.245202
0.0628518, -0.24645
0.105836, -0.245697
0.146708, -0.24501
0.189225, -0.243826
0.232187, -0.244374
0.274811, -0.245381
0.317112, -0.244103
0.360015, -0.241293
0.402079, -0.242807
0.444636, -0.245834
0.485575, -0.246521
0.52996, -0.2481
0.574658, -0.250565
0.614978, -0.251686
0.655174, -0.251187
0.69815, -0.250529
0.74411, -0.250518
0.78752, -0.251417
0.826975, -0.252785
0.868507, -0.254298
0.918222, -0.256727
0.969571, -0.244809
-0.978587, -0.205833
-0.92298, -0.211569
-0.884901, -0.205264
-0.850752, -0.204949
-0.809057, -0.212115
-0.771689, -0.217413
-0.724293, -0.209819
-0.674405, -0.201589
-0.639668, -0.204163
-0.602495, -0.208545
-0.554706, -0.208467
-0.505471, -0.207163
-0.460095, -0.207296
-0.414442, -0.208511
-0.377651, -0.213082
-0.344125, -0.216926
-0.301744, -0.217377
-0.255162, -0.215788
-0.209327, -0.216344
-0.165434, -0.215951
-0.121259, -0.216275
-0.0792731, -0.212775
-0.0413453, -0.209356
-0.00319094, -0.206125
0.0381516, -0.205429
0.0849807, -0.208546
0.128254, -0.206759
0.16733, -0.205191
0.210258, -0.207291
0.253736, -0.207188
0.298329, -0.203984
0.338855, -0.205285
0.378372, -0.208433
0.4208, -0.210839
0.46427, -0.211624
0.507265, -0.209629
0.553754, -0.207314
0.595358, -0.206209
0.63489, -0.207309
0.67657, -0.208836
0.72142, -0.209216
0.766749, -0.209208
0.808345, -0.209082
0.848492, -0.211093
0.893389, -0.213433
0.936621, -0.212825
0.978588, -0.20583
-0.986445, -0.164095
-0.941064, -0.176604
-0.902726, -0.175271
-0.871754, -0.176586
-0.837207, -0.179
-0.792994, -0.179527
-0.744125, -0.17297
-0.693261, -0.170362
-0.657967, -0.172696
-0.624235, -0.173946
-0.578164, -0.168921
-0.529076, -0.167966
-0.482735, -0.168646
-0.438361, -0.168804
-0.400549, -0.173867
-0.364165, -0.179568
-0.322163, -0.178764
-0.276411, -0.174582
-0.231739, -0.173384
-0.188653, -0.173767
-0.144158, -0.176332
-0.0995287, -0.17756
-0.0570161, -0.177294
-0.0183171, -0.172563
0.0180872, -0.169136
0.0595667, -0.170284
0.108812, -0.170285
0.147565, -0.170919
0.187462, -0.171237
0.233505, -0.168509
0.276342, -0.168424
0.316431, -0.172191
0.355384, -0.17553
0.398276, -0.175579
0.445369, -0.170747
0.48717, -0.16953
0.530953, -0.171669
0.574572, -0.173528
0.614271, -0.174147
0.654676, -0.1746
0.69906, -0.174622
0.745137, -0.174181
0.789408, -0.173947
0.829859, -0.174163
0.872847, -0.174954
0.916506, -0.174828
0.952964, -0.177493
0.986445, -0.164091
-0.991881, -0.127169
-0.941537, -0.140312
-0.89055, -0.146343
-0.854925, -0.145304
-0.812295, -0.136276
-0.765085, -0.129495
-0.720623, -0.134626
-0.677667, -0.141107
-0.641026, -0.141718
-0.596844, -0.131748
-0.552415, -0.130005
-0.505585, -0.130787
-0.460069, -0.129945
-0.42355, -0.134522
-0.386535, -0.139672
-0.342215, -0.139744
-0.295973, -0.136028
-0.252443, -0.133336
-0.211087, -0.132908
-0.168253, -0.134751
-0.12415, -0.136603
-0.077471, -0.139848
-0.0342766, -0.138481
0.00200695, -0.136385
0.0373843, -0.13437
0.0830408, -0.133342
0.128588, -0.136551
0.167493, -0.13683
0.212585, -0.133648
0.253179, -0.135576
0.293809, -0.138727
0.334511, -0.13966
0.378683, -0.135904
0.424367, -0.135488
0.465968, -0.136814
0.505962, -0.138377
0.55076, -0.141328
0.593685, -0.142949
0.634124, -0.14133
0.676962, -0.138316
0.722629, -0.136461
0.768203, -0.136196
0.810299, -0.137103
0.850797, -0.137499
0.897473, -0.139959
0.946668, -0.142507
0.991881, -0.127166
-0.996344, -0.0854291
-0.963903, -0.103873
-0.917899, -0.101686
-0.872689, -0.0984145
-0.830594, -0.0937108
-0.788136, -0.094622
-0.746825, -0.099211
-0.703974, -0.104643
-0.657384, -0.105238
-0.611828, -0.0962268
-0.574075, -0.0956953
-0.53011, -0.0958297
-0.480561, -0.0934981
-0.445169, -0.0971651
-0.409627, -0.10177
-0.36437, -0.101998
-0.316028, -0.100016
-0.271769, -0.0977528
-0.231589, -0.0965957
-0.190636, -0.0963962
-0.148462, -0.0971596
-0.103092, -0.0995865
-0.0557162, -0.100812
-0.0138252, -0.101545
0.0216243, -0.098607
0.0588987, -0.0965966
0.105129, -0.0988426
0.148893, -0.0981953
0.18923, -0.0980285
0.231635, -0.101952
0.272483, -0.103635
0.31668, -0.0987063
0.357008, -0.0978863
0.39999, -0.100729
0.443549, -0.104324
0.484677, -0.105383
0.527738, -0.102485
0.573319, -0.0999322
0.61649, -0.0982625
0.658311, -0.0956022
0.701344, -0.0939851
0.745969, -0.0941841
0.789837, -0.0944145
0.830576, -0.0943374
0.874397, -0.095706
0.922342, -0.0996622
0.963016, -0.105577
0.996345, -0.0854259
-0.998816, -0.0486506
-0.945816, -0.0625984
-0.891221, -0.0551951
-0.852599, -0.0564117
-0.812068, -0.062665
-0.770466, -0.0674119
-0.728163, -0.0686419
-0.678909, -0.0634721
-0.630513, -0.0627112
-0.592312, -0.0645006
-0.554012, -0.0646358
-0.502119, -0.0614628
-0.464405, -0.0632179
-0.431448, -0.0653281
-0.388215, -0.0644297
-0.338497, -0.0638935
-0.292109, -0.0632796
-0.250796, -0.0632325
-0.210595, -0.0622916
-0.169972, -0.0613795
-0.12746, -0.0617325
-0.0804426, -0.0616435
-0.0332065, -0.0623987
0.00636291, -0.0611571
0.0400032, -0.0616404
0.0799932, -0.0628365
0.129079, -0.0606768
0.16752, -0.0614125
0.207617, -0.0639569
0.252338, -0.0634167
0.297498, -0.0612588
0.336117, -0.0628278
0.375286, -0.0655769
0.420056, -0.066436
0.46605, -0.0634077
0.509913, -0.0593068
0.552272, -0.058121
0.594599, -0.0605722
0.637384, -0.0632091
0.679694, -0.06413
0.722995, -0.064446
0.767901, -0.0650703
0.810832, -0.0645277
0.852735, -0.0620084
0.897536, -0.0580616
0.948343, -0.0577578
0.998816, -0.0486479
-0.999963, -0.00859187
-0.950363, -0.0211804
-0.90843, -0.0245443
-0.873936, -0.025789
-0.837131, -0.0298268
-0.793498, -0.0321127
-0.747501, -0.0264798
-0.700968, -0.021712
-0.656464, -0.0251247
-0.61213, -0.0301579
-0.57348, -0.0294084
-0.527402, -0.0276668
-0.482321, -0.0302281
-0.447907, -0.0292379
-0.410021, -0.0255491
-0.362898, -0.0256986
-0.315252, -0.0263344
-0.271422, -0.028128
-0.230207, -0.0285519
-0.189455, -0.0279335
-0.14867, -0.0268498
-0.103642, -0.024841
-0.0557983, -0.0233099
-0.01285, -0.0227241
0.0213179, -0.0263515
0.0575749, -0.0288814
0.10678, -0.0266423
0.148074, -0.0274792
0.187009, -0.0277343
0.232047, -0.0219153
0.273515, -0.0234357
0.31491, -0.028591
0.354342, -0.0304455
0.399972, -0.0254736
0.446518, -0.0208588
0.488527, -0.0220926
0.529308, -0.0261079
0.570314, -0.0292329
0.613324, -0.0323828
0.657404, -0.0349767
0.700683, -0.0358692
0.745052, -0.0359486
0.790029, -0.0362144
0.833733, -0.0342603
0.87783, -0.0297221
0.921104, -0.0263802
0.963745, -0.0216914
0.999963, -0.00858979
-0.966104, 0.0151315
-0.927104, 0.0123421
-0.891092, 0.00589362
-0.857391, 0.00416457
-0.812753, 0.0087891
-0.764288, 0.0164225
-0.723855, 0.0157478
-0.681131, 0.0103498
-0.636093, 0.0073433
-0.59036, 0.0120134
-0.552903, 0.0126172
-0.505929, 0.00766684
-0.462477, 0.00886965
-0.4271, 0.0125133
-0.386826, 0.0135534
-0.34029, 0.0129702
-0.29447, 0.0100531
-0.251637, 0.008741
-0.209583, 0.00765521
-0.168257, 0.00837078
-0.124237, 0.0110367
-0.0774714, 0.0142252
-0.0342681, 0.0145771
0.000965497, 0.0101359
0.0364931, 0.00639434
0.0829526, 0.00752831
0.127326, 0.00646977
0.169089, 0.00640046
0.214176, 0.0125881
0.250738, 0.0116646
0.290122, 0.00767772
0.335419, 0.00750579
0.381407, 0.0139993
0.424458, 0.0147034
0.464735, 0.0104402
0.505047, 0.00553743
0.547081, 0.00144905
0.589943, 0.00096147
0.634469, 0.00276964
0.678871, 0.00462396
0.722745, 0.00590532
0.767462, 0.00636692
0.812433, 0.00594622
0.85725, 0.00539455
0.901353, 0.0049261
0.94246, 0.00444073
0.976995, 0.00734106
-0.999405, 0.0344997
-0.957482, 0.0531771
-0.912104, 0.05312
-0.872495, 0.0498558
-0.831807, 0.0488372
-0.784313, 0.0481957
-0.744668, 0.0464651
-0.70619, 0.0442658
-0.659776, 0.0443321
-0.608671, 0.0472525
-0.570944, 0.0463957
-0.533512, 0.0455552
-0.482265, 0.045613
-0.442569, 0.0462257
-0.406452, 0.0492565
-0.364538, 0.0522823
-0.318787, 0.0501813
-0.274594, 0.0487587
-0.231034, 0.0469069
-0.188618, 0.0470333
-0.144126, 0.0485705
-0.0983027, 0.0519677
-0.0558853, 0.0521881
-0.0206121, 0.0469098
0.0155058, 0.042599
0.0598455, 0.0431988
0.104636, 0.0425856
0.149464, 0.0426164
0.194997, 0.0456761
0.231526, 0.0442462
0.267748, 0.0422496
0.315361, 0.0468787
0.362221, 0.0510902
0.400876, 0.0480691
0.440646, 0.0428784
0.481026, 0.0386353
0.524724, 0.0388195
0.570796, 0.0434136
0.615725, 0.0484899
0.659615, 0.0517674
0.702169, 0.0533916
0.744821, 0.0542208
0.787953, 0.0544258
0.830786, 0.0538931
0.873613, 0.0529399
0.917556, 0.0508792
0.960124, 0.0404806
0.999405, 0.0345003
-0.997197, 0.0748197
-0.944389, 0.0934691
-0.89679, 0.0907312
-0.854433, 0.0830573
-0.809627, 0.0797019
-0.76407, 0.0765704
-0.725519, 0.0782669
-0.681195, 0.0856579
-0.634976, 0.0843747
-0.589582, 0.0791202
-0.552431, 0.0798449
-0.508531, 0.0827662
-0.460842, 0.0796773
-0.421202, 0.0825643
-0.383176, 0.0875179
-0.341704, 0.0892705
-0.298246, 0.0899153
-0.253403, 0.0879358
-0.209991, 0.0883734
-0.165194, 0.0884067
-0.119393, 0.0898272
-0.0768368, 0.0888815
-0.0427233, 0.0846448
-0.00665523, 0.0801917
0.0378248, 0.080417
0.0819025, 0.0804678
0.127944, 0.0813493
0.173102, 0.0825749
0.211626, 0.079489
0.249596, 0.0780707
0.295746, 0.0846285
0.340616, 0.0861838
0.378343, 0.0816641
0.416193, 0.0768662
0.459773, 0.075703
0.506238, 0.081532
0.553089, 0.0885401
0.596014, 0.0908023
0.637756, 0.0896357
0.680218, 0.087732
0.72267, 0.0866589
0.765863, 0.0866617
0.809137, 0.0878687
0.851715, 0.0899948
0.895081, 0.0932638
0.944922, 0.0949066
0.997197, 0.0748193
-0.993658, 0.112444
-0.951884, 0.129317
-0.918276, 0.123084
-0.879194, 0.116472
-0.833094, 0.1125
-0.784691, 0.113749
-0.739859, 0.119174
-0.700796, 0.121422
-0.658542, 0.120355
-0.61476, 0.118083
-0.570393, 0.118138
-0.529718, 0.119637
-0.485639, 0.119308
-0.439615, 0.117759
-0.399207, 0.11826
-0.360096, 0.122509
-0.31967, 0.126099
-0.275759, 0.126529
-0.231755, 0.128122
-0.187252, 0.128423
-0.143784, 0.126947
-0.0980641, 0.123271
-0.0631333, 0.119519
-0.028222, 0.11692
0.0161845, 0.118677
0.0598954, 0.119123
0.105943, 0.1203
0.150777, 0.120912
0.18989, 0.117833
0.230902, 0.116323
0.276917, 0.121814
0.317357, 0.121095
0.35561, 0.116161
0.394084, 0.112515
0.440265, 0.11606
0.488793, 0.12396
0.533189, 0.127167
0.574117, 0.125443
0.614124, 0.12164
0.655969, 0.117494
0.69903, 0.114218
0.742715, 0.112702
0.787186, 0.113363
0.831352, 0.116142
0.875526, 0.120514
0.919416, 0.126772
0.958358, 0.133376
0.993658, 0.112443
-0.98785, 0.155411
-0.943911, 0.166082
-0.898045, 0.151599
-0.8512, 0.153755
-0.801848, 0.156318
-0.758622, 0.156291
-0.719734, 0.154204
-0.680464, 0.153125
-0.636393, 0.156547
-0.592594, 0.158036
-0.549208, 0.15549
-0.507108, 0.157776
-0.465662, 0.159205
-0.41961, 0.152658
-0.376327, 0.15237
-0.33663, 0.155675
-0.296279, 0.159035
-0.252916, 0.160803
-0.208099, 0.162109
-0.168451, 0.161253
-0.12415, 0.157456
-0.0832783, 0.153205
-0.0472735, 0.152041
-0.00355189, 0.156798
0.0383309, 0.157823
0.0837143, 0.15861
0.128898, 0.158822
0.167731, 0.155992
0.210011, 0.154954
0.257406, 0.158571
0.295408, 0.156481
0.332228, 0.151924
0.373616, 0.149887
0.422087, 0.156253
0.469922, 0.162868
0.51125, 0.162206
0.550599, 0.157881
0.589802, 0.152491
0.630834, 0.148023
0.674083, 0.144944
0.718118, 0.142876
0.763027, 0.142264
0.807575, 0.143441
0.851632, 0.146691
0.895836, 0.151433
0.944899, 0.162531
0.98785, 0.155409
-0.980985, 0.194082
-0.95194, 0.207982
-0.912012, 0.202419
-0.868327, 0.199038
-0.822058, 0.194887
-0.780393, 0.191403
-0.740417, 0.187865
-0.698234, 0.189336
-0.655085, 0.192917
-0.613473, 0.192637
-0.57216, 0.191724
-0.526512, 0.191581
-0.485564, 0.19242
-0.445823, 0.192745
-0.400223, 0.191736
-0.354751, 0.187978
-0.314672, 0.189177
-0.273079, 0.190986
-0.229867, 0.191035
-0.188369, 0.190936
-0.149756, 0.190344
-0.105527, 0.188354
-0.0648201, 0.188864
-0.0203504, 0.194818
0.0176689, 0.195907
0.0606524, 0.196534
0.107659, 0.196875
0.145667, 0.194116
0.187888, 0.193101
0.236626, 0.195549
0.274263, 0.192999
0.309833, 0.188579
0.352949, 0.188052
0.403618, 0.194777
0.449622, 0.198755
0.488566, 0.196558
0.52624, 0.191047
0.565356, 0.185551
0.606799, 0.182171
0.650395, 0.181853
0.694562, 0.183078
0.739143, 0.183982
0.783786, 0.183967
0.827674, 0.183944
0.87101, 0.186367
0.913344, 0.190971
0.948269, 0.20253
0.980986, 0.194079
-0.971244, 0.238087
-0.923248, 0.245143
-0.882001, 0.236693
-0.841722, 0.232186
-0.799199, 0.228224
-0.759388, 0.22843
-0.717322, 0.229257
-0.67562, 0.228047
-0.634901, 0.226369
-0.593072, 0.228311
-0.550566, 0.229583
-0.505083, 0.225427
-0.46473, 0.226864
-0.423367, 0.229776
-0.378184, 0.229693
-0.335623, 0.229816
-0.293904, 0.22725
-0.253073, 0.226285
-0.208276, 0.223576
-0.168991, 0.224735
-0.126483, 0.227028
-0.0843528, 0.228266
-0.0375207, 0.229834
-0.000825333, 0.229799
0.0376967, 0.230604
0.0867663, 0.232723
0.124209, 0.230744
0.164458, 0.229215
0.215302, 0.231127
0.253381, 0.229551
0.288178, 0.225851
0.331346, 0.225709
0.38386, 0.231826
0.428959, 0.234226
0.466375, 0.231291
0.502285, 0.226017
0.541403, 0.221504
0.584811, 0.220346
0.630641, 0.22393
0.675434, 0.228432
0.718532, 0.231512
0.760706, 0.2327
0.801815, 0.232399
0.84197, 0.231834
0.882526, 0.233562
0.92494, 0.24421
0.971245, 0.238084
-0.960322, 0.278892
-0.893462, 0.266367
-0.860207, 0.266256
-0.817507, 0.268742
-0.779185, 0.269064
-0.740271, 0.266481
-0.697954, 0.263695
-0.654655, 0.265482
-0.612703, 0.266582
-0.571517, 0.264927
-0.52901, 0.265739
-0.484911, 0.266177
-0.442217, 0.265424
-0.399855, 0.267496
-0.356145, 0.269223
-0.314879, 0.27017
-0.276931, 0.269571
-0.231894, 0.266562
-0.188375, 0.266013
-0.144567, 0.267308
-0.106523, 0.268324
-0.0613628, 0.265904
-0.0197249, 0.26279
0.0169794, 0.262291
0.0659202, 0.265401
0.104098, 0.264792
0.141301, 0.263527
0.19297, 0.265854
0.233807, 0.265897
0.267437, 0.263283
0.309156, 0.263068
0.363016, 0.267784
0.408338, 0.269982
0.444893, 0.267238
0.479787, 0.262743
0.51847, 0.259565
0.564208, 0.260521
0.612216, 0.265822
0.657066, 0.269974
0.69912, 0.27189
0.740352, 0.272465
0.781217, 0.272522
0.820513, 0.272588
0.855972, 0.272827
0.890928, 0.273102
0.960323, 0.278889
-0.917025, 0.291782
-0.8798, 0.297082
-0.834569, 0.301022
-0.798542, 0.301867
-0.763146, 0.300403
-0.718845, 0.301885
-0.674808, 0.303927
-0.634474, 0.30148
-0.593709, 0.299065
-0.549668, 0.299017
-0.506129, 0.301228
-0.462726, 0.302699
-0.420332, 0.305244
-0.377014, 0.305058
-0.334341, 0.303703
-0.29572, 0.303003
-0.255556, 0.303176
-0.211141, 0.302438
-0.165763, 0.3018
-0.125908, 0.301316
-0.0873629, 0.301748
-0.0413881, 0.300445
-0.0030095, 0.298913
0.0439236, 0.299857
0.085026, 0.299828
0.12056, 0.298788
0.169908, 0.301483
0.215346, 0.303419
0.24835, 0.301448
0.286442, 0.300281
0.340405, 0.303241
0.387957, 0.305548
0.424417, 0.30367
0.45861, 0.300147
0.496815, 0.298055
0.543269, 0.300131
0.592968, 0.305011
0.637558, 0.307574
0.678841, 0.307908
0.719318, 0.30715
0.760185, 0.306368
0.800795, 0.306248
0.839695, 0.306679
0.876597, 0.306875
0.917024, 0.297755
-0.946224, 0.323513
-0.906468, 0.329273
-0.862278, 0.331437
-0.81709, 0.335215
-0.782756, 0.335262
-0.738217, 0.337632
-0.696981, 0.33919
-0.657721, 0.336454
-0.616241, 0.334225
-0.571806, 0.335418
-0.526789, 0.334344
-0.482597, 0.335595
-0.438677, 0.339033
-0.397951, 0.34211
-0.359588, 0.341735
-0.316086, 0.336266
-0.276437, 0.336134
-0.233223, 0.336958
-0.190313, 0.336435
-0.144527, 0.334717
-0.106833, 0.335095
-0.0617896, 0.337769
-0.0231116, 0.338319
0.0198039, 0.337813
0.0660249, 0.33812
0.101361, 0.337289
0.146, 0.33791
0.19634, 0.339727
0.230144, 0.338558
0.264481, 0.336656
0.31564, 0.338531
0.367347, 0.341049
0.405173, 0.34025
0.438609, 0.337968
0.475816, 0.336544
0.521752, 0.338544
0.572419, 0.342243
0.617231, 0.343662
0.657939, 0.34298
0.697956, 0.341252
0.7392, 0.339597
0.781503, 0.339051
0.822976, 0.339052
0.862937, 0.338101
0.90332, 0.335573
0.946225, 0.323509
-0.930653, 0.365902
-0.88758, 0.367195
-0.838612, 0.371671
-0.801287, 0.374706
-0.762962, 0.375618
-0.716333, 0.376365
-0.68016, 0.374873
-0.63824, 0.373755
-0.594269, 0.373279
-0.549455, 0.374177
-0.505185, 0.373879
-0.458533, 0.372022
-0.41473, 0.373423
-0.378516, 0.375111
-0.340963, 0.375047
-0.297142, 0.374868
-0.25357, 0.376177
-0.213828, 0.376601
-0.167499, 0.373855
-0.125789, 0.372662
-0.0825137, 0.372653
-0.042294, 0.373314
-0.00361131, 0.373669
0.0461009, 0.374852
0.0828855, 0.374754
0.12111, 0.374228
0.174454, 0.374535
0.212524, 0.374045
0.244887, 0.372804
0.290055, 0.37412
0.345809, 0.376627
0.38668, 0.376795
0.420348, 0.375844
0.455673, 0.375365
0.499435, 0.37674
0.550234, 0.378821
0.596265, 0.379592
0.636981, 0.378574
0.67639, 0.376629
0.717851, 0.375013
0.761442, 0.374523
0.804667, 0.374116
0.846738, 0.372594
0.888278, 0.370976
0.930655, 0.365898
-0.913528, 0.406777
-0.865291, 0.410019
-0.820624, 0.414092
-0.784848, 0.414117
-0.738375, 0.412879
-0.699357, 0.412427
-0.662087, 0.411754
-0.615958, 0.412713
-0.571208, 0.413783
-0.52821, 0.41358
-0.483903, 0.412522
-0.43728, 0.410279
-0.395005, 0.408371
-0.359613, 0.409365
-0.317401, 0.411382
-0.272712, 0.412967
-0.233533, 0.413108
-0.193385, 0.413099
-0.147849, 0.411283
-0.105888, 0.410403
-0.06102, 0.409027
-0.0235702, 0.408902
0.0232769, 0.410184
0.06489, 0.410226
0.0996093, 0.409746
0.148763, 0.409936
0.194652, 0.409763
0.227829, 0.409435
0.265961, 0.410455
0.321179, 0.412278
0.367732, 0.413144
0.403232, 0.413248
0.437307, 0.413631
0.477299, 0.414809
0.526522, 0.415865
0.574445, 0.415871
0.616256, 0.414937
0.655379, 0.413159
0.696582, 0.411827
0.740903, 0.411817
0.784502, 0.411497
0.827712, 0.409465
0.870813, 0.408267
0.91353, 0.406772
-0.894842, 0.446384
-0.842088, 0.45031
-0.805662, 0.450765
-0.766677, 0.44908
-0.719303, 0.448429
-0.682037, 0.449248
-0.638442, 0.450341
-0.592762, 0.450929
-0.549579, 0.451818
-0.507469, 0.451724
-0.462361, 0.450299
-0.416393, 0.448208
-0.377261, 0.447188
-0.338143, 0.448177
-0.295125, 0.449518
-0.251465, 0.449969
-0.215506, 0.449928
-0.169733, 0.449576
-0.128038, 0.449222
-0.0826954, 0.448817
-0.043074, 0.448304
-0.00191716, 0.447607
0.0464032, 0.447358
0.0815118, 0.447209
0.122081, 0.447013
0.174432, 0.447422
0.211509, 0.448039
0.245723, 0.448585
0.293849, 0.448634
0.347329, 0.448624
0.386573, 0.449259
0.420554, 0.450553
0.45727, 0.452254
0.502037, 0.453481
0.551177, 0.453098
0.595226, 0.45179
0.634986, 0.450507
0.675149, 0.4491
0.719976, 0.448812
0.763791, 0.448852
0.806511, 0.447265
0.850827, 0.445672
0.894844, 0.446378
-0.87464, 0.484772
-0.825683, 0.487399
-0.789903, 0.486182
-0.741568, 0.486261
-0.700484, 0.487935
-0.662666, 0.489249
-0.615652, 0.488633
-0.570692, 0.488316
-0.528803, 0.488338
-0.486255, 0.488252
-0.441055, 0.487811
-0.396502, 0.487078
-0.357567, 0.485713
-0.315444, 0.485222
-0.271607, 0.485427
-0.233525, 0.485307
-0.194112, 0.485117
-0.148775, 0.48543
-0.106049, 0.4863
-0.0617921, 0.487451
-0.0248602, 0.486916
0.0232332, 0.484897
0.0642091, 0.484386
0.0994124, 0.484767
0.149833, 0.485101
0.195119, 0.486204
0.228325, 0.487596
0.266318, 0.487325
0.32143, 0.48507
0.368716, 0.484243
0.404953, 0.485504
0.44006, 0.488089
0.48001, 0.490777
0.526441, 0.491408
0.573067, 0.489796
0.614544, 0.48799
0.654322, 0.487051
0.698086, 0.486602
0.743363, 0.485963
0.785076, 0.485056
0.828359, 0.484092
0.874644, 0.484766
-0.852994, 0.52192
-0.809708, 0.522934
-0.76886, 0.523034
-0.719193, 0.525481
-0.682362, 0.528775
-0.640334, 0.529045
-0.594932, 0.527999
-0.550338, 0.5255
-0.507693, 0.525117
-0.463012, 0.526243
-0.418481, 0.526392
-0.37872, 0.524996
-0.338423, 0.523194
-0.29504, 0.521213
-0.252108, 0.519999
-0.215233, 0.519451
-0.169209, 0.521137
-0.126972, 0.52193
-0.0817624, 0.522048
-0.0435534, 0.521674
-0.00461098, 0.521504
0.0455066, 0.520758
0.0821476, 0.521323
0.122586, 0.522175
0.176088, 0.522213
0.213389, 0.523375
0.245769, 0.525476
0.290166, 0.524417
0.346199, 0.521385
0.388706, 0.521036
0.424592, 0.523103
0.462053, 0.526372
0.503537, 0.528887
0.549109, 0.52859
0.593266, 0.526575
0.633883, 0.524455
0.676233, 0.524223
0.722328, 0.523411
0.76439, 0.522066
0.806054, 0.521901
0.852998, 0.521914
-0.829979, 0.557795
-0.790294, 0.558201
-0.740262, 0.55759
-0.698414, 0.561034
-0.660732, 0.566295
-0.620246, 0.568855
-0.574533, 0.565948
-0.529508, 0.565255
-0.484884, 0.565236
-0.44118, 0.56517
-0.398583, 0.564644
-0.360678, 0.562612
-0.317055, 0.561583
-0.274731, 0.559166
-0.233582, 0.557494
-0.192061, 0.557826
-0.146652, 0.560201
-0.106943, 0.558843
-0.0617431, 0.556402
-0.0245095, 0.556883
0.0207626, 0.557849
0.0655848, 0.558418
0.101338, 0.559759
0.148705, 0.559171
0.197803, 0.557979
0.231079, 0.560196
0.265496, 0.563186
0.315408, 0.561609
0.368119, 0.558381
0.408535, 0.5588
0.445799, 0.561541
0.484386, 0.564153
0.52621, 0.565639
0.570532, 0.564901
0.613047, 0.563181
0.654375, 0.561054
0.700883, 0.561121
0.744523, 0.559089
0.784483, 0.558164
0.829983, 0.557788
-0.805638, 0.592409
-0.768598, 0.588624
-0.717351, 0.589393
-0.675597, 0.594969
-0.638643, 0.59998
-0.598879, 0.602786
-0.552203, 0.60498
-0.506864, 0.605633
-0.462927, 0.606194
-0.420887, 0.60278
-0.380897, 0.599756
-0.34041, 0.598324
-0.297877, 0.597391
-0.255161, 0.595945
-0.213169, 0.595145
-0.167355, 0.595382
-0.127366, 0.594698
-0.0862076, 0.593626
-0.0420509, 0.594982
-0.00364499, 0.596115
0.0450152, 0.594673
0.0848156, 0.595015
0.121908, 0.596441
0.173833, 0.594699
0.217151, 0.594591
0.249809, 0.598494
0.287571, 0.601625
0.339319, 0.598802
0.388998, 0.595062
0.429412, 0.595892
0.467429, 0.598735
0.505962, 0.600468
0.54828, 0.601409
0.591596, 0.600932
0.634375, 0.600456
0.679047, 0.599351
0.724338, 0.596477
0.76467, 0.591954
0.805642, 0.592402
-0.779856, 0.625959
-0.744888, 0.618161
-0.704416, 0.635947
-0.657137, 0.631285
-0.617673, 0.63182
-0.57198, 0.637076
-0.526187, 0.641711
-0.48647, 0.643022
-0.445337, 0.639547
-0.403629, 0.636946
-0.362248, 0.635877
-0.318402, 0.636863
-0.277668, 0.635269
-0.233228, 0.6358
-0.192383, 0.633731
-0.146582, 0.631339
-0.107956, 0.630493
-0.0617554, 0.630571
-0.0215677, 0.630474
0.0175578, 0.630223
0.0666994, 0.628924
0.104423, 0.630643
0.144748, 0.631601
0.197881, 0.62988
0.236984, 0.632183
0.270256, 0.637446
0.309628, 0.640001
0.360595, 0.6358
0.409498, 0.63192
0.450599, 0.632186
0.488693, 0.634625
0.527653, 0.63612
0.57024, 0.637889
0.613607, 0.638223
0.658593, 0.638675
0.708178, 0.639748
0.746893, 0.623366
0.779862, 0.625952
-0.751581, 0.659641
-0.725965, 0.687732
-0.676934, 0.672074
-0.636311, 0.666783
-0.592222, 0.668865
-0.544014, 0.671274
-0.506296, 0.674754
-0.46775, 0.674463
-0.425314, 0.675812
-0.380258, 0.679629
-0.340163, 0.677686
-0.298484, 0.674731
-0.256149, 0.671842
-0.213372, 0.670475
-0.171412, 0.669295
-0.126867, 0.669675
-0.0881661, 0.668636
-0.0411411, 0.665176
-0.0024194, 0.664555
0.0412908, 0.665228
0.0879961, 0.666354
0.124465, 0.668506
0.168717, 0.667815
0.220975, 0.665942
0.257977, 0.669816
0.291437, 0.675711
0.330952, 0.678707
0.380521, 0.674699
0.429316, 0.669809
0.471136, 0.66842
0.510662, 0.670065
0.549905, 0.67048
0.592271, 0.67236
0.634947, 0.67275
0.679039, 0.675863
0.725971, 0.687725
0.751587, 0.659634
-0.697675, 0.716414
-0.654418, 0.705184
-0.612973, 0.707432
-0.568445, 0.708637
-0.525371, 0.709271
-0.484722, 0.709546
-0.442065, 0.717045
-0.401071, 0.71604
-0.361495, 0.712536
-0.322724, 0.708912
-0.280551, 0.705929
-0.235169, 0.703096
-0.192932, 0.702348
-0.14791, 0.702427
-0.107505, 0.702456
-0.0673746, 0.701864
-0.0206859, 0.702699
0.0188521, 0.70475
0.0661035, 0.704835
0.107742, 0.70543
0.144285, 0.707717
0.192041, 0.705507
0.24273, 0.702742
0.2793, 0.70726
0.313344, 0.713838
0.352452, 0.718377
0.399141, 0.715924
0.447403, 0.710205
0.490755, 0.705602
0.531996, 0.704932
0.572374, 0.703363
0.613992, 0.703697
0.6559, 0.705187
0.697682, 0.716408
-0.667835, 0.744309
-0.633402, 0.738322
-0.597422, 0.753644
-0.552443, 0.75265
-0.503865, 0.752955
-0.461614, 0.754264
-0.42369, 0.750586
-0.38466, 0.74596
-0.344467, 0.742087
-0.30268, 0.742472
-0.258693, 0.74099
-0.212456, 0.740673
-0.170922, 0.738809
-0.126468, 0.736291
-0.0871532, 0.73611
-0.0413549, 0.738309
0.00216649, 0.742215
0.0405295, 0.744606
0.0875714, 0.741672
0.127154, 0.742253
0.164966, 0.7456
0.213729, 0.743586
0.263308, 0.739888
0.301207, 0.744664
0.336585, 0.751271
0.374862, 0.757614
0.417581, 0.758034
0.464137, 0.754124
0.509819, 0.7464
0.55281, 0.740582
0.599829, 0.741432
0.6352, 0.732906
0.667843, 0.744302
-0.635266, 0.772294
-0.577295, 0.785829
-0.53206, 0.795136
-0.483974, 0.79319
-0.446859, 0.788782
-0.407879, 0.783696
-0.36216, 0.782984
-0.320748, 0.785859
-0.276738, 0.788227
-0.233396, 0.786247
-0.19041, 0.784717
-0.150247, 0.780433
-0.107273, 0.776998
-0.0639709, 0.775098
-0.0151238, 0.776641
0.0237504, 0.779354
0.060192, 0.781197
0.107476, 0.777089
0.147544, 0.778535
0.186136, 0.783528
0.233184, 0.783218
0.281818, 0.778771
0.32329, 0.782042
0.359894, 0.787717
0.39816, 0.795319
0.437963, 0.798116
0.482619, 0.798832
0.529627, 0.794931
0.571707, 0.775936
0.635274, 0.772287
-0.605713, 0.795683
-0.571677, 0.820479
-0.501258, 0.824531
-0.468735, 0.831364
-0.428452, 0.82514
-0.380081, 0.825555
-0.335018, 0.831109
-0.295556, 0.83049
-0.252967, 0.828501
-0.21232, 0.824028
-0.170278, 0.819157
-0.131563, 0.818004
-0.0868989, 0.815546
-0.0404528, 0.81393
0.00785283, 0.812652
0.0437199, 0.814538
0.0793565, 0.816051
0.127713, 0.812104
0.168252, 0.814086
0.207832, 0.820996
0.249945, 0.824133
0.297572, 0.819538
0.343485, 0.819264
0.382361, 0.823115
0.42145, 0.830541
0.463679, 0.839332
0.502945, 0.832048
0.571686, 0.820473
0.605721, 0.795677
-0.540872, 0.841105
-0.505205, 0.863
-0.444341, 0.858299
-0.398362, 0.870689
-0.350654, 0.86905
-0.312133, 0.866737
-0.275148, 0.862767
-0.233768, 0.856698
-0.191022, 0.849676
-0.150002, 0.849008
-0.109765, 0.851249
-0.0645389, 0.851952
-0.0185651, 0.849998
0.0278858, 0.846918
0.0629522, 0.848426
0.0991905, 0.849445
0.147736, 0.845625
0.189209, 0.84868
0.228896, 0.858551
0.266828, 0.863474
0.312161, 0.862675
0.360466, 0.856765
0.40541, 0.863894
0.441141, 0.862424
0.505215, 0.862994
0.540882, 0.841099
-0.47289, 0.881121
-0.435419, 0.900228
-0.366454, 0.903293
-0.331963, 0.902912
-0.29569, 0.905381
-0.251907, 0.889339
-0.210555, 0.880459
-0.166017, 0.87632
-0.126921, 0.88212
-0.0867958, 0.88697
-0.0436952, 0.887654
0.00166446, 0.885496
0.047028, 0.8816
0.0828175, 0.882662
0.120189, 0.88299
0.166219, 0.878484
0.209822, 0.884736
0.246846, 0.894435
0.288688, 0.908888
0.331118, 0.90319
0.37294, 0.893059
0.43543, 0.900223
0.472901, 0.881116
-0.401262, 0.915963
-0.361662, 0.932309
-0.323735, 0.946148
-0.263567, 0.926735
-0.218856, 0.926711
-0.182745, 0.906529
-0.143695, 0.912645
-0.105386, 0.921113
-0.0670349, 0.925258
-0.0237078, 0.924035
0.0228107, 0.921617
0.0672932, 0.918207
0.104801, 0.918426
0.141776, 0.917376
0.182445, 0.912527
0.218424, 0.929706
0.258261, 0.929551
0.323747, 0.946144
0.361674, 0.932305
0.401273, 0.915959
-0.287067, 0.957911
-0.244, 0.969775
-0.203014, 0.979176
-0.170208, 0.945987
-0.125693, 0.953037
-0.0861466, 0.961907
-0.0484562, 0.963678
-0.00118329, 0.95926
0.0448521, 0.959819
0.0885548, 0.955548
0.128543, 0.95445
0.169556, 0.950934
0.203026, 0.979173
0.244013, 0.969772
0.287079, 0.957907
-0.156905, 0.987614
-0.111784, 0.993733
-0.0670048, 0.997753
-0.0223239, 0.999751
0.0223369, 0.99975
0.0670178, 0.997752
0.111797, 0.993731
0.156917, 0.987612
