0, 100067
0.04793, 4.53198
0.05949, 4.53096
0.070684, 4.53001
0.081223, 4.52912
0.091911, 4.52829
0.102481, 4.52752
0.115041, 4.5268
0.126955, 4.52612
0.137949, 4.52548
0.148766, 4.52488
0.159341, 4.52432
0.169921, 4.52379
0.180553, 4.52329
0.191208, 4.52282
0.201863, 4.52238
0.212627, 4.52196
0.223191, 4.52156
0.233825, 4.52119
0.244415, 4.52083
0.255134, 4.5205
0.265611, 4.52018
0.276109, 4.51988
0.286896, 4.51959
0.297555, 4.51932
0.308676, 4.51906
0.319482, 4.51882
0.330172, 4.51859
0.340698, 4.51836
0.351568, 4.51815
0.363063, 4.51795
0.37463, 4.51776
0.385541, 4.51758
0.396126, 4.5174
0.406834, 4.51724
0.417623, 4.51708
0.428294, 4.51693
0.438677, 4.51678
