9.53468e-18, 0
0.025, -8.6888e-18
0.05, 1.12505e-17
0.075, -5.21869e-18
0.1, -2.26523e-19
0.125, 4.99662e-18
0.15, -2.16261e-18
0.175, -5.28748e-18
0.2, -2.65766e-20
0.225, 7.3299e-19
0.25, 4.45455e-18
0.275, -8.528e-20
0.3, 6.10043e-19
0.325, 6.14553e-20
0.35, -1.83421e-19
0.375, 9.33375e-20
0.4, 1.05142e-18
0.425, 1.15976e-18
0.45, -2.09186e-18
0.475, 4.68777e-19
0.5, 5.75735e-19
0.525, 7.6923e-19
0.55, 1.00409e-18
0.575, 1.85235e-18
0.6, -3.37636e-20
0.625, -5.75075e-19
0.65, -5.08941e-19
0.675, 6.6203e-19
0.7, -7.90015e-19
0.725, -5.71639e-19
0.75, 4.77256e-18
0.775, 3.92296e-18
0.8, 5.93335e-18
0.825, 6.92382e-20
0.85, -3.74631e-18
0.875, 1.97677e-18
0.9, 3.39189e-19
0.925, -5.73195e-18
0.95, 8.22864e-18
0.975, 2.44443e-19
1, -1.3435e-18
2.82852e-18, 0.025
0.0284623, 0.0284623
0.0528765, 0.027741
0.0764843, 0.0263341
0.099776, 0.0244624
0.123297, 0.0227279
0.147418, 0.0216025
0.17219, 0.0212014
0.197429, 0.0213594
0.222906, 0.021853
0.248456, 0.0225187
0.273981, 0.0232569
0.299434, 0.0240071
0.324792, 0.0247293
0.350049, 0.0253942
0.375206, 0.0259798
0.400271, 0.0264675
0.425246, 0.0268275
0.450104, 0.026984
0.475005, 0.0270466
0.5, 0.0270841
0.524995, 0.0270466
0.549896, 0.026984
0.574754, 0.0268275
0.599729, 0.0264675
0.624794, 0.0259798
0.649951, 0.0253942
0.675208, 0.0247293
0.700566, 0.0240071
0.726019, 0.0232569
0.751544, 0.0225187
0.777094, 0.021853
0.802571, 0.0213594
0.82781, 0.0212014
0.852582, 0.0216025
0.876703, 0.0227279
0.900224, 0.0244624
0.923516, 0.0263341
0.947123, 0.027741
0.971538, 0.0284623
1, 0.025
-1.21206e-17, 0.05
0.027741, 0.0528765
0.0513602, 0.0513602
0.0745061, 0.0494753
0.0979519, 0.0477093
0.122112, 0.0465608
0.147007, 0.0461845
0.172401, 0.0464339
0.198029, 0.0470723
0.22371, 0.0479136
0.249344, 0.0488407
0.274881, 0.0497813
0.300296, 0.0506867
0.325582, 0.0515204
0.350741, 0.0522546
0.375782, 0.0528672
0.400701, 0.0533247
0.425439, 0.0535244
0.450212, 0.0536463
0.47513, 0.0538402
0.5, 0.0539358
0.52487, 0.0538402
0.549788, 0.0536463
0.574561, 0.0535244
0.599299, 0.0533247
0.624218, 0.0528672
0.649259, 0.0522546
0.674418, 0.0515204
0.699704, 0.0506867
0.725119, 0.0497813
0.750656, 0.0488407
0.77629, 0.0479136
0.801971, 0.0470723
0.827599, 0.0464339
0.852993, 0.0461845
0.877888, 0.0465608
0.902048, 0.0477093
0.925494, 0.0494753
0.94864, 0.0513602
0.972259, 0.0528765
1, 0.05
2.88905e-18, 0.075
0.0263341, 0.0764843
0.0494753, 0.0745061
0.0727523, 0.0727523
0.0968466, 0.0716689
0.121802, 0.0714064
0.147328, 0.0717839
0.173107, 0.0725451
0.198932, 0.0735017
0.224696, 0.0745397
0.250341, 0.0755871
0.275838, 0.0765898
0.301173, 0.0775009
0.326347, 0.0782787
0.351368, 0.0788897
0.376235, 0.0793001
0.400881, 0.0794115
0.425547, 0.0794538
0.450431, 0.0796452
0.475272, 0.0797778
0.5, 0.0797947
0.524728, 0.0797778
0.549569, 0.0796452
0.574453, 0.0794538
0.599119, 0.0794115
0.623765, 0.0793001
0.648632, 0.0788897
0.673653, 0.0782787
0.698827, 0.0775009
0.724162, 0.0765898
0.749659, 0.0755871
0.775304, 0.0745397
0.801068, 0.0735017
0.826893, 0.0725451
0.852672, 0.0717839
0.878198, 0.0714064
0.903153, 0.0716689
0.927248, 0.0727523
0.950525, 0.0745061
0.973666, 0.0764843
1, 0.075
-4.49611e-19, 0.1
0.0244624, 0.099776
0.0477093, 0.0979519
0.0716689, 0.0968466
0.0966119, 0.0966119
0.12222, 0.0970512
0.14813, 0.097881
0.174103, 0.0989081
0.20001, 0.100019
0.225781, 0.101138
0.251375, 0.102198
0.276765, 0.103131
0.301939, 0.103862
0.326905, 0.10433
0.351684, 0.104501
0.376241, 0.10433
0.400795, 0.104056
0.425623, 0.103937
0.450476, 0.103804
0.475235, 0.103629
0.5, 0.103562
0.524765, 0.103629
0.549524, 0.103804
0.574377, 0.103937
0.599205, 0.104056
0.623759, 0.10433
0.648316, 0.104501
0.673095, 0.10433
0.698061, 0.103862
0.723235, 0.103131
0.748625, 0.102198
0.774219, 0.101138
0.79999, 0.100019
0.825897, 0.0989081
0.85187, 0.097881
0.87778, 0.0970512
0.903388, 0.0966119
0.928331, 0.0968466
0.952291, 0.0979519
0.975538, 0.099776
1, 0.1
-4.66792e-18, 0.125
0.0227279, 0.123297
0.0465608, 0.122112
0.0714064, 0.121802
0.0970512, 0.12222
0.123066, 0.123066
0.149178, 0.124125
0.175237, 0.125275
0.201152, 0.126434
0.226857, 0.12752
0.2523, 0.128429
0.277442, 0.129036
0.302285, 0.129233
0.326887, 0.128991
0.351313, 0.128372
0.375726, 0.127606
0.400424, 0.126955
0.425266, 0.126349
0.45011, 0.125783
0.475031, 0.125417
0.5, 0.125291
0.524969, 0.125417
0.54989, 0.125783
0.574734, 0.126349
0.599576, 0.126955
0.624274, 0.127606
0.648687, 0.128372
0.673113, 0.128991
0.697715, 0.129233
0.722558, 0.129036
0.7477, 0.128429
0.773143, 0.12752
0.798848, 0.126434
0.824763, 0.125275
0.850822, 0.124125
0.876934, 0.123066
0.902949, 0.12222
0.928594, 0.121802
0.953439, 0.122112
0.977272, 0.123297
1, 0.125
-1.10874e-17, 0.15
0.0216025, 0.147418
0.0461845, 0.147007
0.0717839, 0.147328
0.097881, 0.14813
0.124125, 0.149178
0.150335, 0.150335
0.176406, 0.151507
0.202242, 0.152598
0.227745, 0.153465
0.252831, 0.153922
0.277483, 0.153804
0.301811, 0.153102
0.326035, 0.152018
0.350293, 0.150796
0.37481, 0.149671
0.399601, 0.148693
0.424525, 0.147866
0.449598, 0.147286
0.474774, 0.146952
0.5, 0.146844
0.525226, 0.146952
0.550402, 0.147286
0.575475, 0.147866
0.600399, 0.148693
0.62519, 0.149671
0.649707, 0.150796
0.673965, 0.152018
0.698189, 0.153102
0.722517, 0.153804
0.747169, 0.153922
0.772255, 0.153465
0.797758, 0.152598
0.823594, 0.151507
0.849665, 0.150335
0.875875, 0.149178
0.902119, 0.14813
0.928216, 0.147328
0.953815, 0.147007
0.978397, 0.147418
1, 0.15
4.08623e-18, 0.175
0.0212014, 0.17219
0.0464339, 0.172401
0.0725451, 0.173107
0.0989081, 0.174103
0.125275, 0.175237
0.151507, 0.176406
0.177493, 0.177493
0.20309, 0.178328
0.228138, 0.17867
0.252576, 0.1783
0.276578, 0.177226
0.300533, 0.175789
0.324641, 0.174292
0.349008, 0.172932
0.373749, 0.171859
0.39876, 0.171096
0.423961, 0.170631
0.449268, 0.170384
0.474625, 0.170274
0.5, 0.170243
0.525375, 0.170274
0.550732, 0.170384
0.576039, 0.170631
0.60124, 0.171096
0.626251, 0.171859
0.650992, 0.172932
0.675359, 0.174292
0.699467, 0.175789
0.723422, 0.177226
0.747424, 0.1783
0.771862, 0.17867
0.79691, 0.178328
0.822507, 0.177493
0.848493, 0.176406
0.874725, 0.175237
0.901092, 0.174103
0.927455, 0.173107
0.953566, 0.172401
0.978799, 0.17219
1, 0.175
1.22256e-17, 0.2
0.0213594, 0.197429
0.0470723, 0.198029
0.0735017, 0.198932
0.100019, 0.20001
0.126434, 0.201152
0.152598, 0.202242
0.178328, 0.20309
0.203403, 0.203403
0.227687, 0.202905
0.251373, 0.201616
0.27502, 0.199977
0.298964, 0.198383
0.323245, 0.19701
0.347989, 0.196066
0.373123, 0.195601
0.398457, 0.195479
0.423861, 0.195548
0.449264, 0.195682
0.474641, 0.195795
0.5, 0.195838
0.525359, 0.195795
0.550736, 0.195682
0.576139, 0.195548
0.601543, 0.195479
0.626877, 0.195601
0.652011, 0.196066
0.676755, 0.19701
0.701036, 0.198383
0.72498, 0.199977
0.748627, 0.201616
0.772313, 0.202905
0.796597, 0.203403
0.821672, 0.20309
0.847402, 0.202242
0.873566, 0.201152
0.899981, 0.20001
0.926498, 0.198932
0.952928, 0.198029
0.978641, 0.197429
1, 0.2
-1.92983e-18, 0.225
0.021853, 0.222906
0.0479136, 0.22371
0.0745397, 0.224696
0.101138, 0.225781
0.12752, 0.226857
0.153465, 0.227745
0.17867, 0.228138
0.202905, 0.227687
0.226351, 0.226351
0.249682, 0.224636
0.273415, 0.223035
0.297623, 0.221742
0.32241, 0.220995
0.347697, 0.220858
0.37319, 0.221094
0.398704, 0.221506
0.424151, 0.221951
0.449504, 0.222331
0.474775, 0.222584
0.5, 0.222672
0.525225, 0.222584
0.550496, 0.222331
0.575849, 0.221951
0.601296, 0.221506
0.62681, 0.221094
0.652303, 0.220858
0.67759, 0.220995
0.702377, 0.221742
0.726585, 0.223035
0.750318, 0.224636
0.773649, 0.226351
0.797095, 0.227687
0.82133, 0.228138
0.846535, 0.227745
0.87248, 0.226857
0.898862, 0.225781
0.92546, 0.224696
0.952086, 0.22371
0.978147, 0.222906
1, 0.225
1.88476e-18, 0.25
0.0225187, 0.248456
0.0488407, 0.249344
0.0755871, 0.250341
0.102198, 0.251375
0.128429, 0.2523
0.153922, 0.252831
0.1783, 0.252576
0.201616, 0.251373
0.224636, 0.249682
0.248087, 0.248087
0.272158, 0.246857
0.296965, 0.246256
0.322406, 0.246354
0.348084, 0.24686
0.373753, 0.247553
0.399298, 0.248284
0.424675, 0.248953
0.449891, 0.249485
0.47498, 0.249826
0.5, 0.249944
0.52502, 0.249826
0.550109, 0.249485
0.575325, 0.248953
0.600702, 0.248284
0.626247, 0.247553
0.651916, 0.24686
0.677594, 0.246354
0.703035, 0.246256
0.727842, 0.246857
0.751913, 0.248087
0.775364, 0.249682
0.798384, 0.251373
0.8217, 0.252576
0.846078, 0.252831
0.871571, 0.2523
0.897802, 0.251375
0.924413, 0.250341
0.951159, 0.249344
0.977481, 0.248456
1, 0.25
-3.94867e-18, 0.275
0.0232569, 0.273981
0.0497813, 0.274881
0.0765898, 0.275838
0.103131, 0.276765
0.129036, 0.277442
0.153804, 0.277483
0.177226, 0.276578
0.199977, 0.27502
0.223035, 0.273415
0.246857, 0.272158
0.271598, 0.271598
0.297136, 0.27181
0.323005, 0.272473
0.348883, 0.273354
0.374606, 0.274311
0.400101, 0.27524
0.42535, 0.276055
0.450375, 0.276687
0.475233, 0.277086
0.5, 0.277222
0.524767, 0.277086
0.549625, 0.276687
0.57465, 0.276055
0.599899, 0.27524
0.625394, 0.274311
0.651117, 0.273354
0.676995, 0.272473
0.702864, 0.27181
0.728402, 0.271598
0.753143, 0.272158
0.776965, 0.273415
0.800023, 0.27502
0.822774, 0.276578
0.846196, 0.277483
0.870964, 0.277442
0.896869, 0.276765
0.92341, 0.275838
0.950219, 0.274881
0.976743, 0.273981
1, 0.275
2.1771e-18, 0.3
0.0240071, 0.299434
0.0506867, 0.300296
0.0775009, 0.301173
0.103862, 0.301939
0.129233, 0.302285
0.153102, 0.301811
0.175789, 0.300533
0.198383, 0.298964
0.221742, 0.297623
0.246256, 0.296965
0.27181, 0.297136
0.297836, 0.297836
0.323944, 0.298806
0.349919, 0.299898
0.375637, 0.301012
0.401037, 0.302053
0.426113, 0.302931
0.450908, 0.303576
0.475504, 0.30396
0.5, 0.304086
0.524496, 0.30396
0.549092, 0.303576
0.573887, 0.302931
0.598963, 0.302053
0.624363, 0.301012
0.650081, 0.299898
0.676056, 0.298806
0.702164, 0.297836
0.72819, 0.297136
0.753744, 0.296965
0.778258, 0.297623
0.801617, 0.298964
0.824211, 0.300533
0.846898, 0.301811
0.870767, 0.302285
0.896138, 0.301939
0.922499, 0.301173
0.949313, 0.300296
0.975993, 0.299434
1, 0.3
4.54229e-19, 0.325
0.0247293, 0.324792
0.0515204, 0.325582
0.0782787, 0.326347
0.10433, 0.326905
0.128991, 0.326887
0.152018, 0.326035
0.174292, 0.324641
0.19701, 0.323245
0.220995, 0.32241
0.246354, 0.322406
0.272473, 0.323005
0.298806, 0.323944
0.325062, 0.325062
0.351085, 0.326253
0.376753, 0.327416
0.401995, 0.328425
0.426824, 0.329158
0.451344, 0.329569
0.4757, 0.329731
0.5, 0.329766
0.5243, 0.329731
0.548656, 0.329569
0.573176, 0.329158
0.598005, 0.328425
0.623247, 0.327416
0.648915, 0.326253
0.674938, 0.325062
0.701194, 0.323944
0.727527, 0.323005
0.753646, 0.322406
0.779005, 0.32241
0.80299, 0.323245
0.825708, 0.324641
0.847982, 0.326035
0.871009, 0.326887
0.89567, 0.326905
0.921721, 0.326347
0.94848, 0.325582
0.975271, 0.324792
1, 0.325
-1.75417e-19, 0.35
0.0253942, 0.350049
0.0522546, 0.350741
0.0788897, 0.351368
0.104501, 0.351684
0.128372, 0.351313
0.150796, 0.350293
0.172932, 0.349008
0.196066, 0.347989
0.220858, 0.347697
0.24686, 0.348084
0.273354, 0.348883
0.299898, 0.349919
0.326253, 0.351085
0.352263, 0.352263
0.377781, 0.35329
0.402707, 0.353959
0.427133, 0.354118
0.451346, 0.353851
0.475614, 0.353471
0.5, 0.353301
0.524386, 0.353471
0.548654, 0.353851
0.572867, 0.354118
0.597293, 0.353959
0.622219, 0.35329
0.647737, 0.352263
0.673747, 0.351085
0.700102, 0.349919
0.726646, 0.348883
0.75314, 0.348084
0.779142, 0.347697
0.803934, 0.347989
0.827068, 0.349008
0.849204, 0.350293
0.871628, 0.351313
0.895499, 0.351684
0.92111, 0.351368
0.947745, 0.350741
0.974606, 0.350049
1, 0.35
-1.10197e-19, 0.375
0.0259798, 0.375206
0.0528672, 0.375782
0.0793001, 0.376235
0.10433, 0.376241
0.127606, 0.375726
0.149671, 0.37481
0.171859, 0.373749
0.195601, 0.373123
0.221094, 0.37319
0.247553, 0.373753
0.274311, 0.374606
0.301012, 0.375637
0.327416, 0.376753
0.35329, 0.377781
0.378411, 0.378411
0.402721, 0.378327
0.426569, 0.377499
0.450569, 0.376311
0.475082, 0.375322
0.5, 0.374944
0.524918, 0.375322
0.549431, 0.376311
0.573431, 0.377499
0.597279, 0.378327
0.621589, 0.378411
0.64671, 0.377781
0.672584, 0.376753
0.698988, 0.375637
0.725689, 0.374606
0.752447, 0.373753
0.778906, 0.37319
0.804399, 0.373123
0.828141, 0.373749
0.850329, 0.37481
0.872394, 0.375726
0.89567, 0.376241
0.9207, 0.376235
0.947133, 0.375782
0.97402, 0.375206
1, 0.375
-3.93223e-19, 0.4
0.0264675, 0.400271
0.0533247, 0.400701
0.0794115, 0.400881
0.104056, 0.400795
0.126955, 0.400424
0.148693, 0.399601
0.171096, 0.39876
0.195479, 0.398457
0.221506, 0.398704
0.248284, 0.399298
0.27524, 0.400101
0.302053, 0.401037
0.328425, 0.401995
0.353959, 0.402707
0.378327, 0.402721
0.401745, 0.401745
0.425056, 0.400059
0.449135, 0.398318
0.474244, 0.397093
0.5, 0.396664
0.525756, 0.397093
0.550865, 0.398318
0.574944, 0.400059
0.598255, 0.401745
0.621673, 0.402721
0.646041, 0.402707
0.671575, 0.401995
0.697947, 0.401037
0.72476, 0.400101
0.751716, 0.399298
0.778494, 0.398704
0.804521, 0.398457
0.828904, 0.39876
0.851307, 0.399601
0.873045, 0.400424
0.895944, 0.400795
0.920589, 0.400881
0.946675, 0.400701
0.973533, 0.400271
1, 0.4
5.66749e-19, 0.425
0.0268275, 0.425246
0.0535244, 0.425439
0.0794538, 0.425547
0.103937, 0.425623
0.126349, 0.425266
0.147866, 0.424525
0.170631, 0.423961
0.195548, 0.423861
0.221951, 0.424151
0.248953, 0.424675
0.276055, 0.42535
0.302931, 0.426113
0.329158, 0.426824
0.354118, 0.427133
0.377499, 0.426569
0.400059, 0.425056
0.423159, 0.423159
0.447652, 0.421581
0.473476, 0.420639
0.5, 0.420335
0.526524, 0.420639
0.552348, 0.421581
0.576841, 0.423159
0.599941, 0.425056
0.622501, 0.426569
0.645882, 0.427133
0.670842, 0.426824
0.697069, 0.426113
0.723945, 0.42535
0.751047, 0.424675
0.778049, 0.424151
0.804452, 0.423861
0.829369, 0.423961
0.852134, 0.424525
0.873651, 0.425266
0.896063, 0.425623
0.920546, 0.425547
0.946476, 0.425439
0.973173, 0.425246
1, 0.425
1.36817e-18, 0.45
0.026984, 0.450104
0.0536463, 0.450212
0.0796452, 0.450431
0.103804, 0.450476
0.125783, 0.45011
0.147286, 0.449598
0.170384, 0.449268
0.195682, 0.449264
0.222331, 0.449504
0.249485, 0.449891
0.276687, 0.450375
0.303576, 0.450908
0.329569, 0.451344
0.353851, 0.451346
0.376311, 0.450569
0.398318, 0.449135
0.421581, 0.447652
0.446668, 0.446668
0.47304, 0.446217
0.5, 0.446094
0.52696, 0.446217
0.553332, 0.446668
0.578419, 0.447652
0.601682, 0.449135
0.623689, 0.450569
0.646149, 0.451346
0.670431, 0.451344
0.696424, 0.450908
0.723313, 0.450375
0.750515, 0.449891
0.777669, 0.449504
0.804318, 0.449264
0.829616, 0.449268
0.852714, 0.449598
0.874217, 0.45011
0.896196, 0.450476
0.920355, 0.450431
0.946354, 0.450212
0.973016, 0.450104
1, 0.45
2.00428e-18, 0.475
0.0270466, 0.475005
0.0538402, 0.47513
0.0797778, 0.475272
0.103629, 0.475235
0.125417, 0.475031
0.146952, 0.474774
0.170274, 0.474625
0.195795, 0.474641
0.222584, 0.474775
0.249826, 0.47498
0.277086, 0.475233
0.30396, 0.475504
0.329731, 0.4757
0.353471, 0.475614
0.375322, 0.475082
0.397093, 0.474244
0.420639, 0.473476
0.446217, 0.47304
0.472915, 0.472915
0.5, 0.472912
0.527085, 0.472915
0.553783, 0.47304
0.579361, 0.473476
0.602907, 0.474244
0.624678, 0.475082
0.646529, 0.475614
0.670269, 0.4757
0.69604, 0.475504
0.722914, 0.475233
0.750174, 0.47498
0.777416, 0.474775
0.804205, 0.474641
0.829726, 0.474625
0.853048, 0.474774
0.874583, 0.475031
0.896371, 0.475235
0.920222, 0.475272
0.94616, 0.47513
0.972953, 0.475005
1, 0.475
-1.4094e-18, 0.5
0.0270841, 0.5
0.0539358, 0.5
0.0797947, 0.5
0.103562, 0.5
0.125291, 0.5
0.146844, 0.5
0.170243, 0.5
0.195838, 0.5
0.222672, 0.5
0.249944, 0.5
0.277222, 0.5
0.304086, 0.5
0.329766, 0.5
0.353301, 0.5
0.374944, 0.5
0.396664, 0.5
0.420335, 0.5
0.446094, 0.5
0.472912, 0.5
0.5, 0.5
0.527088, 0.5
0.553906, 0.5
0.579665, 0.5
0.603336, 0.5
0.625056, 0.5
0.646699, 0.5
0.670234, 0.5
0.695914, 0.5
0.722778, 0.5
0.750056, 0.5
0.777328, 0.5
0.804162, 0.5
0.829757, 0.5
0.853156, 0.5
0.874709, 0.5
0.896438, 0.5
0.920205, 0.5
0.946064, 0.5
0.972916, 0.5
1, 0.5
-5.74675e-19, 0.525
0.0270466, 0.524995
0.0538402, 0.52487
0.0797778, 0.524728
0.103629, 0.524765
0.125417, 0.524969
0.146952, 0.525226
0.170274, 0.525375
0.195795, 0.525359
0.222584, 0.525225
0.249826, 0.52502
0.277086, 0.524767
0.30396, 0.524496
0.329731, 0.5243
0.353471, 0.524386
0.375322, 0.524918
0.397093, 0.525756
0.420639, 0.526524
0.446217, 0.52696
0.472915, 0.527085
0.5, 0.527088
0.527085, 0.527085
0.553783, 0.52696
0.579361, 0.526524
0.602907, 0.525756
0.624678, 0.524918
0.646529, 0.524386
0.670269, 0.5243
0.69604, 0.524496
0.722914, 0.524767
0.750174, 0.52502
0.777416, 0.525225
0.804205, 0.525359
0.829726, 0.525375
0.853048, 0.525226
0.874583, 0.524969
0.896371, 0.524765
0.920222, 0.524728
0.94616, 0.52487
0.972953, 0.524995
1, 0.525
2.43843e-19, 0.55
0.026984, 0.549896
0.0536463, 0.549788
0.0796452, 0.549569
0.103804, 0.549524
0.125783, 0.54989
0.147286, 0.550402
0.170384, 0.550732
0.195682, 0.550736
0.222331, 0.550496
0.249485, 0.550109
0.276687, 0.549625
0.303576, 0.549092
0.329569, 0.548656
0.353851, 0.548654
0.376311, 0.549431
0.398318, 0.550865
0.421581, 0.552348
0.446668, 0.553332
0.47304, 0.553783
0.5, 0.553906
0.52696, 0.553783
0.553332, 0.553332
0.578419, 0.552348
0.601682, 0.550865
0.623689, 0.549431
0.646149, 0.548654
0.670431, 0.548656
0.696424, 0.549092
0.723313, 0.549625
0.750515, 0.550109
0.777669, 0.550496
0.804318, 0.550736
0.829616, 0.550732
0.852714, 0.550402
0.874217, 0.54989
0.896196, 0.549524
0.920355, 0.549569
0.946354, 0.549788
0.973016, 0.549896
1, 0.55
-1.6268e-20, 0.575
0.0268275, 0.574754
0.0535244, 0.574561
0.0794538, 0.574453
0.103937, 0.574377
0.126349, 0.574734
0.147866, 0.575475
0.170631, 0.576039
0.195548, 0.576139
0.221951, 0.575849
0.248953, 0.575325
0.276055, 0.57465
0.302931, 0.573887
0.329158, 0.573176
0.354118, 0.572867
0.377499, 0.573431
0.400059, 0.574944
0.423159, 0.576841
0.447652, 0.578419
0.473476, 0.579361
0.5, 0.579665
0.526524, 0.579361
0.552348, 0.578419
0.576841, 0.576841
0.599941, 0.574944
0.622501, 0.573431
0.645882, 0.572867
0.670842, 0.573176
0.697069, 0.573887
0.723945, 0.57465
0.751047, 0.575325
0.778049, 0.575849
0.804452, 0.576139
0.829369, 0.576039
0.852134, 0.575475
0.873651, 0.574734
0.896063, 0.574377
0.920546, 0.574453
0.946476, 0.574561
0.973173, 0.574754
1, 0.575
2.94187e-19, 0.6
0.0264675, 0.599729
0.0533247, 0.599299
0.0794115, 0.599119
0.104056, 0.599205
0.126955, 0.599576
0.148693, 0.600399
0.171096, 0.60124
0.195479, 0.601543
0.221506, 0.601296
0.248284, 0.600702
0.27524, 0.599899
0.302053, 0.598963
0.328425, 0.598005
0.353959, 0.597293
0.378327, 0.597279
0.401745, 0.598255
0.425056, 0.599941
0.449135, 0.601682
0.474244, 0.602907
0.5, 0.603336
0.525756, 0.602907
0.550865, 0.601682
0.574944, 0.599941
0.598255, 0.598255
0.621673, 0.597279
0.646041, 0.597293
0.671575, 0.598005
0.697947, 0.598963
0.72476, 0.599899
0.751716, 0.600702
0.778494, 0.601296
0.804521, 0.601543
0.828904, 0.60124
0.851307, 0.600399
0.873045, 0.599576
0.895944, 0.599205
0.920589, 0.599119
0.946675, 0.599299
0.973533, 0.599729
1, 0.6
-4.58453e-19, 0.625
0.0259798, 0.624794
0.0528672, 0.624218
0.0793001, 0.623765
0.10433, 0.623759
0.127606, 0.624274
0.149671, 0.62519
0.171859, 0.626251
0.195601, 0.626877
0.221094, 0.62681
0.247553, 0.626247
0.274311, 0.625394
0.301012, 0.624363
0.327416, 0.623247
0.35329, 0.622219
0.378411, 0.621589
0.402721, 0.621673
0.426569, 0.622501
0.450569, 0.623689
0.475082, 0.624678
0.5, 0.625056
0.524918, 0.624678
0.549431, 0.623689
0.573431, 0.622501
0.597279, 0.621673
0.621589, 0.621589
0.64671, 0.622219
0.672584, 0.623247
0.698988, 0.624363
0.725689, 0.625394
0.752447, 0.626247
0.778906, 0.62681
0.804399, 0.626877
0.828141, 0.626251
0.850329, 0.62519
0.872394, 0.624274
0.89567, 0.623759
0.9207, 0.623765
0.947133, 0.624218
0.97402, 0.624794
1, 0.625
3.62869e-19, 0.65
0.0253942, 0.649951
0.0522546, 0.649259
0.0788897, 0.648632
0.104501, 0.648316
0.128372, 0.648687
0.150796, 0.649707
0.172932, 0.650992
0.196066, 0.652011
0.220858, 0.652303
0.24686, 0.651916
0.273354, 0.651117
0.299898, 0.650081
0.326253, 0.648915
0.352263, 0.647737
0.377781, 0.64671
0.402707, 0.646041
0.427133, 0.645882
0.451346, 0.646149
0.475614, 0.646529
0.5, 0.646699
0.524386, 0.646529
0.548654, 0.646149
0.572867, 0.645882
0.597293, 0.646041
0.622219, 0.64671
0.647737, 0.647737
0.673747, 0.648915
0.700102, 0.650081
0.726646, 0.651117
0.75314, 0.651916
0.779142, 0.652303
0.803934, 0.652011
0.827068, 0.650992
0.849204, 0.649707
0.871628, 0.648687
0.895499, 0.648316
0.92111, 0.648632
0.947745, 0.649259
0.974606, 0.649951
1, 0.65
-1.3271e-18, 0.675
0.0247293, 0.675208
0.0515204, 0.674418
0.0782787, 0.673653
0.10433, 0.673095
0.128991, 0.673113
0.152018, 0.673965
0.174292, 0.675359
0.19701, 0.676755
0.220995, 0.67759
0.246354, 0.677594
0.272473, 0.676995
0.298806, 0.676056
0.325062, 0.674938
0.351085, 0.673747
0.376753, 0.672584
0.401995, 0.671575
0.426824, 0.670842
0.451344, 0.670431
0.4757, 0.670269
0.5, 0.670234
0.5243, 0.670269
0.548656, 0.670431
0.573176, 0.670842
0.598005, 0.671575
0.623247, 0.672584
0.648915, 0.673747
0.674938, 0.674938
0.701194, 0.676056
0.727527, 0.676995
0.753646, 0.677594
0.779005, 0.67759
0.80299, 0.676755
0.825708, 0.675359
0.847982, 0.673965
0.871009, 0.673113
0.89567, 0.673095
0.921721, 0.673653
0.94848, 0.674418
0.975271, 0.675208
1, 0.675
-9.80667e-19, 0.7
0.0240071, 0.700566
0.0506867, 0.699704
0.0775009, 0.698827
0.103862, 0.698061
0.129233, 0.697715
0.153102, 0.698189
0.175789, 0.699467
0.198383, 0.701036
0.221742, 0.702377
0.246256, 0.703035
0.27181, 0.702864
0.297836, 0.702164
0.323944, 0.701194
0.349919, 0.700102
0.375637, 0.698988
0.401037, 0.697947
0.426113, 0.697069
0.450908, 0.696424
0.475504, 0.69604
0.5, 0.695914
0.524496, 0.69604
0.549092, 0.696424
0.573887, 0.697069
0.598963, 0.697947
0.624363, 0.698988
0.650081, 0.700102
0.676056, 0.701194
0.702164, 0.702164
0.72819, 0.702864
0.753744, 0.703035
0.778258, 0.702377
0.801617, 0.701036
0.824211, 0.699467
0.846898, 0.698189
0.870767, 0.697715
0.896138, 0.698061
0.922499, 0.698827
0.949313, 0.699704
0.975993, 0.700566
1, 0.7
-9.46903e-19, 0.725
0.0232569, 0.726019
0.0497813, 0.725119
0.0765898, 0.724162
0.103131, 0.723235
0.129036, 0.722558
0.153804, 0.722517
0.177226, 0.723422
0.199977, 0.72498
0.223035, 0.726585
0.246857, 0.727842
0.271598, 0.728402
0.297136, 0.72819
0.323005, 0.727527
0.348883, 0.726646
0.374606, 0.725689
0.400101, 0.72476
0.42535, 0.723945
0.450375, 0.723313
0.475233, 0.722914
0.5, 0.722778
0.524767, 0.722914
0.549625, 0.723313
0.57465, 0.723945
0.599899, 0.72476
0.625394, 0.725689
0.651117, 0.726646
0.676995, 0.727527
0.702864, 0.72819
0.728402, 0.728402
0.753143, 0.727842
0.776965, 0.726585
0.800023, 0.72498
0.822774, 0.723422
0.846196, 0.722517
0.870964, 0.722558
0.896869, 0.723235
0.92341, 0.724162
0.950219, 0.725119
0.976743, 0.726019
1, 0.725
1.23154e-18, 0.75
0.0225187, 0.751544
0.0488407, 0.750656
0.0755871, 0.749659
0.102198, 0.748625
0.128429, 0.7477
0.153922, 0.747169
0.1783, 0.747424
0.201616, 0.748627
0.224636, 0.750318
0.248087, 0.751913
0.272158, 0.753143
0.296965, 0.753744
0.322406, 0.753646
0.348084, 0.75314
0.373753, 0.752447
0.399298, 0.751716
0.424675, 0.751047
0.449891, 0.750515
0.47498, 0.750174
0.5, 0.750056
0.52502, 0.750174
0.550109, 0.750515
0.575325, 0.751047
0.600702, 0.751716
0.626247, 0.752447
0.651916, 0.75314
0.677594, 0.753646
0.703035, 0.753744
0.727842, 0.753143
0.751913, 0.751913
0.775364, 0.750318
0.798384, 0.748627
0.8217, 0.747424
0.846078, 0.747169
0.871571, 0.7477
0.897802, 0.748625
0.924413, 0.749659
0.951159, 0.750656
0.977481, 0.751544
1, 0.75
-1.44434e-18, 0.775
0.021853, 0.777094
0.0479136, 0.77629
0.0745397, 0.775304
0.101138, 0.774219
0.12752, 0.773143
0.153465, 0.772255
0.17867, 0.771862
0.202905, 0.772313
0.226351, 0.773649
0.249682, 0.775364
0.273415, 0.776965
0.297623, 0.778258
0.32241, 0.779005
0.347697, 0.779142
0.37319, 0.778906
0.398704, 0.778494
0.424151, 0.778049
0.449504, 0.777669
0.474775, 0.777416
0.5, 0.777328
0.525225, 0.777416
0.550496, 0.777669
0.575849, 0.778049
0.601296, 0.778494
0.62681, 0.778906
0.652303, 0.779142
0.67759, 0.779005
0.702377, 0.778258
0.726585, 0.776965
0.750318, 0.775364
0.773649, 0.773649
0.797095, 0.772313
0.82133, 0.771862
0.846535, 0.772255
0.87248, 0.773143
0.898862, 0.774219
0.92546, 0.775304
0.952086, 0.77629
0.978147, 0.777094
1, 0.775
2.93655e-18, 0.8
0.0213594, 0.802571
0.0470723, 0.801971
0.0735017, 0.801068
0.100019, 0.79999
0.126434, 0.798848
0.152598, 0.797758
0.178328, 0.79691
0.203403, 0.796597
0.227687, 0.797095
0.251373, 0.798384
0.27502, 0.800023
0.298964, 0.801617
0.323245, 0.80299
0.347989, 0.803934
0.373123, 0.804399
0.398457, 0.804521
0.423861, 0.804452
0.449264, 0.804318
0.474641, 0.804205
0.5, 0.804162
0.525359, 0.804205
0.550736, 0.804318
0.576139, 0.804452
0.601543, 0.804521
0.626877, 0.804399
0.652011, 0.803934
0.676755, 0.80299
0.701036, 0.801617
0.72498, 0.800023
0.748627, 0.798384
0.772313, 0.797095
0.796597, 0.796597
0.821672, 0.79691
0.847402, 0.797758
0.873566, 0.798848
0.899981, 0.79999
0.926498, 0.801068
0.952928, 0.801971
0.978641, 0.802571
1, 0.8
2.72147e-18, 0.825
0.0212014, 0.82781
0.0464339, 0.827599
0.0725451, 0.826893
0.0989081, 0.825897
0.125275, 0.824763
0.151507, 0.823594
0.177493, 0.822507
0.20309, 0.821672
0.228138, 0.82133
0.252576, 0.8217
0.276578, 0.822774
0.300533, 0.824211
0.324641, 0.825708
0.349008, 0.827068
0.373749, 0.828141
0.39876, 0.828904
0.423961, 0.829369
0.449268, 0.829616
0.474625, 0.829726
0.5, 0.829757
0.525375, 0.829726
0.550732, 0.829616
0.576039, 0.829369
0.60124, 0.828904
0.626251, 0.828141
0.650992, 0.827068
0.675359, 0.825708
0.699467, 0.824211
0.723422, 0.822774
0.747424, 0.8217
0.771862, 0.82133
0.79691, 0.821672
0.822507, 0.822507
0.848493, 0.823594
0.874725, 0.824763
0.901092, 0.825897
0.927455, 0.826893
0.953566, 0.827599
0.978799, 0.82781
1, 0.825
1.19377e-17, 0.85
0.0216025, 0.852582
0.0461845, 0.852993
0.0717839, 0.852672
0.097881, 0.85187
0.124125, 0.850822
0.150335, 0.849665
0.176406, 0.848493
0.202242, 0.847402
0.227745, 0.846535
0.252831, 0.846078
0.277483, 0.846196
0.301811, 0.846898
0.326035, 0.847982
0.350293, 0.849204
0.37481, 0.850329
0.399601, 0.851307
0.424525, 0.852134
0.449598, 0.852714
0.474774, 0.853048
0.5, 0.853156
0.525226, 0.853048
0.550402, 0.852714
0.575475, 0.852134
0.600399, 0.851307
0.62519, 0.850329
0.649707, 0.849204
0.673965, 0.847982
0.698189, 0.846898
0.722517, 0.846196
0.747169, 0.846078
0.772255, 0.846535
0.797758, 0.847402
0.823594, 0.848493
0.849665, 0.849665
0.875875, 0.850822
0.902119, 0.85187
0.928216, 0.852672
0.953815, 0.852993
0.978397, 0.852582
1, 0.85
1.55514e-19, 0.875
0.0227279, 0.876703
0.0465608, 0.877888
0.0714064, 0.878198
0.0970512, 0.87778
0.123066, 0.876934
0.149178, 0.875875
0.175237, 0.874725
0.201152, 0.873566
0.226857, 0.87248
0.2523, 0.871571
0.277442, 0.870964
0.302285, 0.870767
0.326887, 0.871009
0.351313, 0.871628
0.375726, 0.872394
0.400424, 0.873045
0.425266, 0.873651
0.45011, 0.874217
0.475031, 0.874583
0.5, 0.874709
0.524969, 0.874583
0.54989, 0.874217
0.574734, 0.873651
0.599576, 0.873045
0.624274, 0.872394
0.648687, 0.871628
0.673113, 0.871009
0.697715, 0.870767
0.722558, 0.870964
0.7477, 0.871571
0.773143, 0.87248
0.798848, 0.873566
0.824763, 0.874725
0.850822, 0.875875
0.876934, 0.876934
0.902949, 0.87778
0.928594, 0.878198
0.953439, 0.877888
0.977272, 0.876703
1, 0.875
-3.73929e-18, 0.9
0.0244624, 0.900224
0.0477093, 0.902048
0.0716689, 0.903153
0.0966119, 0.903388
0.12222, 0.902949
0.14813, 0.902119
0.174103, 0.901092
0.20001, 0.899981
0.225781, 0.898862
0.251375, 0.897802
0.276765, 0.896869
0.301939, 0.896138
0.326905, 0.89567
0.351684, 0.895499
0.376241, 0.89567
0.400795, 0.895944
0.425623, 0.896063
0.450476, 0.896196
0.475235, 0.896371
0.5, 0.896438
0.524765, 0.896371
0.549524, 0.896196
0.574377, 0.896063
0.599205, 0.895944
0.623759, 0.89567
0.648316, 0.895499
0.673095, 0.89567
0.698061, 0.896138
0.723235, 0.896869
0.748625, 0.897802
0.774219, 0.898862
0.79999, 0.899981
0.825897, 0.901092
0.85187, 0.902119
0.87778, 0.902949
0.903388, 0.903388
0.928331, 0.903153
0.952291, 0.902048
0.975538, 0.900224
1, 0.9
-3.64124e-18, 0.925
0.0263341, 0.923516
0.0494753, 0.925494
0.0727523, 0.927248
0.0968466, 0.928331
0.121802, 0.928594
0.147328, 0.928216
0.173107, 0.927455
0.198932, 0.926498
0.224696, 0.92546
0.250341, 0.924413
0.275838, 0.92341
0.301173, 0.922499
0.326347, 0.921721
0.351368, 0.92111
0.376235, 0.9207
0.400881, 0.920589
0.425547, 0.920546
0.450431, 0.920355
0.475272, 0.920222
0.5, 0.920205
0.524728, 0.920222
0.549569, 0.920355
0.574453, 0.920546
0.599119, 0.920589
0.623765, 0.9207
0.648632, 0.92111
0.673653, 0.921721
0.698827, 0.922499
0.724162, 0.92341
0.749659, 0.924413
0.775304, 0.92546
0.801068, 0.926498
0.826893, 0.927455
0.852672, 0.928216
0.878198, 0.928594
0.903153, 0.928331
0.927248, 0.927248
0.950525, 0.925494
0.973666, 0.923516
1, 0.925
9.85631e-18, 0.95
0.027741, 0.947123
0.0513602, 0.94864
0.0745061, 0.950525
0.0979519, 0.952291
0.122112, 0.953439
0.147007, 0.953815
0.172401, 0.953566
0.198029, 0.952928
0.22371, 0.952086
0.249344, 0.951159
0.274881, 0.950219
0.300296, 0.949313
0.325582, 0.94848
0.350741, 0.947745
0.375782, 0.947133
0.400701, 0.946675
0.425439, 0.946476
0.450212, 0.946354
0.47513, 0.94616
0.5, 0.946064
0.52487, 0.94616
0.549788, 0.946354
0.574561, 0.946476
0.599299, 0.946675
0.624218, 0.947133
0.649259, 0.947745
0.674418, 0.94848
0.699704, 0.949313
0.725119, 0.950219
0.750656, 0.951159
0.77629, 0.952086
0.801971, 0.952928
0.827599, 0.953566
0.852993, 0.953815
0.877888, 0.953439
0.902048, 0.952291
0.925494, 0.950525
0.94864, 0.94864
0.972259, 0.947123
1, 0.95
-3.19201e-18, 0.975
0.0284623, 0.971538
0.0528765, 0.972259
0.0764843, 0.973666
0.099776, 0.975538
0.123297, 0.977272
0.147418, 0.978397
0.17219, 0.978799
0.197429, 0.978641
0.222906, 0.978147
0.248456, 0.977481
0.273981, 0.976743
0.299434, 0.975993
0.324792, 0.975271
0.350049, 0.974606
0.375206, 0.97402
0.400271, 0.973533
0.425246, 0.973173
0.450104, 0.973016
0.475005, 0.972953
0.5, 0.972916
0.524995, 0.972953
0.549896, 0.973016
0.574754, 0.973173
0.599729, 0.973533
0.624794, 0.97402
0.649951, 0.974606
0.675208, 0.975271
0.700566, 0.975993
0.726019, 0.976743
0.751544, 0.977481
0.777094, 0.978147
0.802571, 0.978641
0.82781, 0.978799
0.852582, 0.978397
0.876703, 0.977272
0.900224, 0.975538
0.923516, 0.973666
0.947123, 0.972259
0.971538, 0.971538
1, 0.975
0, 1
0.025, 1
0.05, 1
0.075, 1
0.1, 1
0.125, 1
0.15, 1
0.175, 1
0.2, 1
0.225, 1
0.25, 1
0.275, 1
0.3, 1
0.325, 1
0.35, 1
0.375, 1
0.4, 1
0.425, 1
0.45, 1
0.475, 1
0.5, 1
0.525, 1
0.55, 1
0.575, 1
0.6, 1
0.625, 1
0.65, 1
0.675, 1
0.7, 1
0.725, 1
0.75, 1
0.775, 1
0.8, 1
0.825, 1
0.85, 1
0.875, 1
0.9, 1
0.925, 1
0.95, 1
0.975, 1
1, 1
0.0147359, 0.0147359
0.0398902, 0.0152019
0.064334, 0.014619
0.0883012, 0.0133607
0.112121, 0.0118469
0.136168, 0.0106446
0.160671, 0.0100161
0.185611, 0.00987378
0.210827, 0.0100337
0.236163, 0.0103613
0.261523, 0.0107774
0.286853, 0.011235
0.312131, 0.0117022
0.337347, 0.0121551
0.362498, 0.0125741
0.387587, 0.0129429
0.412621, 0.0132463
0.437595, 0.0134566
0.462522, 0.0135514
0.48749, 0.0135544
0.51251, 0.0135544
0.537478, 0.0135514
0.562405, 0.0134566
0.587379, 0.0132463
0.612413, 0.0129429
0.637502, 0.0125741
0.662653, 0.0121551
0.687869, 0.0117022
0.713147, 0.011235
0.738477, 0.0107774
0.763837, 0.0103613
0.789173, 0.0100337
0.814389, 0.00987378
0.839329, 0.0100161
0.863832, 0.0106446
0.887879, 0.0118469
0.911699, 0.0133607
0.935666, 0.014619
0.96011, 0.0152019
0.985264, 0.0147359
0.0152019, 0.0398902
0.0401977, 0.0401977
0.0638067, 0.0388384
0.0871208, 0.037028
0.110702, 0.0353107
0.134901, 0.0341613
0.159742, 0.033734
0.185034, 0.0338976
0.210554, 0.0344355
0.236139, 0.0351732
0.261694, 0.0359981
0.287169, 0.0368397
0.31254, 0.0376508
0.3378, 0.038398
0.362949, 0.0390569
0.387997, 0.0396078
0.412932, 0.0400132
0.437749, 0.040226
0.462578, 0.0403057
0.487537, 0.0404295
0.512463, 0.0404295
0.537422, 0.0403057
0.562251, 0.040226
0.587068, 0.0400132
0.612003, 0.0396078
0.637051, 0.0390569
0.6622, 0.038398
0.68746, 0.0376508
0.712831, 0.0368397
0.738306, 0.0359981
0.763861, 0.0351732
0.789446, 0.0344355
0.814966, 0.0338976
0.840258, 0.033734
0.865099, 0.0341613
0.889298, 0.0353107
0.912879, 0.037028
0.936193, 0.0388384
0.959802, 0.0401977
0.984798, 0.0398902
0.014619, 0.064334
0.0388384, 0.0638067
0.0619858, 0.0619858
0.085423, 0.0603017
0.109602, 0.0592381
0.134537, 0.0589365
0.159974, 0.0592389
0.185645, 0.0599139
0.211368, 0.0607848
0.237042, 0.0617395
0.262613, 0.0627066
0.288053, 0.0636349
0.313351, 0.0644849
0.338509, 0.0652248
0.363536, 0.0658305
0.388422, 0.0662629
0.413143, 0.0664676
0.437851, 0.066546
0.462772, 0.0667772
0.48761, 0.0669063
0.51239, 0.0669063
0.537228, 0.0667772
0.562149, 0.066546
0.586857, 0.0664676
0.611578, 0.0662629
0.636464, 0.0658305
0.661491, 0.0652248
0.686649, 0.0644849
0.711947, 0.0636349
0.737387, 0.0627066
0.762958, 0.0617395
0.788632, 0.0607848
0.814355, 0.0599139
0.840026, 0.0592389
0.865463, 0.0589365
0.890398, 0.0592381
0.914577, 0.0603017
0.938014, 0.0619858
0.961162, 0.0638067
0.985381, 0.064334
0.0133607, 0.0883012
0.037028, 0.0871208
0.0603017, 0.085423
0.0843844, 0.0843844
0.109342, 0.0841521
0.134886, 0.0845434
0.160697, 0.0853102
0.186564, 0.0862719
0.212372, 0.0873164
0.238056, 0.0883691
0.263581, 0.0893707
0.288928, 0.0902663
0.314091, 0.0910054
0.339082, 0.0915477
0.363906, 0.0918558
0.388546, 0.0918906
0.413146, 0.0917936
0.438037, 0.091899
0.462871, 0.0919312
0.48763, 0.0919085
0.51237, 0.0919085
0.537129, 0.0919312
0.561963, 0.091899
0.586854, 0.0917936
0.611454, 0.0918906
0.636094, 0.0918558
0.660918, 0.0915477
0.685909, 0.0910054
0.711072, 0.0902663
0.736419, 0.0893707
0.761944, 0.0883691
0.787628, 0.0873164
0.813436, 0.0862719
0.839303, 0.0853102
0.865114, 0.0845434
0.890658, 0.0841521
0.915616, 0.0843844
0.939698, 0.085423
0.962972, 0.0871208
0.986639, 0.0883012
0.0118469, 0.112121
0.0353107, 0.110702
0.0592381, 0.109602
0.0841521, 0.109342
0.109753, 0.109753
0.135678, 0.110562
0.161687, 0.111574
0.18764, 0.112672
0.213454, 0.113778
0.239078, 0.114817
0.264471, 0.115707
0.289614, 0.11636
0.314517, 0.116703
0.33922, 0.116699
0.363756, 0.116361
0.388236, 0.115864
0.413043, 0.115531
0.437886, 0.115164
0.462714, 0.114823
0.487566, 0.114625
0.512434, 0.114625
0.537286, 0.114823
0.562114, 0.115164
0.586957, 0.115531
0.611764, 0.115864
0.636244, 0.116361
0.66078, 0.116699
0.685483, 0.116703
0.710386, 0.11636
0.735529, 0.115707
0.760922, 0.114817
0.786546, 0.113778
0.81236, 0.112672
0.838313, 0.111574
0.864322, 0.110562
0.890247, 0.109753
0.915848, 0.109342
0.940762, 0.109602
0.964689, 0.110702
0.988153, 0.112121
0.0106446, 0.136168
0.0341613, 0.134901
0.0589365, 0.134537
0.0845434, 0.134886
0.110562, 0.135678
0.1367, 0.1367
0.162801, 0.137822
0.188761, 0.138953
0.214498, 0.140003
0.23994, 0.140855
0.265034, 0.141368
0.28978, 0.141418
0.314271, 0.14098
0.338641, 0.140158
0.362994, 0.139174
0.387639, 0.138295
0.41246, 0.137462
0.437368, 0.136746
0.462372, 0.13624
0.487449, 0.135986
0.512551, 0.135986
0.537628, 0.13624
0.562632, 0.136746
0.58754, 0.137462
0.612361, 0.138295
0.637006, 0.139174
0.661359, 0.140158
0.685729, 0.14098
0.71022, 0.141418
0.734966, 0.141368
0.76006, 0.140855
0.785502, 0.140003
0.811239, 0.138953
0.837199, 0.137822
0.8633, 0.1367
0.889438, 0.135678
0.915457, 0.134886
0.941063, 0.134537
0.965839, 0.134901
0.989355, 0.136168
0.0100161, 0.160671
0.033734, 0.159742
0.0592389, 0.159974
0.0853102, 0.160697
0.111574, 0.161687
0.137822, 0.162801
0.163935, 0.163935
0.189809, 0.164981
0.215321, 0.165791
0.24036, 0.166167
0.264905, 0.16593
0.289108, 0.165076
0.313243, 0.163826
0.337473, 0.162479
0.361942, 0.16123
0.386719, 0.160168
0.411697, 0.159352
0.436826, 0.158798
0.46206, 0.158476
0.487348, 0.15833
0.512652, 0.15833
0.53794, 0.158476
0.563174, 0.158798
0.588303, 0.159352
0.613281, 0.160168
0.638058, 0.16123
0.662527, 0.162479
0.686757, 0.163826
0.710892, 0.165076
0.735095, 0.16593
0.75964, 0.166167
0.784679, 0.165791
0.810191, 0.164981
0.836065, 0.163935
0.862178, 0.162801
0.888426, 0.161687
0.91469, 0.160697
0.940761, 0.159974
0.966266, 0.159742
0.989984, 0.160671
0.00987378, 0.185611
0.0338976, 0.185034
0.0599139, 0.185645
0.0862719, 0.186564
0.112672, 0.18764
0.138953, 0.188761
0.164981, 0.189809
0.190602, 0.190602
0.215636, 0.190895
0.239997, 0.190466
0.263888, 0.189325
0.287737, 0.187802
0.311834, 0.18629
0.336179, 0.184932
0.360937, 0.183929
0.386006, 0.183323
0.411254, 0.18303
0.436589, 0.182934
0.461952, 0.18293
0.487318, 0.182946
0.512682, 0.182946
0.538048, 0.18293
0.563411, 0.182934
0.588746, 0.18303
0.613994, 0.183323
0.639063, 0.183929
0.663821, 0.184932
0.688166, 0.18629
0.712263, 0.187802
0.736112, 0.189325
0.760003, 0.190466
0.784364, 0.190895
0.809398, 0.190602
0.835019, 0.189809
0.861047, 0.188761
0.887328, 0.18764
0.913728, 0.186564
0.940086, 0.185645
0.966102, 0.185034
0.990126, 0.185611
0.0100337, 0.210827
0.0344355, 0.210554
0.0607848, 0.211368
0.0873164, 0.212372
0.113778, 0.213454
0.140003, 0.214498
0.165791, 0.215321
0.190895, 0.215636
0.215158, 0.215158
0.238777, 0.213891
0.262314, 0.212245
0.286237, 0.210708
0.310505, 0.209399
0.335296, 0.208594
0.360492, 0.20831
0.385878, 0.208372
0.411309, 0.208608
0.436709, 0.208886
0.462056, 0.209116
0.487357, 0.209245
0.512643, 0.209245
0.537944, 0.209116
0.563291, 0.208886
0.588691, 0.208608
0.614122, 0.208372
0.639508, 0.20831
0.664704, 0.208594
0.689495, 0.209399
0.713763, 0.210708
0.737686, 0.212245
0.761223, 0.213891
0.784842, 0.215158
0.809105, 0.215636
0.834209, 0.215321
0.859997, 0.214498
0.886222, 0.213454
0.912684, 0.212372
0.939215, 0.211368
0.965564, 0.210554
0.989966, 0.210827
0.0103613, 0.236163
0.0351732, 0.236139
0.0617395, 0.237042
0.0883691, 0.238056
0.114817, 0.239078
0.140855, 0.23994
0.166167, 0.24036
0.190466, 0.239997
0.213891, 0.238777
0.237119, 0.237119
0.260801, 0.235602
0.284973, 0.23437
0.309808, 0.233747
0.335152, 0.233735
0.360704, 0.234101
0.386264, 0.23464
0.411731, 0.23521
0.437073, 0.235716
0.462298, 0.236089
0.487442, 0.236287
0.512558, 0.236287
0.537702, 0.236089
0.562927, 0.235716
0.588269, 0.23521
0.613736, 0.23464
0.639296, 0.234101
0.664848, 0.233735
0.690192, 0.233747
0.715027, 0.23437
0.739199, 0.235602
0.762881, 0.237119
0.786109, 0.238777
0.809534, 0.239997
0.833833, 0.24036
0.859145, 0.23994
0.885183, 0.239078
0.911631, 0.238056
0.93826, 0.237042
0.964827, 0.236139
0.989639, 0.236163
0.0107774, 0.261523
0.0359981, 0.261694
0.0627066, 0.262613
0.0893707, 0.263581
0.115707, 0.264471
0.141368, 0.265034
0.16593, 0.264905
0.189325, 0.263888
0.212245, 0.262314
0.235602, 0.260801
0.259595, 0.259595
0.284414, 0.259071
0.309886, 0.259222
0.335626, 0.259791
0.361365, 0.260558
0.386968, 0.261381
0.412378, 0.262158
0.437589, 0.262809
0.462629, 0.263277
0.487556, 0.263522
0.512444, 0.263522
0.537371, 0.263277
0.562411, 0.262809
0.587622, 0.262158
0.613032, 0.261381
0.638635, 0.260558
0.664374, 0.259791
0.690114, 0.259222
0.715586, 0.259071
0.740405, 0.259595
0.764398, 0.260801
0.787755, 0.262314
0.810675, 0.263888
0.83407, 0.264905
0.858632, 0.265034
0.884293, 0.264471
0.910629, 0.263581
0.937293, 0.262613
0.964002, 0.261694
0.989223, 0.261523
0.011235, 0.286853
0.0368397, 0.287169
0.0636349, 0.288053
0.0902663, 0.288928
0.11636, 0.289614
0.141418, 0.28978
0.165076, 0.289108
0.187802, 0.287737
0.210708, 0.286237
0.23437, 0.284973
0.259071, 0.284414
0.284602, 0.284602
0.310513, 0.285267
0.336473, 0.286171
0.362291, 0.287173
0.387869, 0.28817
0.413168, 0.289074
0.438199, 0.28981
0.463013, 0.290324
0.487687, 0.290585
0.512313, 0.290585
0.536987, 0.290324
0.561801, 0.28981
0.586832, 0.289074
0.612131, 0.28817
0.637709, 0.287173
0.663527, 0.286171
0.689487, 0.285267
0.715398, 0.284602
0.740929, 0.284414
0.76563, 0.284973
0.789292, 0.286237
0.812198, 0.287737
0.834924, 0.289108
0.858582, 0.28978
0.88364, 0.289614
0.909734, 0.288928
0.936365, 0.288053
0.96316, 0.287169
0.988765, 0.286853
0.0117022, 0.312131
0.0376508, 0.31254
0.0644849, 0.313351
0.0910054, 0.314091
0.116703, 0.314517
0.14098, 0.314271
0.163826, 0.313243
0.18629, 0.311834
0.209399, 0.310505
0.233747, 0.309808
0.259222, 0.309886
0.285267, 0.310513
0.311447, 0.311447
0.33753, 0.31253
0.36337, 0.313659
0.388874, 0.314735
0.414009, 0.315656
0.43881, 0.316343
0.463371, 0.31677
0.487803, 0.316965
0.512197, 0.316965
0.536629, 0.31677
0.56119, 0.316343
0.585991, 0.315656
0.611126, 0.314735
0.63663, 0.313659
0.66247, 0.31253
0.688553, 0.311447
0.714733, 0.310513
0.740778, 0.309886
0.766253, 0.309808
0.790601, 0.310505
0.81371, 0.311834
0.836174, 0.313243
0.85902, 0.314271
0.883297, 0.314517
0.908995, 0.314091
0.935515, 0.313351
0.962349, 0.31254
0.988298, 0.312131
0.0121551, 0.337347
0.038398, 0.3378
0.0652248, 0.338509
0.0915477, 0.339082
0.116699, 0.33922
0.140158, 0.338641
0.162479, 0.337473
0.184932, 0.336179
0.208594, 0.335296
0.233735, 0.335152
0.259791, 0.335626
0.286171, 0.336473
0.31253, 0.33753
0.338681, 0.338681
0.364489, 0.339817
0.389834, 0.340803
0.41469, 0.341492
0.439177, 0.341809
0.463504, 0.341839
0.487828, 0.341775
0.512172, 0.341775
0.536496, 0.341839
0.560823, 0.341809
0.58531, 0.341492
0.610166, 0.340803
0.635511, 0.339817
0.661319, 0.338681
0.68747, 0.33753
0.713829, 0.336473
0.740209, 0.335626
0.766265, 0.335152
0.791406, 0.335296
0.815068, 0.336179
0.837521, 0.337473
0.859842, 0.338641
0.883301, 0.33922
0.908452, 0.339082
0.934775, 0.338509
0.961602, 0.3378
0.987845, 0.337347
0.0125741, 0.362498
0.0390569, 0.362949
0.0658305, 0.363536
0.0918558, 0.363906
0.116361, 0.363756
0.139174, 0.362994
0.16123, 0.361942
0.183929, 0.360937
0.20831, 0.360492
0.234101, 0.360704
0.260558, 0.361365
0.287173, 0.362291
0.313659, 0.36337
0.339817, 0.364489
0.365468, 0.365468
0.390458, 0.366069
0.414817, 0.366098
0.438896, 0.365587
0.463125, 0.364865
0.48766, 0.364364
0.51234, 0.364364
0.536875, 0.364865
0.561104, 0.365587
0.585183, 0.366098
0.609542, 0.366069
0.634532, 0.365468
0.660183, 0.364489
0.686341, 0.36337
0.712827, 0.362291
0.739442, 0.361365
0.765899, 0.360704
0.79169, 0.360492
0.816071, 0.360937
0.83877, 0.361942
0.860826, 0.362994
0.883639, 0.363756
0.908144, 0.363906
0.93417, 0.363536
0.960943, 0.362949
0.987426, 0.362498
0.0129429, 0.387587
0.0396078, 0.387997
0.0662629, 0.388422
0.0918906, 0.388546
0.115864, 0.388236
0.138295, 0.387639
0.160168, 0.386719
0.183323, 0.386006
0.208372, 0.385878
0.23464, 0.386264
0.261381, 0.386968
0.28817, 0.387869
0.314735, 0.388874
0.340803, 0.389834
0.366069, 0.390458
0.390374, 0.390374
0.414021, 0.38945
0.43776, 0.38801
0.462187, 0.38663
0.487305, 0.385817
0.512695, 0.385817
0.537813, 0.38663
0.56224, 0.38801
0.585979, 0.38945
0.609626, 0.390374
0.633931, 0.390458
0.659197, 0.389834
0.685265, 0.388874
0.71183, 0.387869
0.738619, 0.386968
0.76536, 0.386264
0.791628, 0.385878
0.816677, 0.386006
0.839832, 0.386719
0.861705, 0.387639
0.884136, 0.388236
0.908109, 0.388546
0.933737, 0.388422
0.960392, 0.387997
0.987057, 0.387587
0.0132463, 0.412621
0.0400132, 0.412932
0.0664676, 0.413143
0.0917936, 0.413146
0.115531, 0.413043
0.137462, 0.41246
0.159352, 0.411697
0.18303, 0.411254
0.208608, 0.411309
0.23521, 0.411731
0.262158, 0.412378
0.289074, 0.413168
0.315656, 0.414009
0.341492, 0.41469
0.366098, 0.414817
0.38945, 0.414021
0.412416, 0.412416
0.436108, 0.410593
0.461028, 0.409153
0.4869, 0.408404
0.5131, 0.408404
0.538972, 0.409153
0.563892, 0.410593
0.587584, 0.412416
0.61055, 0.414021
0.633902, 0.414817
0.658508, 0.41469
0.684344, 0.414009
0.710926, 0.413168
0.737842, 0.412378
0.76479, 0.411731
0.791392, 0.411309
0.81697, 0.411254
0.840648, 0.411697
0.862538, 0.41246
0.884469, 0.413043
0.908206, 0.413146
0.933532, 0.413143
0.959987, 0.412932
0.986754, 0.412621
0.0134566, 0.437595
0.040226, 0.437749
0.066546, 0.437851
0.091899, 0.438037
0.115164, 0.437886
0.136746, 0.437368
0.158798, 0.436826
0.182934, 0.436589
0.208886, 0.436709
0.235716, 0.437073
0.262809, 0.437589
0.28981, 0.438199
0.316343, 0.43881
0.341809, 0.439177
0.365587, 0.438896
0.38801, 0.43776
0.410593, 0.436108
0.434597, 0.434597
0.460125, 0.433637
0.486608, 0.433204
0.513392, 0.433204
0.539875, 0.433637
0.565403, 0.434597
0.589407, 0.436108
0.61199, 0.43776
0.634413, 0.438896
0.658191, 0.439177
0.683657, 0.43881
0.71019, 0.438199
0.737191, 0.437589
0.764284, 0.437073
0.791114, 0.436709
0.817066, 0.436589
0.841202, 0.436826
0.863254, 0.437368
0.884836, 0.437886
0.908101, 0.438037
0.933454, 0.437851
0.959774, 0.437749
0.986543, 0.437595
0.0135514, 0.462522
0.0403057, 0.462578
0.0667772, 0.462772
0.0919312, 0.462871
0.114823, 0.462714
0.13624, 0.462372
0.158476, 0.46206
0.18293, 0.461952
0.209116, 0.462056
0.236089, 0.462298
0.263277, 0.462629
0.290324, 0.463013
0.31677, 0.463371
0.341839, 0.463504
0.364865, 0.463125
0.38663, 0.462187
0.409153, 0.461028
0.433637, 0.460125
0.459678, 0.459678
0.486482, 0.459542
0.513518, 0.459542
0.540322, 0.459678
0.566363, 0.460125
0.590847, 0.461028
0.61337, 0.462187
0.635135, 0.463125
0.658161, 0.463504
0.68323, 0.463371
0.709676, 0.463013
0.736723, 0.462629
0.763911, 0.462298
0.790884, 0.462056
0.81707, 0.461952
0.841524, 0.46206
0.86376, 0.462372
0.885177, 0.462714
0.908069, 0.462871
0.933223, 0.462772
0.959694, 0.462578
0.986449, 0.462522
0.0135544, 0.48749
0.0404295, 0.487537
0.0669063, 0.48761
0.0919085, 0.48763
0.114625, 0.487566
0.135986, 0.487449
0.15833, 0.487348
0.182946, 0.487318
0.209245, 0.487357
0.236287, 0.487442
0.263522, 0.487556
0.290585, 0.487687
0.316965, 0.487803
0.341775, 0.487828
0.364364, 0.48766
0.385817, 0.487305
0.408404, 0.4869
0.433204, 0.486608
0.459542, 0.486482
0.486475, 0.486475
0.513525, 0.486475
0.540458, 0.486482
0.566796, 0.486608
0.591596, 0.4869
0.614183, 0.487305
0.635636, 0.48766
0.658225, 0.487828
0.683035, 0.487803
0.709415, 0.487687
0.736478, 0.487556
0.763713, 0.487442
0.790755, 0.487357
0.817054, 0.487318
0.84167, 0.487348
0.864014, 0.487449
0.885375, 0.487566
0.908091, 0.48763
0.933094, 0.48761
0.959571, 0.487537
0.986446, 0.48749
0.0135544, 0.51251
0.0404295, 0.512463
0.0669063, 0.51239
0.0919085, 0.51237
0.114625, 0.512434
0.135986, 0.512551
0.15833, 0.512652
0.182946, 0.512682
0.209245, 0.512643
0.236287, 0.512558
0.263522, 0.512444
0.290585, 0.512313
0.316965, 0.512197
0.341775, 0.512172
0.364364, 0.51234
0.385817, 0.512695
0.408404, 0.5131
0.433204, 0.513392
0.459542, 0.513518
0.486475, 0.513525
0.513525, 0.513525
0.540458, 0.513518
0.566796, 0.513392
0.591596, 0.5131
0.614183, 0.512695
0.635636, 0.51234
0.658225, 0.512172
0.683035, 0.512197
0.709415, 0.512313
0.736478, 0.512444
0.763713, 0.512558
0.790755, 0.512643
0.817054, 0.512682
0.84167, 0.512652
0.864014, 0.512551
0.885375, 0.512434
0.908091, 0.51237
0.933094, 0.51239
0.959571, 0.512463
0.986446, 0.51251
0.0135514, 0.537478
0.0403057, 0.537422
0.0667772, 0.537228
0.0919312, 0.537129
0.114823, 0.537286
0.13624, 0.537628
0.158476, 0.53794
0.18293, 0.538048
0.209116, 0.537944
0.236089, 0.537702
0.263277, 0.537371
0.290324, 0.536987
0.31677, 0.536629
0.341839, 0.536496
0.364865, 0.536875
0.38663, 0.537813
0.409153, 0.538972
0.433637, 0.539875
0.459678, 0.540322
0.486482, 0.540458
0.513518, 0.540458
0.540322, 0.540322
0.566363, 0.539875
0.590847, 0.538972
0.61337, 0.537813
0.635135, 0.536875
0.658161, 0.536496
0.68323, 0.536629
0.709676, 0.536987
0.736723, 0.537371
0.763911, 0.537702
0.790884, 0.537944
0.81707, 0.538048
0.841524, 0.53794
0.86376, 0.537628
0.885177, 0.537286
0.908069, 0.537129
0.933223, 0.537228
0.959694, 0.537422
0.986449, 0.537478
0.0134566, 0.562405
0.040226, 0.562251
0.066546, 0.562149
0.091899, 0.561963
0.115164, 0.562114
0.136746, 0.562632
0.158798, 0.563174
0.182934, 0.563411
0.208886, 0.563291
0.235716, 0.562927
0.262809, 0.562411
0.28981, 0.561801
0.316343, 0.56119
0.341809, 0.560823
0.365587, 0.561104
0.38801, 0.56224
0.410593, 0.563892
0.434597, 0.565403
0.460125, 0.566363
0.486608, 0.566796
0.513392, 0.566796
0.539875, 0.566363
0.565403, 0.565403
0.589407, 0.563892
0.61199, 0.56224
0.634413, 0.561104
0.658191, 0.560823
0.683657, 0.56119
0.71019, 0.561801
0.737191, 0.562411
0.764284, 0.562927
0.791114, 0.563291
0.817066, 0.563411
0.841202, 0.563174
0.863254, 0.562632
0.884836, 0.562114
0.908101, 0.561963
0.933454, 0.562149
0.959774, 0.562251
0.986543, 0.562405
0.0132463, 0.587379
0.0400132, 0.587068
0.0664676, 0.586857
0.0917936, 0.586854
0.115531, 0.586957
0.137462, 0.58754
0.159352, 0.588303
0.18303, 0.588746
0.208608, 0.588691
0.23521, 0.588269
0.262158, 0.587622
0.289074, 0.586832
0.315656, 0.585991
0.341492, 0.58531
0.366098, 0.585183
0.38945, 0.585979
0.412416, 0.587584
0.436108, 0.589407
0.461028, 0.590847
0.4869, 0.591596
0.5131, 0.591596
0.538972, 0.590847
0.563892, 0.589407
0.587584, 0.587584
0.61055, 0.585979
0.633902, 0.585183
0.658508, 0.58531
0.684344, 0.585991
0.710926, 0.586832
0.737842, 0.587622
0.76479, 0.588269
0.791392, 0.588691
0.81697, 0.588746
0.840648, 0.588303
0.862538, 0.58754
0.884469, 0.586957
0.908206, 0.586854
0.933532, 0.586857
0.959987, 0.587068
0.986754, 0.587379
0.0129429, 0.612413
0.0396078, 0.612003
0.0662629, 0.611578
0.0918906, 0.611454
0.115864, 0.611764
0.138295, 0.612361
0.160168, 0.613281
0.183323, 0.613994
0.208372, 0.614122
0.23464, 0.613736
0.261381, 0.613032
0.28817, 0.612131
0.314735, 0.611126
0.340803, 0.610166
0.366069, 0.609542
0.390374, 0.609626
0.414021, 0.61055
0.43776, 0.61199
0.462187, 0.61337
0.487305, 0.614183
0.512695, 0.614183
0.537813, 0.61337
0.56224, 0.61199
0.585979, 0.61055
0.609626, 0.609626
0.633931, 0.609542
0.659197, 0.610166
0.685265, 0.611126
0.71183, 0.612131
0.738619, 0.613032
0.76536, 0.613736
0.791628, 0.614122
0.816677, 0.613994
0.839832, 0.613281
0.861705, 0.612361
0.884136, 0.611764
0.908109, 0.611454
0.933737, 0.611578
0.960392, 0.612003
0.987057, 0.612413
0.0125741, 0.637502
0.0390569, 0.637051
0.0658305, 0.636464
0.0918558, 0.636094
0.116361, 0.636244
0.139174, 0.637006
0.16123, 0.638058
0.183929, 0.639063
0.20831, 0.639508
0.234101, 0.639296
0.260558, 0.638635
0.287173, 0.637709
0.313659, 0.63663
0.339817, 0.635511
0.365468, 0.634532
0.390458, 0.633931
0.414817, 0.633902
0.438896, 0.634413
0.463125, 0.635135
0.48766, 0.635636
0.51234, 0.635636
0.536875, 0.635135
0.561104, 0.634413
0.585183, 0.633902
0.609542, 0.633931
0.634532, 0.634532
0.660183, 0.635511
0.686341, 0.63663
0.712827, 0.637709
0.739442, 0.638635
0.765899, 0.639296
0.79169, 0.639508
0.816071, 0.639063
0.83877, 0.638058
0.860826, 0.637006
0.883639, 0.636244
0.908144, 0.636094
0.93417, 0.636464
0.960943, 0.637051
0.987426, 0.637502
0.0121551, 0.662653
0.038398, 0.6622
0.0652248, 0.661491
0.0915477, 0.660918
0.116699, 0.66078
0.140158, 0.661359
0.162479, 0.662527
0.184932, 0.663821
0.208594, 0.664704
0.233735, 0.664848
0.259791, 0.664374
0.286171, 0.663527
0.31253, 0.66247
0.338681, 0.661319
0.364489, 0.660183
0.389834, 0.659197
0.41469, 0.658508
0.439177, 0.658191
0.463504, 0.658161
0.487828, 0.658225
0.512172, 0.658225
0.536496, 0.658161
0.560823, 0.658191
0.58531, 0.658508
0.610166, 0.659197
0.635511, 0.660183
0.661319, 0.661319
0.68747, 0.66247
0.713829, 0.663527
0.740209, 0.664374
0.766265, 0.664848
0.791406, 0.664704
0.815068, 0.663821
0.837521, 0.662527
0.859842, 0.661359
0.883301, 0.66078
0.908452, 0.660918
0.934775, 0.661491
0.961602, 0.6622
0.987845, 0.662653
0.0117022, 0.687869
0.0376508, 0.68746
0.0644849, 0.686649
0.0910054, 0.685909
0.116703, 0.685483
0.14098, 0.685729
0.163826, 0.686757
0.18629, 0.688166
0.209399, 0.689495
0.233747, 0.690192
0.259222, 0.690114
0.285267, 0.689487
0.311447, 0.688553
0.33753, 0.68747
0.36337, 0.686341
0.388874, 0.685265
0.414009, 0.684344
0.43881, 0.683657
0.463371, 0.68323
0.487803, 0.683035
0.512197, 0.683035
0.536629, 0.68323
0.56119, 0.683657
0.585991, 0.684344
0.611126, 0.685265
0.63663, 0.686341
0.66247, 0.68747
0.688553, 0.688553
0.714733, 0.689487
0.740778, 0.690114
0.766253, 0.690192
0.790601, 0.689495
0.81371, 0.688166
0.836174, 0.686757
0.85902, 0.685729
0.883297, 0.685483
0.908995, 0.685909
0.935515, 0.686649
0.962349, 0.68746
0.988298, 0.687869
0.011235, 0.713147
0.0368397, 0.712831
0.0636349, 0.711947
0.0902663, 0.711072
0.11636, 0.710386
0.141418, 0.71022
0.165076, 0.710892
0.187802, 0.712263
0.210708, 0.713763
0.23437, 0.715027
0.259071, 0.715586
0.284602, 0.715398
0.310513, 0.714733
0.336473, 0.713829
0.362291, 0.712827
0.387869, 0.71183
0.413168, 0.710926
0.438199, 0.71019
0.463013, 0.709676
0.487687, 0.709415
0.512313, 0.709415
0.536987, 0.709676
0.561801, 0.71019
0.586832, 0.710926
0.612131, 0.71183
0.637709, 0.712827
0.663527, 0.713829
0.689487, 0.714733
0.715398, 0.715398
0.740929, 0.715586
0.76563, 0.715027
0.789292, 0.713763
0.812198, 0.712263
0.834924, 0.710892
0.858582, 0.71022
0.88364, 0.710386
0.909734, 0.711072
0.936365, 0.711947
0.96316, 0.712831
0.988765, 0.713147
0.0107774, 0.738477
0.0359981, 0.738306
0.0627066, 0.737387
0.0893707, 0.736419
0.115707, 0.735529
0.141368, 0.734966
0.16593, 0.735095
0.189325, 0.736112
0.212245, 0.737686
0.235602, 0.739199
0.259595, 0.740405
0.284414, 0.740929
0.309886, 0.740778
0.335626, 0.740209
0.361365, 0.739442
0.386968, 0.738619
0.412378, 0.737842
0.437589, 0.737191
0.462629, 0.736723
0.487556, 0.736478
0.512444, 0.736478
0.537371, 0.736723
0.562411, 0.737191
0.587622, 0.737842
0.613032, 0.738619
0.638635, 0.739442
0.664374, 0.740209
0.690114, 0.740778
0.715586, 0.740929
0.740405, 0.740405
0.764398, 0.739199
0.787755, 0.737686
0.810675, 0.736112
0.83407, 0.735095
0.858632, 0.734966
0.884293, 0.735529
0.910629, 0.736419
0.937293, 0.737387
0.964002, 0.738306
0.989223, 0.738477
0.0103613, 0.763837
0.0351732, 0.763861
0.0617395, 0.762958
0.0883691, 0.761944
0.114817, 0.760922
0.140855, 0.76006
0.166167, 0.75964
0.190466, 0.760003
0.213891, 0.761223
0.237119, 0.762881
0.260801, 0.764398
0.284973, 0.76563
0.309808, 0.766253
0.335152, 0.766265
0.360704, 0.765899
0.386264, 0.76536
0.411731, 0.76479
0.437073, 0.764284
0.462298, 0.763911
0.487442, 0.763713
0.512558, 0.763713
0.537702, 0.763911
0.562927, 0.764284
0.588269, 0.76479
0.613736, 0.76536
0.639296, 0.765899
0.664848, 0.766265
0.690192, 0.766253
0.715027, 0.76563
0.739199, 0.764398
0.762881, 0.762881
0.786109, 0.761223
0.809534, 0.760003
0.833833, 0.75964
0.859145, 0.76006
0.885183, 0.760922
0.911631, 0.761944
0.93826, 0.762958
0.964827, 0.763861
0.989639, 0.763837
0.0100337, 0.789173
0.0344355, 0.789446
0.0607848, 0.788632
0.0873164, 0.787628
0.113778, 0.786546
0.140003, 0.785502
0.165791, 0.784679
0.190895, 0.784364
0.215158, 0.784842
0.238777, 0.786109
0.262314, 0.787755
0.286237, 0.789292
0.310505, 0.790601
0.335296, 0.791406
0.360492, 0.79169
0.385878, 0.791628
0.411309, 0.791392
0.436709, 0.791114
0.462056, 0.790884
0.487357, 0.790755
0.512643, 0.790755
0.537944, 0.790884
0.563291, 0.791114
0.588691, 0.791392
0.614122, 0.791628
0.639508, 0.79169
0.664704, 0.791406
0.689495, 0.790601
0.713763, 0.789292
0.737686, 0.787755
0.761223, 0.786109
0.784842, 0.784842
0.809105, 0.784364
0.834209, 0.784679
0.859997, 0.785502
0.886222, 0.786546
0.912684, 0.787628
0.939215, 0.788632
0.965564, 0.789446
0.989966, 0.789173
0.00987378, 0.814389
0.0338976, 0.814966
0.0599139, 0.814355
0.0862719, 0.813436
0.112672, 0.81236
0.138953, 0.811239
0.164981, 0.810191
0.190602, 0.809398
0.215636, 0.809105
0.239997, 0.809534
0.263888, 0.810675
0.287737, 0.812198
0.311834, 0.81371
0.336179, 0.815068
0.360937, 0.816071
0.386006, 0.816677
0.411254, 0.81697
0.436589, 0.817066
0.461952, 0.81707
0.487318, 0.817054
0.512682, 0.817054
0.538048, 0.81707
0.563411, 0.817066
0.588746, 0.81697
0.613994, 0.816677
0.639063, 0.816071
0.663821, 0.815068
0.688166, 0.81371
0.712263, 0.812198
0.736112, 0.810675
0.760003, 0.809534
0.784364, 0.809105
0.809398, 0.809398
0.835019, 0.810191
0.861047, 0.811239
0.887328, 0.81236
0.913728, 0.813436
0.940086, 0.814355
0.966102, 0.814966
0.990126, 0.814389
0.0100161, 0.839329
0.033734, 0.840258
0.0592389, 0.840026
0.0853102, 0.839303
0.111574, 0.838313
0.137822, 0.837199
0.163935, 0.836065
0.189809, 0.835019
0.215321, 0.834209
0.24036, 0.833833
0.264905, 0.83407
0.289108, 0.834924
0.313243, 0.836174
0.337473, 0.837521
0.361942, 0.83877
0.386719, 0.839832
0.411697, 0.840648
0.436826, 0.841202
0.46206, 0.841524
0.487348, 0.84167
0.512652, 0.84167
0.53794, 0.841524
0.563174, 0.841202
0.588303, 0.840648
0.613281, 0.839832
0.638058, 0.83877
0.662527, 0.837521
0.686757, 0.836174
0.710892, 0.834924
0.735095, 0.83407
0.75964, 0.833833
0.784679, 0.834209
0.810191, 0.835019
0.836065, 0.836065
0.862178, 0.837199
0.888426, 0.838313
0.91469, 0.839303
0.940761, 0.840026
0.966266, 0.840258
0.989984, 0.839329
0.0106446, 0.863832
0.0341613, 0.865099
0.0589365, 0.865463
0.0845434, 0.865114
0.110562, 0.864322
0.1367, 0.8633
0.162801, 0.862178
0.188761, 0.861047
0.214498, 0.859997
0.23994, 0.859145
0.265034, 0.858632
0.28978, 0.858582
0.314271, 0.85902
0.338641, 0.859842
0.362994, 0.860826
0.387639, 0.861705
0.41246, 0.862538
0.437368, 0.863254
0.462372, 0.86376
0.487449, 0.864014
0.512551, 0.864014
0.537628, 0.86376
0.562632, 0.863254
0.58754, 0.862538
0.612361, 0.861705
0.637006, 0.860826
0.661359, 0.859842
0.685729, 0.85902
0.71022, 0.858582
0.734966, 0.858632
0.76006, 0.859145
0.785502, 0.859997
0.811239, 0.861047
0.837199, 0.862178
0.8633, 0.8633
0.889438, 0.864322
0.915457, 0.865114
0.941063, 0.865463
0.965839, 0.865099
0.989355, 0.863832
0.0118469, 0.887879
0.0353107, 0.889298
0.0592381, 0.890398
0.0841521, 0.890658
0.109753, 0.890247
0.135678, 0.889438
0.161687, 0.888426
0.18764, 0.887328
0.213454, 0.886222
0.239078, 0.885183
0.264471, 0.884293
0.289614, 0.88364
0.314517, 0.883297
0.33922, 0.883301
0.363756, 0.883639
0.388236, 0.884136
0.413043, 0.884469
0.437886, 0.884836
0.462714, 0.885177
0.487566, 0.885375
0.512434, 0.885375
0.537286, 0.885177
0.562114, 0.884836
0.586957, 0.884469
0.611764, 0.884136
0.636244, 0.883639
0.66078, 0.883301
0.685483, 0.883297
0.710386, 0.88364
0.735529, 0.884293
0.760922, 0.885183
0.786546, 0.886222
0.81236, 0.887328
0.838313, 0.888426
0.864322, 0.889438
0.890247, 0.890247
0.915848, 0.890658
0.940762, 0.890398
0.964689, 0.889298
0.988153, 0.887879
0.0133607, 0.911699
0.037028, 0.912879
0.0603017, 0.914577
0.0843844, 0.915616
0.109342, 0.915848
0.134886, 0.915457
0.160697, 0.91469
0.186564, 0.913728
0.212372, 0.912684
0.238056, 0.911631
0.263581, 0.910629
0.288928, 0.909734
0.314091, 0.908995
0.339082, 0.908452
0.363906, 0.908144
0.388546, 0.908109
0.413146, 0.908206
0.438037, 0.908101
0.462871, 0.908069
0.48763, 0.908091
0.51237, 0.908091
0.537129, 0.908069
0.561963, 0.908101
0.586854, 0.908206
0.611454, 0.908109
0.636094, 0.908144
0.660918, 0.908452
0.685909, 0.908995
0.711072, 0.909734
0.736419, 0.910629
0.761944, 0.911631
0.787628, 0.912684
0.813436, 0.913728
0.839303, 0.91469
0.865114, 0.915457
0.890658, 0.915848
0.915616, 0.915616
0.939698, 0.914577
0.962972, 0.912879
0.986639, 0.911699
0.014619, 0.935666
0.0388384, 0.936193
0.0619858, 0.938014
0.085423, 0.939698
0.109602, 0.940762
0.134537, 0.941063
0.159974, 0.940761
0.185645, 0.940086
0.211368, 0.939215
0.237042, 0.93826
0.262613, 0.937293
0.288053, 0.936365
0.313351, 0.935515
0.338509, 0.934775
0.363536, 0.93417
0.388422, 0.933737
0.413143, 0.933532
0.437851, 0.933454
0.462772, 0.933223
0.48761, 0.933094
0.51239, 0.933094
0.537228, 0.933223
0.562149, 0.933454
0.586857, 0.933532
0.611578, 0.933737
0.636464, 0.93417
0.661491, 0.934775
0.686649, 0.935515
0.711947, 0.936365
0.737387, 0.937293
0.762958, 0.93826
0.788632, 0.939215
0.814355, 0.940086
0.840026, 0.940761
0.865463, 0.941063
0.890398, 0.940762
0.914577, 0.939698
0.938014, 0.938014
0.961162, 0.936193
0.985381, 0.935666
0.0152019, 0.96011
0.0401977, 0.959802
0.0638067, 0.961162
0.0871208, 0.962972
0.110702, 0.964689
0.134901, 0.965839
0.159742, 0.966266
0.185034, 0.966102
0.210554, 0.965564
0.236139, 0.964827
0.261694, 0.964002
0.287169, 0.96316
0.31254, 0.962349
0.3378, 0.961602
0.362949, 0.960943
0.387997, 0.960392
0.412932, 0.959987
0.437749, 0.959774
0.462578, 0.959694
0.487537, 0.959571
0.512463, 0.959571
0.537422, 0.959694
0.562251, 0.959774
0.587068, 0.959987
0.612003, 0.960392
0.637051, 0.960943
0.6622, 0.961602
0.68746, 0.962349
0.712831, 0.96316
0.738306, 0.964002
0.763861, 0.964827
0.789446, 0.965564
0.814966, 0.966102
0.840258, 0.966266
0.865099, 0.965839
0.889298, 0.964689
0.912879, 0.962972
0.936193, 0.961162
0.959802, 0.959802
0.984798, 0.96011
0.0147359, 0.985264
0.0398902, 0.984798
0.064334, 0.985381
0.0883012, 0.986639
0.112121, 0.988153
0.136168, 0.989355
0.160671, 0.989984
0.185611, 0.990126
0.210827, 0.989966
0.236163, 0.989639
0.261523, 0.989223
0.286853, 0.988765
0.312131, 0.988298
0.337347, 0.987845
0.362498, 0.987426
0.387587, 0.987057
0.412621, 0.986754
0.437595, 0.986543
0.462522, 0.986449
0.48749, 0.986446
0.51251, 0.986446
0.537478, 0.986449
0.562405, 0.986543
0.587379, 0.986754
0.612413, 0.987057
0.637502, 0.987426
0.662653, 0.987845
0.687869, 0.988298
0.713147, 0.988765
0.738477, 0.989223
0.763837, 0.989639
0.789173, 0.989966
0.814389, 0.990126
0.839329, 0.989984
0.863832, 0.989355
0.887879, 0.988153
0.911699, 0.986639
0.935666, 0.985381
0.96011, 0.984798
0.985264, 0.985264
