-0.106669785695542,-0.21962394518596,-0.969735468837054
-0.268742414642029,-0.0767659512503178,-0.960148167134021
-0.0686529590234374,-0.0214358140956575,-0.997410285234408
0.219779172335985,-0.0507770565045227,-0.974227286591813
-0.0261357628390139,0.187659913532199,-0.981886286060616
-0.0876575796503775,-0.566560527294423,-0.819344443834034
0.107553139274615,-0.614735065548704,-0.781366189066948
0.249375435698327,-0.501420103496812,-0.828486434336445
-0.321097824652957,-0.424364853862902,-0.846646713694122
-0.128179619429309,-0.397800710686866,-0.908473763492193
0.0582364381003172,-0.447630128916973,-0.892320448978484
0.187577899370181,-0.319321547923027,-0.928896270150716
0.382035593743607,-0.347405318406942,-0.856363444955202
-0.612029736414715,-0.133598761701914,-0.779468391030611
-0.450840607817878,-0.106593481279442,-0.886217002822184
-0.296236581531473,-0.255025515173523,-0.920437870659674
0.0117995376144903,-0.267622600660168,-0.818007792621228
0.0775771006543817,-0.172275917678605,-0.981989206479407
0.321286334900306,-0.181600669573581,-0.929406416922519
0.505623205783458,-0.168141872949705,-0.84621125276375
-0.575542732482411,0.0546454188063234,-0.815943895920646
-0.41679364203974,0.0732602977062643,-0.90604414281824
-0.297312822608449,0.035536414254775,-0.785914854279163
0.0460213163223515,-0.0461019159644733,-0.842359492715136
0.262155223600817,-0.0150789420334663,-0.790364457546212
0.415200749114028,-0.00668351720867749,-0.909705264650519
0.590213822235832,0.0132902345801511,-0.807137543187589
-0.509833393309193,0.239640073887572,-0.82622185038523
-0.32418174924806,0.223129035155157,-0.919303881817757
-0.210370782958589,0.0967931274258495,-0.972818186590132
-0.0151128137137748,0.252914793218216,-0.806043818387167
0.101787519084293,0.0687724523313003,-0.992426143309839
0.289749588079963,0.139077443323698,-0.946943842561973
0.473168034346858,0.170142008341233,-0.86438631888175
-0.350241461474341,0.388495946146022,-0.852292096573148
-0.168477998141442,0.307324227864993,-0.936571931403134
0.000486072175390635,0.400228044651111,-0.916415449426514
0.149735524931381,0.274267960315044,-0.949924396070053
0.334748588998895,0.325457619524449,-0.884319354087681
-0.170710654310983,0.492470361119639,-0.853422999406461
0.0121397972740004,0.57791051881119,-0.816009839066326
0.174320727062859,0.466463504295306,-0.867193221254789
-0.472987745225187,-0.627357052623575,-0.618632137372651
-0.188978023014785,-0.678531453031477,-0.709846725754522
-0.00300037800512227,-0.729953019446995,-0.683490736683418
0.181494729065376,-0.756132327003627,-0.628747618191564
0.305892936587833,-0.650289452592104,-0.695379852063845
-0.502501174861181,-0.464246879401967,-0.729360954583927
-0.336245751870472,-0.57129584111416,-0.748705453616257
-0.173165835400989,-0.449368283042449,-0.711453020650794
-0.0381915165256055,-0.57396190893454,-0.627411757310998
0.184159670457806,-0.530836182497561,-0.622362986745155
0.423385623005159,-0.511003459491703,-0.748077588636396
0.573843419813107,-0.509732509051191,-0.640996488488522
-0.63490790784711,-0.331744035149035,-0.697737661084911
-0.481450144487915,-0.291567163068356,-0.826555713535486
-0.361543477774103,-0.359670788222443,-0.665847702071308
-0.1962850331072,-0.27647970455705,-0.77002949089224
0.0226153312500962,-0.420312478840319,-0.694160292239794
0.201676780388184,-0.367310213816724,-0.742941128206912
0.388155656554196,-0.378117501398851,-0.653280465520894
0.557271068255024,-0.340204913014517,-0.757436184537476
0.709016163603274,-0.326300867034749,-0.625159038902636
-0.734038605506967,-0.171702770361953,-0.657042985104793
-0.491457060509385,-0.216718214913542,-0.625525315948096
-0.331190564878803,-0.164138114453059,-0.761887254671704
-0.132630855127876,-0.0991657540220473,-0.820868605873399
-0.098814766911202,-0.252218047229918,-0.657569496338464
0.169751716879303,-0.17052869047829,-0.789618760691055
0.339141922299796,-0.211171821419232,-0.735008197292611
0.501580285066338,-0.190052721162594,-0.651903270624223
0.673153857531669,-0.157710716672373,-0.722489594345082
-0.716508176991524,0.0454562928108727,-0.696096083534276
-0.597326939183892,-0.0535135451962915,-0.567252344104103
-0.444034103844311,-0.0369618215577001,-0.692408900302357
-0.180564368759113,-0.0438060742490578,-0.65810561453776
0.00828793591804219,-0.122197080811161,-0.659973686416546
0.154353777856814,-0.00982450182985106,-0.646106241487886
0.42039600162851,-0.0166951899097358,-0.710678994085933
0.593991806574649,0.000930156303916649,-0.622161830478844
0.75018489387983,0.0322620842743516,-0.660440597565582
-0.670189729063481,0.247815114721095,-0.699595165499076
-0.539157372050007,0.121468436928864,-0.656012392409768
-0.34792172521261,0.214730337593198,-0.730976168804167
-0.140396370600666,0.11648829422336,-0.826286796208496
-0.00877002731851309,0.238520236269083,-0.630581064912808
0.124340222088799,0.126623976117922,-0.814556223361119
0.304001758660653,0.165937428660789,-0.744225449295306
0.480096720236161,0.170819532002344,-0.674221773421779
0.647843596331731,0.187419866723933,-0.738357953891001
-0.650771634370584,0.430950266681825,-0.62512250603022
-0.51473246973845,0.411777155833536,-0.751990730348852
-0.341260965314978,0.417101599087568,-0.647858480147061
-0.187698710481498,0.323554868164573,-0.749179595080034
-0.0123300737784541,0.426770562650856,-0.712220478297848
0.164233456280643,0.311490258482767,-0.762749615077091
0.354914945112895,0.356549568275384,-0.680491905308399
0.512067631763466,0.345522243222754,-0.786384842134226
0.661815738623276,0.361330050814995,-0.656841322153655
-0.505206338993036,0.573667960590673,-0.644726008148688
-0.341739463186749,0.553781498768765,-0.759302436892433
-0.178295233882793,0.523021928709722,-0.634359151289892
0.00907160190775036,0.588596262228536,-0.601709688058599
0.174310063988363,0.500114042916272,-0.670656119933203
0.34673987870573,0.504228659350341,-0.790901331143711
0.514633387995103,0.509150352428502,-0.689868389319741
-0.328519626998875,0.694280490287329,-0.640351040822849
-0.15476068266702,0.651612771548341,-0.742596745923066
0.00855483738955556,0.735719906012374,-0.677231891344746
0.175225355125838,0.642476759305779,-0.74600247229682
0.341981267518514,0.657406621826794,-0.67146507447872
-0.142275912997446,-0.808985561506418,-0.570350704264393
0.0402418595144277,-0.851546921274522,-0.522731703276837
0.216147110504124,-0.864909736578694,-0.453002841262715
-0.559416756968102,-0.689430585744847,-0.460150366144382
-0.332225904774628,-0.732751671937074,-0.593886298436075
-0.158280946678488,-0.678671924587253,-0.479747090269711
0.0440487208649058,-0.651408949838346,-0.506634646116447
0.215967181745186,-0.659600727823238,-0.45815599533368
0.375265998274759,-0.75918528696404,-0.531801777541385
0.548309526859513,-0.653735860064646,-0.521522854727664
-0.627156691140678,-0.519734015380154,-0.58013018962051
-0.409719555111315,-0.486114626223369,-0.530188311343721
-0.258066725023831,-0.546477570441305,-0.581179773480235
-0.250783426793123,-0.481669080375936,-0.408779238556727
-0.0882394261738818,-0.466051479568305,-0.51162546114705
0.0937725816778568,-0.457633970153837,-0.487275163330262
0.380010351170044,-0.56339205028687,-0.563370441907309
0.43044398653727,-0.442273866977652,-0.455374314861698
0.708285091100525,-0.497412365518977,-0.500912335792575
-0.755707027223478,-0.367273330268588,-0.542233519512792
-0.541852396435502,-0.370311366242679,-0.528384732832534
-0.377925891113735,-0.314377008026713,-0.448207567806858
-0.217422320178313,-0.332584545423764,-0.548733598467633
-0.00450595743242184,-0.29367038767277,-0.509575320625518
0.124397035122751,-0.260528724735645,-0.62055844901896
0.262545433452423,-0.350599748788348,-0.544760576336607
0.557619096490084,-0.358011074878826,-0.546468624413468
0.825307466337158,-0.301976422040764,-0.477155976809354
-0.856144009031807,-0.183571057716103,-0.483031160840074
-0.677970197238631,-0.21807361899764,-0.50912256075305
-0.550185898547326,-0.204827367937762,-0.418352474135949
-0.295209834078214,-0.173291814773774,-0.592914334110534
-0.104450147074006,-0.140519961489784,-0.489317965685597
-0.0239518075730576,0.0423048116190294,-0.526688394510122
0.103752268816748,-0.10696540908077,-0.480651811348917
0.280979969300601,-0.143442129034403,-0.595370256873709
0.411653956351473,-0.24549536183872,-0.494074517380884
0.63021121993765,-0.178420057759443,-0.501880347581417
0.806368712729037,-0.133628064083342,-0.576118945723064
-0.820320475501265,-0.0263777274119034,-0.571295486565369
-0.71276171949366,-0.0675071796211181,-0.380573355393618
-0.497264047189306,0.118081798134491,-0.48691801142958
-0.41537199649286,-0.0728497780142299,-0.48922671116113
-0.240440480545875,0.00698373293219381,-0.492857385650968
-0.0200806825642157,0.0626366733717122,-0.710425376429967
0.179450115993675,0.069427856764906,-0.438143307905184
0.320622177736922,0.0462735355825155,-0.561140418750821
0.468745750411937,-0.0669039278817789,-0.506412103030092
0.693928469972328,0.0133938765895015,-0.465364784124745
0.872547092241359,0.0503626554607813,-0.485927129048096
-0.807855879596014,0.188457218494155,-0.558437780214242
-0.688876194259059,0.086725119438867,-0.484230334185672
-0.616766554138849,0.270725442741649,-0.512417866894996
-0.347347780247278,0.0920289528837413,-0.591150321769158
-0.179495353482591,0.157300959982169,-0.635217131615707
0.0105591592871662,0.190155688639955,-0.43716815018635
0.146575106404326,0.164045593236195,-0.604807436635724
0.326794806428709,0.226211027340986,-0.550983515295451
0.491074440400432,0.111054723550903,-0.500127185598255
0.649670154971331,0.198151525830808,-0.531332190077481
0.790935737267207,0.198724221496726,-0.578730803832059
-0.777830964524014,0.385754134370506,-0.496157977011625
-0.479891555433531,0.288866238849537,-0.617659984964066
-0.334694002753045,0.271226756835943,-0.51300473038872
-0.159982970695591,0.345444111203053,-0.568607143858939
0.0136417769247794,0.384063097636375,-0.515594541440592
0.172050669465004,0.355532129382295,-0.597909560901795
0.311331164557077,0.388037791846043,-0.460634861378975
0.507627619338702,0.325776755218514,-0.551211862763157
0.779801692379257,0.377274053347619,-0.49957342726881
-0.653642375775217,0.571257614869536,-0.496403446849938
-0.479915931683305,0.437190859943331,-0.495666586818639
-0.3519360316704,0.588444672169078,-0.516577559960296
-0.274988394385526,0.457483761721266,-0.457526466237669
-0.0730373165427956,0.513257283929448,-0.451911626293987
0.138564928294702,0.509496220344791,-0.456597673267264
0.338026303736311,0.513183775056394,-0.565622783052733
0.501102072182846,0.480161061743941,-0.488535157520528
0.662493380015839,0.518588250643989,-0.540526361733816
-0.50261515005259,0.706543328690714,-0.498171191078185
-0.336835085323709,0.807926786590796,-0.483525007423649
-0.17538633672092,0.659618266272759,-0.473475544212615
0.0229076094969713,0.705106611642269,-0.452832458957203
0.209592628083432,0.642239672679927,-0.522144375142369
0.348831590994289,0.785700591125898,-0.510872882651651
0.494246294096754,0.657940611854893,-0.568185490877438
-0.163345997478625,0.782244683279246,-0.601174966627089
-0.00978232353592489,0.854916022761073,-0.51867417487048
0.16999092629328,0.780207440066305,-0.60197959719839
-0.310331279451609,-0.841468991169861,-0.44229451035877
-0.121492454189108,-0.903486426224592,-0.411037542327977
0.057294988305787,-0.939380981073488,-0.338054221556914
0.220238206761741,-0.94209471848989,-0.252888656640182
0.390821161577253,-0.850192673009294,-0.352748123205098
-0.665371864945556,-0.682014412141694,-0.303540150507132
-0.4799827938405,-0.81450073273346,-0.325891199626078
-0.376299441268568,-0.659512966773884,-0.432018847819282
-0.138581923949383,-0.783634555617272,-0.297497521819582
0.0272757184600324,-0.745916660075949,-0.356988878013999
0.206363487689996,-0.76276089061346,-0.291796117698308
0.390971792348229,-0.64845453858221,-0.372581766053743
0.559740027541834,-0.7493561063808,-0.353774684309075
0.703295153174957,-0.625985732586027,-0.336924012381648
-0.728468839246655,-0.538720821681103,-0.423217469551847
-0.532123699290911,-0.526390166584726,-0.393113108184845
-0.377984838350081,-0.491068680417815,-0.301948029629104
-0.261461764107172,-0.659766188466704,-0.313083504351176
-0.0789978471264068,-0.570916612008989,-0.353671134320447
0.0957406631172824,-0.572053709591638,-0.318131817208703
0.261885394560438,-0.48197603553885,-0.416892405410229
0.557873261634828,-0.528158901946837,-0.397657709325428
0.821874221014026,-0.465051256276131,-0.329013820178698
-0.854631536798017,-0.358885056322595,-0.375241858016012
-0.657738647690899,-0.370970957181531,-0.362830630727186
-0.497777627720345,-0.357486868809822,-0.278125167301549
-0.291735767840897,-0.3171159597316,-0.252179315539294
-0.158213805977443,-0.32086254607579,-0.373065073903512
-0.00537202743004486,-0.385814171444342,-0.328683944233191
0.163781202518862,-0.279197654108667,-0.406398063874778
0.334839348060726,-0.293007467112921,-0.331687230257726
0.545824496016437,-0.316858197824992,-0.344602531944705
0.691834385457866,-0.357659239093389,-0.397191219049222
0.910124191786731,-0.284450071399062,-0.301267509499434
-0.934768922588953,-0.158054317703307,-0.318160170381572
-0.761193354584186,-0.22022230714483,-0.31062861905988
-0.611322649429395,-0.189400525273087,-0.2319606159784
-0.415766998891225,-0.17642655681223,-0.312620851924167
-0.258608693893304,-0.165600391546571,-0.400466480527998
-0.00239709339714416,-0.185582062304874,-0.32947561015866
0.177632731703023,-0.137367780485585,-0.278649972801225
0.291642677180253,-0.10442741807174,-0.407890071408091
0.492028759659089,-0.154248085782109,-0.33861447130718
0.721894633911625,-0.173773783310811,-0.349513135189337
0.905046894547974,-0.118140230260909,-0.40857435634529
-0.904459451077688,0.0280470423425357,-0.425636540355947
-0.79759586896821,0.0570244547962512,-0.301556889122423
-0.530885893956028,-0.0161935967027345,-0.354412830077384
-0.316112118831531,-0.00245597154634453,-0.300518919869242
-0.123980160462651,0.0204024881882934,-0.360535279838512
0.0472262516107392,0.00561231979205515,-0.313858334851522
0.248401007874797,0.0405598096253815,-0.246715333427346
0.399799424946459,0.0296307557290795,-0.343613362135991
0.591930345010198,-0.00763455014081805,-0.336309778998223
0.782738252143888,-0.00709036610403699,-0.284758870263374
0.948560519880311,0.0749600981372907,-0.307593764260008
-0.895349203274966,0.223031053817413,-0.385495722241594
-0.711905916046448,0.251894900606976,-0.366755780639288
-0.600227752558053,0.134815019376245,-0.306392588023843
-0.369706100038258,0.134831643095791,-0.372868219358416
-0.186619604465888,0.17688610068452,-0.445547082971715
-0.0530073071125971,0.185098070586396,-0.267831587426379
0.14740054284282,0.202121018658056,-0.274871733691344
0.327121273439294,0.186048404748024,-0.381574519808814
0.540084018985963,0.190850387260332,-0.372767715633294
0.755355652784906,0.178953505054233,-0.350401473064362
0.879485733218177,0.24493727039551,-0.408057077670371
-0.857288929706694,0.396105751436154,-0.328870680230848
-0.631650688188036,0.425029636018748,-0.371978607939028
-0.483948136040881,0.281685449772413,-0.364490244151442
-0.30408506006076,0.347326002185763,-0.321675743617239
-0.135289184074594,0.325569706495368,-0.3761310708669
0.0233986570386033,0.377637954968574,-0.305103783730094
0.164091967522774,0.289787646924142,-0.422921205445122
0.298933923742722,0.341033710075214,-0.254761804431483
0.449721465647617,0.347357435322416,-0.351152044387046
0.657157547787568,0.354593370243013,-0.37899163509622
0.855639809193661,0.414913400729862,-0.309398427303399
-0.76341097036399,0.553931528631734,-0.332210101587724
-0.499549239349552,0.590070599386545,-0.366982578130982
-0.302837170334756,0.576981944771254,-0.309126523856116
-0.148539424063674,0.507592185949429,-0.299438129854608
0.0240651854910722,0.600674205206981,-0.295331438868545
0.170036833523278,0.471418595895165,-0.305363595438551
0.34691918018738,0.530461569542707,-0.342303227460989
0.556768263990743,0.513286411068413,-0.334625967974433
0.755552152873223,0.54393617066336,-0.365067646515983
-0.640801954070922,0.697527711515052,-0.320667970535666
-0.492996881606132,0.807155958407136,-0.324735790350383
-0.33646657680112,0.723765837007166,-0.346221040823139
-0.144131434673717,0.736376541661861,-0.304792762521994
0.0311485016061625,0.804992247708959,-0.283145210105996
0.206336927638396,0.690226577930476,-0.352844999317776
0.399183487359516,0.655106526271272,-0.403773266879588
0.500425711864297,0.795861788383281,-0.34084911720067
0.603965504323743,0.670152507444884,-0.43141776304791
-0.312144092061642,0.905592219241189,-0.287173811899399
-0.17811443445184,0.885436529857237,-0.429275435861727
-0.00498668720621739,0.937432176304724,-0.348132227247299
0.165787414481826,0.880814915998191,-0.443485757056218
0.329328401574116,0.873674101752393,-0.358101058143909
-0.107285272911634,-0.970102348873119,-0.21769543605223
-0.619060540469034,-0.771581110071892,-0.146378406243597
-0.458292014322598,-0.877679201845766,-0.140170069037284
-0.294144312563483,-0.913951896163253,-0.279590868829376
0.0319473772428838,-0.824973650449795,-0.180695626679963
0.0860867702867509,-0.988117084845889,-0.127333006786376
0.365619764901308,-0.915993584565425,-0.165160347990961
0.535092903140953,-0.825320573658408,-0.180337282230621
-0.765161260656508,-0.630593269551552,-0.129924491866725
-0.469545483395459,-0.663886636972002,-0.242710253960792
-0.30730313077294,-0.775418457132279,-0.186378920000582
-0.143424411298706,-0.816140602764951,-0.0857470628992953
-0.0836755852370066,-0.648853070202805,-0.176465284838606
0.194923148750822,-0.803567989917281,-0.0795990983782884
0.362272395712198,-0.746793782525391,-0.182054695044907
0.507061104055846,-0.616401956638992,-0.21243944962734
0.681975098010124,-0.713324274685295,-0.161488218885402
-0.822038465997366,-0.505804684220841,-0.261561430338942
-0.624734338195577,-0.516815850742654,-0.229579109589026
-0.470931974485217,-0.51529429987928,-0.13245323947004
-0.281724595299487,-0.604058293371486,-0.132609394028419
-0.185632941388848,-0.472624727338074,-0.22410002531916
-0.00445337329196464,-0.469975827220087,-0.173172643850494
0.188675644742076,-0.410989926706345,-0.267524233861095
0.27639769732135,-0.583490575514671,-0.246938940043173
0.411268100567313,-0.46080945795378,-0.262222660543318
0.61705728153484,-0.471004614264243,-0.225804038764809
0.808594833052455,-0.564807641215743,-0.164823312626525
-0.929554176876321,-0.313084492279863,-0.194697539881796
-0.737843936983814,-0.354115749301707,-0.182443651588058
-0.581664968850521,-0.34892827888236,-0.0910204402322703
-0.357525480985342,-0.4106772887984,-0.101670296980885
-0.115702725053212,-0.291107565517463,-0.161699091913974
0.0958721941520394,-0.288259310853796,-0.184674415697989
0.284794749527626,-0.256393327643264,-0.151189569699769
0.318172847476474,-0.41759156561928,-0.111316567799554
0.479366521635743,-0.305650029004487,-0.170990967945047
0.713973781088595,-0.343097421248915,-0.203773017124011
0.905092497029278,-0.399039594746308,-0.146884216279368
-0.981661816019493,-0.164875728095696,-0.095687372490968
-0.799607162393423,-0.104900776525611,-0.170358172970357
-0.438092249095044,-0.240564590047459,-0.132968669939171
-0.28232602155288,-0.138895182258751,-0.168680483009935
-0.146989418910922,-0.143066346509264,-0.266394566133368
0.00559302342415025,-0.139976932462341,-0.127347287326931
0.172581654980025,-0.0924648250379855,-0.103968668528663
0.374815316095103,-0.122563702806463,-0.201852092642527
0.598502694014554,-0.170250348422198,-0.195255910762967
0.796006400558459,-0.194102331205181,-0.170741515153846
0.969038688606562,-0.0958380146183905,-0.227550203115004
-0.97273790579133,-0.016184609397051,-0.231341792712346
-0.829076273678177,0.0784277892443548,-0.0937983539109228
-0.649859904453394,0.00669943574907765,-0.181502222137624
-0.469083364659188,-0.0510858153989169,-0.178339647589796
-0.304599150897946,0.060279154818055,-0.111028472611093
-0.124059002864267,0.0138364819531125,-0.178849871764276
0.0752216016020649,0.0688305363868446,-0.142666220747358
0.346914653432161,0.0247778244436083,-0.0806405675483727
0.498916030180892,0.0246948976067673,-0.160040917822536
0.661582398716608,-0.0169358163547625,-0.121132026757528
0.842107978965192,-0.043638514842386,-0.101152694820433
0.991774877467115,0.0712109821691116,-0.10635595134871
-0.963287376484174,0.156556250553704,-0.218099908470728
-0.76671059160222,0.205492123887187,-0.20760185386396
-0.462834065540435,0.138204250621646,-0.196219773121773
-0.240437494286551,0.178137883988328,-0.240720422041544
-0.108187808476803,0.157446634344831,-0.0784440793932899
0.0352312829247974,0.273519312895484,-0.128475884205658
0.243104853522568,0.184013488835944,-0.104908594922957
0.41319172957632,0.183384451598559,-0.206287033356632
0.632121065324861,0.147825162597582,-0.230310673673933
0.809304123615343,0.140434107426557,-0.139745898207066
0.942540794264367,0.242758208772585,-0.229532793345573
-0.928391042309982,0.32968956309625,-0.171449304240685
-0.729603425034024,0.387119420081556,-0.196136136935782
-0.581150799924818,0.310645866482239,-0.198521094583704
-0.378826926150499,0.294679563841195,-0.159057621129885
-0.162899053910425,0.347267900666926,-0.171313429770627
-0.024081372696997,0.461326581619237,-0.138215737478996
0.172651716667353,0.365190504114755,-0.131266113521856
0.372035954701818,0.354238570808998,-0.0826785454701475
0.546832891788573,0.316946166794267,-0.208089784868456
0.745567562346121,0.312252808578662,-0.177999835577246
0.905879930163552,0.403593819141125,-0.128427336991148
-0.845488901209662,0.513477548839926,-0.14659237622953
-0.620914458776203,0.53389201577984,-0.197250474551441
-0.451774101649447,0.450521459722203,-0.281966110601687
-0.309908639953385,0.492953854453078,-0.1488963788251
-0.155125686354718,0.60285201512173,-0.153474863138104
-0.00842062522156405,0.688195565676934,-0.124823281410809
0.121347199973253,0.554203744019806,-0.127233170117192
0.284499934605442,0.550468598442385,-0.17361339541892
0.453950120917953,0.477326526497723,-0.16510009672811
0.668013582562609,0.48568677171007,-0.193870004584788
0.814464936925548,0.561155305759882,-0.147484197978704
-0.739095127402569,0.659394362967379,-0.137613468108019
-0.465427028148819,0.649433930567448,-0.179096391480057
-0.310554479639977,0.733052905634364,-0.154145887111778
-0.137122873971078,0.824515864104215,-0.137880774605495
0.0757698523861039,0.841380481874377,-0.0813415931212325
0.187826493107653,0.748723550442829,-0.200765672707767
0.362033358821509,0.719329202143628,-0.21149975476165
0.505977047962916,0.633781964598569,-0.204094338634472
0.675829278756022,0.686742602424058,-0.267655345532174
-0.60631960582501,0.78316487821804,-0.137946761897214
-0.450640373953785,0.878362374754237,-0.159382533481215
-0.151831564900049,0.95990172286354,-0.235660472594811
0.026995560563878,0.987634704395629,-0.154430989063729
0.183837446646785,0.949214806852341,-0.255333200917391
0.378913067033083,0.906120884256577,-0.18806868613025
0.549694448743608,0.820982103785287,-0.154351541245124
-0.274563558432159,-0.95715648063379,-0.092012628366225
-0.0704813389890069,-0.997162576952876,-0.0264419144770737
0.256257254337061,-0.966102310207196,-0.0312817093775356
-0.572124929609412,-0.818943776098096,0.0447678026833469
-0.413063526192462,-0.909244334322296,0.05150983614008
-0.288022232732398,-0.777117978790254,0.0234312866445635
0.0215141553659366,-0.863322640723336,0.0345300800895622
0.343020406383459,-0.778976006359568,0.031853480395548
0.452767160637103,-0.891618333004334,-0.00431815923604241
0.608627798018689,-0.793003806475696,0.0267799625462615
-0.714568647963109,-0.697306183012762,0.0561759243835549
-0.57473413358117,-0.620323996385016,-0.0431502487914439
-0.434010861330361,-0.717926085811559,-0.0498598216815689
-0.155217649640368,-0.63220178983733,0.0171482423301204
0.0147870763709642,-0.720505623846339,7.58752102734256e-05
0.115421701466759,-0.646286646470168,-0.153148581164813
0.506885218914398,-0.681411169843997,-0.0429145846077461
0.585590763803417,-0.601809515981684,0.100831548637434
0.747980795055825,-0.663131920975714,0.0279425412358236
-0.827875256764329,-0.557473070511364,0.0620188214634727
-0.68022147874183,-0.492581048043385,-0.0441778623697468
-0.496509935586277,-0.453623545126815,0.057575325883004
-0.347783363328984,-0.576566859994977,0.0358819433677775
-0.171025411392304,-0.446247162537852,-0.035331055881304
0.000345020007341572,-0.543757247653155,-0.00266627116121377
0.162928341152765,-0.473957889114878,-0.0824613095733776
0.317221848073892,-0.609356928827197,-0.0756612990326434
0.472206415372279,-0.488125857831794,-0.0508264978171606
0.661607457797188,-0.52257767976485,-0.0691706248281344
0.859167296882969,-0.51114931154969,0.0236206957791203
-0.886185583655948,-0.456119399482699,-0.0814260665343702
-0.758605190822607,-0.371542239026974,0.0459059462037928
-0.437865474377108,-0.273938984687118,0.0444900472713692
-0.299909296491462,-0.416743091277907,0.104779796780769
-0.0921103289420427,-0.244926341833532,0.0541748725361399
0.00632838176770253,-0.342864436577671,-0.0154401044937804
0.176426981571192,-0.295603752380677,0.000609620947030359
0.393669274440436,-0.302635697709254,0.025670439912878
0.588347147321582,-0.339430973409494,-0.0399015658683944
0.779999170679443,-0.336217931564449,-0.0237682538800839
0.945058602739098,-0.322587837780652,0.0529275382464315
-0.950244593376662,-0.309842627387962,0.0321365681389104
-0.776633168630253,-0.233358847501337,-0.059327297306602
-0.596885933089498,-0.159286374855722,-0.0456051578013445
-0.379995927126469,-0.0950955701091307,0.000301987266786403
-0.259878156361898,-0.272131612064592,-0.0216607606283486
-0.166755712950791,-0.104896710943337,-0.0401709028113153
0.0738665992349529,-0.144982104450453,0.0661603094971632
0.294053616735998,-0.133725652406562,0.0115185360393455
0.489359657598676,-0.142987225986483,-0.0313895717294697
0.671395607013575,-0.168988582105815,-0.00988615406829788
0.832413164302073,-0.141448488928623,0.0468423211687435
0.970232023604819,-0.222643175507786,-0.0952881740980338
-0.9987020463173,0.0239271341332061,-0.0449634699321112
-0.85492396781933,-0.0691391154871713,0.0329318960020352
-0.691797367908648,-0.0355267590941015,0.0117043376835139
-0.506180045716805,0.0261031435289162,-0.0209062896584801
-0.236927449759535,0.048080483742907,0.0502030979780673
-0.100555970238648,0.148135853286917,0.119295906948474
-0.0200865944689049,0.00621309653916312,0.00628504548882538
0.175373775622242,0.0437562177576626,0.0391457819273158
0.329529166708422,0.0539592917766946,0.0942273277089762
0.519478931903881,0.0190981738156571,0.0500250544838929
0.709755726372914,0.0348782229582855,0.0560771899656826
0.996408768525878,-0.0765038924703055,0.0362866330794095
-0.976084192770469,0.216567966945677,-0.0189199449427766
-0.778012096096594,0.274397609792255,-0.0362518966074779
-0.634827366033949,0.153601784871905,-0.0632175983303924
-0.41290640786535,0.16709714845098,0.0076296830664217
-0.238362797609582,0.246974141356184,-0.0207757620015164
-0.068814758073617,0.334305615396179,0.0277035042417932
0.0751421805407785,0.191976660258019,0.028759638996065
0.248255818375265,0.257474921455433,0.0559833190404681
0.445066275639685,0.196137571663993,-0.0137495171730725
0.619967911448754,0.175201433076402,-0.0525223221958631
0.860950987439907,0.0739964533901185,0.0477546145659984
0.966332158665133,0.255208750842802,-0.0327208285781605
-0.907872237197312,0.419123541647674,0.0101714189304173
-0.692298667327267,0.436935379631469,-0.0170689934532176
-0.545018589753724,0.294290193098115,-0.0228120634529976
-0.34738590787382,0.36873096607167,0.0260398341610402
-0.196130240749194,0.466656818933814,-0.00237454883025313
0.0979713028510441,0.406968646490058,0.0390933693458499
0.257472665263845,0.471401329268828,0.0182643410775735
0.379429124498201,0.353677250752857,0.11799607223619
0.58238015702026,0.361504663835992,-0.0509797211788229
0.77373615061221,0.254828661491386,0.0277579077578619
0.893739982940373,0.447107686174097,0.0363807621936041
-0.803079599217743,0.594506644517807,0.040311374876674
-0.592575917275102,0.599698041365699,-0.00570248541838226
-0.486557321311678,0.461997823164754,-0.0886129518773864
-0.366216976043459,0.591801044685519,0.0167604676375783
-0.189938650755713,0.673468118086601,0.000417470801407046
-0.022920044988374,0.546557708903433,0.0301174646971163
0.172086349074834,0.660982585848757,-0.0101648595575868
0.366341876230058,0.613081795305939,-0.021625198347453
0.472056180266083,0.490532308573842,0.0504764450178056
0.728017007746279,0.442252185184765,0.00371751735876248
0.776144431458956,0.628405323179448,0.0520247183076249
-0.663542136203087,0.746599199323273,0.047973624662565
-0.45772984115438,0.726874187958704,0.0128041818175544
-0.289219041358523,0.809339696405795,0.0233092885380773
-0.0737577713304049,0.849417603677321,0.0431915411507756
-0.0115993318067579,0.708585002262089,0.0729234057520601
0.277622294605441,0.802420216736463,-0.0414742101931058
0.467729517207706,0.728900163151234,-0.020571777749178
0.593519790274458,0.579834511803133,-0.0250677697482081
0.698294870318588,0.708228397310604,-0.103907705315423
-0.485857011827247,0.873875258889806,0.0168818231908892
-0.297591088426402,0.951540676638746,-0.0775234467181832
-0.110089680099237,0.993457654473981,-0.0303669109931014
0.0951038915721208,0.994470528922683,0.0445378132216919
0.233677188344129,0.969523410154232,-0.0736160907036668
0.433122670607786,0.901334965524459,0.000176841072721946
0.621412125452377,0.782029152415533,0.0477218515252941
-0.0373890287310178,-0.981381457726706,0.188394519455201
-0.495370039020524,-0.836841545620788,0.233033800045861
-0.319386503119881,-0.924669669779775,0.207311995345701
-0.207925534313337,-0.974760594270408,0.0812942558740398
0.00647704180134578,-0.809483697174825,0.249018726712276
0.122193946179991,-0.988922146895919,0.084271149931754
0.311054337023251,-0.938237368443132,0.151511845435885
0.490535896913379,-0.851761077923523,0.184058684867918
-0.645085221712259,-0.725549593530297,0.239672368153832
-0.510028390871173,-0.663070433226103,0.130706083650593
-0.344398962705834,-0.741702877256813,0.195686272835122
-0.143019696680137,-0.803171075013176,0.132919558870887
-0.000544404391406287,-0.647940201644229,0.180231380568618
0.167286144342352,-0.79708847014099,0.13986940379048
0.331390607634229,-0.741734565926855,0.228453581613087
0.486783343678559,-0.640138543293815,0.267584789564664
0.64569372636781,-0.731379902523159,0.219460816353322
-0.768969659705932,-0.589291536853594,0.247832900809172
-0.637264467981248,-0.514449658397083,0.15136917479839
-0.419196864087566,-0.553568978228257,0.220296509223598
-0.217994530662953,-0.614066771197798,0.180806242631802
-0.0997723399046844,-0.456092083480237,0.147031999388403
0.110209284276736,-0.462476243002968,0.118794906709819
0.182685968552437,-0.636370209167149,0.0488236587253471
0.386085003794166,-0.614379634288164,0.106947264156032
0.491219664120181,-0.44795418155679,0.139289869370561
0.693863655269576,-0.441681280213279,0.107460796216558
0.776490277971766,-0.592497754884572,0.214497688512664
-0.87961449691226,-0.43456561288875,0.193471094015579
-0.720469355871567,-0.366111903802238,0.243473527041376
-0.610167364537059,-0.287103935172016,0.108919404820725
-0.400780133724389,-0.270477117529115,0.201587229186191
-0.184612134626775,-0.280443292617235,0.188979602156714
0.0439120702031925,-0.316955797577851,0.192025062229033
0.229149160318833,-0.268931006184359,0.159513597376312
0.293544939663108,-0.457093400390885,0.089995578053124
0.560796835434359,-0.277346857771905,0.136581487183309
0.691604268936992,-0.344371291412823,0.277693163085066
0.88098272017707,-0.428622396798379,0.200380357178039
-0.933020441865483,-0.276275197436636,0.230531712227378
-0.780216918293881,-0.199289687957377,0.14008816841295
-0.524599820119546,-0.106344600981814,0.132771937887006
-0.280405207250716,-0.13470365499054,0.136432744055821
-0.102254414060257,-0.0704928439876522,0.158632959726761
-0.00393091810668375,-0.178218772606668,0.257039839907422
0.196574394347571,-0.102433944853652,0.187165230613785
0.408193400944217,-0.13401463646462,0.153753833810431
0.625960427091838,-0.11006584959553,0.158271234735826
0.770010603534855,-0.255455691360597,0.164455987975596
0.958099481823564,-0.209047044955059,0.195818065883077
-0.984670560270997,-0.127896953381481,0.118601251017639
-0.857126108740746,-0.0194898403474502,0.236866986627338
-0.696008499498608,-0.0369975436477542,0.194495185745647
-0.401401606622151,0.0434861536328255,0.164501040024279
-0.230064205994432,0.0320790272582208,0.254365652063876
-0.0696511445379306,0.0150862364698391,0.338711642795443
0.0596153621119078,0.0461765222169956,0.190859581527598
0.27142315037345,0.0242954256263236,0.271245246930049
0.462754612699969,-0.0025413539895064,0.251066349964107
0.648109982482299,0.0315065380375605,0.270659786387076
0.814470424939865,-0.0555263673002097,0.219774902491135
0.973773347694225,-0.0108767995571125,0.227260120900647
-0.988347393748442,0.0727155018202034,0.133723165778027
-0.799628099557673,0.125904184850066,0.0907332576705562
-0.589150529624567,0.110516687811332,0.129995038916422
-0.270905418013014,0.211541073907012,0.174853060979541
-0.0833327410023571,0.194528275503751,0.279245132676169
0.0466451743675168,0.272162656008348,0.192699310496105
0.206900097004209,0.183313561381927,0.209886205043886
0.421505159153257,0.171096865785606,0.178907294029205
0.613550952343503,0.165491992727436,0.156713229234977
0.805228966622464,0.145803188070333,0.213022373033784
0.985557837877955,0.131721396635689,0.106420025679723
-0.948542922138275,0.276822432485637,0.153738952150907
-0.791782801814153,0.317257300995382,0.144105498376079
-0.6383126593779,0.27917575511199,0.129596070801623
-0.441779799822013,0.265546413360509,0.160459359846979
-0.172644782198803,0.362331718567706,0.169154441352298
-0.0168387164878673,0.459068057127728,0.20607477907059
0.192004383774947,0.399049560338518,0.210856439411857
0.344211439557679,0.291057244282339,0.282430017758567
0.572103585581736,0.326339032568117,0.107053154350153
0.741334920314958,0.345988353852528,0.190122989561491
0.935056046690718,0.315476328671037,0.161693771046907
-0.85549010445858,0.479154182593851,0.19633631944802
-0.672298862191403,0.483466354554077,0.167883074697991
-0.512677438831719,0.452751972607012,0.103609201793506
-0.343786104189694,0.477802880717922,0.16849295006699
-0.187503860793944,0.587821222574044,0.156086274343747
-0.0227518540816255,0.648289473297473,0.235366436038356
0.146897206100526,0.597539664868018,0.143340364468129
0.322737261528619,0.554131250621492,0.183937268297766
0.467432919705515,0.449093119824533,0.256163794553616
0.636945558194357,0.520578339005711,0.177758634713414
0.834529093194038,0.515698811220198,0.193948262995087
-0.724547158434752,0.655012419874932,0.214453129512984
-0.518834307014794,0.627546969425908,0.185703818818456
-0.352755016711208,0.706585406858157,0.20372617369836
-0.186374485366238,0.789058689857849,0.181753374185642
-0.00464538369478716,0.821981983248041,0.255344859772078
0.134563261146882,0.820155324782061,0.11052512372716
0.316432667726278,0.747051949205553,0.137382470839915
0.491180450248824,0.655473919677956,0.162502483445787
0.678272614487782,0.705015799623994,0.207120692452601
-0.567192525995071,0.799784841323862,0.196562575389862
-0.400813974268635,0.89977435746469,0.172494242454599
-0.230810651549143,0.964628933023587,0.127347809974247
-0.030251068196936,0.985842061919983,0.164925138101282
0.145035460963045,0.956189412574474,0.25429613120085
0.290850502585157,0.949368814447802,0.118763796250949
0.492048699144598,0.854366764762887,0.167169102823177
-0.354312116154087,-0.85331001087998,0.382524443243071
-0.176255955306947,-0.937347005814618,0.300523591268981
-0.0278128743176166,-0.915003807941636,0.402485372994471
0.144038752796567,-0.948875827028922,0.280869191213614
0.318732986569325,-0.886655609401066,0.335038973183806
-0.66969888388237,-0.61011377155791,0.423396493469289
-0.519225995638382,-0.751334134443575,0.407309935888207
-0.34301014350508,-0.644483508541227,0.372672656762312
-0.17470237986504,-0.755765751581438,0.323270348008763
0.000527379490558288,-0.695407227280625,0.415466703358365
0.163416336663097,-0.739235239336487,0.342209474591775
0.330120767371179,-0.653686805326391,0.409112591720467
0.491561298095097,-0.79100473344777,0.364251289466881
0.651657392789503,-0.643125577303137,0.402159339368484
-0.79179558827179,-0.467509289833965,0.393058278518939
-0.556327356377547,-0.571645937233182,0.32765432292031
-0.286755323871545,-0.453977780175074,0.27244596521612
-0.130289894288256,-0.570676729980121,0.329580088150256
0.0338144429015362,-0.512298922265948,0.299114889974268
0.200464696179651,-0.602924623934756,0.229332272089448
0.354445873938462,-0.510205825230409,0.288447491426143
0.616031382824998,-0.510056894544211,0.283869152897929
0.782298901669456,-0.488285213591147,0.386763466003463
-0.862883107476768,-0.306237761952201,0.402058671996546
-0.636462242413194,-0.383181183419913,0.393443237271461
-0.50247986590673,-0.385746429387316,0.248854900107374
-0.310447323508343,-0.312087904402052,0.357205361456246
-0.107046281686901,-0.359669951610642,0.33002924741356
0.0457515995313221,-0.336022504052769,0.401917781326025
0.203824660240064,-0.40571348298522,0.287187667109745
0.376053970304535,-0.310738738962164,0.233778019697104
0.494688561988178,-0.369730870806603,0.32883883583589
0.631432228275291,-0.348621849786691,0.444998116474744
0.883490805989545,-0.322699968574773,0.339571385740592
-0.936187262739274,-0.11645657778198,0.331649324703149
-0.756665577333626,-0.192235235183699,0.332665250234003
-0.590582133393047,-0.193411008503703,0.291069415988864
-0.392168004189417,-0.121972657740798,0.291919886698297
-0.195824296661526,-0.155905414484986,0.337001822165905
-0.0536294109321287,-0.173748858965197,0.4540827183192
0.185233934060592,-0.234075438926178,0.35940866716988
0.332449730342436,-0.16287691206009,0.336082227175127
0.544252758659044,-0.18326054912995,0.312403448155166
0.72612654056762,-0.170522203984355,0.352289733820692
0.911189983314905,-0.153879479408313,0.382170014322389
-0.899121217400461,0.0367452527942298,0.436154585918114
-0.709675948716851,-0.0239817595585022,0.399219822734658
-0.548482608681265,0.00905790702727949,0.300344097109344
-0.3496604985282,0.00117180253702792,0.389376587212244
-0.181915235155724,-0.00688818602757829,0.478647467257063
0.0974023677208653,-0.0725226054894899,0.351372202727724
0.210014839231583,-0.0343700214503842,0.458247108362021
0.400662058734756,-0.032136251639944,0.441692194685994
0.56812621296138,-0.0346752202254888,0.429046895488956
0.75617263363182,0.0119060114213309,0.409738710459958
0.90897248890714,0.0183068719368096,0.416453925073601
-0.943417470927503,0.14960539423312,0.295942057783455
-0.758131580846656,0.150166257340596,0.276035941067874
-0.579225728384055,0.198451249191054,0.308737896013982
-0.399779762856698,0.157902992499067,0.317123402447372
-0.226359765960096,0.171039069842313,0.395292727259101
-0.0487562573872635,0.179748286249752,0.477419130313156
0.0996679802079586,0.134547442422688,0.363405526523091
0.308592398099515,0.132481958434064,0.4021751465674
0.505928069112959,0.148153399048587,0.357461760559858
0.717811136287753,0.224639211342453,0.345166201102401
0.935382917516769,0.172510473569735,0.308705253296078
-0.880144019517921,0.337028070849997,0.334303132450126
-0.709182704449418,0.340142039017713,0.319926413522863
-0.51230914901076,0.37556866124489,0.281992564191701
-0.315892505921347,0.346483694531454,0.313600951330867
-0.132644206440527,0.348627789033073,0.365546997662338
0.043980412252847,0.351333175808588,0.363540660517716
0.200251798297363,0.298165783252727,0.395756167021321
0.412090872023291,0.306276050959455,0.443074355624791
0.550354362908145,0.300696750651533,0.2906783059935
0.651785584626181,0.426884167550815,0.353696075189022
0.870841575784921,0.353135433741702,0.341950749846371
-0.770750021067586,0.520564014662032,0.367365637201843
-0.600013524772208,0.517901513663834,0.338903868801955
-0.405265888295882,0.537760613250726,0.3137815874568
-0.20208405866563,0.528966778324651,0.312818853273797
-0.0423990268288965,0.549423945665983,0.386008058480357
0.142466162104076,0.55701053248807,0.318066616862484
0.305675210722701,0.478244134741322,0.365085170324049
0.498031963410471,0.588434330464308,0.338656162992364
0.779924330408481,0.516395868671366,0.353628824696216
-0.622348219911911,0.68672858258813,0.375614891915873
-0.475192587945915,0.805582015267814,0.353877974785534
-0.352025400238841,0.655009668770088,0.40348267188452
-0.179212328750216,0.727672427991711,0.341587746011789
0.0194799250239047,0.720133137534134,0.427636367884792
0.170687032624335,0.751040022260619,0.287244549865562
0.337305005977868,0.682748190575154,0.328054108255298
0.521696606737321,0.784740827370841,0.334685650089892
0.665770295129712,0.647379274100544,0.371012115149828
-0.302728738847656,0.895272741583018,0.326866989544883
-0.126056398605011,0.942804331391949,0.308593222672364
0.043864195773438,0.901288478708242,0.430993051541358
0.22321493564462,0.879636260881286,0.42001802467032
0.34845563904676,0.891203262733596,0.290405599308119
-0.196942912339217,-0.847606000912146,0.492724625133318
-0.0344386332374801,-0.814425942571208,0.579244650046708
0.136832988189947,-0.873523825722842,0.467153999031851
-0.528437604737221,-0.633876073543576,0.564760852677357
-0.365527234494227,-0.749816002178596,0.551512287017842
-0.184449050381817,-0.653115876083486,0.504024372892794
-0.0236652513662443,-0.610032652659795,0.604401113728185
0.158379539517734,-0.653343549677329,0.529787639455801
0.314140326614616,-0.808535042874386,0.497581088371745
0.497200267868779,-0.699805724865893,0.512897495461766
-0.662377259070538,-0.489986764357725,0.566718040449903
-0.443597052110668,-0.472657429225287,0.422079685014088
-0.367402037467147,-0.539962896073086,0.558949964066193
-0.231605141145871,-0.479747746783368,0.449750399032747
-0.0210953591063016,-0.491992322524282,0.494863443923486
0.171323897751513,-0.527320948089208,0.423253435132747
0.325593871351861,-0.525124307680157,0.559554325769405
0.489605631371272,-0.524234119641607,0.437801269897263
0.668038481689418,-0.497172730032787,0.553664034856738
-0.760612713546146,-0.328219460373928,0.560125240811205
-0.529201438637895,-0.37914192391167,0.558726737500651
-0.335104350100818,-0.332580338958616,0.558771873019077
-0.158331142893662,-0.321469825717613,0.501266596358453
-0.0137806140659693,-0.335218983848274,0.602867951076354
0.17416308500695,-0.370843358055974,0.531025158540419
0.328134480651773,-0.366229781065844,0.439221935549925
0.486964906028837,-0.389949646125176,0.556790266368966
0.802930831996671,-0.319347418722935,0.503308359938649
-0.842832814715411,-0.138390771938037,0.520077725549885
-0.65188171065612,-0.209985594232884,0.496877205489937
-0.474144042119418,-0.266620317422875,0.415834933063571
-0.317810755017221,-0.169112601797104,0.494230998666503
-0.177399657083399,-0.185707433706387,0.617315070344362
0.00752047950602894,-0.152145535597517,0.659864342960245
0.124249152817369,-0.193200218802418,0.540936656337575
0.301263983849539,-0.190534986964962,0.55541326751403
0.461284506758345,-0.222944115146178,0.465324981039049
0.642877709507107,-0.175874332469468,0.523700627114908
0.820820752929995,-0.13779097746651,0.554316640638056
-0.800880544963654,0.0424130126301659,0.597320256695146
-0.638197889934233,-0.0201454604298241,0.575309740358714
-0.503064981576856,-0.0854597004420076,0.468300558578836
-0.337566133119683,-0.0387315582027196,0.60098655708046
-0.149651899421548,-0.0311408195136478,0.671837569708716
0.010935867746583,-0.00592889311152527,0.518626518372679
0.166902737557343,-0.0463787206699012,0.6635507305619
0.308851755992779,0.027164528477828,0.609140458999565
0.483681691737696,-0.0868356626558294,0.621912264786318
0.624322612237149,0.0199882767297351,0.593926168724573
0.798055000557952,0.0353117721739208,0.601549079319705
-0.855041349999228,0.213801897837144,0.472433104547863
-0.702849042948978,0.160824592820097,0.460136778222428
-0.528772165590754,0.0973766631076679,0.469217582785458
-0.366022349409449,0.118678070899873,0.538472435231477
-0.189403255296795,0.129370300914519,0.618339771188764
-0.00528836381275433,0.220234608073902,0.673592003099998
0.145988404595035,0.133846395051078,0.546695102441014
0.289375972472893,0.227233410233358,0.573912902567507
0.459890942205272,0.127842379544142,0.542714511826711
0.655366568332303,0.151714782425849,0.481188095208305
0.851848888064407,0.193580713172412,0.486703173804214
-0.770430503948427,0.376879717545579,0.514196963321
-0.606873488659111,0.333590284386418,0.476368293580601
-0.435700215135692,0.284942915082627,0.44442424359944
-0.275698869651667,0.280736150319159,0.526954470331523
-0.123399994343893,0.319985197458095,0.580236517113609
0.0936938209415435,0.313362924650798,0.558805997061997
0.280454797779071,0.408852069443736,0.544283307935903
0.586108651326543,0.310755716818658,0.501165791552628
0.776395034301749,0.366932431973791,0.512417155330874
-0.651735821776716,0.538358592769595,0.534238190514465
-0.480117838369093,0.484957113448482,0.469506040359623
-0.344587107020867,0.544720062343307,0.571177407715604
-0.272186139213705,0.451280874907531,0.470557542529613
-0.0658373853213531,0.449713903099079,0.515308287035447
0.124226842630215,0.486350871981644,0.482936951178131
0.362291936549852,0.575413069162276,0.51500683565405
0.493802663419744,0.465341762710563,0.473944448040023
0.663394417758488,0.528739594543172,0.529473594855492
-0.504536880133129,0.684722144044512,0.525925966311433
-0.328936944841871,0.805974943126207,0.492143147235439
-0.171834354719268,0.643523461234965,0.499798753644709
0.0175653209880336,0.615851282100465,0.590483340100959
0.200388390400938,0.662112689315211,0.476328979611793
0.375342631979449,0.794299596148308,0.477709179498755
0.52516078267556,0.678054842807764,0.514244864772275
-0.135649020913128,0.870897605505131,0.472373479199181
-0.000118682694055646,0.783986244386207,0.62077818464217
0.173368043543526,0.80128525654196,0.572612835279104
-0.349016232766282,-0.618150000950148,0.704328222912418
-0.190845370187676,-0.721871570115525,0.665191311509407
0.0100035582983547,-0.67725014259198,0.735684832778626
0.14464398190794,-0.767373317943198,0.624672961560151
0.340767725344574,-0.692181963121377,0.636208681901181
-0.507884066202272,-0.490595244303785,0.708074912395826
-0.320486792096239,-0.472673175883827,0.820894807445972
-0.190957552494941,-0.486215187342051,0.637984025301648
-0.0179605655848846,-0.447190696901591,0.726501826417477
0.14644374779281,-0.494840175944099,0.652397593498349
0.369459595870353,-0.531007242456547,0.762581743266295
0.512850974464472,-0.57641075147533,0.636187490897524
-0.633650182586374,-0.319427662502494,0.704594503623501
-0.482947622234916,-0.309528715367321,0.819117554332201
-0.37316515877486,-0.371711065665247,0.697860698448115
-0.19385742023329,-0.322216739252296,0.730722624208133
-0.0332455334512204,-0.26660398653732,0.799164093949954
0.154758622125801,-0.30657213907113,0.731621346445669
0.322607663563316,-0.362567894789622,0.670977509506613
0.532603232968087,-0.421301603479349,0.734056370544982
0.681389846811719,-0.320738037028874,0.657901959462629
-0.720100285104323,-0.146210676717088,0.678290510901359
-0.500884966860009,-0.195098965011334,0.625269593298256
-0.359506380724182,-0.174432746663812,0.722148131383888
-0.215095077195596,-0.135980902345384,0.821948512002044
-0.035168019663348,-0.0883785508617356,0.830527168297346
0.151504525697192,-0.153027732637808,0.815384673035135
0.331198782255461,-0.164928970706109,0.741019101480549
0.491635106743985,-0.243708735968843,0.658355063791763
0.68823426027032,-0.129517552350547,0.713833878165101
-0.662951612230282,0.0513845392560137,0.746896772631076
-0.485352841321991,0.00688613908217168,0.678197455989172
-0.309158706684169,0.0358049766935295,0.777882220245834
-0.114072802091768,0.0850920835518044,0.832805082105094
0.00866323317341754,0.0638662019103927,0.678383681508744
0.0877357737984003,0.0460876489611148,0.842369229699304
0.279682235444274,0.0151105684988041,0.809279759158716
0.449273290960648,0.0311062542713148,0.72549576158441
0.657697979055332,0.0683724950079878,0.75017235931132
-0.730184488534378,0.221243297837197,0.646437944327149
-0.554640423255644,0.1875405935212,0.61240141360844
-0.382186336569763,0.197628782709393,0.710112664142305
-0.201054042302769,0.221655784932978,0.771779540808823
0.0288800157642636,0.248562053884748,0.816833955625439
0.190106755326574,0.164520515066002,0.750735798429299
0.362873975272655,0.205981441616335,0.731715258133228
0.545363791874751,0.216599831391221,0.659926805936366
0.727725319446328,0.221244121705744,0.649204818937464
-0.631281218974629,0.384365258971907,0.673607726930665
-0.465266646407665,0.377520421012426,0.800628052409039
-0.449626053939951,0.358249203553839,0.611407904680106
-0.288922592054844,0.382750115697998,0.685932053067101
-0.109527485092371,0.378750787589891,0.757397601634383
0.206074362095162,0.34512763788296,0.727660074704661
0.414124951902934,0.38194590295767,0.639768680932942
0.496560025156558,0.359822244679996,0.789908914404773
0.633340170289244,0.396247085257754,0.664731882884164
-0.503720411395277,0.540133855811999,0.674181848576061
-0.329528063090084,0.53917647069017,0.775048378548198
-0.160579989398,0.527513447266919,0.645147725002698
0.0382045531923084,0.439122751949385,0.692188824427322
0.203778654881976,0.530268090426305,0.645405339957352
0.351540190199375,0.551302213370294,0.75662762573905
0.508011208841835,0.54799508906234,0.66454946697339
-0.340199004585791,0.684556271723302,0.644707179561814
-0.176139333989759,0.774776368899004,0.607203847811671
-0.151552280528906,0.664839022550462,0.731451283655059
0.16399553077573,0.678047931304611,0.716488986960146
0.343498914062167,0.693404410285678,0.63340257327744
-0.154822029955021,-0.589256206321805,0.792973683265619
0.0478870547752227,-0.530643610273418,0.846241211928223
0.202003109032078,-0.628409847620898,0.751196250892171
-0.307194645002642,-0.296845548169274,0.904164902334626
-0.136699759710007,-0.4301391053241,0.89235280329095
0.0566713293190169,-0.363004009049499,0.930062605337516
0.226459118222909,-0.455933129656201,0.860721353897767
0.390717761789467,-0.342178756328235,0.85454861145513
-0.576571882559169,-0.131873674119457,0.806333800802379
-0.406723968768327,-0.130171835862438,0.904229454331908
-0.130770004346227,-0.253585097573539,0.958432994137778
0.0422924876702796,-0.172123807158936,0.984167028740857
0.226667705570342,-0.269903750246417,0.935827824158399
0.376054489401621,-0.147823794108559,0.914730094567454
0.540839566375199,-0.23021202169885,0.809008645509067
-0.497187644373383,0.0500441354110446,0.866198609323178
-0.312035102442859,0.0146283027360558,0.94995795010771
-0.156245913841277,-0.0690861829228492,0.985299098378894
0.0058905070773354,0.0248538616721542,0.999673740409178
0.203271737375316,-0.0625974129477574,0.977119319528747
0.383838900779976,0.0476650216136744,0.922169042519877
0.53855587833449,-0.0554155135530856,0.840765536144895
-0.566543663054328,0.219951857529746,0.794134408159096
-0.376575945458819,0.202291093402895,0.904029242063163
-0.18581502490008,0.141913381770717,0.972282555945431
0.0126802481672171,0.206558953960415,0.978351986682297
0.195548739676178,0.130525522375952,0.971969021327091
0.349612791591996,0.228925344807447,0.908495504920109
0.524989648929631,0.167127134754596,0.834538428920719
-0.297783917535897,0.364544759257867,0.882287853795233
-0.135295981055317,0.312333360380459,0.940288716035522
0.0214427740408746,0.423776956660766,0.905512726826504
0.178298397962832,0.318787714109938,0.930904975865938
0.33910361703273,0.401115171465294,0.850949678967968
-0.156989070700065,0.503217449838471,0.849780341527212
0.00569485430647231,0.606522666515696,0.795045799402876
0.173137396543971,0.51122945547638,0.84182414183207
