891,824,817,816
259,269,258,365
466,590,352,465
466,352,341,465
424,415,416,536
670,776,766,681
670,848,776,765
670,776,848,766
815,824,891,816
884,891,817,816
896,824,815,823
896,815,891,890
896,891,815,824
353,352,246,341
775,670,776,765
802,801,878,810
868,878,802,801
868,802,791,801
868,802,878,792
868,791,802,792
414,532,314,418
527,413,530,418
527,532,413,418
540,314,532,418
540,641,532,533
540,532,414,533
540,314,414,532
270,259,269,174
270,182,184,174
270,269,182,174
908,853,914,915
571,582,688,583
571,688,572,583
537,645,638,646
537,424,416,536
547,645,537,646
835,829,744,745
870,920,860,921
224,330,319,225
224,319,215,225
72,81,82,20
757,848,670,765
757,660,670,766
757,670,848,766
847,848,757,765
483,472,583,471
584,472,572,583
584,572,688,583
584,679,688,572
703,715,808,799
879,931,880,887
879,885,878,877
470,593,582,583
470,483,583,471
470,594,593,583
470,483,594,583
470,594,483,482
470,594,482,604
470,593,594,604
470,482,481,604
363,246,245,256
521,522,633,513
521,399,522,513
257,258,163,269
728,727,624,719
728,820,727,719
92,184,182,174
92,91,99,100
92,182,99,91
90,182,99,181
90,99,182,91
173,82,163,81
173,92,182,174
173,182,92,91
173,182,269,174
173,182,163,269
173,90,182,91
173,182,90,163
173,90,91,81
173,163,90,81
695,600,590,694
695,600,601,590
567,555,443,556
576,452,463,476
576,463,587,476
579,695,591,590
493,389,504,505
493,604,482,505
493,482,379,505
493,379,389,505
493,481,482,604
324,219,323,228
473,584,472,572
464,463,451,452
464,463,452,476
856,775,776,765
856,776,848,765
856,848,847,765
856,857,848,776
680,668,775,679
680,776,670,681
680,775,670,776
592,593,470,604
592,480,481,469
592,470,481,604
592,481,470,469
664,752,654,665
664,761,752,665
545,443,555,556
739,645,744,646
739,638,645,646
639,646,739,640
639,638,739,646
542,534,541,551
542,541,534,650
531,527,641,640
531,640,641,741
531,641,527,532
531,540,641,532
531,639,527,640
531,646,639,640
531,532,527,418
531,540,532,418
377,269,259,365
377,270,259,269
377,480,491,365
740,744,829,745
740,739,829,744
648,531,641,741
648,531,540,641
648,640,531,741
743,739,645,744
743,739,638,645
743,829,739,744
907,914,908,853
852,851,860,782
852,851,906,860
852,853,771,782
852,771,851,782
852,914,907,853
852,851,771,843
762,771,761,843
762,761,835,843
774,775,856,765
417,537,424,416
417,530,416,412
840,758,768,759
544,545,555,556
544,545,556,653
589,590,466,465
589,590,600,694
913,860,920,921
913,906,852,914
913,852,906,860
528,416,415,536
528,537,416,536
453,567,454,466
453,454,567,443
216,215,319,225
216,319,320,225
216,215,310,319
216,310,320,319
423,432,320,319
423,310,302,319
423,320,310,319
423,302,310,424
423,310,320,424
423,415,424,536
423,302,424,415
433,545,443,432
433,320,423,432
433,423,545,432
433,545,423,536
73,72,82,20
236,330,224,225
131,224,121,215
131,224,215,225
131,47,121,54
39,35,36,93
39,92,100,93
39,101,92,93
39,92,101,100
41,95,36,37
210,314,305,203
45,51,46,6
487,362,599,476
487,587,463,476
487,463,587,475
488,487,362,599
349,464,463,451
723,817,824,816
723,733,824,817
723,824,815,816
882,815,891,816
882,806,815,816
882,891,815,890
882,815,806,890
882,891,884,816
882,884,891,883
882,883,891,890
711,795,701,796
930,883,882,890
930,873,882,883
807,884,808,817
807,884,817,816
807,882,884,816
807,808,884,875
700,584,688,583
700,711,795,701
700,688,582,583
700,593,594,583
700,593,582,699
700,582,593,583
777,766,776,681
777,776,692,681
777,848,776,766
777,848,857,776
586,587,692,681
704,715,703,799
704,692,693,799
704,703,692,799
912,913,860,920
912,913,906,860
869,868,919,878
869,912,860,920
869,919,912,920
869,868,878,792
869,860,870,920
869,919,920,877
869,878,919,877
869,879,878,877
811,820,892,887
811,727,892,820
811,878,885,810
811,879,885,878
709,594,593,604
709,593,592,604
804,879,870,880
804,870,794,880
804,879,880,887
804,794,888,880
627,626,616,730
408,522,400,523
408,400,522,399
625,728,616,626
625,504,624,513
291,400,408,399
524,408,400,523
524,627,636,523
524,400,627,523
190,99,182,181
623,624,726,727
707,717,612,706
707,717,706,801
707,801,802,810
707,717,801,810
268,163,182,269
268,257,163,269
268,182,90,181
268,90,182,163
30,95,86,37
30,36,95,37
30,36,35,93
30,35,36,4
30,86,4,37
30,4,36,37
281,280,192,184
281,270,280,184
183,101,92,100
183,92,99,100
183,92,101,184
183,101,192,184
183,182,92,184
183,99,92,182
183,190,99,182
183,192,280,184
290,281,389,280
290,192,281,280
172,90,163,81
172,268,257,163
172,90,268,163
172,268,90,181
27,82,81,20
27,82,173,81
27,173,91,81
662,768,758,759
662,544,556,653
662,556,545,653
588,576,587,476
588,587,487,476
588,487,599,476
31,4,86,37
31,86,32,37
372,488,487,362
381,495,496,508
381,507,495,508
381,393,507,508
381,393,495,507
381,496,495,484
381,484,495,380
570,469,470,471
570,470,583,471
570,470,582,583
570,582,571,583
467,567,579,466
467,579,567,568
467,454,567,466
467,466,579,590
467,579,568,591
467,568,468,591
467,352,466,590
467,579,591,590
467,454,466,341
467,466,352,341
467,352,353,341
494,391,495,380
494,391,379,505
494,379,391,380
494,506,391,505
494,391,506,495
494,379,482,505
494,495,484,380
494,484,483,380
494,594,483,484
494,483,594,482
272,166,176,273
378,493,482,379
378,493,481,482
378,272,281,379
378,389,493,379
378,281,389,379
387,270,377,269
387,280,270,184
387,270,182,184
387,182,270,269
387,268,182,269
334,324,323,228
334,323,333,228
334,333,239,228
334,239,333,345
596,584,585,701
596,473,585,584
596,585,473,474
339,464,349,451
339,349,464,233
339,464,451,452
427,305,210,314
911,856,857,848
911,847,856,848
785,701,795,796
785,797,701,796
785,873,797,796
786,856,775,776
786,857,856,776
786,856,774,775
786,911,856,857
786,774,856,855
786,785,774,855
786,856,911,855
462,349,463,451
478,601,600,590
479,468,480,591
479,480,491,591
479,480,468,365
479,491,480,365
479,467,468,591
479,468,353,365
479,467,591,590
479,468,467,353
479,353,258,365
479,352,467,590
479,478,352,590
479,353,467,352
781,771,687,782
781,770,687,771
781,687,686,792
781,686,687,770
781,860,851,782
781,851,771,782
781,851,770,771
781,869,860,792
783,700,688,582
783,582,687,699
783,700,582,699
783,795,700,699
760,664,761,752
760,761,835,752
760,761,664,770
760,835,761,843
760,761,771,843
760,761,770,771
760,771,851,843
760,770,851,771
674,673,662,768
674,673,768,684
674,662,673,556
674,579,673,684
674,673,567,556
674,673,579,567
677,687,770,771
677,770,761,771
677,687,783,582
677,571,666,665
677,666,761,665
677,688,571,582
677,783,688,582
677,687,771,782
677,771,783,782
677,783,687,782
677,761,762,771
677,762,761,666
419,414,420,533
419,540,414,533
419,414,540,314
419,541,540,533
419,534,541,533
419,420,534,533
419,541,534,551
307,414,314,203
307,414,419,314
307,420,419,414
307,210,204,203
543,542,534,650
659,670,757,660
550,541,419,551
550,540,419,541
550,419,438,551
550,419,540,314
550,438,419,314
550,427,438,314
562,449,561,668
562,550,438,551
562,336,449,439
562,438,439,551
562,438,336,439
560,666,571,665
560,571,561,572
538,527,639,530
538,531,639,527
538,527,530,418
538,531,527,418
538,639,531,646
538,530,413,418
538,547,537,646
538,547,417,537
655,548,654,665
655,548,547,654
655,654,752,665
655,645,547,646
655,744,645,646
655,752,645,744
655,645,752,654
655,547,645,654
355,468,480,365
355,481,480,469
355,480,377,365
355,377,480,481
458,569,570,469
458,570,569,446
458,356,469,471
458,356,355,469
458,469,570,471
458,570,446,471
458,345,356,471
458,333,345,446
175,92,93,174
175,184,92,174
175,92,101,93
175,101,92,184
642,534,541,650
642,541,534,533
642,540,541,533
642,641,540,533
642,540,648,541
642,648,540,641
642,648,641,741
642,747,648,741
846,774,856,765
846,856,847,765
846,847,838,765
846,774,845,855
846,856,774,855
649,541,542,650
649,642,648,541
649,648,642,747
649,642,541,650
649,747,642,650
751,752,835,744
751,645,752,744
751,743,645,744
751,760,835,752
742,751,743,645
841,906,851,905
844,901,907,843
844,771,762,843
844,852,907,853
844,907,852,843
844,907,908,853
844,852,771,843
678,668,561,679
678,688,679,572
678,679,561,572
678,677,571,666
678,571,677,688
678,571,688,572
678,561,571,572
678,571,560,666
678,561,560,571
652,643,544,653
652,662,643,653
652,544,662,653
652,544,555,556
652,662,544,556
849,768,840,758
850,840,768,759
850,851,760,770
850,781,851,770
850,841,851,905
850,840,841,905
850,849,840,905
850,840,849,768
850,779,849,905
850,849,779,768
477,590,589,465
477,600,589,590
477,352,590,465
477,352,478,590
477,478,600,590
477,363,352,465
477,363,374,352
578,589,672,694
578,579,695,684
578,695,590,694
578,590,589,694
578,695,579,590
578,579,567,466
578,579,466,590
578,466,589,590
578,672,673,684
578,673,579,684
578,567,673,672
578,579,673,567
529,416,417,530
529,537,417,416
529,538,639,530
529,528,537,416
529,537,528,638
529,417,538,530
529,538,417,537
529,538,537,646
529,639,538,646
529,537,638,646
529,638,639,646
422,302,423,415
422,415,423,536
422,423,545,536
422,545,423,432
313,323,427,219
313,436,427,323
577,589,466,465
577,589,578,466
577,578,589,672
577,567,453,466
577,578,567,466
577,567,578,672
861,922,921,915
861,922,927,921
861,927,870,921
861,870,860,921
861,921,914,915
861,914,853,915
861,853,852,782
861,852,860,782
861,914,852,853
861,913,914,921
861,860,913,921
861,913,852,914
861,852,913,860
889,882,806,890
889,815,896,890
889,806,815,890
822,896,815,823
822,896,889,815
332,216,320,225
331,320,433,432
331,332,320,225
331,332,433,320
331,319,330,225
331,320,319,225
331,432,330,319
331,320,432,319
331,330,236,225
331,454,236,330
331,432,443,330
331,443,454,330
214,114,121,215
214,215,224,319
214,121,224,215
8,55,47,56
74,73,82,20
162,163,257,258
162,73,72,82
162,257,246,258
162,72,73,150
162,163,82,81
162,82,72,81
162,245,246,256
162,246,257,256
235,224,330,223
235,224,236,330
235,454,236,341
235,236,454,330
235,140,224,223
354,353,468,365
354,468,355,365
64,47,131,54
64,131,47,56
64,55,47,54
64,47,55,56
64,131,140,54
141,224,131,225
141,131,224,140
141,236,224,225
141,64,131,140
141,224,235,140
141,236,235,224
141,73,64,140
34,100,92,93
34,91,92,100
34,39,100,93
34,35,39,93
38,95,41,37
38,41,95,104
87,86,95,37
87,32,86,37
87,95,38,37
87,38,32,37
87,32,24,86
87,24,32,25
87,167,95,86
87,77,167,86
87,24,77,86
189,188,285,295
229,324,334,228
229,334,239,228
303,424,415,416
303,424,302,415
303,417,416,412
303,417,424,416
303,310,302,424
303,310,206,302
428,439,438,551
428,438,419,551
428,419,534,551
44,51,45,6
232,243,138,148
232,129,138,222
232,222,138,233
232,138,243,233
392,391,506,401
392,506,402,401
392,402,506,507
392,506,495,507
392,506,391,495
392,495,393,507
392,495,391,380
392,381,495,380
392,381,393,495
361,487,463,476
361,362,487,476
361,372,487,362
361,463,464,476
361,349,464,463
361,463,487,475
361,487,372,475
361,372,362,255
361,462,463,475
361,462,349,463
902,844,907,908
902,844,901,907
902,845,909,903
902,898,845,903
714,724,733,817
714,733,723,817
714,817,723,816
714,807,817,816
714,713,807,816
714,808,724,817
714,807,808,817
714,807,713,703
714,807,703,808
714,808,715,724
714,808,703,715
731,815,824,823
731,815,723,824
731,822,815,823
731,721,822,730
618,496,495,508
618,731,723,629
618,507,629,508
618,495,507,508
618,495,506,507
618,721,731,730
712,806,882,816
712,882,806,796
712,882,807,816
712,711,701,796
712,806,711,796
712,797,882,796
712,807,713,816
712,701,797,796
872,873,785,796
872,785,795,796
872,864,785,873
924,873,930,883
924,864,872,873
924,872,864,923
928,927,931,880
635,636,738,730
635,736,626,730
635,627,636,730
635,626,627,730
635,634,627,626
635,636,627,523
635,627,634,523
874,807,884,875
874,875,884,883
874,884,882,883
874,807,882,884
874,882,873,883
874,882,712,797
874,712,807,797
874,807,712,882
874,797,873,796
874,873,882,796
874,882,797,796
926,920,870,921
926,870,927,921
926,869,870,920
926,869,879,870
926,870,879,880
926,927,870,880
926,869,920,877
926,879,869,877
926,879,931,880
926,931,927,880
839,838,847,765
839,847,757,765
595,700,584,701
595,711,700,701
595,584,596,701
595,700,711,594
595,596,473,484
595,473,596,584
595,700,594,583
595,584,700,583
595,473,472,484
595,473,584,472
595,594,483,583
595,483,594,484
595,472,584,583
595,483,472,583
595,472,483,484
682,777,692,681
682,692,777,693
682,692,587,681
682,692,693,587
682,766,777,681
682,693,588,587
682,588,576,587
788,693,692,799
788,777,692,693
609,714,713,703
609,714,703,715
609,714,715,724
691,586,692,681
691,680,586,681
691,692,776,681
691,776,680,681
691,585,586,680
691,775,680,776
691,786,775,776
598,693,692,587
598,704,692,693
598,588,693,587
598,588,704,693
598,692,586,587
598,487,588,587
598,703,586,692
598,704,703,692
598,588,487,599
598,704,588,599
598,487,587,475
598,587,586,475
598,703,704,715
598,609,703,715
735,634,625,633
735,736,825,626
735,634,635,626
735,635,736,626
735,625,634,626
735,825,728,626
735,728,625,626
729,825,728,820
729,825,736,626
729,728,825,626
729,825,820,893
729,616,728,626
729,626,736,730
729,616,626,730
729,721,616,730
729,822,721,730
900,852,906,914
900,907,852,914
900,906,852,851
900,841,906,851
900,852,907,843
900,907,901,843
900,851,852,843
876,878,801,810
876,885,878,810
876,878,868,801
876,868,867,801
876,878,885,877
876,919,868,878
876,919,867,868
876,919,878,877
812,879,811,878
812,802,878,810
812,878,811,810
812,811,879,887
812,879,804,887
812,811,727,810
812,727,820,719
812,727,811,820
812,820,811,887
720,821,729,820
720,812,820,719
720,820,728,719
720,728,616,719
720,729,721,616
720,729,728,820
720,728,729,616
793,804,794,699
793,794,804,870
793,860,869,792
793,870,869,860
793,783,687,699
793,687,783,782
793,781,687,782
793,687,781,792
793,861,794,870
793,860,781,782
793,781,860,792
793,861,860,782
793,861,870,860
813,880,888,887
813,804,880,887
813,804,888,880
813,888,821,887
813,821,820,887
813,821,720,820
813,812,804,887
813,820,812,887
813,720,812,820
813,804,812,709
813,709,812,719
813,720,709,719
813,812,720,719
407,291,408,399
407,408,291,298
407,522,521,399
407,408,522,399
407,290,291,399
407,291,290,298
515,616,627,626
515,625,616,626
515,627,506,400
615,624,625,504
615,616,728,719
615,625,728,616
615,625,515,504
615,515,625,616
615,493,504,505
615,504,515,505
615,515,616,505
615,728,624,719
615,728,625,624
390,400,291,399
390,290,389,399
390,291,290,399
390,389,504,399
390,291,400,401
390,504,389,505
390,515,504,505
390,515,506,400
390,400,506,401
390,506,391,401
390,389,379,505
390,379,391,505
390,391,506,505
390,506,515,505
409,400,291,401
409,408,291,400
409,524,400,401
409,524,408,400
409,291,299,401
409,299,291,298
409,291,408,298
516,506,400,401
516,400,524,401
516,402,506,401
516,506,627,400
516,627,524,400
516,506,402,507
516,524,627,636
819,892,820,893
819,892,727,820
819,820,825,893
819,727,728,820
819,728,825,820
364,363,374,256
364,246,363,256
364,257,246,256
364,363,246,352
364,374,363,352
364,479,478,352
364,477,374,352
364,478,477,352
364,477,478,374
364,246,353,352
364,353,479,352
364,246,257,258
364,353,246,258
364,479,353,258
503,624,504,513
503,624,615,504
503,615,493,504
602,612,601,706
602,707,612,706
602,601,695,706
602,591,695,590
602,695,601,590
602,601,478,590
602,479,491,591
602,479,478,491
602,479,591,590
602,478,479,590
278,396,386,287
278,268,172,181
94,30,36,95
94,36,41,95
94,40,41,36
94,36,30,93
94,39,36,93
94,39,40,36
94,175,101,93
94,175,176,101
94,101,39,93
186,272,176,273
293,402,294,300
293,285,188,295
185,281,192,184
185,192,101,184
185,101,175,184
185,176,175,101
185,281,290,192
185,186,272,176
289,183,192,280
289,192,290,280
520,406,521,513
83,173,27,82
83,175,93,174
83,93,92,174
83,92,173,174
83,34,92,93
83,27,173,91
83,34,27,91
83,173,92,91
83,92,34,91
581,570,569,469
581,570,470,582
581,470,593,582
581,470,592,593
581,592,470,469
581,470,570,469
697,802,791,792
697,791,686,792
859,791,868,792
859,779,868,791
859,868,869,792
859,869,781,792
859,919,869,868
859,912,869,919
859,869,912,860
859,781,869,860
859,779,850,905
859,851,781,860
859,851,906,905
859,906,912,905
859,850,851,905
859,850,781,851
859,906,851,860
859,912,906,860
858,849,779,905
858,859,912,905
858,779,859,905
858,912,859,919
858,919,859,868
858,859,779,868
858,867,919,868
858,779,867,868
69,18,24,25
3,24,18,25
3,32,24,25
3,24,32,86
3,32,31,86
373,362,372,255
373,488,372,362
373,383,372,488
254,243,349,348
254,372,361,255
384,383,373,488
394,382,393,285
262,166,272,273
455,236,454,341
455,454,467,341
455,353,236,341
455,467,353,341
455,236,331,454
455,354,236,353
455,467,468,353
455,468,354,353
455,467,454,567
455,468,467,568
388,493,378,389
388,378,377,270
388,270,387,280
388,377,387,270
388,389,281,280
388,378,281,389
388,281,270,280
388,281,378,270
388,493,389,504
388,503,493,504
271,378,281,270
271,378,272,281
271,270,281,184
271,272,185,281
271,270,184,174
271,184,175,174
271,281,185,184
271,185,175,184
271,272,166,176
271,166,175,176
271,185,272,176
271,175,185,176
368,378,482,379
368,379,494,380
368,482,494,379
368,272,379,380
368,272,378,379
368,494,483,380
368,483,494,482
368,262,272,380
337,449,336,439
242,359,347,348
242,347,337,348
344,333,239,345
344,356,458,345
344,458,333,345
460,473,472,572
574,585,586,474
574,586,585,680
574,586,475,474
574,475,462,474
574,586,587,475
574,587,586,681
574,586,680,681
574,587,463,475
574,463,462,475
485,473,596,484
485,496,381,484
485,596,496,484
485,596,473,474
485,359,486,474
865,910,864,855
865,785,864,873
865,864,785,855
865,785,786,855
865,874,797,873
865,797,785,873
865,786,785,797
369,472,473,484
369,473,485,484
369,483,472,484
369,485,381,484
369,483,484,380
369,484,381,380
369,368,483,380
369,262,368,380
448,346,334,345
448,561,560,549
448,460,561,449
448,562,561,549
448,561,562,449
448,562,336,449
250,356,344,345
250,344,239,345
385,386,278,396
375,364,478,374
375,478,385,374
375,268,278,386
375,278,385,386
376,479,258,365
376,491,479,365
376,258,269,365
376,269,377,365
376,377,491,365
376,479,364,258
376,478,479,491
376,387,377,269
376,258,257,269
376,364,257,258
376,364,375,257
376,364,479,478
376,375,364,478
376,257,268,269
376,375,268,257
376,268,387,269
376,387,268,386
376,268,375,386
689,678,688,679
689,774,678,679
689,795,785,701
689,783,700,688
689,700,783,795
689,688,584,679
689,700,795,701
689,584,700,701
689,700,584,688
784,785,872,864
784,872,785,795
784,845,774,855
784,785,864,855
784,785,689,795
784,689,783,795
784,774,785,855
784,689,785,774
780,686,781,770
780,781,850,770
780,850,779,768
780,674,768,684
780,684,779,791
780,768,779,684
780,686,791,792
780,781,686,792
780,791,859,792
780,859,781,792
780,779,859,791
780,850,859,779
780,859,850,781
769,768,662,759
769,674,662,768
769,780,674,768
769,760,664,770
769,780,850,770
769,850,768,759
769,850,780,768
769,760,850,759
769,850,760,770
676,571,570,582
676,677,571,582
676,581,570,569
676,571,677,665
676,570,581,582
676,761,664,665
676,677,761,665
676,687,677,582
676,581,687,582
676,664,761,770
676,761,677,770
676,677,687,770
676,687,686,770
676,581,686,687
113,204,210,203
7,46,51,6
315,314,210,203
315,307,314,203
315,210,307,203
315,438,427,314
315,427,210,314
315,419,438,314
315,307,419,314
315,204,307,210
315,419,428,438
315,419,307,420
315,428,419,420
669,670,775,765
669,680,775,670
669,680,668,775
669,680,563,668
651,659,757,660
651,554,659,660
651,543,659,554
651,542,543,650
651,659,543,542
657,649,648,541
657,562,550,549
657,648,540,541
657,540,550,541
657,541,550,551
657,550,562,551
426,314,540,418
426,550,540,314
426,427,550,314
426,436,550,427
426,305,314,418
426,305,427,314
426,313,436,427
426,313,427,305
437,550,562,549
437,436,550,549
437,562,448,549
437,448,562,336
437,336,562,438
437,562,550,438
437,550,436,427
437,550,427,438
437,427,436,323
437,334,324,323
437,323,324,219
437,427,323,219
447,548,560,446
447,549,560,548
447,436,549,548
447,448,560,549
447,436,437,549
447,437,448,549
447,333,334,323
447,437,436,323
447,345,333,446
447,334,333,345
447,448,334,345
447,334,437,323
447,448,437,334
312,538,413,418
312,426,538,418
312,413,538,530
312,538,417,530
312,413,305,418
312,305,426,418
312,413,530,412
312,530,417,412
312,313,426,305
312,301,413,412
312,301,305,413
312,304,301,412
539,547,538,646
539,538,531,646
539,655,547,646
539,547,655,548
539,531,538,418
539,538,426,418
539,540,531,418
539,426,540,418
539,549,436,548
539,426,550,540
539,648,531,540
539,657,648,540
539,426,436,550
539,550,657,540
539,550,436,549
539,657,550,549
367,481,355,469
367,355,356,469
367,469,356,471
367,470,469,471
367,470,481,469
367,378,481,482
367,368,378,482
367,483,470,471
367,481,470,482
367,470,483,482
367,483,368,482
366,377,259,365
366,355,377,365
366,377,270,259
366,377,378,270
366,378,271,270
366,378,377,481
366,377,355,481
366,367,355,356
366,367,378,481
366,355,367,481
85,175,166,176
85,176,166,273
85,166,167,273
85,94,175,176
85,95,167,86
85,30,95,86
85,30,94,95
85,94,30,93
85,175,94,93
177,167,168,273
177,87,167,95
177,87,168,167
177,186,176,273
177,176,85,273
177,85,167,273
177,167,85,95
177,85,94,95
177,94,85,176
647,831,740,741
647,740,640,741
647,640,648,741
647,531,648,640
647,744,740,745
647,646,531,640
647,739,646,640
647,740,739,640
647,744,655,646
647,739,744,646
647,739,740,744
647,539,531,646
647,655,539,646
647,539,648,531
763,846,774,845
755,832,838,899
755,839,838,832
755,846,838,765
755,838,839,765
904,846,838,903
904,838,846,847
904,856,911,847
904,846,856,847
904,909,845,903
904,845,846,903
904,911,856,855
904,856,846,855
904,845,909,855
904,846,845,855
904,909,910,855
904,910,911,855
644,643,742,653
644,742,645,653
644,743,638,645
644,742,743,645
644,638,537,645
644,528,537,638
644,536,528,653
644,537,528,536
828,742,751,743
828,829,743,744
828,743,751,744
828,835,829,744
828,751,835,744
836,901,844,843
836,844,762,843
836,835,901,843
836,762,835,843
836,898,902,901
836,902,844,901
836,762,844,845
836,902,898,845
836,844,902,845
764,775,668,679
764,668,678,679
764,774,775,679
764,678,774,679
764,669,668,775
764,678,763,774
764,775,774,765
764,669,775,765
764,774,846,765
764,763,846,774
764,846,755,765
764,763,755,846
749,662,652,758
749,652,662,643
749,758,840,759
749,662,758,759
767,768,849,758
767,673,672,684
767,768,673,684
767,779,768,684
767,779,849,768
489,477,478,600
489,478,477,374
489,385,478,374
489,478,601,600
267,375,385,374
267,385,375,278
267,364,374,256
267,364,375,374
267,172,257,256
267,172,278,268
267,278,375,268
267,257,364,256
267,375,364,257
267,172,268,257
267,268,375,257
535,544,643,653
535,643,644,653
535,644,528,653
535,528,536,653
535,422,545,536
535,422,544,545
535,528,415,536
535,415,422,536
535,536,545,653
535,545,544,653
431,544,545,555
431,545,422,432
431,544,422,545
431,545,443,555
431,443,545,432
340,466,341,465
340,577,466,465
340,577,453,466
340,466,454,341
340,453,454,466
139,140,235,223
139,235,234,223
737,822,731,823
737,731,822,730
737,729,736,730
737,822,729,730
737,731,738,823
737,738,731,730
737,736,635,730
737,635,738,730
226,216,332,225
321,332,216,320
321,216,310,320
321,320,310,424
445,547,548,654
457,333,458,446
457,332,226,333
457,458,569,446
207,123,116,115
207,310,216,215
207,114,310,215
207,114,206,310
132,215,216,225
132,131,215,225
132,216,226,225
132,141,131,225
132,131,64,56
132,141,64,131
557,433,443,432
557,443,331,432
557,331,433,432
557,454,331,443
557,455,331,454
557,567,454,443
557,455,454,567
557,567,443,556
557,443,545,556
557,433,545,443
557,467,567,568
557,455,467,568
557,467,455,567
557,674,558,568
557,674,567,556
557,567,579,568
557,579,674,568
557,674,579,567
546,545,536,653
546,545,433,536
546,547,445,654
546,536,644,653
546,537,644,536
546,644,645,653
546,644,537,645
546,645,547,654
546,537,547,645
205,302,310,319
205,215,214,319
205,114,214,215
205,310,215,319
205,310,114,215
205,206,310,302
205,206,114,310
318,330,224,223
318,224,214,223
318,205,214,319
318,330,432,319
318,224,330,319
318,214,224,319
42,123,207,115
42,207,114,115
42,121,114,215
23,16,66,0
23,3,31,86
23,31,4,86
23,24,3,86
23,77,24,86
161,172,257,163
161,257,162,163
161,172,163,81
161,163,162,81
161,257,172,256
161,162,257,256
161,245,162,256
161,162,245,150
161,72,162,150
161,162,72,81
444,331,332,433
444,557,455,331
444,332,445,433
444,457,445,332
444,557,331,433
444,445,558,433
444,445,457,558
444,557,558,568
444,455,557,568
444,558,569,568
444,558,457,569
13,73,74,20
13,64,74,73
13,72,73,20
13,55,64,54
247,236,354,353
247,259,258,365
247,258,353,365
247,353,354,365
28,83,34,27
28,35,34,93
28,34,83,93
191,289,183,192
191,183,289,190
191,190,289,288
157,77,87,24
157,87,77,167
157,168,87,167
80,26,71,79
196,188,189,295
196,293,188,295
196,294,293,295
196,293,187,188
196,187,293,110
159,80,171,160
240,334,229,324
240,229,334,239
240,239,334,345
240,334,346,345
240,229,239,145
240,239,250,145
240,250,239,345
240,346,250,345
306,305,301,413
306,413,532,418
306,532,414,418
306,314,414,203
306,305,314,203
306,305,413,418
306,414,314,418
306,314,305,418
62,61,53,137
62,53,129,137
62,129,232,137
62,232,129,138
62,232,148,137
62,232,138,148
429,439,428,551
429,553,440,439
429,440,428,439
429,543,659,542
429,534,542,551
429,543,542,534
429,428,534,551
429,553,659,554
429,659,543,554
421,419,420,534
421,428,419,534
421,419,428,420
421,543,429,534
421,429,428,534
50,51,44,6
50,44,116,111
43,111,116,115
43,116,123,115
43,44,50,111
43,50,116,111
43,116,50,123
360,372,486,475
360,361,372,475
360,361,254,372
360,475,486,474
360,486,359,474
360,462,361,475
360,462,475,474
360,254,349,348
360,254,361,349
360,349,462,348
360,361,462,349
830,740,829,745
830,831,740,745
620,723,714,733
620,733,714,724
620,714,609,724
620,609,714,713
619,714,723,816
619,713,714,816
619,712,713,816
619,714,620,723
619,620,714,713
619,496,618,508
619,629,620,508
619,723,620,629
619,618,629,508
619,618,723,629
628,738,636,730
628,636,627,730
628,516,627,636
628,731,738,730
628,618,731,730
628,731,618,629
628,627,516,506
628,629,618,507
628,618,506,507
628,506,516,507
617,506,618,495
617,494,506,495
617,721,618,730
617,506,494,505
617,616,721,730
617,618,628,730
617,628,618,506
617,628,627,730
617,627,628,506
617,616,515,505
617,515,506,505
617,627,616,730
617,627,515,616
617,515,627,506
881,873,872,796
881,930,924,873
881,924,872,873
881,882,873,796
881,806,882,796
881,882,930,873
881,889,882,806
881,930,882,890
881,882,889,890
881,933,889,888
881,928,933,888
881,933,930,890
881,889,933,890
863,922,861,915
863,923,922,915
863,861,853,915
863,864,872,923
863,784,872,864
863,916,923,915
863,916,864,923
863,853,908,915
863,908,916,915
732,723,731,629
732,723,733,824
732,738,731,823
732,731,824,823
732,731,723,824
886,885,879,877
886,879,926,877
886,926,879,931
886,931,879,887
886,892,811,885
886,811,879,885
886,811,892,887
886,879,811,887
748,747,649,650
748,832,649,747
748,755,649,832
748,839,755,832
748,649,542,650
748,542,651,650
607,711,595,701
607,595,596,701
607,712,711,701
607,496,596,484
607,596,595,484
607,713,596,496
607,619,713,496
607,619,712,713
607,618,619,496
671,766,682,681
498,383,372,486
498,372,383,488
498,372,488,487
498,488,384,499
498,383,384,488
498,486,372,475
498,372,487,475
498,487,598,475
498,487,488,599
498,598,487,599
621,609,715,724
621,620,609,724
787,691,692,776
787,692,777,776
787,788,777,692
787,786,691,776
787,691,786,797
787,875,874,866
787,788,875,866
787,777,857,776
787,777,788,857
787,857,786,776
787,874,865,866
787,865,874,797
787,865,786,866
787,786,865,797
787,857,788,866
798,586,703,692
798,691,586,692
798,787,691,692
798,692,703,799
798,691,787,797
798,788,692,799
798,788,787,692
798,875,788,799
798,787,788,875
798,874,807,797
798,787,874,797
798,808,875,799
798,808,807,875
798,703,808,799
798,703,807,808
798,807,874,875
798,874,787,875
690,785,797,701
690,689,785,701
690,785,786,797
690,786,691,797
690,584,585,679
690,585,584,701
690,585,680,679
690,585,691,680
690,689,584,679
690,584,689,701
690,774,689,679
690,785,689,774
690,786,785,774
690,691,786,775
690,680,775,679
690,680,691,775
690,775,774,679
690,786,774,775
597,609,713,703
597,598,609,703
597,586,598,703
597,598,586,475
597,598,498,609
597,486,498,475
597,498,598,475
597,475,586,474
597,485,486,474
597,596,485,474
597,486,475,474
597,586,585,474
597,585,596,474
809,801,717,810
809,876,801,810
809,885,876,810
705,695,789,694
705,789,695,706
705,695,601,706
705,600,695,694
705,601,695,600
683,789,695,694
683,695,578,694
683,578,695,684
683,578,672,694
683,672,578,684
683,767,672,684
790,695,789,706
790,868,791,801
790,867,868,801
790,779,684,791
790,683,695,684
790,683,789,695
790,868,779,791
790,867,779,868
803,804,812,879
803,812,802,878
803,879,812,878
803,812,804,709
803,878,802,792
803,869,878,792
803,869,879,878
803,793,869,792
803,804,879,870
803,793,804,870
803,804,793,699
803,879,869,870
803,869,793,870
708,707,802,810
708,802,812,810
708,719,709,604
708,812,709,719
708,803,812,802
708,812,803,709
708,709,592,604
708,707,697,802
605,720,616,719
605,719,615,604
605,616,615,719
605,709,719,604
605,709,720,719
605,615,616,505
605,594,709,604
605,720,721,616
605,604,493,505
605,493,615,505
605,615,493,604
605,482,604,505
605,494,482,505
605,482,594,604
605,494,594,482
605,616,617,505
605,617,494,505
605,721,617,616
805,794,804,699
805,804,794,888
805,813,804,888
805,795,794,699
805,700,795,699
805,700,711,795
805,711,806,796
805,795,711,796
805,794,881,888
805,806,881,796
805,872,794,795
805,872,881,794
805,881,889,888
805,889,881,806
805,872,795,796
805,881,872,796
814,720,813,821
814,805,711,806
814,889,805,806
814,805,889,888
814,813,805,888
814,889,822,821
814,822,729,821
814,729,720,821
814,721,729,822
814,720,729,721
814,889,821,888
814,821,813,888
814,889,806,815
814,822,889,815
296,407,521,399
296,290,407,399
296,289,406,288
296,191,289,288
514,399,504,513
514,504,625,513
514,515,625,504
514,390,504,399
514,390,515,504
514,522,399,513
514,400,390,399
514,515,390,400
514,633,522,513
514,625,633,513
514,522,400,399
514,634,522,633
514,625,634,633
514,634,625,626
514,625,515,626
514,522,634,523
514,400,522,523
514,627,515,400
514,627,634,626
514,515,627,626
514,634,627,523
514,627,400,523
282,290,281,389
282,390,290,389
282,389,281,379
282,390,389,379
282,391,390,379
282,290,185,281
282,290,291,193
282,290,390,291
282,281,272,379
282,192,290,193
282,185,192,193
282,185,290,192
282,185,272,281
282,186,185,193
282,390,391,401
282,291,390,401
282,185,186,272
410,402,401,300
410,401,409,300
410,402,516,401
410,294,402,300
410,524,409,401
410,516,524,401
734,728,819,727
734,819,726,727
734,624,728,727
734,726,624,727
734,625,728,624
734,625,735,728
734,735,825,728
734,825,819,728
734,735,625,633
501,396,500,511
397,388,387,280
614,503,623,624
614,615,503,624
614,615,624,719
614,615,719,604
614,719,708,604
614,493,615,604
614,503,615,493
614,708,592,604
603,491,480,591
603,602,491,591
603,614,708,592
603,708,614,707
603,708,697,592
603,697,708,707
490,602,478,491
490,601,602,612
490,478,602,601
490,501,500,612
490,489,478,601
490,478,376,491
490,375,376,478
490,385,489,500
490,489,385,478
490,385,375,478
490,376,375,386
490,375,385,386
490,396,385,500
490,501,396,500
490,386,385,396
490,501,386,396
283,272,186,273
283,272,262,380
283,262,272,273
283,392,391,380
283,391,379,380
283,379,272,380
283,282,186,272
283,391,282,379
283,282,272,379
194,293,187,110
632,521,633,513
632,520,521,513
632,633,625,513
632,625,624,513
632,734,625,633
632,625,734,624
632,734,726,624
512,624,503,513
512,632,624,513
512,520,632,513
512,623,503,624
512,406,520,513
512,501,397,503
512,501,503,623
512,501,623,511
696,697,802,791
696,697,707,802
696,791,802,801
696,802,707,801
696,790,791,801
696,707,706,801
696,706,790,801
696,695,790,706
696,602,695,706
696,707,602,706
696,790,695,684
696,695,602,591
696,603,697,591
696,697,603,707
696,602,603,591
696,603,602,707
70,71,26,79
70,148,71,79
70,71,62,61
70,61,62,137
70,62,148,137
70,62,71,148
19,69,12,61
19,12,69,18
19,70,69,61
19,18,69,25
19,71,70,61
19,26,70,71
60,53,61,137
60,61,70,137
60,69,70,61
60,12,69,61
2,23,31,4
2,23,66,0
276,189,188,285
276,382,394,285
276,394,382,383
518,507,393,508
518,620,629,508
608,597,485,486
608,498,597,486
608,597,498,609
608,597,609,713
608,609,620,713
608,485,596,496
608,485,597,596
608,619,620,508
608,620,619,713
608,496,619,508
608,713,619,496
608,596,713,496
608,596,597,713
275,393,382,285
275,276,188,285
275,382,276,285
275,276,382,264
492,378,493,481
492,378,388,493
492,377,378,481
492,388,378,377
492,481,493,604
492,493,614,604
492,388,503,493
492,503,614,493
492,592,481,604
492,614,592,604
492,480,377,481
492,491,377,480
492,614,603,592
492,603,491,480
492,592,480,481
492,592,603,480
221,232,129,137
221,129,53,137
221,129,120,53
335,336,337,449
335,448,336,449
335,460,448,449
335,346,460,347
335,448,460,346
335,334,240,324
335,336,437,324
335,437,334,324
335,448,346,334
335,448,437,336
335,437,448,334
335,240,346,347
335,346,240,334
326,337,336,439
326,327,337,439
326,336,438,439
338,349,462,451
338,462,349,348
338,339,349,451
338,440,328,451
338,327,328,440
338,328,339,451
338,349,243,348
338,327,232,222
338,339,328,222
338,328,327,222
338,339,222,233
338,349,339,233
338,243,349,233
338,232,243,233
338,222,232,233
231,243,242,348
231,338,243,348
231,338,232,243
231,242,337,348
231,243,232,148
231,242,243,148
231,337,338,348
231,148,232,137
231,232,338,327
231,338,337,327
231,337,326,327
231,221,232,327
231,326,221,327
231,232,221,137
253,243,254,348
253,242,243,348
253,359,242,348
253,159,254,243
253,360,359,348
253,254,360,348
253,243,242,148
253,159,243,148
343,355,458,356
343,458,344,356
343,344,458,333
343,458,457,333
343,226,344,333
343,457,226,333
65,64,55,56
65,13,64,74
65,55,8,56
65,15,8,55
65,75,66,22
65,74,75,22
164,83,74,82
164,74,83,22
164,75,74,22
164,83,173,174
164,173,83,82
165,85,30,93
165,164,83,22
165,75,164,22
165,175,85,93
165,83,175,93
165,175,83,174
165,83,164,174
573,473,460,572
573,584,473,572
573,585,473,584
573,473,585,474
573,460,473,474
573,679,584,572
573,585,584,679
573,561,679,572
573,561,668,679
573,460,561,572
573,668,680,679
573,680,585,679
573,585,574,474
573,561,449,668
573,561,460,449
573,563,680,668
573,449,563,668
573,574,585,680
573,563,574,680
358,460,473,472
358,346,460,472
358,473,369,472
358,460,346,347
358,473,460,474
358,485,369,473
358,485,473,474
358,359,485,474
918,786,865,866
918,911,786,857
918,857,787,866
918,787,786,866
918,786,787,857
918,911,910,855
918,910,865,855
918,786,911,855
918,865,786,855
917,864,924,873
917,865,864,873
917,864,865,910
917,865,918,910
917,924,864,923
917,916,864,910
917,864,916,923
450,449,337,439
450,462,563,451
450,327,440,439
450,337,327,439
450,440,338,451
450,440,553,439
450,553,440,451
450,563,553,451
450,338,462,451
450,327,338,440
450,337,338,327
450,462,338,348
450,338,337,348
552,562,449,439
552,449,450,439
552,563,450,449
552,449,562,668
552,563,449,668
552,450,553,439
552,450,563,553
552,562,439,551
552,439,429,551
552,553,429,439
552,659,429,553
552,669,563,668
552,429,542,551
552,429,659,542
575,587,574,681
575,463,574,587
575,462,574,463
575,563,574,462
575,576,463,587
575,553,563,451
575,462,463,451
575,563,462,451
575,682,587,681
575,682,576,587
575,553,451,565
575,576,671,565
575,671,682,681
575,682,671,576
575,576,565,452
575,463,576,452
575,565,451,452
575,451,463,452
370,275,382,264
370,263,275,264
370,485,359,486
370,382,485,486
370,485,358,359
370,369,358,485
370,485,382,381
370,369,485,381
459,446,570,471
459,570,583,471
459,571,570,446
459,472,346,471
459,346,345,471
459,346,448,345
459,460,448,346
459,458,446,471
459,345,458,471
459,458,345,446
459,345,447,446
459,448,447,345
459,571,560,572
459,560,571,446
459,560,561,572
459,560,448,561
459,447,560,446
459,447,448,560
459,583,472,471
459,572,472,583
459,571,572,583
459,570,571,583
459,460,472,572
459,460,346,472
459,561,460,572
459,448,460,561
357,356,345,471
357,356,250,345
357,345,346,471
357,250,346,345
357,367,356,471
357,346,472,471
357,483,367,471
357,368,367,483
357,472,483,471
357,369,483,472
357,346,358,472
357,358,369,472
357,368,369,262
357,250,240,346
357,369,368,483
261,250,357,356
261,262,250,166
261,367,366,356
261,357,367,356
261,367,357,368
261,368,357,262
261,357,250,262
261,272,262,166
261,368,262,272
261,367,368,378
261,366,367,378
261,271,272,166
261,271,366,378
261,271,378,272
261,378,368,272
154,164,165,75
854,863,784,853
854,916,908,909
854,844,908,853
854,908,863,853
854,916,863,908
854,863,916,864
854,784,863,864
854,909,845,855
854,845,784,855
854,784,864,855
854,910,909,855
854,910,916,909
854,908,902,909
854,844,902,908
854,902,845,909
854,902,844,845
854,864,910,855
854,864,916,910
772,677,762,771
772,783,677,771
772,762,844,771
772,783,771,782
772,844,762,845
772,771,853,782
772,771,852,853
772,852,844,853
772,844,852,771
772,844,854,853
772,854,784,853
772,854,844,845
772,784,854,845
663,769,674,662
663,769,558,674
663,558,557,674
663,662,674,556
663,674,557,556
663,558,769,664
663,545,662,556
663,557,545,556
663,557,433,545
663,662,545,653
663,545,546,653
663,433,546,545
663,558,664,654
663,444,558,433
663,557,444,433
663,444,557,558
663,558,445,433
663,445,546,433
663,445,558,654
663,546,445,654
750,769,760,664
750,664,760,752
750,760,751,752
750,663,769,664
750,751,760,759
750,760,769,759
750,664,752,654
750,663,664,654
750,752,645,654
750,752,751,645
750,769,662,759
750,769,663,662
750,663,546,653
750,546,663,654
750,742,751,759
750,662,663,653
750,546,645,653
750,645,546,654
750,645,742,653
750,751,742,645
750,749,742,759
750,662,749,759
750,742,643,653
750,742,749,643
750,643,662,653
750,749,662,643
675,686,780,770
675,780,769,770
675,769,664,770
675,769,780,674
675,664,676,770
675,676,686,770
675,769,558,664
675,558,769,674
675,558,676,664
675,558,674,568
675,676,558,569
675,569,558,568
675,581,676,569
675,676,581,686
119,120,46,127
202,210,305,203
202,113,210,203
202,305,306,203
202,301,306,305
52,127,120,53
52,46,120,127
52,60,127,53
52,7,60,12
52,51,7,46
52,60,7,51
52,51,46,127
52,60,51,127
52,60,53,61
52,12,60,61
213,327,328,222
213,232,327,222
213,232,221,327
213,129,232,222
213,221,232,129
213,120,221,129
564,680,669,670
564,563,669,680
564,680,670,681
564,574,563,680
564,575,563,574
564,669,659,670
564,671,575,681
564,574,680,681
564,575,574,681
564,670,659,660
564,669,552,659
564,552,669,563
564,563,575,553
564,670,766,681
564,766,671,681
564,659,552,553
564,552,563,553
564,660,671,766
564,670,660,766
564,671,660,565
564,575,671,565
564,553,575,565
564,660,554,565
564,659,554,660
564,554,553,565
564,659,553,554
754,755,764,763
754,657,649,648
746,649,755,832
746,832,831,747
746,649,832,747
746,831,832,899
746,832,755,899
746,754,755,649
746,648,649,747
746,754,649,648
746,648,747,741
746,747,831,741
746,647,754,648
746,647,648,741
746,831,647,741
746,831,830,745
746,830,831,899
746,740,831,745
746,647,740,745
746,647,831,740
833,751,742,759
833,828,742,751
833,749,840,759
833,742,749,759
897,828,835,829
897,829,835,745
897,830,829,745
897,901,836,835
897,835,836,745
897,836,830,745
897,898,836,901
897,830,836,898
837,846,763,845
837,763,762,845
837,762,836,845
837,846,845,903
837,755,763,846
837,898,899,903
837,845,898,903
837,836,898,845
837,746,755,899
837,899,838,903
837,838,846,903
837,755,838,899
837,755,846,838
837,898,830,899
837,836,830,898
837,755,754,763
837,746,754,755
837,830,836,745
837,746,830,745
837,830,746,899
658,755,754,649
658,764,754,755
658,754,657,649
658,764,669,668
658,542,649,541
658,649,657,541
658,542,541,551
658,541,657,551
658,669,552,668
658,657,562,551
658,552,659,542
658,552,669,659
658,552,562,668
658,552,542,551
658,562,552,551
661,652,662,758
661,768,767,758
661,673,767,768
661,767,673,672
661,662,768,758
661,662,673,768
661,673,662,556
661,662,652,556
661,652,555,556
442,443,453,555
442,431,443,555
442,454,443,330
442,454,453,443
442,443,432,330
442,443,431,432
442,432,318,330
218,323,219,228
218,323,313,219
351,340,341,465
351,340,234,341
351,341,352,465
351,352,363,465
351,234,246,341
351,246,352,341
351,246,363,352
351,245,363,246
351,234,245,246
63,139,140,150
63,140,73,150
63,64,140,54
63,13,64,54
63,73,72,150
63,73,13,72
63,64,73,140
63,64,13,73
151,140,139,150
151,73,140,150
151,162,73,150
151,235,139,140
151,162,247,73
151,245,162,150
151,162,245,246
151,139,245,150
151,73,141,140
151,247,141,73
151,141,235,140
151,245,234,246
151,139,234,245
151,139,235,234
151,162,246,258
151,247,162,258
151,235,141,236
151,141,247,236
151,246,234,341
151,234,235,341
151,246,353,258
151,353,247,258
151,353,246,341
151,236,247,353
151,236,353,341
151,235,236,341
895,889,896,890
895,933,889,890
895,889,822,896
895,822,889,821
227,344,226,333
227,239,333,228
227,239,344,333
237,236,141,225
237,141,132,225
237,132,226,225
237,354,247,236
237,247,141,236
311,417,321,424
311,312,321,417
311,303,417,424
311,417,303,412
311,312,417,412
311,321,312,313
311,303,304,412
311,304,312,412
311,310,303,424
311,321,310,424
311,303,206,304
311,206,303,310
425,417,538,547
425,539,426,436
425,547,539,548
425,539,436,548
425,321,312,417
425,426,313,436
425,538,539,547
425,426,539,538
425,312,538,417
425,312,426,538
425,426,312,313
425,312,321,313
322,226,332,333
322,332,226,216
322,321,332,216
322,227,226,333
322,333,323,228
322,227,333,228
322,313,218,323
322,323,218,228
322,218,227,228
434,445,332,433
434,433,332,320
434,332,321,320
434,320,321,424
434,546,445,433
434,423,320,424
434,423,433,320
434,546,433,536
434,445,546,547
434,425,445,547
434,423,424,536
434,433,423,536
434,417,425,547
434,321,417,424
434,321,425,417
434,424,537,536
434,537,546,536
434,547,546,537
434,417,537,424
434,417,547,537
559,654,548,665
559,445,548,654
559,664,654,665
559,664,558,654
559,558,445,654
559,548,560,665
559,560,548,446
559,676,664,665
559,560,571,665
559,571,560,446
559,457,569,446
559,445,457,446
559,558,676,569
559,676,558,664
559,457,558,569
559,457,445,558
559,571,676,665
559,569,570,446
559,676,570,569
559,570,571,446
559,570,676,571
122,207,216,215
122,216,132,215
122,207,42,123
122,132,131,215
122,114,207,215
122,42,114,215
122,42,207,114
122,131,132,56
122,131,121,215
122,121,42,215
122,131,47,121
122,47,42,121
122,47,131,56
57,65,8,56
57,65,15,8
57,15,65,66
57,15,66,0
57,75,67,66
57,65,75,66
57,66,16,0
57,66,67,16
76,67,75,66
76,67,66,16
76,66,23,16
11,69,12,18
1,66,29,22
1,65,66,22
1,65,15,66
1,2,29,66
1,66,15,0
1,2,66,0
342,444,455,331
342,343,237,354
342,331,455,236
342,455,354,236
342,354,237,236
342,444,331,332
342,457,444,332
342,237,343,226
342,331,236,225
342,236,237,225
342,332,331,225
342,226,457,332
342,343,457,226
342,226,332,225
342,237,226,225
152,247,259,258
152,162,247,258
152,163,162,258
152,258,259,269
152,163,258,269
152,162,163,82
152,73,162,82
152,247,162,73
152,173,163,269
152,163,173,82
152,173,164,82
152,269,259,174
152,173,269,174
152,259,164,174
152,164,173,174
152,74,73,82
152,164,74,82
106,191,183,192
106,183,99,100
106,183,190,99
106,183,191,190
106,101,183,100
106,192,183,101
107,39,94,101
107,94,40,101
107,40,94,39
107,39,101,100
107,101,106,100
103,109,110,104
103,110,187,104
103,194,187,110
103,109,194,110
103,41,109,104
103,95,41,104
103,186,177,187
103,194,186,187
103,94,41,95
103,177,94,95
103,94,40,41
103,40,109,41
103,94,177,176
103,177,186,176
198,291,290,193
198,299,291,193
198,291,299,298
33,87,32,25
33,87,38,32
33,87,97,38
96,103,187,104
96,103,177,187
96,97,38,104
96,97,87,38
96,95,103,104
96,177,103,95
96,87,177,95
96,177,87,168
96,38,95,104
96,38,87,95
146,77,157,24
146,157,77,145
244,254,255,160
244,243,138,233
244,159,254,160
244,254,159,243
244,349,243,233
244,349,254,243
89,26,80,79
105,196,187,188
105,187,110,104
105,187,196,110
105,96,187,104
105,97,96,104
105,189,196,188
195,293,294,300
195,293,196,294
195,196,293,110
195,293,194,110
169,253,159,264
169,263,264,168
169,157,263,168
149,148,159,79
149,159,80,79
149,71,148,79
149,80,71,79
149,243,159,148
149,244,159,243
149,80,159,160
149,159,244,160
149,62,138,148
149,71,62,148
149,138,243,148
149,244,243,138
251,250,357,262
251,240,357,250
251,370,263,262
251,369,370,262
251,358,370,369
251,357,369,262
251,357,358,369
251,357,240,346
251,358,357,346
251,346,240,347
251,358,346,347
251,358,347,359
251,370,358,359
430,429,543,554
430,429,421,543
430,553,429,554
430,440,429,553
430,428,429,440
430,421,429,428
58,51,50,6
58,57,67,16
117,45,44,51
117,44,50,51
117,112,44,45
117,116,50,44
117,44,112,111
117,116,44,111
117,112,116,111
48,123,42,115
48,43,123,115
48,8,47,56
48,42,122,47
48,122,42,123
48,47,122,56
48,122,123,56
200,114,207,115
200,206,207,114
200,311,206,304
200,207,116,115
200,116,111,115
200,116,201,111
722,618,731,723
722,619,618,723
722,723,731,815
722,723,815,816
722,619,723,816
722,731,618,721
722,712,619,816
722,731,822,815
722,731,721,822
722,619,607,618
722,815,806,816
722,806,712,816
722,822,814,815
722,721,814,822
722,814,806,815
722,607,619,712
722,814,711,806
722,814,721,711
722,711,712,806
722,607,712,711
637,628,738,636
637,731,628,629
637,732,731,629
637,628,731,738
637,731,732,738
929,872,924,923
929,881,924,872
929,924,881,930
929,881,933,930
929,933,881,928
862,784,783,795
862,863,784,872
862,794,795,699
862,795,783,699
862,794,872,795
862,872,784,795
862,793,783,782
862,783,772,782
862,784,772,783
862,793,794,699
862,783,793,699
862,861,793,782
862,793,861,794
862,853,861,782
862,863,861,853
862,772,853,782
862,784,863,853
862,772,784,853
756,748,755,649
756,755,658,649
756,755,839,765
756,755,748,839
756,764,755,765
756,764,658,755
756,748,649,542
756,649,658,542
756,839,757,765
756,839,748,757
756,669,764,765
756,658,764,669
756,748,651,757
756,670,669,765
756,659,669,670
756,658,659,542
756,658,669,659
756,651,659,757
756,757,670,765
756,757,659,670
756,659,651,542
756,651,748,542
606,595,711,594
606,595,607,711
606,595,594,484
606,607,595,484
606,722,721,711
606,607,722,711
606,594,494,484
606,605,494,594
606,722,618,721
606,722,607,618
606,496,607,484
606,605,617,494
606,617,605,721
606,618,617,721
606,618,607,496
606,495,496,484
606,494,495,484
606,494,617,495
606,617,618,495
606,495,618,496
509,394,395,383
509,498,384,499
509,384,498,383
509,384,395,499
509,395,384,383
509,518,395,394
509,395,510,499
509,395,518,510
509,609,498,499
509,608,498,609
509,518,620,510
509,620,608,609
509,620,518,508
509,608,620,508
509,510,621,499
509,620,621,510
509,621,609,499
509,621,620,609
610,609,621,499
610,621,609,715
610,498,609,499
610,488,498,499
610,498,488,599
610,598,498,599
610,498,598,609
610,704,598,599
610,598,704,715
610,609,598,715
630,733,620,724
630,620,621,724
630,621,620,510
630,518,526,510
630,620,518,510
630,723,620,733
630,620,723,629
630,526,518,629
630,518,620,629
630,732,723,733
630,723,732,629
630,637,526,629
630,732,637,629
702,798,586,703
702,597,713,703
702,586,597,703
702,713,807,703
702,807,798,703
702,597,596,713
702,713,712,807
702,691,585,586
702,798,691,586
702,585,597,586
702,596,597,585
702,807,712,797
702,798,807,797
702,596,585,701
702,691,798,797
702,797,712,701
702,607,596,701
702,596,607,713
702,690,797,701
702,585,690,701
702,690,691,797
702,691,690,585
702,712,607,701
702,607,712,713
818,885,809,810
818,819,892,727
818,726,819,727
818,811,885,810
818,811,892,885
818,727,811,810
818,892,811,727
622,501,500,511
622,500,501,612
622,623,717,612
622,623,501,511
622,501,623,612
611,601,612,706
611,705,601,706
611,500,622,612
611,490,500,612
611,490,489,500
611,601,490,612
611,489,490,601
611,489,601,600
611,601,705,600
800,789,705,706
800,790,706,801
800,790,789,706
800,867,790,801
800,789,790,867
800,809,876,801
800,876,867,801
778,790,789,867
778,790,683,789
778,779,790,867
778,858,779,867
778,790,779,684
778,683,790,684
778,779,767,684
778,767,683,684
778,858,849,779
778,849,767,779
698,802,697,792
698,803,802,792
698,708,697,802
698,803,708,802
698,686,687,792
698,697,686,792
698,687,793,792
698,793,803,792
698,686,581,687
698,697,581,686
698,793,687,699
698,803,793,699
698,697,708,592
698,708,803,709
698,581,593,582
698,687,581,582
698,581,592,593
698,581,697,592
698,592,709,593
698,708,709,592
698,593,709,699
698,582,593,699
698,687,582,699
698,709,804,699
698,804,803,699
698,803,804,709
710,709,605,594
710,593,709,594
710,606,711,594
710,605,606,594
710,700,593,594
710,711,700,594
710,606,721,711
710,606,605,721
710,814,805,711
710,721,814,711
710,720,605,709
710,593,700,699
710,709,593,699
710,805,814,813
710,605,720,721
710,720,814,721
710,813,720,709
710,813,814,720
710,700,805,699
710,805,700,711
710,804,709,699
710,804,813,709
710,805,804,699
710,805,813,804
398,504,399,513
398,504,389,399
398,503,504,513
398,512,503,513
398,512,397,503
398,388,389,504
398,503,388,504
398,397,388,503
398,406,512,513
398,397,512,406
398,399,521,513
398,521,406,513
398,389,290,399
398,397,289,280
398,389,388,280
398,388,397,280
398,296,406,521
398,296,521,399
398,296,289,406
398,406,289,288
398,397,406,288
398,289,397,288
398,290,296,399
398,289,296,290
398,290,389,280
398,289,290,280
279,386,397,287
279,387,397,386
279,268,387,386
279,278,386,287
279,278,268,386
279,287,190,181
279,288,190,287
279,397,288,287
279,278,287,181
279,268,278,181
279,182,268,181
279,387,268,182
279,190,182,181
279,289,190,288
279,397,289,288
279,397,387,280
279,289,397,280
279,190,183,182
279,183,289,280
279,289,183,190
279,182,183,184
279,387,182,184
279,183,280,184
279,280,387,184
718,708,614,719
718,727,812,719
718,812,708,719
718,624,727,719
718,614,624,719
718,812,727,810
718,708,812,810
718,624,623,727
718,614,623,624
718,707,708,810
718,614,708,707
718,727,818,810
718,717,707,810
718,623,726,727
718,623,707,717
613,503,501,623
613,614,503,623
613,623,501,612
613,614,492,503
613,717,623,612
613,707,717,612
613,707,623,717
613,603,614,707
613,707,718,623
613,718,614,623
613,614,718,707
613,602,707,612
613,602,603,707
613,501,490,612
613,492,603,491
613,603,492,614
613,603,602,491
613,490,602,612
613,602,490,491
284,186,194,187
284,194,293,187
284,187,293,188
284,188,293,285
284,275,188,285
284,393,275,285
292,409,401,300
292,299,409,300
292,409,299,401
292,195,299,300
292,195,194,299
292,299,194,193
292,401,402,300
292,402,293,300
292,293,195,300
292,194,195,293
292,284,194,293
292,291,299,193
292,299,291,401
292,284,293,402
292,282,291,193
292,291,282,401
292,186,282,193
292,194,186,193
292,392,402,401
292,392,284,402
292,283,284,392
292,284,283,186
292,194,284,186
292,283,282,186
292,282,391,401
292,282,283,391
292,391,392,401
292,283,392,391
631,623,622,511
631,726,623,624
631,632,726,624
631,512,623,511
631,520,512,511
631,632,512,520
631,623,512,624
631,512,632,624
405,512,397,406
405,512,520,511
405,520,512,406
405,501,512,511
405,397,512,501
405,396,501,511
405,386,501,396
405,397,501,386
405,386,396,287
405,397,386,287
405,288,397,287
405,406,397,288
147,70,148,137
147,148,231,137
147,242,231,148
147,60,70,137
147,70,60,69
147,146,70,69
147,60,146,69
78,26,19,25
78,70,19,26
78,24,87,25
78,70,26,79
78,69,24,25
78,19,69,25
78,19,70,69
78,87,33,25
78,33,26,25
78,157,87,24
78,69,146,24
78,70,146,69
78,146,157,24
286,189,276,285
286,276,394,285
286,394,404,285
286,180,276,189
286,189,285,295
286,285,404,295
286,395,404,394
178,187,284,188
178,284,275,188
178,96,177,187
178,177,96,168
178,177,168,273
178,168,263,273
178,275,263,168
178,186,284,187
178,186,177,273
178,177,186,187
178,283,186,273
178,283,284,186
230,336,335,324
230,326,336,324
230,337,335,336
230,326,337,336
230,240,229,324
230,335,240,324
230,229,220,324
230,220,326,324
230,326,231,337
230,240,335,347
230,231,242,337
230,231,147,242
230,337,242,347
230,335,337,347
325,324,220,219
325,326,220,324
325,326,336,438
325,336,326,324
325,210,427,219
325,437,324,219
325,427,437,219
325,437,427,438
325,336,437,438
325,437,336,324
325,427,315,438
325,315,427,210
371,359,360,486
371,253,360,359
371,264,253,359
371,360,372,486
371,360,254,372
371,360,253,254
371,370,359,486
371,382,370,486
371,383,382,486
371,370,264,359
371,370,382,264
371,372,383,486
371,276,382,383
371,382,276,264
456,458,343,355
456,569,458,469
456,458,355,469
456,457,458,569
456,457,343,458
456,355,354,468
456,343,354,355
456,444,457,569
456,355,480,469
456,480,355,468
456,444,569,568
456,343,342,354
456,444,342,457
456,342,343,457
456,468,455,568
456,455,444,568
456,342,444,455
456,354,455,468
456,342,455,354
84,66,75,22
84,75,165,22
84,4,30,86
84,23,4,86
84,29,66,22
84,29,2,66
84,2,23,66
84,165,30,93
84,35,30,4
84,29,35,4
84,2,29,4
84,23,2,4
84,28,29,22
84,83,165,93
84,165,83,22
84,30,35,93
84,28,83,93
84,83,28,22
84,35,28,93
84,29,28,35
925,918,865,866
925,918,917,865
925,865,874,866
925,917,924,873
925,865,917,873
925,874,865,873
925,874,875,866
925,875,874,883
925,873,924,883
925,874,873,883
461,450,563,449
461,563,450,462
461,563,573,449
461,337,450,449
461,574,563,462
461,573,563,574
461,462,450,348
461,450,337,348
461,460,573,474
461,573,460,449
461,574,462,474
461,573,574,474
461,337,347,348
461,335,337,449
461,337,335,347
461,347,359,348
461,360,359,474
461,462,360,474
461,359,360,348
461,360,462,348
461,358,460,474
461,460,358,347
461,460,335,449
461,335,460,347
461,359,358,474
461,347,358,359
274,262,369,380
274,370,369,262
274,263,370,262
274,369,381,380
274,369,370,381
274,283,262,380
274,275,370,263
274,263,262,273
274,262,283,273
274,370,382,381
274,370,275,382
274,178,275,263
274,178,263,273
274,283,178,273
274,381,392,380
274,392,283,380
274,381,382,393
274,382,275,393
274,284,178,283
274,178,284,275
274,284,283,392
274,275,284,393
274,392,381,393
274,284,392,393
143,76,67,75
143,344,227,239
143,250,239,145
249,261,250,166
249,250,261,356
249,344,250,356
249,261,366,356
249,250,344,239
249,344,143,239
249,143,250,239
142,75,65,74
142,164,75,74
142,164,154,75
142,65,64,74
142,154,143,75
142,132,64,56
142,64,65,56
142,143,67,75
142,67,57,75
142,57,65,75
142,65,57,56
773,772,677,762
773,762,677,666
773,763,762,666
773,762,763,845
773,772,762,845
773,677,678,666
773,678,763,666
773,763,774,845
773,763,678,774
773,774,784,845
773,784,772,845
773,678,677,688
773,689,678,688
773,677,772,783
773,678,689,774
773,689,784,774
773,677,783,688
773,783,689,688
773,784,689,783
773,772,784,783
685,697,696,791
685,686,697,791
685,696,697,591
685,780,686,791
685,780,675,686
685,684,780,791
685,790,684,791
685,696,790,791
685,790,696,684
685,695,579,684
685,696,695,684
685,675,780,674
685,579,695,591
685,695,696,591
685,568,579,591
685,579,674,684
685,674,780,684
685,674,579,568
685,675,674,568
212,221,213,120
118,113,119,204
118,113,204,210
118,119,113,45
118,210,325,219
118,325,220,219
118,113,112,45
118,112,117,45
118,45,117,51
118,51,220,127
118,119,46,127
118,119,45,46
118,46,51,127
118,45,51,46
317,328,327,440
317,328,213,327
317,428,430,440
317,430,328,440
317,421,430,428
753,762,763,666
753,763,754,666
753,761,762,666
753,837,763,762
753,837,754,763
753,752,655,744
753,655,752,665
753,835,744,745
753,835,752,744
753,836,835,745
753,836,762,835
753,835,761,752
753,762,761,835
753,761,666,665
753,752,761,665
753,744,647,745
753,655,647,744
753,647,746,745
753,754,746,647
753,837,836,745
753,836,837,762
753,746,837,745
753,837,746,754
656,657,754,648
656,754,647,648
656,539,657,648
656,647,539,648
656,657,539,549
656,539,647,655
656,647,753,655
656,754,753,647
656,549,539,548
656,539,655,548
656,753,754,666
656,548,655,665
656,753,666,665
656,655,753,665
656,560,548,665
656,560,549,548
656,666,560,665
842,760,751,759
842,751,833,759
842,751,760,835
842,850,760,759
842,833,840,759
842,833,841,840
842,835,760,843
842,828,751,835
842,828,833,751
842,840,850,759
842,841,850,840
842,760,850,851
842,850,841,851
842,760,851,843
842,851,900,843
842,841,900,851
566,567,577,672
566,555,567,556
566,661,555,556
566,673,567,672
566,661,673,672
566,453,577,567
566,567,673,556
566,673,661,556
566,443,567,555
566,453,443,555
566,453,567,443
329,454,442,330
329,340,453,454
329,453,442,454
329,235,454,330
329,340,454,341
329,234,340,341
329,330,318,223
329,442,318,330
329,235,330,223
329,234,235,223
329,454,235,341
329,235,234,341
309,431,422,432
309,442,431,432
309,318,442,432
309,422,423,432
309,423,422,302
309,432,423,319
309,423,302,319
309,302,205,319
309,318,432,319
309,205,318,319
217,200,207,116
217,321,322,216
217,207,200,206
217,200,311,206
217,321,311,313
217,311,321,310
217,321,216,310
217,216,207,310
217,322,321,313
217,218,322,313
217,311,200,304
217,207,206,310
217,206,311,310
130,63,140,54
130,63,139,140
130,140,139,223
130,140,131,54
130,131,121,54
130,224,140,223
130,214,224,223
130,224,214,121
130,224,131,140
130,131,224,121
932,821,889,888
932,895,889,821
932,889,933,888
932,895,933,889
932,821,888,887
932,880,931,887
932,888,880,887
932,933,928,888
932,928,931,880
932,888,928,880
826,895,932,821
826,825,729,893
826,729,825,736
826,820,821,893
826,729,820,893
826,729,821,820
126,117,50,51
126,218,219,228
126,218,117,219
126,50,58,51
126,219,324,228
126,220,324,219
126,118,220,219
126,117,118,219
126,220,118,51
126,118,117,51
126,324,229,228
126,220,229,324
125,50,116,123
125,50,117,116
125,117,218,116
125,126,117,50
125,117,126,218
125,58,126,50
125,227,218,228
125,218,126,228
238,343,226,344
238,343,237,226
238,226,227,344
238,227,143,344
238,132,227,226
238,237,132,226
238,143,249,344
238,249,143,154
238,143,142,154
208,311,312,313
208,217,311,313
208,312,301,305
208,313,312,305
208,311,217,304
208,301,312,304
208,312,311,304
208,201,301,304
208,301,202,305
208,201,202,301
208,218,217,313
208,217,218,116
208,201,200,116
208,200,217,116
208,200,201,304
208,217,200,304
435,322,321,332
435,425,321,313
435,321,322,313
435,321,434,332
435,434,445,332
435,425,434,321
435,434,425,445
435,445,457,332
435,425,313,436
435,332,457,333
435,322,332,333
435,445,547,548
435,547,425,548
435,445,425,547
435,425,436,548
435,436,313,323
435,313,322,323
435,457,445,446
435,436,447,548
435,447,436,323
435,447,333,446
435,333,457,446
435,333,447,323
435,322,333,323
435,559,548,446
435,445,559,446
435,559,445,548
435,548,447,446
124,322,226,216
124,322,227,226
124,226,132,216
124,227,132,226
124,227,322,218
124,125,227,218
124,217,322,216
124,322,217,218
124,132,122,216
124,122,207,216
124,207,122,123
124,125,116,123
124,125,218,116
124,207,217,216
124,218,217,116
124,116,207,123
124,217,207,116
155,76,75,66
155,23,76,66
155,75,84,66
155,84,23,66
155,76,23,77
155,165,84,75
155,165,85,30
155,84,165,30
155,77,23,86
155,23,84,86
155,30,85,86
155,84,30,86
155,167,77,86
155,85,167,86
135,77,76,145
135,146,77,145
135,229,146,145
135,67,76,16
135,58,67,16
135,126,58,51
17,10,16,0
17,10,11,16
17,16,23,0
17,23,2,0
17,23,3,31
17,2,23,31
14,13,74,20
14,13,65,74
14,74,65,22
14,65,1,22
14,64,13,55
14,65,64,55
14,65,13,64
14,15,65,55
14,1,65,15
197,192,106,101
197,106,107,101
197,198,192,193
197,108,198,193
197,191,106,192
102,103,194,186
102,186,194,193
102,194,103,109
102,185,186,193
102,186,185,176
102,103,186,176
102,109,40,108
102,109,103,40
102,192,185,193
102,103,94,40
102,94,103,176
102,197,192,193
102,108,197,193
102,185,192,101
102,40,94,101
102,94,176,101
102,176,185,101
102,192,197,101
102,107,40,101
102,40,107,108
102,197,107,101
102,107,197,108
350,464,349,233
350,349,244,233
350,362,361,476
350,361,464,476
350,361,362,255
350,361,349,464
350,254,361,255
350,244,254,255
350,361,254,349
350,254,244,349
98,276,180,189
98,189,105,188
199,194,195,299
199,194,299,193
199,299,198,193
199,198,108,193
199,109,102,108
199,194,102,109
199,194,109,110
199,195,194,110
199,108,102,193
199,102,194,193
403,404,285,295
403,294,404,295
403,285,293,295
403,293,294,295
403,293,402,294
403,284,293,285
403,293,284,402
403,393,284,285
403,394,393,285
403,404,394,285
403,392,284,393
403,284,392,402
403,394,518,393
403,393,518,507
403,392,393,507
403,402,392,507
156,251,263,262
156,250,251,262
156,250,262,166
156,166,262,273
156,262,263,273
156,167,166,273
156,168,157,167
156,263,157,168
156,240,250,145
156,240,251,250
156,168,167,273
156,263,168,273
156,77,157,145
156,157,77,167
252,169,157,263
252,169,263,264
252,253,169,264
252,157,156,263
252,156,251,263
252,370,251,359
252,251,370,263
252,251,347,359
252,347,242,359
252,242,253,359
252,263,370,264
252,253,264,359
252,264,370,359
441,553,554,565
441,553,430,554
441,451,553,565
441,451,565,452
441,339,451,452
441,440,553,451
441,440,430,553
441,339,328,451
441,328,440,451
441,328,430,440
49,48,123,56
49,8,48,56
49,43,50,123
49,48,43,123
49,57,8,56
49,50,125,123
49,58,125,50
49,58,57,67
49,125,58,67
49,57,58,16
525,516,628,636
525,628,637,636
525,524,516,636
525,410,516,524
871,923,929,922
871,872,929,923
871,863,923,922
871,863,872,923
871,929,928,922
871,881,872,794
871,881,929,872
871,861,863,922
871,872,862,794
871,863,862,872
871,929,881,928
871,927,861,922
871,862,861,794
871,862,863,861
871,928,927,922
871,927,928,880
871,888,794,880
871,928,888,880
871,881,794,888
871,928,881,888
871,794,861,870
871,861,927,870
871,794,870,880
871,870,927,880
497,382,394,383
497,394,509,383
497,382,383,486
497,394,382,393
497,383,498,486
497,509,498,383
497,518,394,393
497,518,509,394
497,498,608,486
497,509,608,498
497,485,382,486
497,608,485,486
497,608,509,508
497,393,381,508
497,382,381,393
497,518,393,508
497,509,518,508
497,382,485,381
497,381,485,496
497,485,608,496
497,381,496,508
497,496,608,508
725,623,631,726
725,622,631,623
725,726,818,727
725,622,623,717
725,809,717,810
725,818,809,810
725,718,726,727
725,818,718,727
725,623,718,717
725,718,623,726
725,717,718,810
725,718,818,810
716,612,717,706
716,611,612,706
716,622,717,612
716,611,622,612
716,706,717,801
716,800,706,801
716,705,611,706
716,800,705,706
716,717,809,801
716,809,800,801
716,725,809,717
716,622,725,717
502,501,613,503
502,388,397,503
502,397,501,503
502,492,388,503
502,613,492,503
502,501,397,386
502,492,613,491
502,613,490,491
502,490,613,501
502,397,387,386
502,397,388,387
502,377,492,491
502,388,492,377
502,490,501,386
502,387,388,377
502,387,376,386
502,376,490,386
502,490,376,491
502,376,377,491
502,376,387,377
158,242,147,148
158,148,70,79
158,147,70,148
158,253,242,148
158,159,148,79
158,159,253,148
158,169,159,79
158,169,253,159
158,253,252,242
158,169,252,253
158,70,78,79
158,147,146,70
158,78,169,79
158,169,78,157
158,252,169,157
158,78,146,157
158,146,78,70
128,60,147,137
128,221,53,137
128,53,60,137
128,127,60,53
128,231,221,137
128,147,231,137
128,120,127,53
128,221,120,53
128,120,221,127
128,231,326,221
128,326,230,220
128,231,230,326
128,147,230,231
88,26,89,79
88,78,26,79
88,169,78,79
88,33,89,26
88,78,33,26
88,33,78,87
88,78,157,87
88,78,169,157
88,97,33,87
88,89,33,97
88,87,157,168
88,157,169,168
88,96,87,168
88,96,97,87
88,98,89,97
170,169,159,264
170,159,169,79
170,89,98,171
170,80,159,79
170,159,80,171
170,98,180,171
170,98,276,180
170,88,98,89
170,89,80,79
170,80,89,171
170,88,89,79
170,169,88,79
277,395,286,394
277,384,395,383
277,395,394,383
277,394,276,383
277,286,276,394
277,373,384,383
277,266,373,383
277,266,276,180
277,276,286,180
211,204,315,210
211,315,325,210
211,118,204,210
211,325,118,210
211,212,315,204
211,118,119,204
211,119,212,204
211,119,118,127
211,118,220,127
211,118,325,220
211,221,212,120
211,212,119,120
211,128,326,221
211,221,120,127
211,120,119,127
211,128,221,127
211,220,128,127
211,325,326,220
211,326,128,220
265,159,253,264
265,253,371,264
265,170,159,264
265,253,159,254
265,371,253,254
265,371,276,264
265,276,170,264
265,159,170,171
265,254,159,160
265,371,254,372
265,276,371,383
265,276,266,180
265,170,276,180
265,159,171,160
265,171,266,160
265,180,266,171
265,170,180,171
265,255,254,160
265,266,255,160
265,372,254,255
265,383,371,372
265,277,276,383
265,266,277,383
265,277,266,276
265,266,373,255
265,373,372,255
265,373,383,372
265,373,266,383
260,271,261,166
260,261,249,166
260,366,261,271
260,249,261,366
260,175,271,166
260,366,270,259
260,366,271,270
260,85,175,166
260,165,85,166
260,85,165,175
260,271,175,174
260,175,165,174
260,165,164,174
260,165,154,164
260,259,270,174
260,270,271,174
260,164,259,174
260,164,154,259
144,249,250,166
144,156,250,145
144,250,156,166
144,250,143,145
144,249,143,250
144,77,156,145
144,166,156,167
144,156,77,167
144,143,76,145
144,143,249,154
144,76,77,145
144,76,155,77
144,77,155,167
144,76,143,75
144,155,76,75
144,260,249,166
144,249,260,154
144,143,154,75
144,85,166,167
144,155,85,167
144,165,260,166
144,154,260,165
144,85,165,166
144,155,165,85
144,154,165,75
144,165,155,75
248,343,344,356
248,344,249,356
248,355,343,356
248,343,238,344
248,238,249,344
248,366,355,356
248,249,366,356
248,354,343,355
248,237,238,343
248,249,238,154
248,366,259,365
248,355,366,365
248,366,260,259
248,249,260,366
248,354,355,365
248,237,343,354
248,260,154,259
248,260,249,154
248,259,247,365
248,247,354,365
248,247,237,354
133,142,143,67
133,143,238,227
133,142,238,143
133,142,57,56
133,57,142,67
133,132,142,56
133,227,238,132
133,238,142,132
133,125,49,67
133,57,49,56
133,49,57,67
133,49,123,56
133,49,125,123
133,124,227,132
133,124,125,227
133,125,124,123
133,123,122,56
133,122,132,56
133,124,122,123
133,122,124,132
580,697,685,686
580,685,675,686
580,581,697,686
580,675,581,686
580,675,685,568
580,568,685,591
580,685,697,591
580,569,675,568
580,581,675,569
580,581,569,469
580,468,568,591
580,480,468,591
580,603,480,591
580,697,603,591
580,456,480,469
580,480,592,469
580,592,581,469
580,697,581,592
580,569,456,469
580,456,569,568
580,468,456,568
580,480,456,468
580,603,592,480
580,603,697,592
308,421,428,420
308,421,317,428
308,428,315,420
308,315,307,420
308,307,315,204
308,315,212,204
667,657,656,549
667,754,656,657
667,658,754,657
667,562,657,549
667,658,657,562
667,560,561,549
667,656,560,549
667,561,562,549
667,560,678,561
667,656,754,666
667,562,561,668
667,658,562,668
667,561,678,668
667,754,658,764
667,678,560,666
667,560,656,666
667,763,678,666
667,754,763,666
667,678,764,668
667,764,658,668
667,763,764,678
667,754,764,763
834,900,842,841
834,842,833,841
834,833,842,828
834,900,901,843
834,842,900,843
834,897,828,835
834,828,842,835
834,901,835,843
834,901,897,835
834,835,842,843
894,826,821,893
894,826,932,821
894,821,932,887
894,820,821,887
894,821,820,893
894,932,931,887
894,892,820,887
894,820,892,893
894,931,886,887
894,886,892,887
827,729,826,736
827,737,729,736
827,729,737,822
827,729,822,821
827,826,729,821
827,822,895,821
827,895,826,821
827,895,822,896
827,896,822,823
827,822,737,823
134,133,143,67
134,143,133,227
134,125,133,67
134,133,125,227
134,227,125,228
134,143,76,67
134,76,135,67
134,58,125,67
134,135,58,67
134,239,227,228
134,143,227,239
134,76,143,145
134,135,76,145
134,126,125,58
134,135,126,58
134,125,126,228
134,229,239,228
134,229,135,145
134,126,229,228
134,126,135,229
134,239,229,145
134,143,239,145
153,237,247,141
153,237,248,247
153,238,248,237
153,238,142,154
153,238,237,132
153,142,238,132
153,141,247,73
153,132,237,141
153,248,238,154
153,154,142,164
153,64,141,73
153,132,141,64
153,142,132,64
153,247,248,259
153,248,154,259
153,74,64,73
153,142,64,74
153,247,152,73
153,164,142,74
153,152,247,259
153,154,164,259
153,164,152,259
153,152,74,73
153,152,164,74
209,202,201,112
209,202,208,201
209,201,208,116
209,112,201,111
209,116,112,111
209,201,116,111
209,116,117,112
209,218,117,116
209,208,218,116
209,113,202,112
209,202,113,210
209,117,118,112
209,202,210,305
209,208,202,305
209,117,218,219
209,113,118,210
209,118,113,112
209,210,118,219
209,118,117,219
209,218,313,219
209,218,208,313
209,427,210,219
209,210,427,305
209,313,208,305
209,313,427,219
209,427,313,305
59,7,11,12
59,11,69,12
59,69,60,12
59,60,7,12
59,7,60,51
59,58,135,16
59,10,11,7
59,135,58,51
59,11,10,16
59,10,58,16
59,10,7,6
59,58,10,6
59,7,51,6
59,51,58,6
68,23,17,16
68,17,11,16
68,11,17,18
68,11,59,16
68,59,11,69
68,17,3,18
68,17,23,3
68,59,135,16
68,135,59,69
68,76,23,16
68,135,76,16
68,24,69,18
68,69,11,18
68,3,24,18
68,3,23,24
68,23,76,77
68,76,135,77
68,23,77,24
68,77,146,24
68,146,69,24
68,135,146,77
68,146,135,69
21,29,28,22
21,1,29,22
21,14,1,22
21,14,74,20
21,74,14,22
21,28,83,22
21,83,28,27
21,83,74,22
21,82,27,20
21,83,27,82
21,74,82,20
21,74,83,82
297,407,290,298
297,407,296,290
297,296,289,290
297,296,191,289
297,290,291,298
297,291,198,298
297,290,198,291
297,191,197,192
297,197,198,192
297,290,289,192
297,289,191,192
297,290,192,193
297,192,198,193
297,198,290,193
5,48,49,8
5,49,48,43
5,49,43,50
5,10,58,6
5,58,50,6
5,58,49,50
5,50,44,6
5,50,43,44
411,404,403,294
411,402,410,294
411,403,402,294
517,628,516,507
517,628,525,516
517,629,628,507
517,516,402,507
517,411,525,526
517,637,628,629
517,637,525,628
517,402,403,507
517,411,403,402
517,516,410,402
517,525,410,516
517,410,411,402
517,525,411,410
517,518,526,629
517,526,637,629
517,525,637,526
517,403,518,507
517,629,507,508
517,507,518,508
517,518,629,508
241,147,158,242
241,158,252,242
241,230,147,242
241,158,147,146
241,158,146,157
241,252,158,157
241,230,242,347
241,240,230,347
241,242,252,347
241,156,252,157
241,251,240,347
241,252,251,347
241,230,240,229
241,146,147,229
241,147,230,229
241,240,156,145
241,251,156,240
241,252,156,251
241,157,146,145
241,156,157,145
241,229,240,145
241,146,229,145
136,147,128,60
136,128,220,127
136,60,128,127
136,128,230,220
136,230,128,147
136,220,230,229
136,230,147,229
136,220,51,127
136,51,60,127
136,126,220,229
136,135,126,229
136,147,146,229
136,146,135,229
136,146,147,60
136,220,126,51
136,126,135,51
136,59,60,51
136,135,59,51
136,146,60,69
136,135,146,69
136,60,59,69
136,59,135,69
179,170,98,276
179,276,189,188
179,189,98,188
179,276,98,189
179,275,276,188
179,170,88,98
179,276,275,264
179,170,276,264
179,178,275,188
179,275,178,168
179,169,170,264
179,98,105,188
179,96,88,168
179,88,96,97
179,98,88,97
179,88,169,168
179,88,170,169
179,178,96,168
179,169,264,168
179,105,187,188
179,105,96,187
179,105,98,97
179,96,105,97
179,187,178,188
179,96,178,187
179,264,263,168
179,263,275,168
179,275,263,264
519,518,395,510
519,526,518,510
519,395,518,394
519,404,395,394
519,518,403,394
519,403,404,394
519,517,518,526
519,411,517,526
519,403,411,404
519,517,403,518
519,517,411,403
316,325,211,315
316,211,325,326
316,325,315,438
316,326,325,438
316,315,428,438
316,211,212,315
316,438,428,439
316,326,438,439
316,315,308,428
316,212,308,315
316,327,326,439
316,221,326,327
316,211,326,221
316,308,317,428
316,317,308,212
316,212,211,221
316,440,327,439
316,428,440,439
316,317,327,440
316,428,317,440
316,317,213,327
316,317,212,213
316,213,221,327
316,213,212,221
9,49,57,8
9,5,49,8
9,15,57,0
9,57,15,8
9,57,49,16
9,58,5,10
9,49,5,58
9,16,10,0
9,57,16,0
9,58,10,16
9,49,58,16
