0, 1.20006e+06
0.162889, 2.5858
0.204886, 2.57551
0.246885, 2.5665
0.28889, 2.55851
0.33089, 2.55134
0.372882, 2.54486
0.414862, 2.53897
0.456849, 2.53359
0.499398, 2.52864
0.541475, 2.52408
0.583453, 2.51987
0.625459, 2.51596
0.667455, 2.51232
0.709507, 2.50894
0.751538, 2.50577
0.793581, 2.50281
0.835668, 2.50003
0.877729, 2.49742
0.91977, 2.49496
0.961805, 2.49265
1.00383, 2.49047
1.04588, 2.48841
1.08794, 2.48646
1.12999, 2.48462
1.17205, 2.48287
1.21214, 2.48122
1.25224, 2.47965
1.29232, 2.47815
1.33238, 2.47673
1.37244, 2.47538
1.41249, 2.4741
1.45783, 2.47287
1.49794, 2.4717
1.53798, 2.47059
1.57804, 2.46953
1.61812, 2.46851
1.65817, 2.46754
1.69832, 2.46661
1.73838, 2.46572
1.77848, 2.46487
1.8186, 2.46406
1.85867, 2.46328
1.89871, 2.46253
1.93875, 2.46181
1.97877, 2.46112
2.01878, 2.46046
2.05877, 2.45983
2.09876, 2.45922
2.13884, 2.45863
2.17884, 2.45807
2.21884, 2.45753
2.25883, 2.45701
2.29884, 2.45651
2.33892, 2.45602
2.379, 2.45556
2.41904, 2.45511
2.45908, 2.45468
2.49941, 2.45426
2.54148, 2.45386
2.58357, 2.45348
2.62559, 2.4531
2.6656, 2.45274
2.70558, 2.45239
2.74558, 2.45206
2.78562, 2.45173
2.82567, 2.45142
2.86568, 2.45112
2.90568, 2.45082
2.9457, 2.45054
2.98573, 2.45027
3.02575, 2.45
3.06575, 2.44975
3.10576, 2.4495
3.12905, 2.44925
3.15233, 2.44902
3.17562, 2.44879
3.1989, 2.44857
3.22218, 2.44835
3.24545, 2.44815
3.26873, 2.44794
3.29201, 2.44775
3.31531, 2.44756
3.33859, 2.44738
3.36188, 2.4472
3.38515, 2.44703
3.40842, 2.44686
3.43169, 2.4467
3.45639, 2.44654
3.47966, 2.44639
3.50294, 2.44624
3.52622, 2.4461
3.5495, 2.44596
3.57278, 2.44582
3.59607, 2.44569
3.61935, 2.44556
3.64261, 2.44543
3.66589, 2.44531
3.68918, 2.44519
3.71247, 2.44508
3.73574, 2.44497
3.75903, 2.44486
3.78231, 2.44475
3.8056, 2.44465
3.82889, 2.44455
3.85216, 2.44445
3.87543, 2.44436
3.89872, 2.44427
3.92202, 2.44418
3.94532, 2.44409
3.96859, 2.444
3.99187, 2.44392
4.01515, 2.44384
4.03842, 2.44376
4.06169, 2.44368
4.08497, 2.4436
4.10824, 2.44353
4.13151, 2.44346
4.1548, 2.44339
4.17808, 2.44332
4.20134, 2.44325
4.22463, 2.44319
4.24794, 2.44313
4.27124, 2.44306
4.29451, 2.443
4.31779, 2.44294
4.34107, 2.44289
4.36433, 2.44283
4.38761, 2.44277
4.41092, 2.44272
4.4342, 2.44267
4.45749, 2.44262
4.48077, 2.44256
4.50405, 2.44252
4.52734, 2.44247
4.55062, 2.44242
4.5739, 2.44237
4.59718, 2.44233
4.62047, 2.44228
4.64373, 2.44224
4.66701, 2.4422
4.69029, 2.44216
4.71358, 2.44212
4.73686, 2.44208
4.76014, 2.44204
4.78343, 2.442
4.80671, 2.44196
4.82999, 2.44193
4.85329, 2.44189
4.87657, 2.44186
4.89984, 2.44182
4.92312, 2.44179
4.94642, 2.44176
4.9697, 2.44172
4.99298, 2.44169
5.01627, 2.44166
5.03955, 2.44163
5.06282, 2.4416
5.08612, 2.44157
5.10941, 2.44154
5.13269, 2.44151
5.15599, 2.44149
5.17927, 2.44146
5.20256, 2.44143
5.22583, 2.44141
5.24911, 2.44138
5.27242, 2.44136
5.29572, 2.44133
5.319, 2.44131
5.34229, 2.44128
5.36557, 2.44126
5.38884, 2.44124
5.41213, 2.44122
5.43544, 2.44119
5.45871, 2.44117
5.482, 2.44115
5.50527, 2.44113
5.52854, 2.44111
5.55182, 2.44109
5.5751, 2.44107
5.59843, 2.44105
5.6217, 2.44103
5.64499, 2.44101
5.6683, 2.44099
5.69159, 2.44097
5.71491, 2.44096
5.73821, 2.44094
5.76149, 2.44092
5.78477, 2.44091
5.80805, 2.44089
5.83137, 2.44087
5.85467, 2.44086
5.87796, 2.44084
5.90129, 2.44082
5.92457, 2.44081
5.94786, 2.44079
5.97114, 2.44078
5.99442, 2.44076
6.01769, 2.44075
6.04097, 2.44074
6.06427, 2.44072
6.08755, 2.44071
6.11083, 2.4407
6.13413, 2.44068
6.1574, 2.44067
6.18067, 2.44066
6.20395, 2.44064
6.22723, 2.44063
6.25052, 2.44062
6.2738, 2.44061
6.29708, 2.44059
6.32036, 2.44058
6.34364, 2.44057
6.36692, 2.44056
6.3902, 2.44055
6.41347, 2.44054
6.43675, 2.44053
6.46003, 2.44052
6.48331, 2.44051
6.50658, 2.4405
6.52987, 2.44049
6.55316, 2.44048
6.57644, 2.44047
6.59974, 2.44046
6.62303, 2.44045
6.64734, 2.44044
6.67097, 2.44043
6.69425, 2.44042
6.71753, 2.44041
6.74081, 2.4404
6.76409, 2.44039
6.78737, 2.44038
6.81065, 2.44037
6.83394, 2.44037
6.85723, 2.44036
6.8805, 2.44035
6.90379, 2.44034
6.92709, 2.44033
6.95037, 2.44032
6.97365, 2.44032
6.99696, 2.44031
7.02025, 2.4403
7.04352, 2.44029
7.06681, 2.44029
7.09014, 2.44028
7.11344, 2.44027
7.13672, 2.44026
7.16, 2.44026
7.18328, 2.44025
7.20657, 2.44024
7.22985, 2.44024
7.25313, 2.44023
7.27642, 2.44022
7.29971, 2.44022
7.323, 2.44021
7.34632, 2.44021
7.36962, 2.4402
7.3929, 2.44019
7.41619, 2.44019
7.43946, 2.44018
7.46274, 2.44017
7.48605, 2.44017
7.50936, 2.44016
7.53265, 2.44016
7.55594, 2.44015
7.57925, 2.44015
7.60253, 2.44014
7.62581, 2.44014
7.6491, 2.44013
7.67238, 2.44012
7.69566, 2.44012
7.71894, 2.44011
7.74225, 2.44011
7.76552, 2.4401
7.7888, 2.4401
7.81208, 2.44009
7.83536, 2.44009
7.85863, 2.44008
7.88191, 2.44008
7.9052, 2.44008
7.92849, 2.44007
7.95177, 2.44007
7.97504, 2.44006
7.99833, 2.44006
8.02161, 2.44005
8.04489, 2.44005
8.06817, 2.44004
8.09147, 2.44004
8.11477, 2.44004
8.13805, 2.44003
8.16135, 2.44003
8.18464, 2.44002
8.20792, 2.44002
8.23122, 2.44001
8.25449, 2.44001
8.27777, 2.44001
8.30105, 2.44
8.32433, 2.44
8.34761, 2.44
8.37088, 2.43999
8.39416, 2.43999
8.41745, 2.43998
8.44073, 2.43998
8.46401, 2.43998
8.48731, 2.43997
8.5106, 2.43997
8.53389, 2.43997
8.55717, 2.43996
8.58046, 2.43996
8.60375, 2.43996
8.62704, 2.43995
8.65034, 2.43995
8.67363, 2.43995
8.69691, 2.43994
8.72021, 2.43994
8.74349, 2.43994
8.76677, 2.43993
8.79007, 2.43993
8.81337, 2.43993
8.83665, 2.43993
8.85994, 2.43992
8.88322, 2.43992
8.90652, 2.43992
8.9298, 2.43991
8.95309, 2.43991
8.97638, 2.43991
8.99966, 2.4399
9.02294, 2.4399
9.04622, 2.4399
9.0695, 2.4399
9.09278, 2.43989
9.11606, 2.43989
9.13936, 2.43989
9.16263, 2.43989
9.18591, 2.43988
9.20919, 2.43988
9.23248, 2.43988
9.25578, 2.43988
9.27909, 2.43987
9.30238, 2.43987
9.32566, 2.43987
9.34894, 2.43987
9.37222, 2.43986
9.39549, 2.43986
9.41879, 2.43986
9.44207, 2.43986
9.46536, 2.43985
9.48863, 2.43985
9.51194, 2.43985
9.53522, 2.43985
9.55852, 2.43984
9.58179, 2.43984
9.60507, 2.43984
9.62837, 2.43984
9.65164, 2.43984
9.67494, 2.43983
9.69824, 2.43983
9.72152, 2.43983
9.74482, 2.43983
9.76809, 2.43983
9.79138, 2.43982
9.81465, 2.43982
9.83793, 2.43982
9.86122, 2.43982
9.8845, 2.43982
9.90777, 2.43981
9.93105, 2.43981
9.95435, 2.43981
9.97767, 2.43981
10.001, 2.43981
10.0243, 2.4398
10.0476, 2.4398
10.0709, 2.4398
10.0942, 2.4398
10.1175, 2.4398
10.1408, 2.4398
10.164, 2.43979
10.1873, 2.43979
10.2106, 2.43979
10.2339, 2.43979
10.2571, 2.43979
10.2804, 2.43978
10.3037, 2.43978
10.327, 2.43978
10.3503, 2.43978
10.3736, 2.43978
10.3968, 2.43978
10.4201, 2.43978
10.4434, 2.43977
10.4667, 2.43977
10.49, 2.43977
10.5133, 2.43977
10.5366, 2.43977
10.5598, 2.43977
10.5831, 2.43976
10.6064, 2.43976
10.6297, 2.43976
10.653, 2.43976
10.6763, 2.43976
10.6996, 2.43976
10.7229, 2.43976
10.7461, 2.43975
10.7694, 2.43975
10.7927, 2.43975
10.816, 2.43975
10.8393, 2.43975
10.8625, 2.43975
10.8859, 2.43975
10.9091, 2.43974
10.9324, 2.43974
10.9557, 2.43974
10.979, 2.43974
11.0023, 2.43974
11.0256, 2.43974
11.0489, 2.43974
11.0722, 2.43973
11.0955, 2.43973
11.1188, 2.43973
11.142, 2.43973
11.1653, 2.43973
11.1886, 2.43973
11.2119, 2.43973
11.2352, 2.43973
11.2585, 2.43972
11.2818, 2.43972
11.3051, 2.43972
11.3284, 2.43972
11.3516, 2.43972
11.3749, 2.43972
11.3982, 2.43972
11.4215, 2.43972
11.4448, 2.43972
11.4681, 2.43971
11.4914, 2.43971
11.5146, 2.43971
11.5379, 2.43971
11.5613, 2.43971
11.5846, 2.43971
11.6079, 2.43971
11.6311, 2.43971
11.6544, 2.43971
11.6777, 2.4397
11.701, 2.4397
11.7243, 2.4397
11.7476, 2.4397
11.772, 2.4397
11.7955, 2.4397
11.8188, 2.4397
11.8421, 2.4397
11.8654, 2.4397
11.8887, 2.4397
