0, 2.58891
0.00857203, 2.58891
0.00994395, 2.58615
0.0107182, 2.58574
0.0113008, 2.58536
0.0118885, 2.585
0.0124699, 2.58468
0.0130539, 2.58438
0.0136307, 2.58412
0.0142092, 2.5839
0.0147848, 2.5837
0.0154463, 2.58353
0.0161695, 2.58339
0.0168374, 2.58328
0.0174101, 2.58319
0.0180382, 2.58312
0.0188449, 2.58307
0.0196795, 2.58304
0.0205109, 2.58302
0.0213543, 2.58302
0.0221792, 2.58303
0.0246743, 2.58304
0.0278177, 2.58371
0.0293295, 2.58419
0.0302123, 2.58451
0.0309976, 2.58471
0.0317685, 2.58485
0.0327702, 2.58494
0.033538, 2.585
0.0343048, 2.58504
0.0350827, 2.58506
0.0358453, 2.58508
0.0366122, 2.5851
0.0374055, 2.5851
0.0381777, 2.58511
0.038945, 2.58511
0.0397048, 2.58512
0.0404711, 2.58512
0.041248, 2.58512
0.0420174, 2.58512
0.0427762, 2.58512
0.0435406, 2.58512
0.0445251, 2.58512
0.045553, 2.58513
0.0463332, 2.58513
0.0470996, 2.58513
0.0478592, 2.58513
0.0486253, 2.58513
0.0494071, 2.58513
0.0502026, 2.58513
0.0509708, 2.58513
0.051732, 2.58513
0.0525017, 2.58513
0.0532714, 2.58513
0.0540394, 2.58513
0.0548011, 2.58513
