0, 0
0.1, 0
0.2, 0
0.3, 0
0.4, 0
0.5, 0
0.6, 0
0.7, 0
0.8, 0
0.9, 0
1, 0
0, 0.1
0.0963166, 0.0963166
0.199459, 0.100231
0.302333, 0.104812
0.401324, 0.104077
0.5, 0.102868
0.598676, 0.104077
0.697667, 0.104812
0.800541, 0.100231
0.903683, 0.0963166
1, 0.1
0, 0.2
0.100231, 0.199459
0.203236, 0.203236
0.299354, 0.199435
0.398284, 0.196462
0.5, 0.196434
0.601716, 0.196462
0.700646, 0.199435
0.796764, 0.203236
0.899769, 0.199459
1, 0.2
0, 0.3
0.104812, 0.302333
0.199435, 0.299354
0.296904, 0.296904
0.400842, 0.30179
0.5, 0.303926
0.599158, 0.30179
0.703096, 0.296904
0.800565, 0.299354
0.895188, 0.302333
1, 0.3
0, 0.4
0.104077, 0.401324
0.196462, 0.398284
0.30179, 0.400842
0.402541, 0.402541
0.5, 0.39997
0.597459, 0.402541
0.69821, 0.400842
0.803538, 0.398284
0.895923, 0.401324
1, 0.4
0, 0.5
0.102868, 0.5
0.196434, 0.5
0.303926, 0.5
0.39997, 0.5
0.5, 0.5
0.60003, 0.5
0.696074, 0.5
0.803566, 0.5
0.897132, 0.5
1, 0.5
0, 0.6
0.104077, 0.598676
0.196462, 0.601716
0.30179, 0.599158
0.402541, 0.597459
0.5, 0.60003
0.597459, 0.597459
0.69821, 0.599158
0.803538, 0.601716
0.895923, 0.598676
1, 0.6
0, 0.7
0.104812, 0.697667
0.199435, 0.700646
0.296904, 0.703096
0.400842, 0.69821
0.5, 0.696074
0.599158, 0.69821
0.703096, 0.703096
0.800565, 0.700646
0.895188, 0.697667
1, 0.7
0, 0.8
0.100231, 0.800541
0.203236, 0.796764
0.299354, 0.800565
0.398284, 0.803538
0.5, 0.803566
0.601716, 0.803538
0.700646, 0.800565
0.796764, 0.796764
0.899769, 0.800541
1, 0.8
0, 0.9
0.0963166, 0.903683
0.199459, 0.899769
0.302333, 0.895188
0.401324, 0.895923
0.5, 0.897132
0.598676, 0.895923
0.697667, 0.895188
0.800541, 0.899769
0.903683, 0.903683
1, 0.9
0, 1
0.1, 1
0.2, 1
0.3, 1
0.4, 1
0.5, 1
0.6, 1
0.7, 1
0.8, 1
0.9, 1
1, 1
0.0496364, 0.0496364
0.147523, 0.0471792
0.250251, 0.050585
0.351391, 0.0537055
0.450531, 0.0543656
0.549469, 0.0543656
0.648609, 0.0537055
0.749749, 0.050585
0.852477, 0.0471792
0.950364, 0.0496364
0.0471792, 0.147523
0.150026, 0.150026
0.252142, 0.153789
0.350224, 0.151579
0.449813, 0.148505
0.550187, 0.148505
0.649776, 0.151579
0.747858, 0.153789
0.849974, 0.150026
0.952821, 0.147523
0.050585, 0.250251
0.153789, 0.252142
0.248736, 0.248736
0.348129, 0.246837
0.449822, 0.248884
0.550178, 0.248884
0.651871, 0.246837
0.751264, 0.248736
0.846211, 0.252142
0.949415, 0.250251
0.0537055, 0.351391
0.151579, 0.350224
0.246837, 0.348129
0.351925, 0.351925
0.451163, 0.35428
0.548837, 0.35428
0.648075, 0.351925
0.753163, 0.348129
0.848421, 0.350224
0.946294, 0.351391
0.0543656, 0.450531
0.148505, 0.449813
0.248884, 0.449822
0.35428, 0.451163
0.448932, 0.448932
0.551068, 0.448932
0.64572, 0.451163
0.751116, 0.449822
0.851495, 0.449813
0.945634, 0.450531
0.0543656, 0.549469
0.148505, 0.550187
0.248884, 0.550178
0.35428, 0.548837
0.448932, 0.551068
0.551068, 0.551068
0.64572, 0.548837
0.751116, 0.550178
0.851495, 0.550187
0.945634, 0.549469
0.0537055, 0.648609
0.151579, 0.649776
0.246837, 0.651871
0.351925, 0.648075
0.451163, 0.64572
0.548837, 0.64572
0.648075, 0.648075
0.753163, 0.651871
0.848421, 0.649776
0.946294, 0.648609
0.050585, 0.749749
0.153789, 0.747858
0.248736, 0.751264
0.348129, 0.753163
0.449822, 0.751116
0.550178, 0.751116
0.651871, 0.753163
0.751264, 0.751264
0.846211, 0.747858
0.949415, 0.749749
0.0471792, 0.852477
0.150026, 0.849974
0.252142, 0.846211
0.350224, 0.848421
0.449813, 0.851495
0.550187, 0.851495
0.649776, 0.848421
0.747858, 0.846211
0.849974, 0.849974
0.952821, 0.852477
0.0496364, 0.950364
0.147523, 0.952821
0.250251, 0.949415
0.351391, 0.946294
0.450531, 0.945634
0.549469, 0.945634
0.648609, 0.946294
0.749749, 0.949415
0.852477, 0.952821
0.950364, 0.950364
