0, 121, 11
121, 12, 11
121, 1, 12
0, 1, 121
1, 122, 12
122, 13, 12
122, 2, 13
1, 2, 122
2, 123, 13
123, 14, 13
123, 3, 14
2, 3, 123
3, 124, 14
124, 15, 14
124, 4, 15
3, 4, 124
4, 125, 15
125, 16, 15
125, 5, 16
4, 5, 125
5, 126, 16
126, 17, 16
126, 6, 17
5, 6, 126
6, 127, 17
127, 18, 17
127, 7, 18
6, 7, 127
7, 128, 18
128, 19, 18
128, 8, 19
7, 8, 128
8, 129, 19
129, 20, 19
129, 9, 20
8, 9, 129
9, 130, 20
130, 21, 20
130, 10, 21
9, 10, 130
11, 131, 22
131, 23, 22
131, 12, 23
11, 12, 131
12, 132, 23
132, 24, 23
132, 13, 24
12, 13, 132
13, 133, 24
133, 25, 24
133, 14, 25
13, 14, 133
14, 134, 25
134, 26, 25
134, 15, 26
14, 15, 134
15, 135, 26
135, 27, 26
135, 16, 27
15, 16, 135
16, 136, 27
136, 28, 27
136, 17, 28
16, 17, 136
17, 137, 28
137, 29, 28
137, 18, 29
17, 18, 137
18, 138, 29
138, 30, 29
138, 19, 30
18, 19, 138
19, 139, 30
139, 31, 30
139, 20, 31
19, 20, 139
20, 140, 31
140, 32, 31
140, 21, 32
20, 21, 140
22, 141, 33
141, 34, 33
141, 23, 34
22, 23, 141
23, 142, 34
142, 35, 34
142, 24, 35
23, 24, 142
24, 143, 35
143, 36, 35
143, 25, 36
24, 25, 143
25, 144, 36
144, 37, 36
144, 26, 37
25, 26, 144
26, 145, 37
145, 38, 37
145, 27, 38
26, 27, 145
27, 146, 38
146, 39, 38
146, 28, 39
27, 28, 146
28, 147, 39
147, 40, 39
147, 29, 40
28, 29, 147
29, 148, 40
148, 41, 40
148, 30, 41
29, 30, 148
30, 149, 41
149, 42, 41
149, 31, 42
30, 31, 149
31, 150, 42
150, 43, 42
150, 32, 43
31, 32, 150
33, 151, 44
151, 45, 44
151, 34, 45
33, 34, 151
34, 152, 45
152, 46, 45
152, 35, 46
34, 35, 152
35, 153, 46
153, 47, 46
153, 36, 47
35, 36, 153
36, 154, 47
154, 48, 47
154, 37, 48
36, 37, 154
37, 155, 48
155, 49, 48
155, 38, 49
37, 38, 155
38, 156, 49
156, 50, 49
156, 39, 50
38, 39, 156
39, 157, 50
157, 51, 50
157, 40, 51
39, 40, 157
40, 158, 51
158, 52, 51
158, 41, 52
40, 41, 158
41, 159, 52
159, 53, 52
159, 42, 53
41, 42, 159
42, 160, 53
160, 54, 53
160, 43, 54
42, 43, 160
44, 161, 55
161, 56, 55
161, 45, 56
44, 45, 161
45, 162, 56
162, 57, 56
162, 46, 57
45, 46, 162
46, 163, 57
163, 58, 57
163, 47, 58
46, 47, 163
47, 164, 58
164, 59, 58
164, 48, 59
47, 48, 164
48, 165, 59
165, 60, 59
165, 49, 60
48, 49, 165
49, 166, 60
166, 61, 60
166, 50, 61
49, 50, 166
50, 167, 61
167, 62, 61
167, 51, 62
50, 51, 167
51, 168, 62
168, 63, 62
168, 52, 63
51, 52, 168
52, 169, 63
169, 64, 63
169, 53, 64
52, 53, 169
53, 170, 64
170, 65, 64
170, 54, 65
53, 54, 170
55, 171, 66
171, 67, 66
171, 56, 67
55, 56, 171
56, 172, 67
172, 68, 67
172, 57, 68
56, 57, 172
57, 173, 68
173, 69, 68
173, 58, 69
57, 58, 173
58, 174, 69
174, 70, 69
174, 59, 70
58, 59, 174
59, 175, 70
175, 71, 70
175, 60, 71
59, 60, 175
60, 176, 71
176, 72, 71
176, 61, 72
60, 61, 176
61, 177, 72
177, 73, 72
177, 62, 73
61, 62, 177
62, 178, 73
178, 74, 73
178, 63, 74
62, 63, 178
63, 179, 74
179, 75, 74
179, 64, 75
63, 64, 179
64, 180, 75
180, 76, 75
180, 65, 76
64, 65, 180
66, 181, 77
181, 78, 77
181, 67, 78
66, 67, 181
67, 182, 78
182, 79, 78
182, 68, 79
67, 68, 182
68, 183, 79
183, 80, 79
183, 69, 80
68, 69, 183
69, 184, 80
184, 81, 80
184, 70, 81
69, 70, 184
70, 185, 81
185, 82, 81
185, 71, 82
70, 71, 185
71, 186, 82
186, 83, 82
186, 72, 83
71, 72, 186
72, 187, 83
187, 84, 83
187, 73, 84
72, 73, 187
73, 188, 84
188, 85, 84
188, 74, 85
73, 74, 188
74, 189, 85
189, 86, 85
189, 75, 86
74, 75, 189
75, 190, 86
190, 87, 86
190, 76, 87
75, 76, 190
77, 191, 88
191, 89, 88
191, 78, 89
77, 78, 191
78, 192, 89
192, 90, 89
192, 79, 90
78, 79, 192
79, 193, 90
193, 91, 90
193, 80, 91
79, 80, 193
80, 194, 91
194, 92, 91
194, 81, 92
80, 81, 194
81, 195, 92
195, 93, 92
195, 82, 93
81, 82, 195
82, 196, 93
196, 94, 93
196, 83, 94
82, 83, 196
83, 197, 94
197, 95, 94
197, 84, 95
83, 84, 197
84, 198, 95
198, 96, 95
198, 85, 96
84, 85, 198
85, 199, 96
199, 97, 96
199, 86, 97
85, 86, 199
86, 200, 97
200, 98, 97
200, 87, 98
86, 87, 200
88, 201, 99
201, 100, 99
201, 89, 100
88, 89, 201
89, 202, 100
202, 101, 100
202, 90, 101
89, 90, 202
90, 203, 101
203, 102, 101
203, 91, 102
90, 91, 203
91, 204, 102
204, 103, 102
204, 92, 103
91, 92, 204
92, 205, 103
205, 104, 103
205, 93, 104
92, 93, 205
93, 206, 104
206, 105, 104
206, 94, 105
93, 94, 206
94, 207, 105
207, 106, 105
207, 95, 106
94, 95, 207
95, 208, 106
208, 107, 106
208, 96, 107
95, 96, 208
96, 209, 107
209, 108, 107
209, 97, 108
96, 97, 209
97, 210, 108
210, 109, 108
210, 98, 109
97, 98, 210
99, 211, 110
211, 111, 110
211, 100, 111
99, 100, 211
100, 212, 111
212, 112, 111
212, 101, 112
100, 101, 212
101, 213, 112
213, 113, 112
213, 102, 113
101, 102, 213
102, 214, 113
214, 114, 113
214, 103, 114
102, 103, 214
103, 215, 114
215, 115, 114
215, 104, 115
103, 104, 215
104, 216, 115
216, 116, 115
216, 105, 116
104, 105, 216
105, 217, 116
217, 117, 116
217, 106, 117
105, 106, 217
106, 218, 117
218, 118, 117
218, 107, 118
106, 107, 218
107, 219, 118
219, 119, 118
219, 108, 119
107, 108, 219
108, 220, 119
220, 120, 119
220, 109, 120
108, 109, 220
