0, 0.845406
0.0307822, 0.845406
0.0615846, 0.841967
0.0920624, 0.839099
0.12248, 0.836659
0.153429, 0.834553
0.183747, 0.832714
0.214789, 0.831097
0.246435, 0.829663
0.277573, 0.828385
0.308334, 0.827241
0.339164, 0.826211
0.37018, 0.825282
0.40088, 0.824439
0.431653, 0.823674
0.462124, 0.822977
0.492269, 0.822339
0.522387, 0.821756
0.55342, 0.821221
0.584173, 0.820729
0.614962, 0.820275
0.645578, 0.819857
0.67613, 0.819471
0.70696, 0.819114
0.737562, 0.818782
0.767781, 0.818475
0.798553, 0.818189
0.829334, 0.817923
0.859498, 0.817675
0.890133, 0.817445
0.920638, 0.817229
0.951412, 0.817027
0.98161, 0.816839
1.01252, 0.816662
1.04348, 0.816497
1.07435, 0.816342
1.10562, 0.816196
1.13636, 0.816059
1.16709, 0.81593
1.19804, 0.815809
1.2287, 0.815694
1.25917, 0.815587
1.28948, 0.815485
1.32126, 0.815389
1.35264, 0.815298
1.38288, 0.815212
1.41294, 0.815131
1.44366, 0.815054
1.47381, 0.814981
1.50387, 0.814912
1.53392, 0.814846
1.56448, 0.814784
1.59454, 0.814724
1.62542, 0.814668
1.65685, 0.814614
1.68834, 0.814563
1.71926, 0.814515
1.75082, 0.814468
1.78176, 0.814424
1.81297, 0.814382
1.84367, 0.814342
1.87458, 0.814303
1.90494, 0.814267
1.93565, 0.814231
1.96595, 0.814198
1.99603, 0.814166
2.02618, 0.814135
2.05633, 0.814105
2.08685, 0.814077
2.11697, 0.81405
2.14748, 0.814024
2.17752, 0.813999
2.20757, 0.813975
2.23817, 0.813952
2.26897, 0.81393
2.29976, 0.813908
2.33143, 0.813888
2.36217, 0.813868
2.39335, 0.813849
2.42441, 0.813831
2.45485, 0.813813
2.4851, 0.813796
2.51524, 0.81378
2.54529, 0.813764
2.57535, 0.813749
2.6055, 0.813734
2.63658, 0.81372
2.66683, 0.813706
2.69714, 0.813693
2.72755, 0.81368
2.75761, 0.813668
2.78835, 0.813656
2.81968, 0.813644
2.85119, 0.813633
2.88342, 0.813622
2.91461, 0.813612
2.94541, 0.813602
2.97624, 0.813592
3.00668, 0.813582
3.03691, 0.813573
3.06715, 0.813564
3.09756, 0.813555
3.12813, 0.813547
3.15887, 0.813539
3.18943, 0.813531
3.21947, 0.813523
3.24969, 0.813516
3.27983, 0.813509
3.31032, 0.813502
3.34044, 0.813495
3.37086, 0.813488
3.40184, 0.813482
3.43248, 0.813475
3.46325, 0.813469
3.49396, 0.813463
3.52505, 0.813457
3.55628, 0.813452
3.58688, 0.813446
3.61758, 0.813441
3.6478, 0.813436
3.67807, 0.813431
3.70831, 0.813426
3.7385, 0.813421
3.76895, 0.813416
3.79986, 0.813412
3.82992, 0.813407
3.86094, 0.813403
3.89214, 0.813399
3.92292, 0.813395
3.95363, 0.813391
3.98399, 0.813387
4.01498, 0.813383
4.04514, 0.813379
4.07527, 0.813376
4.10618, 0.813372
4.13643, 0.813369
4.16693, 0.813365
4.19748, 0.813362
4.2276, 0.813359
4.25822, 0.813356
4.28828, 0.813353
4.31878, 0.81335
4.34999, 0.813347
4.38119, 0.813344
4.41198, 0.813341
4.44264, 0.813338
4.47344, 0.813336
4.50503, 0.813333
4.54416, 0.81333
4.57977, 0.813328
4.61286, 0.813325
4.64573, 0.813323
4.67858, 0.813321
4.71138, 0.813318
4.74409, 0.813316
4.77677, 0.813314
4.80944, 0.813312
4.84212, 0.81331
4.87483, 0.813307
4.90751, 0.813305
4.9402, 0.813303
4.97309, 0.813302
5.00615, 0.8133
5.0388, 0.813298
5.07145, 0.813296
5.10385, 0.813294
5.13658, 0.813292
5.16904, 0.813291
5.20155, 0.813289
5.23373, 0.813287
5.26594, 0.813286
5.29801, 0.813284
5.33007, 0.813282
5.36201, 0.813281
5.39385, 0.813279
5.42562, 0.813278
5.45739, 0.813276
5.48915, 0.813275
5.52092, 0.813274
5.55268, 0.813272
5.58443, 0.813271
5.61619, 0.81327
5.64795, 0.813268
5.6802, 0.813267
5.71257, 0.813266
5.74449, 0.813264
5.77557, 0.813263
5.80684, 0.813262
5.83781, 0.813261
5.8687, 0.81326
5.89973, 0.813259
5.9304, 0.813257
5.96124, 0.813256
5.99181, 0.813255
6.02367, 0.813254
6.05465, 0.813253
6.08476, 0.813252
6.1148, 0.813251
6.14585, 0.81325
6.17604, 0.813249
6.2061, 0.813248
6.23647, 0.813247
6.26706, 0.813246
6.29752, 0.813245
6.32812, 0.813245
6.35992, 0.813244
6.39087, 0.813243
6.42168, 0.813242
6.45289, 0.813241
6.48411, 0.81324
6.51448, 0.813239
6.54487, 0.813239
6.57499, 0.813238
6.60616, 0.813237
6.63688, 0.813236
6.66703, 0.813236
6.69752, 0.813235
6.72846, 0.813234
6.75958, 0.813233
6.79074, 0.813233
6.82199, 0.813232
6.85267, 0.813231
6.88328, 0.813231
6.91374, 0.81323
6.9442, 0.813229
6.97468, 0.813229
7.00504, 0.813228
7.03729, 0.813227
7.06831, 0.813227
7.09888, 0.813226
7.12981, 0.813225
7.16006, 0.813225
7.19092, 0.813224
7.22166, 0.813224
7.25211, 0.813223
7.28226, 0.813223
7.31301, 0.813222
7.34341, 0.813221
7.37354, 0.813221
7.40357, 0.81322
7.43431, 0.81322
7.46483, 0.813219
7.49576, 0.813219
7.52675, 0.813218
7.55797, 0.813218
7.58864, 0.813217
7.62002, 0.813217
7.65097, 0.813216
7.68147, 0.813216
7.7118, 0.813215
7.74204, 0.813215
7.77272, 0.813214
7.80369, 0.813214
7.83378, 0.813214
7.86397, 0.813213
7.89481, 0.813213
7.92535, 0.813212
7.95664, 0.813212
7.98687, 0.813211
8.01778, 0.813211
8.04791, 0.813211
8.07843, 0.81321
8.10916, 0.81321
8.13981, 0.813209
8.171, 0.813209
8.2017, 0.813209
8.23311, 0.813208
8.26437, 0.813208
8.29538, 0.813208
8.32581, 0.813207
8.35627, 0.813207
8.38706, 0.813206
8.41756, 0.813206
8.44795, 0.813206
8.47815, 0.813205
8.50827, 0.813205
8.53913, 0.813205
8.56918, 0.813204
8.60023, 0.813204
8.63027, 0.813204
8.6604, 0.813203
8.69044, 0.813203
8.72079, 0.813203
8.75147, 0.813202
8.78212, 0.813202
8.81296, 0.813202
8.84399, 0.813202
8.8752, 0.813201
8.90577, 0.813201
8.93666, 0.813201
8.96751, 0.8132
8.99843, 0.8132
9.02895, 0.8132
9.05985, 0.813199
9.09005, 0.813199
9.12012, 0.813199
9.15017, 0.813199
9.1802, 0.813198
9.21025, 0.813198
9.24041, 0.813198
9.27099, 0.813198
9.3015, 0.813197
9.33165, 0.813197
9.36293, 0.813197
9.3936, 0.813197
9.42429, 0.813196
9.45541, 0.813196
9.48616, 0.813196
9.51769, 0.813196
9.54867, 0.813195
9.57911, 0.813195
9.60998, 0.813195
9.64118, 0.813195
9.67177, 0.813194
9.70254, 0.813194
9.7329, 0.813194
9.76359, 0.813194
9.79415, 0.813194
9.82495, 0.813193
9.85629, 0.813193
9.88761, 0.813193
9.91874, 0.813193
9.95084, 0.813193
9.98197, 0.813192
10.0123, 0.813192
10.0431, 0.813192
10.0739, 0.813192
10.1052, 0.813192
10.1358, 0.813191
10.1661, 0.813191
10.1963, 0.813191
10.2265, 0.813191
10.2569, 0.813191
10.2872, 0.81319
10.3175, 0.81319
10.3479, 0.81319
10.3785, 0.81319
10.4085, 0.81319
10.4385, 0.813189
10.4696, 0.813189
10.5014, 0.813189
10.5321, 0.813189
10.5628, 0.813189
10.594, 0.813189
10.6246, 0.813188
10.6554, 0.813188
10.686, 0.813188
10.7163, 0.813188
10.7465, 0.813188
10.7766, 0.813188
10.8075, 0.813187
10.8379, 0.813187
10.868, 0.813187
10.8993, 0.813187
10.9299, 0.813187
10.9605, 0.813187
10.991, 0.813187
11.0214, 0.813186
11.0523, 0.813186
11.0835, 0.813186
11.1144, 0.813186
11.145, 0.813186
11.176, 0.813186
11.2071, 0.813185
11.2384, 0.813185
11.2692, 0.813185
11.2997, 0.813185
11.33, 0.813185
11.3603, 0.813185
11.3904, 0.813185
11.4207, 0.813185
11.4511, 0.813184
11.4814, 0.813184
11.5123, 0.813184
11.5426, 0.813184
11.5727, 0.813184
11.603, 0.813184
11.6335, 0.813184
11.6636, 0.813183
11.6938, 0.813183
11.7244, 0.813183
11.7556, 0.813183
11.7868, 0.813183
11.8179, 0.813183
11.8486, 0.813183
11.8799, 0.813183
11.9104, 0.813183
11.9412, 0.813182
11.9716, 0.813182
12.0022, 0.813182
12.033, 0.813182
12.0636, 0.813182
12.0936, 0.813182
12.124, 0.813182
12.1542, 0.813182
12.1842, 0.813182
12.2145, 0.813181
12.2454, 0.813181
12.2762, 0.813181
12.3077, 0.813181
12.3384, 0.813181
12.3699, 0.813181
12.4005, 0.813181
12.4312, 0.813181
12.4618, 0.813181
12.4922, 0.81318
12.5225, 0.81318
12.5527, 0.81318
12.583, 0.81318
12.6131, 0.81318
12.6442, 0.81318
12.6751, 0.81318
12.706, 0.81318
12.7369, 0.81318
12.7681, 0.81318
12.7997, 0.813179
12.8302, 0.813179
12.8605, 0.813179
12.8909, 0.813179
12.922, 0.813179
12.9534, 0.813179
12.9839, 0.813179
13.0142, 0.813179
13.0451, 0.813179
13.0753, 0.813179
13.1058, 0.813179
13.1358, 0.813178
13.1662, 0.813178
13.1969, 0.813178
13.227, 0.813178
13.2572, 0.813178
13.2873, 0.813178
13.3177, 0.813178
13.3485, 0.813178
13.38, 0.813178
13.4113, 0.813178
13.4426, 0.813178
13.4738, 0.813178
13.5049, 0.813177
13.5353, 0.813177
13.5657, 0.813177
13.5959, 0.813177
13.6265, 0.813177
13.6568, 0.813177
13.6875, 0.813177
13.7182, 0.813177
13.7485, 0.813177
13.7787, 0.813177
13.8095, 0.813177
13.8403, 0.813177
13.8717, 0.813177
13.9025, 0.813176
13.9336, 0.813176
13.965, 0.813176
13.9965, 0.813176
14.0273, 0.813176
14.0585, 0.813176
14.0888, 0.813176
14.119, 0.813176
14.1492, 0.813176
14.1794, 0.813176
14.2095, 0.813176
14.24, 0.813176
14.2704, 0.813176
14.3005, 0.813176
14.3307, 0.813176
14.361, 0.813175
14.3911, 0.813175
14.4211, 0.813175
14.4516, 0.813175
14.4825, 0.813175
14.5133, 0.813175
14.5445, 0.813175
14.5762, 0.813175
14.6073, 0.813175
14.6388, 0.813175
14.6695, 0.813175
14.7004, 0.813175
14.7306, 0.813175
14.7607, 0.813175
14.7915, 0.813175
14.8219, 0.813175
14.8528, 0.813174
14.8833, 0.813174
14.9133, 0.813174
14.944, 0.813174
14.9744, 0.813174
15.0048, 0.813174
15.035, 0.813174
15.0656, 0.813174
15.096, 0.813174
15.1267, 0.813174
15.1578, 0.813174
15.1886, 0.813174
15.2193, 0.813174
15.2505, 0.813174
15.2817, 0.813174
15.3126, 0.813174
15.3434, 0.813174
15.3748, 0.813173
15.4057, 0.813173
15.4363, 0.813173
15.4667, 0.813173
15.4981, 0.813173
15.5289, 0.813173
15.5594, 0.813173
15.5908, 0.813173
15.6226, 0.813173
15.6532, 0.813173
15.6837, 0.813173
15.7151, 0.813173
15.7454, 0.813173
15.7755, 0.813173
15.8055, 0.813173
15.8355, 0.813173
15.8656, 0.813173
15.8962, 0.813173
15.9262, 0.813173
15.9564, 0.813173
15.9865, 0.813172
16.0176, 0.813172
16.0488, 0.813172
16.0801, 0.813172
16.1116, 0.813172
16.1422, 0.813172
16.1728, 0.813172
16.2033, 0.813172
16.2337, 0.813172
16.264, 0.813172
16.2945, 0.813172
16.3249, 0.813172
16.3555, 0.813172
16.3856, 0.813172
16.4161, 0.813172
16.4467, 0.813172
16.4772, 0.813172
16.5077, 0.813172
16.5378, 0.813172
16.5679, 0.813172
16.5988, 0.813172
16.6298, 0.813172
16.6605, 0.813172
16.6911, 0.813171
16.7217, 0.813171
16.7524, 0.813171
16.783, 0.813171
16.8135, 0.813171
16.8445, 0.813171
16.8754, 0.813171
16.9055, 0.813171
16.9363, 0.813171
16.9668, 0.813171
16.9973, 0.813171
17.0281, 0.813171
17.0584, 0.813171
17.0884, 0.813171
17.1184, 0.813171
17.1494, 0.813171
17.1795, 0.813171
17.2095, 0.813171
17.2401, 0.813171
17.2712, 0.813171
17.3019, 0.813171
17.3327, 0.813171
17.3634, 0.813171
17.394, 0.813171
17.4246, 0.813171
17.4554, 0.81317
17.4856, 0.81317
17.5158, 0.81317
17.5461, 0.81317
17.5766, 0.81317
17.6076, 0.81317
17.6383, 0.81317
17.6687, 0.81317
17.6993, 0.81317
17.7302, 0.81317
17.7608, 0.81317
17.7919, 0.81317
17.8222, 0.81317
17.8535, 0.81317
17.8851, 0.81317
17.9166, 0.81317
17.9475, 0.81317
17.9793, 0.81317
18.0103, 0.81317
18.0411, 0.81317
18.0722, 0.81317
18.1027, 0.81317
18.1337, 0.81317
18.1641, 0.81317
18.1946, 0.81317
18.225, 0.81317
18.2554, 0.81317
18.2863, 0.81317
18.3164, 0.81317
18.3466, 0.81317
18.3776, 0.813169
18.4077, 0.813169
18.4378, 0.813169
18.4679, 0.813169
18.4979, 0.813169
18.528, 0.813169
18.5585, 0.813169
18.5892, 0.813169
18.6204, 0.813169
18.6511, 0.813169
18.6821, 0.813169
18.7134, 0.813169
18.7444, 0.813169
18.7748, 0.813169
18.8051, 0.813169
18.8352, 0.813169
18.8658, 0.813169
18.8959, 0.813169
18.9259, 0.813169
18.9569, 0.813169
18.9871, 0.813169
19.018, 0.813169
19.0484, 0.813169
19.0791, 0.813169
19.1104, 0.813169
19.141, 0.813169
19.1725, 0.813169
19.2032, 0.813169
19.2339, 0.813169
19.2646, 0.813169
19.2957, 0.813169
19.3271, 0.813169
19.3574, 0.813169
19.3885, 0.813169
19.4195, 0.813169
19.4503, 0.813168
19.4806, 0.813168
19.5109, 0.813168
19.5414, 0.813168
19.5719, 0.813168
19.6026, 0.813168
19.6335, 0.813168
19.6644, 0.813168
19.6949, 0.813168
19.7258, 0.813168
19.7565, 0.813168
19.7872, 0.813168
19.8182, 0.813168
19.8495, 0.813168
19.8802, 0.813168
19.9107, 0.813168
19.9411, 0.813168
19.9714, 0.813168
20.0016, 0.813168
20.0317, 0.813168
20.0626, 0.813168
20.0926, 0.813168
20.1227, 0.813168
20.1527, 0.813168
20.1827, 0.813168
20.2132, 0.813168
20.2433, 0.813168
20.2735, 0.813168
20.3045, 0.813168
20.3358, 0.813168
20.3668, 0.813168
20.3975, 0.813168
20.4293, 0.813168
20.4601, 0.813168
20.4907, 0.813168
20.5211, 0.813168
20.5524, 0.813168
20.5834, 0.813168
20.614, 0.813168
20.6448, 0.813168
20.6749, 0.813168
20.7051, 0.813168
20.7369, 0.813168
20.7679, 0.813167
20.7979, 0.813167
20.8279, 0.813167
20.8586, 0.813167
20.8896, 0.813167
20.9205, 0.813167
20.9517, 0.813167
20.9824, 0.813167
21.0131, 0.813167
21.0439, 0.813167
21.0745, 0.813167
21.1052, 0.813167
21.1357, 0.813167
21.166, 0.813167
21.1963, 0.813167
21.2272, 0.813167
21.2575, 0.813167
21.288, 0.813167
21.318, 0.813167
21.3481, 0.813167
21.3787, 0.813167
21.4092, 0.813167
21.4392, 0.813167
21.4697, 0.813167
21.5004, 0.813167
21.5311, 0.813167
21.5625, 0.813167
21.5934, 0.813167
21.624, 0.813167
21.6546, 0.813167
21.6852, 0.813167
21.7156, 0.813167
21.7468, 0.813167
21.7772, 0.813167
21.8081, 0.813167
21.8388, 0.813167
21.8696, 0.813167
21.9001, 0.813167
21.9306, 0.813167
21.9615, 0.813167
21.9916, 0.813167
22.0223, 0.813167
22.053, 0.813167
22.0836, 0.813167
22.1137, 0.813167
22.1441, 0.813167
22.1742, 0.813167
22.2042, 0.813167
22.2346, 0.813167
22.2652, 0.813167
22.2952, 0.813167
22.3254, 0.813167
22.3555, 0.813166
22.3855, 0.813166
22.4156, 0.813166
22.4463, 0.813166
22.4764, 0.813166
22.5064, 0.813166
22.5365, 0.813166
22.5665, 0.813166
22.5972, 0.813166
22.6277, 0.813166
22.6583, 0.813166
22.6883, 0.813166
22.719, 0.813166
22.7494, 0.813166
22.7802, 0.813166
22.8108, 0.813166
22.8409, 0.813166
22.8716, 0.813166
22.9016, 0.813166
22.9317, 0.813166
22.9627, 0.813166
22.9929, 0.813166
23.0234, 0.813166
23.0544, 0.813166
23.0849, 0.813166
23.1149, 0.813166
23.1449, 0.813166
23.175, 0.813166
23.2051, 0.813166
23.2352, 0.813166
23.266, 0.813166
23.2967, 0.813166
23.3268, 0.813166
23.357, 0.813166
23.3889, 0.813166
23.4205, 0.813166
23.451, 0.813166
23.4814, 0.813166
23.5114, 0.813166
23.5415, 0.813166
23.5715, 0.813166
23.6016, 0.813166
23.6317, 0.813166
23.6621, 0.813166
23.6926, 0.813166
23.723, 0.813166
23.7536, 0.813166
23.7836, 0.813166
23.8137, 0.813166
23.8444, 0.813166
23.8745, 0.813166
23.9045, 0.813166
23.9346, 0.813166
23.9649, 0.813166
23.9954, 0.813166
24.0254, 0.813166
24.0556, 0.813166
24.0857, 0.813166
24.1157, 0.813166
24.1458, 0.813166
24.1759, 0.813166
24.2064, 0.813166
24.2372, 0.813166
24.2675, 0.813166
24.298, 0.813166
24.3284, 0.813166
24.3586, 0.813166
24.3887, 0.813165
24.4188, 0.813165
24.4489, 0.813165
24.4793, 0.813165
24.5098, 0.813165
24.5399, 0.813165
24.5704, 0.813165
24.6004, 0.813165
24.6311, 0.813165
24.6614, 0.813165
24.6917, 0.813165
24.7217, 0.813165
24.7519, 0.813165
24.7819, 0.813165
24.813, 0.813165
24.8435, 0.813165
24.8737, 0.813165
24.9037, 0.813165
24.9348, 0.813165
24.9653, 0.813165
24.9953, 0.813165
25.0254, 0.813165
25.0556, 0.813165
25.0856, 0.813165
25.1157, 0.813165
25.1457, 0.813165
25.1758, 0.813165
25.2058, 0.813165
25.2365, 0.813165
25.2672, 0.813165
25.2973, 0.813165
25.3278, 0.813165
25.358, 0.813165
25.3883, 0.813165
25.4186, 0.813165
25.4493, 0.813165
25.4795, 0.813165
25.5099, 0.813165
25.54, 0.813165
25.57, 0.813165
25.6001, 0.813165
25.6301, 0.813165
25.6603, 0.813165
25.691, 0.813165
25.7212, 0.813165
25.752, 0.813165
25.7824, 0.813165
25.8136, 0.813165
25.8442, 0.813165
25.8748, 0.813165
25.9057, 0.813165
25.9362, 0.813165
25.9668, 0.813165
25.9971, 0.813165
26.0271, 0.813165
26.0579, 0.813165
26.0888, 0.813165
26.1198, 0.813165
26.1498, 0.813165
26.1799, 0.813165
26.2099, 0.813165
26.2407, 0.813165
26.2709, 0.813165
26.3013, 0.813165
26.3314, 0.813165
26.362, 0.813165
26.3926, 0.813165
26.4226, 0.813165
26.4531, 0.813165
26.4832, 0.813165
26.5132, 0.813165
26.5433, 0.813165
26.5733, 0.813165
26.6036, 0.813165
26.6339, 0.813165
26.6651, 0.813165
26.6978, 0.813165
26.7299, 0.813165
26.7617, 0.813165
26.7935, 0.813165
26.8252, 0.813165
26.857, 0.813165
26.8888, 0.813165
26.9208, 0.813165
26.9529, 0.813165
26.9849, 0.813165
27.0167, 0.813165
27.0484, 0.813165
27.0807, 0.813165
27.1127, 0.813164
27.1447, 0.813164
27.1768, 0.813164
27.2095, 0.813164
27.2417, 0.813164
27.2739, 0.813164
27.306, 0.813164
27.3381, 0.813164
27.3702, 0.813164
27.4021, 0.813164
27.4341, 0.813164
27.4662, 0.813164
27.4981, 0.813164
27.5304, 0.813164
27.5628, 0.813164
27.5946, 0.813164
27.6264, 0.813164
27.6584, 0.813164
27.6907, 0.813164
27.7225, 0.813164
27.7547, 0.813164
27.7872, 0.813164
27.8197, 0.813164
27.8514, 0.813164
27.8834, 0.813164
27.9157, 0.813164
27.9479, 0.813164
27.9798, 0.813164
28.0119, 0.813164
28.0438, 0.813164
28.076, 0.813164
28.1081, 0.813164
28.14, 0.813164
28.1723, 0.813164
28.2041, 0.813164
28.2361, 0.813164
28.2682, 0.813164
28.3002, 0.813164
28.332, 0.813164
28.3638, 0.813164
28.396, 0.813164
28.4281, 0.813164
28.4604, 0.813164
28.4921, 0.813164
28.5243, 0.813164
28.5564, 0.813164
28.5886, 0.813164
28.6207, 0.813164
28.6526, 0.813164
28.685, 0.813164
28.7169, 0.813164
28.7488, 0.813164
28.7807, 0.813164
28.8129, 0.813164
28.8447, 0.813164
28.877, 0.813164
28.9089, 0.813164
28.9407, 0.813164
28.9727, 0.813164
29.0046, 0.813164
29.0365, 0.813164
29.0684, 0.813164
29.1002, 0.813164
29.132, 0.813164
29.1639, 0.813164
29.1958, 0.813164
29.2277, 0.813164
29.2596, 0.813164
29.2913, 0.813164
29.3232, 0.813164
29.3551, 0.813164
29.3873, 0.813164
29.419, 0.813164
29.4514, 0.813164
29.4837, 0.813164
29.516, 0.813164
29.5478, 0.813164
29.5795, 0.813164
29.6115, 0.813164
29.644, 0.813164
29.676, 0.813164
29.7078, 0.813164
29.7396, 0.813164
29.7714, 0.813164
29.8033, 0.813164
29.8352, 0.813164
29.8672, 0.813164
29.8989, 0.813164
29.9308, 0.813164
29.9628, 0.813164
29.9946, 0.813164
30.0264, 0.813164
30.0582, 0.813164
30.0901, 0.813164
30.1219, 0.813164
30.1537, 0.813164
30.1856, 0.813164
30.2175, 0.813164
30.2493, 0.813164
30.2811, 0.813164
30.3128, 0.813164
30.3445, 0.813164
30.3767, 0.813164
30.4091, 0.813164
30.4415, 0.813164
30.4739, 0.813164
30.5061, 0.813164
30.5383, 0.813164
30.5704, 0.813164
30.6023, 0.813164
30.6341, 0.813164
30.6658, 0.813164
30.6976, 0.813164
30.7297, 0.813164
30.762, 0.813164
30.7944, 0.813164
30.8268, 0.813164
30.8592, 0.813164
