0, 0.845406
0.833421, 0.842232
1.02342, 0.83952
1.20948, 0.837173
1.38946, 0.83512
1.58141, 0.83331
1.76168, 0.831705
1.95165, 0.830271
2.13205, 0.828986
2.31759, 0.827829
2.49898, 0.826783
2.68329, 0.825835
2.87218, 0.824973
3.05193, 0.824186
3.23943, 0.823468
3.41956, 0.822809
3.60022, 0.822205
3.77101, 0.821649
3.95559, 0.821137
4.12827, 0.820665
4.29968, 0.820228
4.47495, 0.819824
4.64687, 0.819449
4.82608, 0.819102
4.99723, 0.818778
5.1734, 0.818478
5.34505, 0.818198
5.51707, 0.817937
5.6924, 0.817693
5.86252, 0.817465
6.04147, 0.817252
6.22184, 0.817053
6.39742, 0.816866
6.56919, 0.81669
6.74121, 0.816526
6.91715, 0.816371
7.08707, 0.816226
7.26657, 0.816089
7.43765, 0.81596
7.61432, 0.815839
7.78556, 0.815724
7.95609, 0.815616
8.13165, 0.815514
8.30116, 0.815417
8.48126, 0.815326
8.65149, 0.815239
8.82688, 0.815157
8.99863, 0.81508
9.11047, 0.815006
9.22404, 0.814936
9.33633, 0.81487
9.4471, 0.814807
9.56282, 0.814747
9.683, 0.81469
9.79612, 0.814636
9.90752, 0.814584
10.0206, 0.814535
10.1309, 0.814488
10.2421, 0.814443
10.3542, 0.8144
10.4654, 0.814359
10.5771, 0.81432
10.689, 0.814283
10.8003, 0.814247
10.912, 0.814213
11.0244, 0.81418
11.1356, 0.814149
11.2463, 0.814119
11.3589, 0.81409
11.472, 0.814063
11.5845, 0.814036
11.6963, 0.814011
11.8086, 0.813987
11.9204, 0.813963
12.0316, 0.813941
12.1428, 0.813919
12.2546, 0.813898
12.3663, 0.813878
12.4776, 0.813859
12.5884, 0.81384
12.7002, 0.813822
12.812, 0.813805
12.9234, 0.813788
13.035, 0.813772
13.1474, 0.813757
13.2593, 0.813742
13.3726, 0.813728
13.4841, 0.813714
13.5945, 0.8137
13.7063, 0.813687
13.8175, 0.813675
13.9284, 0.813663
14.0426, 0.813651
14.1587, 0.813639
14.275, 0.813628
14.3913, 0.813618
14.5076, 0.813607
14.6243, 0.813598
14.7406, 0.813588
14.8569, 0.813578
14.973, 0.813569
15.0895, 0.813561
15.2058, 0.813552
15.3222, 0.813544
15.4471, 0.813536
15.5608, 0.813528
15.6714, 0.81352
15.7833, 0.813513
15.8951, 0.813506
16.0068, 0.813499
16.1181, 0.813492
16.2295, 0.813486
16.3414, 0.813479
16.454, 0.813473
16.5655, 0.813467
16.6775, 0.813461
16.7896, 0.813455
16.906, 0.81345
17.0224, 0.813444
17.138, 0.813439
17.2496, 0.813434
17.3611, 0.813429
17.4723, 0.813424
17.5839, 0.813419
17.6949, 0.813415
17.8069, 0.81341
17.9189, 0.813406
18.0304, 0.813402
18.1417, 0.813397
18.2527, 0.813393
18.364, 0.813389
18.4747, 0.813386
18.5854, 0.813382
18.6966, 0.813378
18.808, 0.813374
18.919, 0.813371
19.0296, 0.813368
19.1411, 0.813364
19.2526, 0.813361
19.3645, 0.813358
19.4768, 0.813355
19.5879, 0.813352
19.7, 0.813349
19.8121, 0.813346
19.9229, 0.813343
20.0344, 0.81334
20.1465, 0.813337
20.2586, 0.813335
20.3692, 0.813332
20.4802, 0.81333
20.5909, 0.813327
20.704, 0.813325
20.82, 0.813322
20.9359, 0.81332
21.0519, 0.813318
21.1677, 0.813315
21.2829, 0.813313
21.3966, 0.813311
21.5094, 0.813309
21.622, 0.813307
21.7337, 0.813305
21.8459, 0.813303
21.9569, 0.813301
22.0679, 0.813299
22.1789, 0.813297
22.2911, 0.813295
22.4035, 0.813294
22.5149, 0.813292
22.6255, 0.81329
22.7365, 0.813288
22.8492, 0.813287
22.9595, 0.813285
23.07, 0.813283
23.1806, 0.813282
23.2913, 0.81328
23.4039, 0.813279
23.5165, 0.813277
23.6278, 0.813276
23.7402, 0.813275
23.8505, 0.813273
23.9619, 0.813272
24.0735, 0.81327
24.185, 0.813269
24.2961, 0.813268
24.4077, 0.813267
24.5187, 0.813265
24.6342, 0.813264
24.7505, 0.813263
24.8623, 0.813262
24.9727, 0.81326
25.0842, 0.813259
25.195, 0.813258
25.3091, 0.813257
25.4259, 0.813256
25.5425, 0.813255
25.6593, 0.813254
25.7759, 0.813253
25.8936, 0.813252
26.0096, 0.813251
26.1263, 0.81325
26.2436, 0.813249
26.3607, 0.813248
26.4776, 0.813247
26.5953, 0.813246
26.7123, 0.813245
26.8286, 0.813244
26.9446, 0.813243
27.0605, 0.813243
27.1764, 0.813242
27.2922, 0.813241
27.41, 0.81324
27.5292, 0.813239
27.6461, 0.813238
27.7623, 0.813238
27.8783, 0.813237
27.9965, 0.813236
28.1136, 0.813235
28.2254, 0.813235
28.3361, 0.813234
28.4494, 0.813233
28.5634, 0.813232
28.6747, 0.813232
28.7856, 0.813231
28.8982, 0.81323
29.0093, 0.81323
29.1237, 0.813229
29.2366, 0.813228
29.3481, 0.813228
29.4582, 0.813227
29.5693, 0.813226
29.6834, 0.813226
29.7443, 0.813225
29.8055, 0.813225
29.8656, 0.813224
29.9265, 0.813223
29.9868, 0.813223
30.0467, 0.813222
30.1071, 0.813222
30.1682, 0.813221
30.2297, 0.813221
30.2915, 0.81322
30.3533, 0.81322
30.4134, 0.813219
30.4738, 0.813219
30.5343, 0.813218
30.5952, 0.813218
30.6569, 0.813217
30.7178, 0.813217
30.778, 0.813216
30.8383, 0.813216
30.8985, 0.813215
30.9595, 0.813215
31.0201, 0.813214
31.0801, 0.813214
31.1406, 0.813213
31.201, 0.813213
31.2623, 0.813212
31.3239, 0.813212
31.3859, 0.813212
31.4472, 0.813211
31.5077, 0.813211
31.5691, 0.81321
31.6294, 0.81321
31.6912, 0.81321
31.7526, 0.813209
31.8151, 0.813209
31.8757, 0.813208
31.9366, 0.813208
31.9966, 0.813208
32.0565, 0.813207
32.1168, 0.813207
32.1767, 0.813207
32.2373, 0.813206
32.2988, 0.813206
32.3601, 0.813205
32.4207, 0.813205
32.4815, 0.813205
32.5416, 0.813204
32.6014, 0.813204
32.6617, 0.813204
32.7233, 0.813203
32.7853, 0.813203
32.8472, 0.813203
32.9085, 0.813203
32.9698, 0.813202
33.0309, 0.813202
33.092, 0.813202
33.1531, 0.813201
33.2142, 0.813201
33.2752, 0.813201
33.3358, 0.8132
33.3969, 0.8132
33.4579, 0.8132
33.5188, 0.8132
33.5808, 0.813199
33.6409, 0.813199
33.7018, 0.813199
33.7619, 0.813198
33.8235, 0.813198
33.8847, 0.813198
33.9468, 0.813198
34.0079, 0.813197
34.0697, 0.813197
34.1307, 0.813197
34.1905, 0.813197
34.2503, 0.813196
34.311, 0.813196
34.3725, 0.813196
34.4341, 0.813196
34.4962, 0.813195
34.5568, 0.813195
34.6177, 0.813195
34.678, 0.813195
34.7379, 0.813195
34.7983, 0.813194
34.8601, 0.813194
34.9212, 0.813194
34.9829, 0.813194
35.0431, 0.813193
35.1035, 0.813193
35.1639, 0.813193
35.2255, 0.813193
35.2864, 0.813193
35.3472, 0.813192
35.4074, 0.813192
35.4692, 0.813192
35.5305, 0.813192
35.592, 0.813192
35.6522, 0.813191
35.7127, 0.813191
35.7742, 0.813191
35.8341, 0.813191
35.896, 0.813191
35.9582, 0.81319
36.0194, 0.81319
36.0803, 0.81319
36.1404, 0.81319
36.2014, 0.81319
36.263, 0.813189
36.3248, 0.813189
36.3846, 0.813189
36.4466, 0.813189
36.5077, 0.813189
36.5701, 0.813189
36.6323, 0.813188
36.6927, 0.813188
36.7535, 0.813188
36.8141, 0.813188
36.8742, 0.813188
36.9358, 0.813188
36.9969, 0.813187
37.0582, 0.813187
37.1188, 0.813187
37.1794, 0.813187
37.2401, 0.813187
37.3011, 0.813187
37.3627, 0.813187
37.4227, 0.813186
37.4836, 0.813186
37.5446, 0.813186
37.6067, 0.813186
37.6678, 0.813186
37.7287, 0.813186
37.7891, 0.813186
37.8502, 0.813185
37.9101, 0.813185
37.9715, 0.813185
38.0329, 0.813185
38.0942, 0.813185
38.1562, 0.813185
38.2169, 0.813185
38.2777, 0.813184
38.3388, 0.813184
38.3988, 0.813184
38.4602, 0.813184
38.5218, 0.813184
38.5834, 0.813184
38.6448, 0.813184
38.7065, 0.813183
38.7677, 0.813183
38.8285, 0.813183
38.8907, 0.813183
38.9539, 0.813183
39.0179, 0.813183
39.0816, 0.813183
39.1427, 0.813183
39.2035, 0.813183
39.264, 0.813182
39.3243, 0.813182
39.3871, 0.813182
39.4491, 0.813182
39.5098, 0.813182
39.5703, 0.813182
39.6304, 0.813182
39.6919, 0.813182
39.7534, 0.813181
39.8136, 0.813181
39.8746, 0.813181
39.9346, 0.813181
39.995, 0.813181
40.0565, 0.813181
40.1184, 0.813181
40.1795, 0.813181
40.2409, 0.813181
40.302, 0.813181
40.3626, 0.81318
40.4233, 0.81318
40.4837, 0.81318
40.5438, 0.81318
40.6051, 0.81318
40.6668, 0.81318
40.7285, 0.81318
40.7895, 0.81318
40.8506, 0.81318
40.9115, 0.81318
40.9721, 0.813179
41.032, 0.813179
41.0937, 0.813179
41.1553, 0.813179
41.2168, 0.813179
41.2776, 0.813179
41.3384, 0.813179
41.399, 0.813179
41.4596, 0.813179
41.5224, 0.813179
41.5833, 0.813179
41.6442, 0.813178
41.7046, 0.813178
41.7656, 0.813178
41.8277, 0.813178
41.8879, 0.813178
41.9483, 0.813178
42.0095, 0.813178
42.0698, 0.813178
42.1301, 0.813178
42.1912, 0.813178
42.2522, 0.813178
42.313, 0.813178
42.3736, 0.813177
42.4337, 0.813177
42.4936, 0.813177
42.5536, 0.813177
42.6144, 0.813177
42.6752, 0.813177
42.7361, 0.813177
42.7976, 0.813177
42.8587, 0.813177
42.9195, 0.813177
42.9803, 0.813177
43.0407, 0.813177
43.1019, 0.813177
43.1619, 0.813176
43.2228, 0.813176
43.2841, 0.813176
43.3461, 0.813176
43.4081, 0.813176
43.4694, 0.813176
43.5305, 0.813176
43.5911, 0.813176
43.6525, 0.813176
43.7145, 0.813176
43.7755, 0.813176
43.8355, 0.813176
43.8962, 0.813176
43.9578, 0.813176
44.0184, 0.813176
44.079, 0.813175
44.1389, 0.813175
44.1997, 0.813175
44.2602, 0.813175
44.3213, 0.813175
44.3833, 0.813175
44.4444, 0.813175
44.506, 0.813175
44.567, 0.813175
44.6275, 0.813175
44.6883, 0.813175
44.7491, 0.813175
44.8095, 0.813175
44.8701, 0.813175
44.9312, 0.813175
44.9923, 0.813174
45.0537, 0.813174
45.1151, 0.813174
45.1758, 0.813174
45.2362, 0.813174
45.2968, 0.813174
45.3568, 0.813174
45.4188, 0.813174
45.4801, 0.813174
45.5418, 0.813174
45.6031, 0.813174
45.6639, 0.813174
45.7238, 0.813174
45.7836, 0.813174
45.8446, 0.813174
45.9068, 0.813174
45.9677, 0.813174
46.0292, 0.813174
46.0902, 0.813173
46.1525, 0.813173
46.213, 0.813173
46.2741, 0.813173
46.3339, 0.813173
46.3937, 0.813173
46.4549, 0.813173
46.5167, 0.813173
46.579, 0.813173
46.6405, 0.813173
46.701, 0.813173
46.7613, 0.813173
46.8214, 0.813173
46.8817, 0.813173
46.9422, 0.813173
47.0024, 0.813173
47.0637, 0.813173
47.1249, 0.813173
47.1875, 0.813173
47.2489, 0.813173
47.3095, 0.813172
47.3697, 0.813172
47.4303, 0.813172
47.4905, 0.813172
47.551, 0.813172
47.6122, 0.813172
47.6735, 0.813172
47.7356, 0.813172
47.7976, 0.813172
47.859, 0.813172
47.92, 0.813172
47.9811, 0.813172
48.0437, 0.813172
48.1043, 0.813172
48.1646, 0.813172
48.225, 0.813172
48.2864, 0.813172
48.3473, 0.813172
48.4077, 0.813172
48.4686, 0.813172
48.5285, 0.813172
48.5884, 0.813172
48.6508, 0.813171
48.7121, 0.813171
48.7731, 0.813171
48.8337, 0.813171
48.8948, 0.813171
48.9555, 0.813171
49.0154, 0.813171
49.0758, 0.813171
49.1357, 0.813171
49.1965, 0.813171
49.2576, 0.813171
49.3187, 0.813171
49.3802, 0.813171
49.4408, 0.813171
49.5012, 0.813171
49.562, 0.813171
49.6223, 0.813171
49.6833, 0.813171
49.7446, 0.813171
49.8072, 0.813171
49.869, 0.813171
49.9297, 0.813171
49.9901, 0.813171
50.0501, 0.813171
50.11, 0.813171
50.1711, 0.813171
50.232, 0.81317
50.2926, 0.81317
50.3536, 0.81317
50.4153, 0.81317
50.4758, 0.81317
50.5363, 0.81317
50.5967, 0.81317
50.6574, 0.81317
50.7176, 0.81317
50.7792, 0.81317
50.8403, 0.81317
50.9019, 0.81317
50.963, 0.81317
51.0247, 0.81317
51.0856, 0.81317
51.1455, 0.81317
51.2062, 0.81317
51.2665, 0.81317
51.3284, 0.81317
51.3904, 0.81317
51.4519, 0.81317
51.5131, 0.81317
51.5748, 0.81317
51.6357, 0.81317
51.6963, 0.81317
51.7566, 0.81317
51.8172, 0.81317
51.8784, 0.81317
51.9406, 0.81317
52.0021, 0.81317
52.063, 0.813169
52.1233, 0.813169
52.1831, 0.813169
52.2446, 0.813169
52.306, 0.813169
52.3684, 0.813169
52.43, 0.813169
52.4914, 0.813169
52.5534, 0.813169
52.6145, 0.813169
52.6755, 0.813169
52.7358, 0.813169
52.796, 0.813169
52.8576, 0.813169
52.9188, 0.813169
52.9798, 0.813169
53.0411, 0.813169
53.1016, 0.813169
53.1617, 0.813169
53.2217, 0.813169
53.2821, 0.813169
53.3432, 0.813169
53.4048, 0.813169
53.4665, 0.813169
53.5286, 0.813169
53.5905, 0.813169
53.6512, 0.813169
53.7121, 0.813169
53.7728, 0.813169
53.8331, 0.813169
53.893, 0.813169
53.9535, 0.813169
54.0154, 0.813169
54.0778, 0.813169
54.1389, 0.813169
54.1994, 0.813168
54.2612, 0.813168
54.321, 0.813168
54.3809, 0.813168
54.4423, 0.813168
54.5032, 0.813168
54.5641, 0.813168
54.6255, 0.813168
54.6857, 0.813168
54.7458, 0.813168
54.8059, 0.813168
54.8663, 0.813168
54.9275, 0.813168
54.9884, 0.813168
55.0496, 0.813168
55.1105, 0.813168
55.1711, 0.813168
55.2324, 0.813168
55.2926, 0.813168
55.3533, 0.813168
55.4136, 0.813168
55.4738, 0.813168
55.5353, 0.813168
55.597, 0.813168
55.6586, 0.813168
55.7192, 0.813168
55.7797, 0.813168
55.8402, 0.813168
55.9008, 0.813168
55.9615, 0.813168
56.0219, 0.813168
56.0833, 0.813168
56.1443, 0.813168
56.2062, 0.813168
56.2674, 0.813168
56.3277, 0.813168
56.3887, 0.813168
56.4491, 0.813168
56.5104, 0.813168
56.572, 0.813168
56.6339, 0.813168
56.6949, 0.813168
56.755, 0.813167
56.8153, 0.813167
56.8756, 0.813167
56.9356, 0.813167
56.9969, 0.813167
57.0586, 0.813167
57.1203, 0.813167
57.1809, 0.813167
57.2418, 0.813167
57.3028, 0.813167
57.3636, 0.813167
57.4238, 0.813167
57.4847, 0.813167
57.5455, 0.813167
57.6069, 0.813167
57.6683, 0.813167
57.7292, 0.813167
57.7902, 0.813167
57.8505, 0.813167
57.9105, 0.813167
57.9704, 0.813167
58.0312, 0.813167
58.0932, 0.813167
58.1544, 0.813167
58.2155, 0.813167
58.2762, 0.813167
58.3385, 0.813167
58.4, 0.813167
58.4634, 0.813167
58.5267, 0.813167
58.5903, 0.813167
58.655, 0.813167
58.7187, 0.813167
58.7822, 0.813167
58.8454, 0.813167
58.9088, 0.813167
58.9727, 0.813167
59.0365, 0.813167
59.1009, 0.813167
59.1654, 0.813167
59.2294, 0.813167
59.2932, 0.813167
59.3567, 0.813167
59.4201, 0.813167
59.4834, 0.813167
59.5466, 0.813167
59.6098, 0.813167
59.674, 0.813167
59.7386, 0.813167
59.8029, 0.813167
59.8668, 0.813167
59.9303, 0.813167
59.9935, 0.813166
60.0567, 0.813166
60.1199, 0.813166
60.1869, 0.813166
60.2595, 0.813166
60.3244, 0.813166
60.3888, 0.813166
60.4528, 0.813166
60.5167, 0.813166
60.5781, 0.813166
60.6392, 0.813166
60.6996, 0.813166
60.7612, 0.813166
60.8228, 0.813166
60.884, 0.813166
60.9443, 0.813166
61.0049, 0.813166
61.0646, 0.813166
61.1246, 0.813166
61.1858, 0.813166
61.2479, 0.813166
61.3099, 0.813166
61.3749, 0.813166
61.4397, 0.813166
61.5036, 0.813166
61.5673, 0.813166
61.6311, 0.813166
61.695, 0.813166
61.7583, 0.813166
61.8227, 0.813166
61.8872, 0.813166
61.9515, 0.813166
62.0152, 0.813166
62.0786, 0.813166
62.1419, 0.813166
62.2051, 0.813166
62.2682, 0.813166
62.3314, 0.813166
62.3956, 0.813166
62.46, 0.813166
62.5243, 0.813166
62.5882, 0.813166
62.6525, 0.813166
62.7163, 0.813166
62.7798, 0.813166
62.8418, 0.813166
62.9041, 0.813166
62.9669, 0.813166
63.0276, 0.813166
63.0878, 0.813166
63.1477, 0.813166
63.2084, 0.813166
63.2704, 0.813166
63.3329, 0.813166
63.3944, 0.813166
63.4557, 0.813166
63.5169, 0.813166
63.579, 0.813166
63.64, 0.813166
63.7006, 0.813166
63.7609, 0.813166
63.8214, 0.813166
63.8824, 0.813166
63.9442, 0.813166
64.0056, 0.813166
64.067, 0.813166
64.1278, 0.813166
64.1878, 0.813165
64.2484, 0.813165
64.3087, 0.813165
64.3697, 0.813165
64.4307, 0.813165
64.4922, 0.813165
64.5535, 0.813165
64.6144, 0.813165
64.6761, 0.813165
64.7374, 0.813165
64.7975, 0.813165
64.8581, 0.813165
64.9196, 0.813165
64.9808, 0.813165
65.0421, 0.813165
65.1019, 0.813165
65.1625, 0.813165
65.2237, 0.813165
65.2853, 0.813165
65.347, 0.813165
65.4084, 0.813165
65.4694, 0.813165
65.5297, 0.813165
65.5912, 0.813165
65.6525, 0.813165
65.713, 0.813165
65.7736, 0.813165
65.8337, 0.813165
65.8948, 0.813165
65.9563, 0.813165
66.0178, 0.813165
66.079, 0.813165
66.1402, 0.813165
66.2016, 0.813165
66.262, 0.813165
66.3221, 0.813165
66.382, 0.813165
66.4425, 0.813165
66.5042, 0.813165
66.5666, 0.813165
66.6283, 0.813165
66.6894, 0.813165
66.7517, 0.813165
66.8124, 0.813165
66.8726, 0.813165
66.9333, 0.813165
66.993, 0.813165
67.0529, 0.813165
67.1137, 0.813165
67.1753, 0.813165
67.2367, 0.813165
67.2981, 0.813165
67.3593, 0.813165
67.4202, 0.813165
67.4814, 0.813165
67.5421, 0.813165
67.6025, 0.813165
67.6631, 0.813165
67.7254, 0.813165
67.7866, 0.813165
67.8481, 0.813165
67.9098, 0.813165
67.971, 0.813165
68.0319, 0.813165
68.0918, 0.813165
68.1524, 0.813165
68.2125, 0.813165
68.2729, 0.813165
68.3345, 0.813165
68.3962, 0.813165
68.4584, 0.813165
68.5195, 0.813165
68.5807, 0.813165
68.6423, 0.813165
68.7033, 0.813165
68.7635, 0.813165
68.8239, 0.813165
68.8848, 0.813165
68.9464, 0.813165
69.0075, 0.813165
69.0696, 0.813165
69.1314, 0.813165
69.1928, 0.813165
69.253, 0.813165
69.3135, 0.813165
69.3746, 0.813165
69.4344, 0.813165
69.4953, 0.813165
69.5571, 0.813165
69.6188, 0.813165
69.6809, 0.813164
69.742, 0.813164
69.8023, 0.813164
69.8625, 0.813164
69.9233, 0.813164
69.9831, 0.813164
70.0433, 0.813164
70.1044, 0.813164
70.1662, 0.813164
70.2282, 0.813164
70.2898, 0.813164
70.3513, 0.813164
70.4122, 0.813164
70.4725, 0.813164
70.5339, 0.813164
70.5939, 0.813164
70.6552, 0.813164
70.7191, 0.813164
70.7837, 0.813164
70.8477, 0.813164
70.9114, 0.813164
70.975, 0.813164
71.0383, 0.813164
71.1014, 0.813164
71.1646, 0.813164
71.2281, 0.813164
71.2925, 0.813164
71.357, 0.813164
71.4213, 0.813164
71.4853, 0.813164
71.5488, 0.813164
71.6095, 0.813164
71.67, 0.813164
71.7304, 0.813164
71.7923, 0.813164
71.8533, 0.813164
71.9145, 0.813164
71.9757, 0.813164
72.0366, 0.813164
72.0975, 0.813164
72.1591, 0.813164
72.2194, 0.813164
72.2806, 0.813164
72.3409, 0.813164
72.4016, 0.813164
72.4627, 0.813164
72.5243, 0.813164
72.5867, 0.813164
72.6507, 0.813164
72.7143, 0.813164
72.7776, 0.813164
72.8409, 0.813164
72.904, 0.813164
72.9673, 0.813164
73.0317, 0.813164
73.0962, 0.813164
73.1604, 0.813164
73.221, 0.813164
73.2825, 0.813164
73.3431, 0.813164
73.404, 0.813164
73.4645, 0.813164
73.5269, 0.813164
73.589, 0.813164
73.6512, 0.813164
73.7127, 0.813164
73.7731, 0.813164
73.8335, 0.813164
73.8934, 0.813164
73.9537, 0.813164
74.0163, 0.813164
74.0826, 0.813164
74.1489, 0.813164
74.2138, 0.813164
74.2779, 0.813164
74.3415, 0.813164
74.4056, 0.813164
74.4689, 0.813164
74.5321, 0.813164
74.5957, 0.813164
74.6606, 0.813164
74.725, 0.813164
74.7893, 0.813164
74.8532, 0.813164
74.9165, 0.813164
74.9797, 0.813164
75.0442, 0.813164
75.1089, 0.813164
75.173, 0.813164
75.2367, 0.813164
75.3002, 0.813164
75.3634, 0.813164
75.4248, 0.813164
75.4851, 0.813164
75.5465, 0.813164
75.6082, 0.813164
75.6695, 0.813164
75.7311, 0.813164
75.7917, 0.813164
75.8519, 0.813164
75.9126, 0.813164
75.973, 0.813164
76.0342, 0.813164
76.0949, 0.813164
76.1559, 0.813164
76.2177, 0.813164
76.2802, 0.813164
76.3424, 0.813164
76.4057, 0.813164
76.4696, 0.813164
76.5328, 0.813164
76.5966, 0.813164
76.6612, 0.813164
76.7254, 0.813164
76.7896, 0.813164
76.8538, 0.813164
76.9174, 0.813164
76.9808, 0.813164
