0, 0.139778
0.140294, 0.139778
0.172183, 0.138757
0.204016, 0.138315
0.22717, 0.137867
0.250321, 0.137415
0.273415, 0.136962
0.296459, 0.13651
0.320595, 0.136061
0.34451, 0.135618
0.367785, 0.13518
0.391053, 0.134751
0.414337, 0.134332
0.437221, 0.133922
0.460233, 0.133523
0.482856, 0.133134
0.50598, 0.132757
0.529772, 0.132394
0.553617, 0.132045
0.577188, 0.13171
0.600394, 0.13139
0.6237, 0.131084
0.646664, 0.130793
0.669588, 0.130516
0.692145, 0.130254
0.714753, 0.130006
0.737992, 0.129773
0.761331, 0.129554
0.785133, 0.129348
0.809267, 0.129155
0.833383, 0.128976
0.856903, 0.128809
0.880567, 0.128655
0.904234, 0.128513
0.92676, 0.128384
0.949343, 0.128267
0.972574, 0.128163
0.996315, 0.12807
1.0205, 0.127989
1.04524, 0.127919
1.06958, 0.127861
1.09328, 0.127813
1.11557, 0.127777
1.13782, 0.127752
1.16014, 0.127738
1.18263, 0.127735
1.20596, 0.127743
1.26234, 0.12775
1.3192, 0.127923
1.37187, 0.128096
1.42429, 0.128266
1.47897, 0.128431
1.53635, 0.128591
1.59448, 0.128746
1.65009, 0.128895
1.70406, 0.129037
1.75892, 0.129174
1.81663, 0.129304
1.87836, 0.129428
1.93148, 0.129547
1.98556, 0.12966
2.04127, 0.129767
2.09818, 0.129869
2.15383, 0.129966
2.20895, 0.130057
2.26308, 0.130145
2.3189, 0.130227
2.37532, 0.130306
2.42993, 0.13038
2.4848, 0.13045
2.54195, 0.130517
2.59843, 0.13058
2.65272, 0.13064
2.70748, 0.130697
2.74061, 0.130751
2.77438, 0.130801
2.80857, 0.130849
2.84215, 0.130894
2.87734, 0.130937
2.91114, 0.130978
2.94432, 0.131017
2.978, 0.131053
3.01207, 0.131088
3.04561, 0.131122
3.07818, 0.131154
3.11043, 0.131184
3.14278, 0.131213
3.17547, 0.13124
3.20943, 0.131266
3.2435, 0.131291
3.27686, 0.131315
3.3095, 0.131337
3.34207, 0.131359
3.37439, 0.131379
3.40743, 0.131399
3.44025, 0.131418
3.47425, 0.131435
3.50798, 0.131452
3.54063, 0.131469
3.57401, 0.131484
3.60604, 0.131499
3.63842, 0.131513
3.67026, 0.131527
3.70203, 0.13154
3.73399, 0.131552
3.76563, 0.131564
3.79835, 0.131575
3.83064, 0.131586
3.86814, 0.131596
3.8996, 0.131606
3.93128, 0.131616
3.96301, 0.131625
3.99557, 0.131634
4.02731, 0.131642
4.05947, 0.13165
4.09143, 0.131658
4.12352, 0.131665
4.15627, 0.131672
4.18985, 0.131679
4.22329, 0.131685
4.25625, 0.131691
4.28874, 0.131697
4.32082, 0.131703
4.35279, 0.131708
4.38477, 0.131714
4.41693, 0.131719
4.44857, 0.131724
4.48027, 0.131728
4.51161, 0.131733
4.54312, 0.131737
4.57433, 0.131741
4.60625, 0.131745
4.63866, 0.131749
4.67146, 0.131752
4.70397, 0.131756
4.73627, 0.131759
4.76801, 0.131762
4.80025, 0.131766
4.83379, 0.131768
4.86795, 0.131771
4.90146, 0.131774
4.93435, 0.131777
4.9666, 0.131779
4.99892, 0.131782
5.03102, 0.131784
5.06287, 0.131786
5.09441, 0.131788
5.12656, 0.13179
5.15989, 0.131792
5.19325, 0.131794
5.2259, 0.131796
5.25907, 0.131798
5.29089, 0.131799
5.32238, 0.131801
5.35469, 0.131803
5.38694, 0.131804
5.4192, 0.131806
5.45169, 0.131807
5.48568, 0.131808
5.51781, 0.131809
5.5495, 0.131811
5.58182, 0.131812
5.61447, 0.131813
5.6471, 0.131814
5.6799, 0.131815
5.71355, 0.131816
5.74677, 0.131817
5.78006, 0.131818
5.81283, 0.131819
5.84482, 0.13182
5.87666, 0.13182
5.90875, 0.131821
5.94219, 0.131822
5.97631, 0.131822
6.00972, 0.131823
6.04213, 0.131824
6.07359, 0.131824
6.10475, 0.131825
6.13673, 0.131825
6.16962, 0.131826
6.20355, 0.131826
6.23718, 0.131827
6.27063, 0.131827
6.30166, 0.131828
6.33233, 0.131828
6.36359, 0.131829
6.39662, 0.131829
6.42988, 0.131829
6.46413, 0.13183
6.49806, 0.13183
6.53128, 0.13183
6.56321, 0.13183
6.59489, 0.131831
6.62751, 0.131831
6.65996, 0.131831
6.69186, 0.131831
6.72202, 0.131831
6.75279, 0.131832
6.78436, 0.131832
6.81702, 0.131832
6.85064, 0.131832
6.88386, 0.131832
6.91652, 0.131832
6.94821, 0.131832
6.97898, 0.131833
7.00976, 0.131833
7.04262, 0.131833
7.08096, 0.131833
7.11539, 0.131833
7.14879, 0.131833
7.18089, 0.131833
7.21124, 0.131833
7.24188, 0.131833
7.27367, 0.131833
7.3072, 0.131833
7.34143, 0.131833
