0, 0.139778
0.0123742, 0.139778
0.0247976, 0.139251
0.0371575, 0.138778
0.0495103, 0.138352
0.0618624, 0.137966
0.0742081, 0.137615
0.0865522, 0.137294
0.0989012, 0.136999
0.111238, 0.136728
0.123576, 0.136478
0.135915, 0.136247
0.148246, 0.136033
0.160594, 0.135833
0.172935, 0.135648
0.18526, 0.135474
0.197583, 0.135313
0.209916, 0.135161
0.222238, 0.13502
0.234566, 0.134887
0.246894, 0.134762
0.259242, 0.134644
0.27157, 0.134534
0.283901, 0.134429
0.296227, 0.134331
0.308548, 0.134237
0.320877, 0.134149
0.3332, 0.134065
0.345521, 0.133986
0.357849, 0.13391
0.370175, 0.133839
0.382221, 0.133771
0.392272, 0.133706
0.402321, 0.133644
0.412331, 0.133585
0.422326, 0.133529
0.432299, 0.133475
0.442264, 0.133424
0.452211, 0.133375
0.46216, 0.133328
0.472119, 0.133284
0.482069, 0.133241
0.49202, 0.1332
0.501977, 0.133161
0.511934, 0.133123
0.52188, 0.133087
0.531831, 0.133052
0.541782, 0.133019
0.551745, 0.132987
0.561694, 0.132956
0.571641, 0.132927
0.581585, 0.132898
0.591531, 0.132871
0.601478, 0.132844
0.61143, 0.132819
0.621382, 0.132794
0.631326, 0.132771
0.641279, 0.132748
0.651231, 0.132726
0.661185, 0.132704
0.671137, 0.132684
0.681081, 0.132664
0.691029, 0.132645
0.700974, 0.132626
0.71093, 0.132608
0.720888, 0.132591
0.730832, 0.132574
0.740775, 0.132558
0.750719, 0.132542
0.760658, 0.132526
0.770614, 0.132512
0.78056, 0.132497
0.790506, 0.132483
0.80047, 0.13247
0.810414, 0.132457
0.820357, 0.132444
0.830306, 0.132432
0.840265, 0.132419
0.850214, 0.132408
0.860157, 0.132396
0.870102, 0.132385
0.880055, 0.132375
0.89, 0.132364
0.899941, 0.132354
0.909888, 0.132344
0.919841, 0.132334
0.929789, 0.132325
0.939731, 0.132316
0.949668, 0.132307
0.959616, 0.132298
0.969559, 0.13229
0.979524, 0.132282
0.989467, 0.132274
0.999411, 0.132266
1.00936, 0.132258
1.0193, 0.132251
1.02924, 0.132243
1.03919, 0.132236
1.04914, 0.132229
1.05909, 0.132222
1.06903, 0.132216
1.07897, 0.132209
1.08893, 0.132203
1.09887, 0.132197
1.10883, 0.132191
1.11878, 0.132185
1.12873, 0.132179
1.13867, 0.132174
1.14862, 0.132168
1.15857, 0.132163
1.16852, 0.132158
1.17847, 0.132152
1.18841, 0.132147
1.19835, 0.132142
1.20829, 0.132138
1.21823, 0.132133
1.22818, 0.132128
1.23812, 0.132124
1.24806, 0.132119
1.258, 0.132115
1.26794, 0.132111
1.27788, 0.132106
1.28783, 0.132102
1.29777, 0.132098
1.30771, 0.132094
1.31765, 0.13209
1.3276, 0.132087
1.33755, 0.132083
1.3475, 0.132079
1.35746, 0.132076
1.3674, 0.132072
1.37735, 0.132069
1.3873, 0.132065
1.39724, 0.132062
1.40719, 0.132059
1.41713, 0.132056
1.42707, 0.132052
1.43701, 0.132049
1.44696, 0.132046
1.4569, 0.132043
1.46684, 0.13204
1.47679, 0.132037
1.48673, 0.132035
1.49668, 0.132032
1.50662, 0.132029
1.51657, 0.132026
1.52651, 0.132024
1.53646, 0.132021
1.54641, 0.132018
1.55635, 0.132016
1.5663, 0.132013
1.57624, 0.132011
1.58619, 0.132009
1.59613, 0.132006
1.60607, 0.132004
1.61601, 0.132002
1.62596, 0.131999
1.63591, 0.131997
1.64586, 0.131995
1.6558, 0.131993
1.66574, 0.131991
1.67567, 0.131989
1.68562, 0.131986
1.69557, 0.131984
1.70551, 0.131982
1.71547, 0.13198
1.72541, 0.131979
1.73536, 0.131977
1.7453, 0.131975
1.75525, 0.131973
1.76519, 0.131971
1.77513, 0.131969
1.78508, 0.131967
1.79502, 0.131966
1.80496, 0.131964
1.8149, 0.131962
1.82485, 0.131961
1.83579, 0.131959
1.84578, 0.131957
1.85572, 0.131956
1.86566, 0.131954
1.87561, 0.131953
1.88557, 0.131951
1.89552, 0.13195
1.90546, 0.131948
1.91541, 0.131947
1.92535, 0.131945
1.9353, 0.131944
1.94525, 0.131942
1.9552, 0.131941
1.96514, 0.131939
1.97509, 0.131938
1.98503, 0.131937
1.99497, 0.131935
2.00492, 0.131934
2.01487, 0.131933
2.02483, 0.131931
2.03478, 0.13193
2.04473, 0.131929
2.05467, 0.131928
2.06461, 0.131926
2.07455, 0.131925
2.0845, 0.131924
2.09444, 0.131923
2.10439, 0.131922
2.11433, 0.131921
2.12427, 0.131919
2.13421, 0.131918
2.14416, 0.131917
2.1541, 0.131916
2.16404, 0.131915
2.17399, 0.131914
2.18393, 0.131913
2.19387, 0.131912
2.20381, 0.131911
2.21376, 0.13191
2.22371, 0.131909
2.23366, 0.131908
2.2436, 0.131907
2.25354, 0.131906
2.26349, 0.131905
2.27343, 0.131904
2.28337, 0.131903
2.29332, 0.131902
2.30326, 0.131901
2.31322, 0.1319
2.32317, 0.131899
2.33311, 0.131898
2.34307, 0.131897
2.35301, 0.131897
2.36296, 0.131896
2.3729, 0.131895
2.38284, 0.131894
2.39278, 0.131893
2.40273, 0.131892
2.41267, 0.131891
2.42261, 0.131891
2.43255, 0.13189
2.4425, 0.131889
2.45244, 0.131888
2.46238, 0.131887
2.47233, 0.131887
2.48227, 0.131886
2.49221, 0.131885
2.50216, 0.131884
2.5121, 0.131884
2.52204, 0.131883
2.53198, 0.131882
2.54192, 0.131881
2.55187, 0.131881
2.56181, 0.13188
2.57175, 0.131879
2.58169, 0.131879
2.59164, 0.131878
2.60158, 0.131877
2.61152, 0.131877
2.62147, 0.131876
2.63142, 0.131875
2.64136, 0.131875
2.6513, 0.131874
2.66124, 0.131873
2.6712, 0.131873
2.68114, 0.131872
2.69108, 0.131871
2.70103, 0.131871
2.71098, 0.13187
2.72092, 0.13187
2.73086, 0.131869
2.7408, 0.131868
2.75075, 0.131868
2.7607, 0.131867
2.77065, 0.131867
2.78059, 0.131866
2.79053, 0.131865
2.80048, 0.131865
2.81042, 0.131864
2.82036, 0.131864
2.83031, 0.131863
2.84026, 0.131863
2.8502, 0.131862
2.86014, 0.131862
2.87009, 0.131861
2.88003, 0.13186
2.88998, 0.13186
2.89992, 0.131859
2.90987, 0.131859
2.91981, 0.131858
2.92975, 0.131858
2.9397, 0.131857
2.94964, 0.131857
