0, 0.139778
0.184739, 0.13929
0.223929, 0.138847
0.261594, 0.138444
0.302944, 0.138074
0.343479, 0.137735
0.3819, 0.137423
0.419735, 0.137134
0.456457, 0.136868
0.493595, 0.136621
0.530774, 0.136391
0.566591, 0.136177
0.604237, 0.135977
0.640091, 0.13579
0.676184, 0.135615
0.71397, 0.135452
0.749525, 0.135298
0.786178, 0.135154
0.824246, 0.135018
0.860061, 0.13489
0.940046, 0.13477
1.00241, 0.134656
1.05161, 0.134548
1.09385, 0.134447
1.13164, 0.13435
1.16592, 0.134259
1.19836, 0.134172
1.23078, 0.134089
1.26319, 0.134011
1.29562, 0.133937
1.32829, 0.133866
1.36073, 0.133798
1.39315, 0.133734
1.42557, 0.133672
1.45797, 0.133613
1.49056, 0.133557
1.52299, 0.133504
1.55557, 0.133452
1.58799, 0.133403
1.62045, 0.133356
1.65287, 0.133311
1.67571, 0.133268
1.69856, 0.133227
1.7214, 0.133187
1.74425, 0.133149
1.77037, 0.133113
1.80217, 0.133078
1.82506, 0.133044
1.84791, 0.133011
1.87074, 0.13298
1.89358, 0.13295
1.95522, 0.132921
1.98696, 0.132893
2.01576, 0.132866
2.04238, 0.132841
2.06726, 0.132815
2.09073, 0.132791
2.11359, 0.132768
2.13682, 0.132746
2.15965, 0.132724
2.18259, 0.132703
2.20542, 0.132682
2.22827, 0.132663
2.2511, 0.132644
2.27392, 0.132625
2.29677, 0.132608
2.31962, 0.13259
2.34246, 0.132574
2.3653, 0.132558
2.38812, 0.132542
2.41095, 0.132527
2.43381, 0.132512
2.45666, 0.132498
2.47951, 0.132484
2.50251, 0.132471
2.52534, 0.132458
2.54817, 0.132445
2.57102, 0.132433
2.59387, 0.132421
2.61822, 0.132409
2.64189, 0.132398
2.66486, 0.132387
2.6877, 0.132376
2.71054, 0.132365
2.73336, 0.132355
2.75618, 0.132345
2.77906, 0.132336
2.80191, 0.132326
2.82474, 0.132317
2.84758, 0.132308
2.87039, 0.1323
2.8932, 0.132291
2.91603, 0.132283
2.93904, 0.132275
2.96187, 0.132267
2.98469, 0.132259
3.00753, 0.132252
3.03037, 0.132245
3.05321, 0.132238
3.07613, 0.132231
3.09897, 0.132224
3.12193, 0.132217
3.14477, 0.132211
3.16759, 0.132205
3.19044, 0.132198
3.21328, 0.132192
3.23613, 0.132187
3.25895, 0.132181
3.28178, 0.132175
3.30461, 0.13217
3.32747, 0.132164
3.35031, 0.132159
3.37314, 0.132154
3.39597, 0.132149
3.41882, 0.132144
3.44164, 0.132139
3.46444, 0.132134
3.48727, 0.13213
3.51012, 0.132125
3.53297, 0.132121
3.55583, 0.132116
3.57867, 0.132112
3.60151, 0.132108
3.62434, 0.132104
3.64717, 0.1321
3.67001, 0.132096
3.69283, 0.132092
3.71566, 0.132088
3.73851, 0.132084
3.76134, 0.132081
3.78417, 0.132077
3.80809, 0.132073
3.83275, 0.13207
3.85559, 0.132066
3.87842, 0.132063
3.90125, 0.13206
3.92407, 0.132057
3.9469, 0.132053
3.96972, 0.13205
3.99254, 0.132047
4.01537, 0.132044
4.03821, 0.132041
4.06103, 0.132038
4.08388, 0.132036
4.10671, 0.132033
4.1299, 0.13203
4.15274, 0.132027
4.17557, 0.132025
4.1984, 0.132022
4.22122, 0.132019
4.24407, 0.132017
4.26689, 0.132014
4.28972, 0.132012
4.31256, 0.132009
4.3354, 0.132007
4.35824, 0.132005
4.38107, 0.132002
4.4039, 0.132
4.42672, 0.131998
4.44957, 0.131996
4.47241, 0.131994
4.49522, 0.131991
4.51805, 0.131989
4.54088, 0.131987
4.56372, 0.131985
4.58655, 0.131983
4.60948, 0.131981
4.63232, 0.131979
4.65517, 0.131977
4.67799, 0.131975
4.70082, 0.131974
4.72367, 0.131972
4.74651, 0.13197
4.76933, 0.131968
4.79215, 0.131966
4.81498, 0.131965
4.83781, 0.131963
4.86066, 0.131961
4.88351, 0.13196
4.90635, 0.131958
4.92919, 0.131956
4.95202, 0.131955
4.97487, 0.131953
4.9977, 0.131952
5.02054, 0.13195
5.04338, 0.131949
5.06621, 0.131947
5.08904, 0.131946
5.11189, 0.131944
5.13531, 0.131943
5.15815, 0.131941
5.18102, 0.13194
5.20388, 0.131939
5.22671, 0.131937
5.24953, 0.131936
5.27238, 0.131935
5.29523, 0.131933
5.31808, 0.131932
5.34092, 0.131931
5.3638, 0.131929
5.38663, 0.131928
5.40948, 0.131927
5.43232, 0.131926
5.45515, 0.131925
5.47799, 0.131923
5.50082, 0.131922
5.52366, 0.131921
5.5465, 0.13192
5.56933, 0.131919
5.59217, 0.131918
5.61498, 0.131917
5.6378, 0.131915
5.66064, 0.131914
5.68348, 0.131913
5.70633, 0.131912
5.72917, 0.131911
5.75202, 0.13191
5.77483, 0.131909
5.79766, 0.131908
5.82059, 0.131907
5.84342, 0.131906
5.86628, 0.131905
5.88911, 0.131904
5.91194, 0.131903
5.9348, 0.131902
5.95764, 0.131901
5.98048, 0.1319
6.00331, 0.1319
6.02613, 0.131899
6.04897, 0.131898
6.07181, 0.131897
6.09465, 0.131896
6.11746, 0.131895
6.14067, 0.131894
6.16352, 0.131893
6.18636, 0.131893
6.20922, 0.131892
6.22248, 0.131891
6.23574, 0.13189
6.24901, 0.131889
6.26228, 0.131888
6.27554, 0.131888
6.28881, 0.131887
6.30207, 0.131886
6.31533, 0.131885
6.32859, 0.131885
6.34184, 0.131884
6.3551, 0.131883
6.36835, 0.131882
6.38161, 0.131882
6.39487, 0.131881
6.40813, 0.13188
6.42139, 0.131879
6.43465, 0.131879
6.44791, 0.131878
6.46118, 0.131877
6.47446, 0.131877
6.48774, 0.131876
6.50101, 0.131875
6.51498, 0.131875
6.52864, 0.131874
6.5423, 0.131873
6.55557, 0.131873
6.56905, 0.131872
6.58236, 0.131871
6.59562, 0.131871
6.60889, 0.13187
6.62314, 0.13187
6.6364, 0.131869
6.64966, 0.131868
6.66292, 0.131868
6.67619, 0.131867
6.68944, 0.131867
6.7027, 0.131866
6.71596, 0.131865
6.72922, 0.131865
6.74249, 0.131864
6.75575, 0.131864
6.76902, 0.131863
6.78237, 0.131863
6.79563, 0.131862
6.80889, 0.131862
6.82214, 0.131861
6.8354, 0.13186
6.84865, 0.13186
6.86191, 0.131859
6.87518, 0.131859
6.88845, 0.131858
6.9017, 0.131858
6.91496, 0.131857
6.92822, 0.131857
6.94152, 0.131856
