0, 0.178929
0.16525, 0.178929
0.328679, 0.178701
0.491972, 0.17848
0.655229, 0.178265
0.818532, 0.178055
0.981872, 0.17785
1.14517, 0.17765
1.30845, 0.177454
1.47173, 0.177261
1.63504, 0.177073
1.85413, 0.176888
2.06401, 0.176706
2.26717, 0.176527
2.43605, 0.176351
2.60005, 0.176178
2.76412, 0.176008
2.92819, 0.175841
3.09222, 0.175676
3.25628, 0.175514
3.4203, 0.175354
3.58437, 0.175196
3.74889, 0.175041
3.91333, 0.174888
4.07734, 0.174737
4.24136, 0.174588
4.40535, 0.174441
4.56932, 0.174296
4.73332, 0.174154
4.89732, 0.174013
5.0613, 0.173875
5.22526, 0.173738
5.38925, 0.173603
5.55336, 0.173471
5.71736, 0.17334
5.88135, 0.17321
6.0453, 0.173083
6.20926, 0.172957
6.37326, 0.172833
6.53727, 0.172711
6.7015, 0.17259
6.86577, 0.172471
7.03, 0.172354
7.19422, 0.172237
7.35839, 0.172123
7.52254, 0.17201
7.6868, 0.171898
7.85517, 0.171788
8.02141, 0.171679
8.18581, 0.171571
8.35011, 0.171465
8.51431, 0.17136
8.67854, 0.171257
8.84283, 0.171155
9.00751, 0.171054
9.17358, 0.170954
9.3381, 0.170855
9.5024, 0.170758
9.66663, 0.170661
9.83093, 0.170566
9.99529, 0.170472
10.1596, 0.170379
10.3239, 0.170287
10.4882, 0.170196
10.6526, 0.170106
10.817, 0.170017
10.9814, 0.169929
11.1457, 0.169842
11.3099, 0.169756
11.4741, 0.169671
11.6383, 0.169587
11.8026, 0.169503
11.9669, 0.169421
12.1311, 0.16934
12.2954, 0.169259
12.4597, 0.16918
12.6254, 0.169101
12.7899, 0.169023
12.9543, 0.168946
13.1185, 0.16887
13.2828, 0.168794
13.4471, 0.16872
13.6115, 0.168646
13.7757, 0.168573
13.9401, 0.1685
14.1044, 0.168429
14.2686, 0.168358
14.4329, 0.168288
14.5973, 0.168219
14.7616, 0.16815
14.9259, 0.168082
15.0909, 0.168015
15.2554, 0.167949
15.4197, 0.167883
15.584, 0.167818
15.7484, 0.167753
15.9128, 0.167689
16.0772, 0.167626
16.2415, 0.167563
16.4059, 0.167502
16.5702, 0.16744
16.7345, 0.16738
16.8988, 0.167319
17.0633, 0.16726
17.2276, 0.167201
17.3919, 0.167143
17.5563, 0.167085
17.7206, 0.167028
17.8849, 0.166971
18.0493, 0.166915
18.2136, 0.166859
18.3779, 0.166804
18.5422, 0.166749
18.7066, 0.166695
18.871, 0.166642
19.0354, 0.166589
19.1998, 0.166536
19.3646, 0.166484
19.529, 0.166433
19.6934, 0.166381
19.8577, 0.166331
20.0221, 0.166281
20.1865, 0.166231
20.3508, 0.166182
20.5152, 0.166133
20.6806, 0.166085
20.8453, 0.166037
21.0097, 0.165989
21.1742, 0.165942
21.3385, 0.165895
21.5028, 0.165849
21.6673, 0.165803
21.8317, 0.165758
21.996, 0.165713
22.1603, 0.165668
22.3247, 0.165624
22.4898, 0.16558
22.6543, 0.165537
22.8187, 0.165494
22.9831, 0.165451
23.1475, 0.165409
23.3119, 0.165367
23.4762, 0.165325
23.6405, 0.165284
23.8049, 0.165243
23.9693, 0.165203
24.1337, 0.165163
24.298, 0.165123
24.4623, 0.165083
24.6267, 0.165044
24.791, 0.165005
24.9553, 0.164967
25.1197, 0.164929
25.2841, 0.164891
25.4484, 0.164853
25.6128, 0.164816
25.7771, 0.164779
25.9414, 0.164743
26.1058, 0.164706
26.2703, 0.16467
26.436, 0.164634
26.6005, 0.164599
26.7649, 0.164564
26.9293, 0.164529
27.094, 0.164495
27.2584, 0.16446
27.4228, 0.164426
27.5877, 0.164393
27.7524, 0.164359
27.9168, 0.164326
28.0812, 0.164293
28.2455, 0.16426
28.4099, 0.164228
28.5742, 0.164196
28.7387, 0.164164
28.9031, 0.164132
29.0675, 0.164101
29.2319, 0.16407
29.3962, 0.164039
29.5606, 0.164008
29.725, 0.163978
29.8894, 0.163948
30.0537, 0.163918
30.2181, 0.163888
30.3838, 0.163859
30.5483, 0.16383
30.7127, 0.163801
30.9473, 0.163772
31.152, 0.163743
31.3492, 0.163715
31.5131, 0.163687
31.6768, 0.163659
31.8405, 0.163631
32.0044, 0.163603
32.1681, 0.163576
32.3317, 0.163549
32.4953, 0.163522
32.659, 0.163495
32.8226, 0.163469
32.9863, 0.163443
33.1499, 0.163416
33.3147, 0.163391
33.4785, 0.163365
33.6422, 0.163339
33.8058, 0.163314
33.9694, 0.163289
34.133, 0.163264
34.2967, 0.163239
34.4603, 0.163214
34.6248, 0.16319
34.7913, 0.163166
34.965, 0.163141
35.1292, 0.163117
35.2931, 0.163094
35.4567, 0.16307
35.6203, 0.163047
35.784, 0.163023
35.948, 0.163
36.1117, 0.162977
36.2755, 0.162955
36.4393, 0.162932
36.6029, 0.16291
36.7666, 0.162887
36.9302, 0.162865
37.0939, 0.162843
37.2574, 0.162821
37.4209, 0.1628
37.5845, 0.162778
37.748, 0.162757
37.9115, 0.162736
38.08, 0.162715
38.2443, 0.162694
38.4078, 0.162673
38.5713, 0.162652
38.7348, 0.162632
38.8983, 0.162612
39.0618, 0.162591
39.2252, 0.162571
39.3887, 0.162551
39.5522, 0.162532
39.7156, 0.162512
39.8791, 0.162492
40.0426, 0.162473
40.2068, 0.162454
40.3703, 0.162435
40.5338, 0.162416
40.6972, 0.162397
40.8607, 0.162378
41.0242, 0.162359
41.1876, 0.162341
41.3511, 0.162322
41.5146, 0.162304
41.6781, 0.162286
41.8416, 0.162268
42.0052, 0.16225
42.1687, 0.162232
42.3321, 0.162215
42.4956, 0.162197
42.6591, 0.16218
42.8226, 0.162162
42.9861, 0.162145
43.1496, 0.162128
43.313, 0.162111
43.4765, 0.162094
43.6399, 0.162077
43.8034, 0.162061
43.9669, 0.162044
44.1304, 0.162028
44.2939, 0.162011
44.4574, 0.161995
44.6209, 0.161979
44.7843, 0.161963
44.9478, 0.161947
45.1113, 0.161931
45.2747, 0.161916
45.4382, 0.1619
45.6028, 0.161884
45.7663, 0.161869
45.9299, 0.161854
46.0935, 0.161838
46.257, 0.161823
46.4205, 0.161808
46.584, 0.161793
46.7475, 0.161778
46.911, 0.161764
47.0745, 0.161749
47.2381, 0.161734
47.4015, 0.16172
47.565, 0.161705
47.7284, 0.161691
47.8919, 0.161677
48.0554, 0.161663
48.2191, 0.161649
48.3827, 0.161635
48.5462, 0.161621
48.7097, 0.161607
48.8734, 0.161593
49.0374, 0.16158
49.2009, 0.161566
49.3643, 0.161552
49.5278, 0.161539
49.6913, 0.161526
49.8547, 0.161512
50.0182, 0.161499
50.1817, 0.161486
50.3451, 0.161473
50.5086, 0.16146
50.6721, 0.161447
50.8356, 0.161435
50.9991, 0.161422
51.1626, 0.161409
51.326, 0.161397
51.4895, 0.161384
51.653, 0.161372
51.8165, 0.16136
51.9801, 0.161347
52.1436, 0.161335
52.3071, 0.161323
52.4706, 0.161311
52.6341, 0.161299
52.7976, 0.161287
52.9611, 0.161275
53.1245, 0.161263
53.288, 0.161252
53.4515, 0.16124
53.615, 0.161228
53.7784, 0.161217
53.9419, 0.161205
54.1053, 0.161194
54.2688, 0.161183
54.4323, 0.161171
54.5957, 0.16116
54.7592, 0.161149
54.9227, 0.161138
55.0862, 0.161127
55.2496, 0.161116
55.4131, 0.161105
55.5765, 0.161094
55.74, 0.161084
55.9035, 0.161073
56.067, 0.161062
56.2305, 0.161052
56.394, 0.161041
56.5574, 0.161031
56.721, 0.16102
56.8845, 0.16101
57.048, 0.161
57.2115, 0.160989
57.375, 0.160979
57.5384, 0.160969
57.7019, 0.160959
57.8654, 0.160949
58.03, 0.160939
58.1936, 0.160929
58.3571, 0.160919
58.5208, 0.160909
58.6844, 0.1609
58.8479, 0.16089
59.0114, 0.16088
59.1749, 0.160871
59.3384, 0.160861
59.5019, 0.160852
59.6654, 0.160842
59.8288, 0.160833
59.9923, 0.160823
60.1558, 0.160814
60.3193, 0.160805
60.4827, 0.160796
60.6462, 0.160786
60.8097, 0.160777
60.9733, 0.160768
61.1369, 0.160759
61.3003, 0.16075
61.4638, 0.160741
61.6273, 0.160733
61.7909, 0.160724
61.9545, 0.160715
62.118, 0.160706
62.2815, 0.160697
62.445, 0.160689
62.6085, 0.16068
62.772, 0.160672
62.9355, 0.160663
63.0989, 0.160655
63.2624, 0.160646
63.4259, 0.160638
63.5894, 0.160629
63.7535, 0.160621
63.917, 0.160613
64.0805, 0.160605
64.244, 0.160597
64.4074, 0.160588
64.5709, 0.16058
64.7344, 0.160572
64.8979, 0.160564
65.0614, 0.160556
65.2248, 0.160548
65.3883, 0.16054
65.5518, 0.160533
65.7152, 0.160525
65.8788, 0.160517
66.0424, 0.160509
66.2072, 0.160502
66.3708, 0.160494
66.5342, 0.160486
66.6978, 0.160479
66.8614, 0.160471
67.0249, 0.160464
67.1884, 0.160456
67.3519, 0.160449
67.5153, 0.160441
67.6789, 0.160434
67.8423, 0.160427
68.0059, 0.160419
68.1695, 0.160412
68.333, 0.160405
68.4964, 0.160398
68.6599, 0.16039
68.8234, 0.160383
68.9869, 0.160376
69.1504, 0.160369
69.3139, 0.160362
69.4775, 0.160355
69.641, 0.160348
69.8045, 0.160341
69.9679, 0.160334
70.1314, 0.160327
70.2949, 0.160321
70.4583, 0.160314
70.6219, 0.160307
70.7854, 0.1603
70.9489, 0.160294
71.1124, 0.160287
71.2759, 0.16028
71.4394, 0.160274
71.6028, 0.160267
71.7663, 0.16026
71.93, 0.160254
72.0935, 0.160247
72.257, 0.160241
72.4205, 0.160235
72.5839, 0.160228
72.7474, 0.160222
72.9108, 0.160215
73.0743, 0.160209
73.2378, 0.160203
73.4026, 0.160197
73.5715, 0.16019
73.736, 0.160184
73.8996, 0.160178
74.0632, 0.160172
74.2267, 0.160166
74.3902, 0.16016
74.5537, 0.160154
74.7172, 0.160147
74.8807, 0.160141
75.0442, 0.160135
75.2077, 0.16013
75.3711, 0.160124
75.5347, 0.160118
75.6981, 0.160112
75.8616, 0.160106
76.0255, 0.1601
76.1893, 0.160094
76.3529, 0.160089
76.5163, 0.160083
76.6798, 0.160077
76.8434, 0.160071
77.0119, 0.160066
77.1754, 0.16006
77.3389, 0.160054
77.5024, 0.160049
77.6659, 0.160043
77.8294, 0.160038
77.9929, 0.160032
78.1564, 0.160027
78.3199, 0.160021
78.4834, 0.160016
78.647, 0.16001
78.8105, 0.160005
78.974, 0.159999
79.1388, 0.159994
79.3024, 0.159989
79.4658, 0.159983
79.6293, 0.159978
79.7927, 0.159973
79.9562, 0.159968
80.1197, 0.159962
80.2833, 0.159957
80.4467, 0.159952
80.6102, 0.159947
80.7737, 0.159942
80.9372, 0.159937
81.1007, 0.159931
81.2642, 0.159926
81.4277, 0.159921
81.5912, 0.159916
81.7547, 0.159911
81.9183, 0.159906
82.0819, 0.159901
82.2453, 0.159896
82.4088, 0.159891
82.5723, 0.159887
82.7358, 0.159882
82.8994, 0.159877
83.0629, 0.159872
83.2264, 0.159867
83.3899, 0.159862
83.5534, 0.159858
83.7169, 0.159853
83.8804, 0.159848
84.0439, 0.159843
84.2074, 0.159839
84.371, 0.159834
84.5345, 0.159829
84.6979, 0.159825
84.8614, 0.15982
85.0249, 0.159815
85.1884, 0.159811
85.3519, 0.159806
85.5155, 0.159802
85.679, 0.159797
85.8425, 0.159792
86.006, 0.159788
86.1694, 0.159783
86.3329, 0.159779
86.4964, 0.159775
86.6599, 0.15977
86.8234, 0.159766
86.987, 0.159761
87.1506, 0.159757
87.3141, 0.159753
87.4776, 0.159748
87.641, 0.159744
87.8045, 0.15974
87.968, 0.159735
88.1315, 0.159731
88.295, 0.159727
88.4585, 0.159722
88.622, 0.159718
88.7858, 0.159714
88.9497, 0.15971
89.1133, 0.159706
89.2767, 0.159701
89.4403, 0.159697
89.6037, 0.159693
89.7672, 0.159689
89.9308, 0.159685
90.099, 0.159681
90.2626, 0.159677
90.4261, 0.159673
90.5897, 0.159669
90.7532, 0.159665
90.9168, 0.159661
91.0804, 0.159657
91.2439, 0.159653
91.4074, 0.159649
91.5709, 0.159645
91.7344, 0.159641
91.898, 0.159637
92.0616, 0.159633
92.2252, 0.159629
92.3888, 0.159625
92.5523, 0.159621
92.7158, 0.159618
92.8793, 0.159614
93.0428, 0.15961
93.2063, 0.159606
93.3698, 0.159602
93.5333, 0.159599
93.6968, 0.159595
93.8603, 0.159591
94.0238, 0.159587
94.1873, 0.159584
94.3508, 0.15958
94.5143, 0.159576
94.6778, 0.159573
94.8413, 0.159569
95.0049, 0.159565
95.1684, 0.159562
95.3318, 0.159558
95.4954, 0.159554
95.6589, 0.159551
95.8224, 0.159547
95.9859, 0.159544
96.1494, 0.15954
96.3129, 0.159536
96.4764, 0.159533
96.6399, 0.159529
96.8034, 0.159526
96.967, 0.159522
97.1305, 0.159519
97.294, 0.159515
97.4575, 0.159512
97.6211, 0.159509
97.7846, 0.159505
97.9481, 0.159502
98.1116, 0.159498
98.2752, 0.159495
98.4387, 0.159492
98.6022, 0.159488
98.7667, 0.159485
98.9304, 0.159481
99.0939, 0.159478
99.2575, 0.159475
99.421, 0.159472
99.5845, 0.159468
99.748, 0.159465
99.9115, 0.159462
100.083, 0.159458
100.247, 0.159455
100.411, 0.159452
100.574, 0.159449
100.738, 0.159445
100.901, 0.159442
101.065, 0.159439
101.229, 0.159436
101.393, 0.159433
101.556, 0.15943
101.72, 0.159426
101.884, 0.159423
102.047, 0.15942
102.211, 0.159417
102.374, 0.159414
102.538, 0.159411
102.701, 0.159408
102.865, 0.159405
103.028, 0.159402
103.192, 0.159399
103.355, 0.159395
103.519, 0.159392
103.682, 0.159389
103.846, 0.159386
104.01, 0.159383
104.173, 0.15938
104.337, 0.159377
104.5, 0.159374
104.664, 0.159371
104.827, 0.159369
104.99, 0.159366
105.154, 0.159363
105.317, 0.15936
105.481, 0.159357
105.644, 0.159354
105.808, 0.159351
105.972, 0.159348
106.135, 0.159345
106.299, 0.159342
106.462, 0.15934
106.626, 0.159337
106.789, 0.159334
106.953, 0.159331
107.116, 0.159328
107.28, 0.159325
107.443, 0.159323
107.607, 0.15932
107.77, 0.159317
107.934, 0.159314
108.097, 0.159312
108.261, 0.159309
108.424, 0.159306
108.588, 0.159303
108.751, 0.159301
108.915, 0.159298
109.078, 0.159295
109.242, 0.159292
109.405, 0.15929
109.569, 0.159287
109.732, 0.159284
109.896, 0.159282
110.061, 0.159279
110.225, 0.159276
110.388, 0.159274
110.552, 0.159271
110.715, 0.159269
110.879, 0.159266
111.042, 0.159263
111.206, 0.159261
111.369, 0.159258
111.533, 0.159256
111.696, 0.159253
111.86, 0.15925
112.024, 0.159248
112.187, 0.159245
112.35, 0.159243
112.514, 0.15924
112.678, 0.159238
112.841, 0.159235
113.005, 0.159233
113.168, 0.15923
113.332, 0.159228
113.495, 0.159225
113.659, 0.159223
113.822, 0.15922
113.986, 0.159218
114.149, 0.159215
114.313, 0.159213
114.476, 0.159211
114.64, 0.159208
114.803, 0.159206
114.968, 0.159203
115.131, 0.159201
115.295, 0.159198
115.458, 0.159196
115.622, 0.159194
115.785, 0.159191
115.949, 0.159189
116.112, 0.159187
116.276, 0.159184
116.439, 0.159182
116.603, 0.15918
116.766, 0.159177
116.93, 0.159175
117.093, 0.159173
117.257, 0.15917
117.42, 0.159168
117.584, 0.159166
117.747, 0.159163
117.911, 0.159161
118.074, 0.159159
118.238, 0.159157
118.401, 0.159154
118.565, 0.159152
118.728, 0.15915
118.892, 0.159148
119.056, 0.159145
119.219, 0.159143
119.382, 0.159141
119.546, 0.159139
119.71, 0.159136
119.873, 0.159134
120.04, 0.159132
120.205, 0.15913
120.368, 0.159128
120.532, 0.159125
120.696, 0.159123
120.859, 0.159121
121.023, 0.159119
121.186, 0.159117
121.35, 0.159115
121.513, 0.159113
121.677, 0.15911
121.84, 0.159108
122.004, 0.159106
122.167, 0.159104
122.331, 0.159102
122.494, 0.1591
122.658, 0.159098
122.822, 0.159096
122.985, 0.159094
123.149, 0.159092
123.312, 0.15909
123.476, 0.159087
123.639, 0.159085
123.803, 0.159083
123.966, 0.159081
124.13, 0.159079
124.293, 0.159077
124.457, 0.159075
124.62, 0.159073
124.784, 0.159071
124.957, 0.159069
125.121, 0.159067
125.285, 0.159065
125.448, 0.159063
125.612, 0.159061
125.776, 0.159059
125.939, 0.159057
126.103, 0.159055
126.266, 0.159053
126.43, 0.159051
126.593, 0.159049
126.757, 0.159047
126.92, 0.159046
127.084, 0.159044
127.247, 0.159042
127.411, 0.15904
127.574, 0.159038
127.738, 0.159036
127.902, 0.159034
128.065, 0.159032
128.229, 0.15903
128.392, 0.159028
128.556, 0.159026
128.719, 0.159025
128.883, 0.159023
129.046, 0.159021
129.21, 0.159019
129.373, 0.159017
129.537, 0.159015
129.7, 0.159013
129.864, 0.159012
130.028, 0.15901
130.192, 0.159008
130.356, 0.159006
130.52, 0.159004
130.683, 0.159002
130.847, 0.159001
131.01, 0.158999
131.174, 0.158997
131.337, 0.158995
131.501, 0.158993
131.665, 0.158992
131.829, 0.15899
131.992, 0.158988
132.156, 0.158986
132.319, 0.158985
132.483, 0.158983
132.646, 0.158981
132.81, 0.158979
132.973, 0.158978
133.137, 0.158976
133.3, 0.158974
133.464, 0.158972
133.627, 0.158971
133.791, 0.158969
133.954, 0.158967
134.118, 0.158965
134.282, 0.158964
134.445, 0.158962
134.609, 0.15896
134.772, 0.158959
134.936, 0.158957
135.099, 0.158955
135.263, 0.158954
135.426, 0.158952
135.59, 0.15895
135.753, 0.158949
135.917, 0.158947
136.08, 0.158945
136.244, 0.158944
136.407, 0.158942
136.571, 0.15894
136.734, 0.158939
136.898, 0.158937
137.062, 0.158935
137.225, 0.158934
137.389, 0.158932
137.552, 0.158931
137.716, 0.158929
137.879, 0.158927
138.043, 0.158926
138.206, 0.158924
138.37, 0.158922
138.533, 0.158921
138.697, 0.158919
138.86, 0.158918
139.024, 0.158916
139.187, 0.158915
139.351, 0.158913
139.514, 0.158911
139.678, 0.15891
139.841, 0.158908
140.005, 0.158907
140.17, 0.158905
140.333, 0.158904
140.497, 0.158902
140.66, 0.158901
140.824, 0.158899
140.987, 0.158897
141.151, 0.158896
141.315, 0.158894
141.478, 0.158893
141.641, 0.158891
141.805, 0.15889
141.969, 0.158888
142.132, 0.158887
142.296, 0.158885
142.459, 0.158884
142.623, 0.158882
142.786, 0.158881
142.95, 0.158879
143.113, 0.158878
143.277, 0.158876
143.44, 0.158875
143.604, 0.158874
143.767, 0.158872
143.931, 0.158871
144.094, 0.158869
144.258, 0.158868
144.421, 0.158866
144.585, 0.158865
144.748, 0.158863
144.912, 0.158862
145.075, 0.15886
145.239, 0.158859
145.402, 0.158858
145.566, 0.158856
145.729, 0.158855
145.893, 0.158853
146.056, 0.158852
146.22, 0.158851
146.383, 0.158849
146.547, 0.158848
146.71, 0.158846
146.874, 0.158845
147.037, 0.158844
147.201, 0.158842
147.364, 0.158841
147.528, 0.158839
147.691, 0.158838
147.855, 0.158837
148.018, 0.158835
148.182, 0.158834
148.345, 0.158833
148.509, 0.158831
148.672, 0.15883
148.836, 0.158828
149, 0.158827
149.163, 0.158826
149.327, 0.158824
149.49, 0.158823
149.654, 0.158822
149.817, 0.15882
149.981, 0.158819
150.145, 0.158818
150.309, 0.158816
150.473, 0.158815
150.636, 0.158814
150.8, 0.158812
150.963, 0.158811
151.127, 0.15881
151.29, 0.158809
151.454, 0.158807
151.617, 0.158806
151.781, 0.158805
151.945, 0.158803
152.108, 0.158802
152.272, 0.158801
152.435, 0.158799
152.599, 0.158798
152.762, 0.158797
152.926, 0.158796
153.089, 0.158794
153.253, 0.158793
153.416, 0.158792
153.58, 0.158791
153.743, 0.158789
153.907, 0.158788
154.07, 0.158787
154.234, 0.158786
154.397, 0.158784
154.561, 0.158783
154.724, 0.158782
154.888, 0.158781
155.051, 0.158779
155.215, 0.158778
155.378, 0.158777
155.542, 0.158776
155.705, 0.158774
155.869, 0.158773
156.032, 0.158772
156.197, 0.158771
156.361, 0.15877
156.524, 0.158768
156.688, 0.158767
156.851, 0.158766
157.015, 0.158765
157.178, 0.158764
157.342, 0.158762
157.505, 0.158761
157.669, 0.15876
157.832, 0.158759
157.996, 0.158758
158.159, 0.158756
158.323, 0.158755
158.486, 0.158754
158.65, 0.158753
158.814, 0.158752
158.977, 0.158751
159.141, 0.158749
159.304, 0.158748
159.468, 0.158747
159.631, 0.158746
159.795, 0.158745
159.959, 0.158744
160.129, 0.158743
160.293, 0.158741
160.456, 0.15874
160.62, 0.158739
160.783, 0.158738
160.947, 0.158737
161.11, 0.158736
161.274, 0.158735
161.437, 0.158733
161.601, 0.158732
161.764, 0.158731
161.928, 0.15873
162.091, 0.158729
162.255, 0.158728
162.418, 0.158727
162.582, 0.158726
162.745, 0.158725
162.909, 0.158723
163.073, 0.158722
163.236, 0.158721
163.4, 0.15872
163.563, 0.158719
163.727, 0.158718
163.89, 0.158717
164.054, 0.158716
164.217, 0.158715
164.381, 0.158714
164.544, 0.158713
164.708, 0.158711
164.871, 0.15871
165.035, 0.158709
165.198, 0.158708
165.362, 0.158707
165.525, 0.158706
165.689, 0.158705
165.852, 0.158704
166.016, 0.158703
166.18, 0.158702
166.343, 0.158701
166.507, 0.1587
166.67, 0.158699
166.834, 0.158698
166.997, 0.158697
167.161, 0.158696
167.324, 0.158695
167.488, 0.158694
167.651, 0.158692
167.815, 0.158691
167.979, 0.15869
168.143, 0.158689
168.307, 0.158688
168.47, 0.158687
168.634, 0.158686
168.797, 0.158685
168.961, 0.158684
169.125, 0.158683
169.288, 0.158682
169.452, 0.158681
169.615, 0.15868
169.778, 0.158679
169.942, 0.158678
170.109, 0.158677
170.272, 0.158676
170.436, 0.158675
170.599, 0.158674
170.763, 0.158673
170.927, 0.158672
171.09, 0.158671
171.254, 0.15867
171.417, 0.158669
171.581, 0.158668
171.744, 0.158667
171.908, 0.158666
172.071, 0.158665
172.235, 0.158665
172.398, 0.158664
172.562, 0.158663
172.725, 0.158662
172.889, 0.158661
173.052, 0.15866
173.216, 0.158659
173.379, 0.158658
173.543, 0.158657
173.706, 0.158656
173.87, 0.158655
174.033, 0.158654
174.197, 0.158653
174.36, 0.158652
174.524, 0.158651
174.688, 0.15865
174.851, 0.158649
175.015, 0.158648
175.178, 0.158647
175.342, 0.158646
175.505, 0.158646
175.669, 0.158645
175.832, 0.158644
175.996, 0.158643
176.159, 0.158642
176.323, 0.158641
176.486, 0.15864
176.65, 0.158639
176.813, 0.158638
176.977, 0.158637
177.14, 0.158636
177.304, 0.158635
177.467, 0.158635
177.631, 0.158634
177.794, 0.158633
177.958, 0.158632
178.121, 0.158631
178.285, 0.15863
178.448, 0.158629
178.612, 0.158628
178.776, 0.158627
178.939, 0.158626
179.103, 0.158626
179.266, 0.158625
179.43, 0.158624
179.593, 0.158623
179.757, 0.158622
179.92, 0.158621
180.094, 0.15862
180.259, 0.158619
180.422, 0.158619
180.586, 0.158618
180.749, 0.158617
180.913, 0.158616
181.076, 0.158615
181.24, 0.158614
181.403, 0.158613
181.567, 0.158613
181.73, 0.158612
181.894, 0.158611
182.058, 0.15861
182.221, 0.158609
182.385, 0.158608
182.548, 0.158607
182.712, 0.158607
182.875, 0.158606
183.039, 0.158605
183.202, 0.158604
183.366, 0.158603
183.53, 0.158602
183.693, 0.158602
183.857, 0.158601
184.02, 0.1586
184.184, 0.158599
184.347, 0.158598
184.511, 0.158597
184.674, 0.158597
184.838, 0.158596
185.001, 0.158595
185.165, 0.158594
185.328, 0.158593
185.492, 0.158592
185.655, 0.158592
185.819, 0.158591
185.982, 0.15859
186.146, 0.158589
186.309, 0.158588
186.473, 0.158588
186.636, 0.158587
186.8, 0.158586
186.963, 0.158585
187.127, 0.158584
187.29, 0.158584
187.454, 0.158583
187.617, 0.158582
187.781, 0.158581
187.945, 0.15858
188.109, 0.15858
188.273, 0.158579
188.436, 0.158578
188.6, 0.158577
188.764, 0.158577
188.928, 0.158576
189.091, 0.158575
189.255, 0.158574
189.418, 0.158573
189.582, 0.158573
189.745, 0.158572
189.909, 0.158571
190.077, 0.15857
190.242, 0.15857
190.405, 0.158569
190.569, 0.158568
190.732, 0.158567
190.896, 0.158566
191.059, 0.158566
191.224, 0.158565
191.388, 0.158564
191.551, 0.158563
191.714, 0.158563
191.878, 0.158562
192.042, 0.158561
192.205, 0.15856
192.369, 0.15856
192.532, 0.158559
192.696, 0.158558
192.859, 0.158557
193.023, 0.158557
193.186, 0.158556
193.35, 0.158555
193.513, 0.158554
193.677, 0.158554
193.841, 0.158553
194.004, 0.158552
194.168, 0.158552
194.331, 0.158551
194.495, 0.15855
194.658, 0.158549
194.822, 0.158549
194.985, 0.158548
195.149, 0.158547
195.312, 0.158546
195.476, 0.158546
195.639, 0.158545
195.803, 0.158544
195.966, 0.158544
196.13, 0.158543
196.294, 0.158542
196.457, 0.158541
196.621, 0.158541
196.784, 0.15854
196.948, 0.158539
197.111, 0.158539
197.275, 0.158538
197.438, 0.158537
197.602, 0.158536
197.765, 0.158536
197.929, 0.158535
198.092, 0.158534
198.256, 0.158534
198.419, 0.158533
198.583, 0.158532
198.746, 0.158532
198.91, 0.158531
199.074, 0.15853
199.237, 0.158529
199.401, 0.158529
199.564, 0.158528
199.728, 0.158527
199.891, 0.158527
200.055, 0.158526
200.218, 0.158525
200.382, 0.158525
200.545, 0.158524
200.709, 0.158523
200.872, 0.158523
201.036, 0.158522
201.199, 0.158521
201.363, 0.158521
201.526, 0.15852
201.69, 0.158519
201.853, 0.158519
202.017, 0.158518
202.18, 0.158517
202.344, 0.158517
202.507, 0.158516
202.671, 0.158515
202.835, 0.158515
202.998, 0.158514
203.162, 0.158513
203.325, 0.158513
203.489, 0.158512
203.652, 0.158511
203.816, 0.158511
203.979, 0.15851
204.143, 0.158509
204.306, 0.158509
204.47, 0.158508
204.633, 0.158507
204.797, 0.158507
204.96, 0.158506
205.124, 0.158505
205.287, 0.158505
205.451, 0.158504
205.614, 0.158504
205.778, 0.158503
205.941, 0.158502
206.105, 0.158502
206.268, 0.158501
206.432, 0.1585
206.595, 0.1585
206.759, 0.158499
206.923, 0.158498
207.086, 0.158498
207.25, 0.158497
207.413, 0.158497
207.577, 0.158496
207.74, 0.158495
207.904, 0.158495
208.067, 0.158494
208.231, 0.158493
208.394, 0.158493
208.558, 0.158492
208.721, 0.158492
208.885, 0.158491
209.048, 0.15849
209.212, 0.15849
209.375, 0.158489
209.539, 0.158488
209.702, 0.158488
209.866, 0.158487
210.032, 0.158487
210.198, 0.158486
210.361, 0.158485
210.525, 0.158485
210.689, 0.158484
210.852, 0.158484
211.016, 0.158483
211.179, 0.158482
211.343, 0.158482
211.507, 0.158481
211.67, 0.158481
211.834, 0.15848
211.997, 0.158479
212.161, 0.158479
212.324, 0.158478
212.488, 0.158478
212.651, 0.158477
212.815, 0.158476
212.978, 0.158476
213.142, 0.158475
213.305, 0.158475
213.469, 0.158474
213.632, 0.158474
213.796, 0.158473
213.96, 0.158472
214.123, 0.158472
214.287, 0.158471
214.45, 0.158471
214.614, 0.15847
214.778, 0.158469
214.951, 0.158469
215.115, 0.158468
215.279, 0.158468
215.442, 0.158467
215.606, 0.158467
215.77, 0.158466
215.933, 0.158465
216.097, 0.158465
216.26, 0.158464
216.424, 0.158464
216.587, 0.158463
216.751, 0.158463
216.914, 0.158462
217.078, 0.158461
217.241, 0.158461
217.405, 0.15846
217.568, 0.15846
217.732, 0.158459
217.895, 0.158459
218.059, 0.158458
218.223, 0.158458
218.386, 0.158457
218.55, 0.158456
218.713, 0.158456
218.877, 0.158455
219.04, 0.158455
219.204, 0.158454
219.368, 0.158454
219.531, 0.158453
219.695, 0.158453
219.858, 0.158452
220.022, 0.158451
220.187, 0.158451
220.351, 0.15845
220.514, 0.15845
220.678, 0.158449
220.841, 0.158449
221.005, 0.158448
221.168, 0.158448
221.332, 0.158447
221.495, 0.158447
221.659, 0.158446
221.822, 0.158446
221.986, 0.158445
222.15, 0.158444
222.313, 0.158444
222.477, 0.158443
222.64, 0.158443
222.804, 0.158442
222.967, 0.158442
223.131, 0.158441
223.294, 0.158441
223.458, 0.15844
223.621, 0.15844
223.785, 0.158439
223.948, 0.158439
224.112, 0.158438
224.276, 0.158438
224.439, 0.158437
224.603, 0.158437
224.766, 0.158436
224.93, 0.158436
225.093, 0.158435
225.257, 0.158435
225.42, 0.158434
225.584, 0.158433
225.747, 0.158433
225.911, 0.158432
226.075, 0.158432
226.294, 0.158431
226.497, 0.158431
226.697, 0.15843
226.861, 0.15843
227.026, 0.158429
227.19, 0.158429
227.354, 0.158428
227.518, 0.158428
227.682, 0.158427
227.846, 0.158427
228.011, 0.158426
228.175, 0.158426
228.339, 0.158425
228.504, 0.158425
