0, 2.60896
0.000988288, 2.60896
0.00234067, 2.60763
0.00325573, 2.60656
0.00435053, 2.60574
0.00528275, 2.60507
0.00616513, 2.60453
0.00705852, 2.60409
0.00788785, 2.60372
0.00883096, 2.60342
0.010002, 2.60316
0.0110255, 2.60294
0.0119858, 2.60276
0.0129438, 2.60261
0.0137576, 2.60247
0.0145633, 2.60236
0.0153605, 2.60226
0.0161622, 2.60218
0.0169601, 2.6021
0.0179002, 2.60204
0.0190213, 2.60198
0.0203036, 2.60193
0.0211756, 2.60189
0.0219865, 2.60185
0.0228416, 2.60182
0.0236444, 2.60179
0.0244849, 2.60176
0.0252746, 2.60174
0.0260847, 2.60172
0.0269034, 2.6017
0.0277111, 2.60168
0.0285263, 2.60167
0.0295854, 2.60165
0.0303839, 2.60164
0.0311673, 2.60163
0.0319581, 2.60162
0.0328396, 2.60161
0.0338896, 2.6016
0.0346854, 2.60159
0.0354876, 2.60159
0.0362767, 2.60158
0.0370729, 2.60158
0.037871, 2.60157
0.038683, 2.60157
0.039662, 2.60156
0.0409624, 2.60156
0.0418005, 2.60155
0.0426052, 2.60155
0.0434001, 2.60155
0.0441881, 2.60154
0.0449755, 2.60154
0.045764, 2.60154
