0, 2.60896
0.0378578, 2.6078
0.0450801, 2.60685
0.0519926, 2.60608
0.0587871, 2.60543
0.0652789, 2.6049
0.0716586, 2.60445
0.077898, 2.60407
0.0838966, 2.60375
0.0898091, 2.60347
0.0955154, 2.60323
0.101171, 2.60303
0.104867, 2.60285
0.108549, 2.6027
0.112246, 2.60257
0.115794, 2.60245
0.119347, 2.60235
0.12288, 2.60226
0.126313, 2.60219
0.129718, 2.60212
0.133116, 2.60206
0.13647, 2.602
0.139746, 2.60195
0.143019, 2.60191
0.146283, 2.60187
0.149446, 2.60184
0.152613, 2.60181
0.155773, 2.60178
0.158855, 2.60176
0.1619, 2.60174
0.164949, 2.60172
0.167996, 2.6017
0.170974, 2.60168
0.17393, 2.60167
0.176901, 2.60165
0.179838, 2.60164
0.182694, 2.60163
0.18557, 2.60162
0.188446, 2.60161
0.191267, 2.60161
0.194072, 2.6016
0.196861, 2.60159
0.199654, 2.60158
0.202374, 2.60158
0.205079, 2.60157
0.207764, 2.60157
0.21047, 2.60156
0.213137, 2.60156
0.215763, 2.60156
0.218416, 2.60155
0.219831, 2.60155
0.22122, 2.60155
0.222684, 2.60154
0.224092, 2.60154
0.225528, 2.60154
0.226896, 2.60154
