3.80766e-17, -1.14988e-16
0.05, -1.36136e-17
0.1, 7.83737e-19
0.15, 1.66938e-17
0.2, -2.53753e-17
0.25, -2.82356e-17
0.3, -4.42484e-17
0.35, 9.16025e-19
0.4, -6.86952e-18
0.45, 1.04504e-17
0.5, 2.48377e-17
0.55, 3.29756e-17
0.6, -1.4171e-17
0.65, -1.03189e-17
0.7, 2.19415e-17
0.75, 4.47322e-17
0.8, -2.44324e-17
0.85, 4.74191e-19
0.9, -3.14552e-18
0.95, -6.28436e-18
1, -2.04026e-17
-6.2238e-18, 0.05
0.0497793, 0.0497793
0.0989832, 0.048895
0.148807, 0.0488156
0.199319, 0.0495463
0.250005, 0.0505237
0.300459, 0.0513031
0.350568, 0.0517335
0.400416, 0.0518614
0.4502, 0.051856
0.5, 0.0518489
0.5498, 0.051856
0.599584, 0.0518614
0.649432, 0.0517335
0.699541, 0.0513031
0.749995, 0.0505237
0.800681, 0.0495463
0.851193, 0.0488156
0.901017, 0.048895
0.950221, 0.0497793
1, 0.05
-8.77272e-18, 0.1
0.048895, 0.0989832
0.0985077, 0.0985077
0.149046, 0.0991388
0.2, 0.100435
0.250747, 0.101657
0.300992, 0.102317
0.350802, 0.102351
0.400451, 0.102048
0.450195, 0.101751
0.5, 0.101636
0.549805, 0.101751
0.599549, 0.102048
0.649198, 0.102351
0.699008, 0.102317
0.749253, 0.101657
0.8, 0.100435
0.850954, 0.0991388
0.901492, 0.0985077
0.951105, 0.0989832
1, 0.1
2.38793e-17, 0.15
0.0488156, 0.148807
0.0991388, 0.149046
0.150182, 0.150182
0.201048, 0.151408
0.251236, 0.152001
0.300846, 0.151743
0.350291, 0.150979
0.399966, 0.15022
0.449917, 0.149736
0.5, 0.149573
0.550083, 0.149736
0.600034, 0.15022
0.649709, 0.150979
0.699154, 0.151743
0.748764, 0.152001
0.798952, 0.151408
0.849818, 0.150182
0.900861, 0.149046
0.951184, 0.148807
1, 0.15
1.32987e-17, 0.2
0.0495463, 0.199319
0.100435, 0.2
0.151408, 0.201048
0.201533, 0.201533
0.250794, 0.201058
0.299909, 0.200039
0.349453, 0.199183
0.399481, 0.198789
0.449721, 0.198718
0.5, 0.198728
0.550279, 0.198718
0.600519, 0.198789
0.650547, 0.199183
0.700091, 0.200039
0.749206, 0.201058
0.798467, 0.201533
0.848592, 0.201048
0.899565, 0.2
0.950454, 0.199319
1, 0.2
1.85688e-17, 0.25
0.0505237, 0.250005
0.101657, 0.250747
0.152001, 0.251236
0.201058, 0.250794
0.249732, 0.249732
0.299088, 0.248954
0.349229, 0.248906
0.399647, 0.249371
0.449922, 0.249885
0.5, 0.250097
0.550078, 0.249885
0.600353, 0.249371
0.650771, 0.248906
0.700912, 0.248954
0.750268, 0.249732
0.798942, 0.250794
0.847999, 0.251236
0.898343, 0.250747
0.949476, 0.250005
1, 0.25
-3.24534e-17, 0.3
0.0513031, 0.300459
0.102317, 0.300992
0.151743, 0.300846
0.200039, 0.299909
0.248954, 0.299088
0.299128, 0.299128
0.349898, 0.299933
0.400429, 0.300939
0.450399, 0.301647
0.5, 0.301883
0.549601, 0.301647
0.599571, 0.300939
0.650102, 0.299933
0.700872, 0.299128
0.751046, 0.299088
0.799961, 0.299909
0.848257, 0.300846
0.897683, 0.300992
0.948697, 0.300459
1, 0.3
-1.49616e-17, 0.35
0.0517335, 0.350568
0.102351, 0.350802
0.150979, 0.350291
0.199183, 0.349453
0.248906, 0.349229
0.299933, 0.349898
0.350984, 0.350984
0.40118, 0.351757
0.450653, 0.351909
0.5, 0.351843
0.549347, 0.351909
0.59882, 0.351757
0.649016, 0.350984
0.700067, 0.349898
0.751094, 0.349229
0.800817, 0.349453
0.849021, 0.350291
0.897649, 0.350802
0.948266, 0.350568
1, 0.35
2.29859e-20, 0.4
0.0518614, 0.400416
0.102048, 0.400451
0.15022, 0.399966
0.198789, 0.399481
0.249371, 0.399647
0.300939, 0.400429
0.351757, 0.40118
0.401157, 0.401157
0.450245, 0.40047
0.5, 0.400078
0.549755, 0.40047
0.598843, 0.401157
0.648243, 0.40118
0.699061, 0.400429
0.750629, 0.399647
0.801211, 0.399481
0.84978, 0.399966
0.897952, 0.400451
0.948139, 0.400416
1, 0.4
3.03313e-17, 0.45
0.051856, 0.4502
0.101751, 0.450195
0.149736, 0.449917
0.198718, 0.449721
0.249885, 0.449922
0.301647, 0.450399
0.351909, 0.450653
0.40047, 0.450245
0.449568, 0.449568
0.5, 0.449276
0.550432, 0.449568
0.59953, 0.450245
0.648091, 0.450653
0.698353, 0.450399
0.750115, 0.449922
0.801282, 0.449721
0.850264, 0.449917
0.898249, 0.450195
0.948144, 0.4502
1, 0.45
-1.86006e-17, 0.5
0.0518489, 0.5
0.101636, 0.5
0.149573, 0.5
0.198728, 0.5
0.250097, 0.5
0.301883, 0.5
0.351843, 0.5
0.400078, 0.5
0.449276, 0.5
0.5, 0.5
0.550724, 0.5
0.599922, 0.5
0.648157, 0.5
0.698117, 0.5
0.749903, 0.5
0.801272, 0.5
0.850427, 0.5
0.898364, 0.5
0.948151, 0.5
1, 0.5
3.70942e-17, 0.55
0.051856, 0.5498
0.101751, 0.549805
0.149736, 0.550083
0.198718, 0.550279
0.249885, 0.550078
0.301647, 0.549601
0.351909, 0.549347
0.40047, 0.549755
0.449568, 0.550432
0.5, 0.550724
0.550432, 0.550432
0.59953, 0.549755
0.648091, 0.549347
0.698353, 0.549601
0.750115, 0.550078
0.801282, 0.550279
0.850264, 0.550083
0.898249, 0.549805
0.948144, 0.5498
1, 0.55
-3.4756e-17, 0.6
0.0518614, 0.599584
0.102048, 0.599549
0.15022, 0.600034
0.198789, 0.600519
0.249371, 0.600353
0.300939, 0.599571
0.351757, 0.59882
0.401157, 0.598843
0.450245, 0.59953
0.5, 0.599922
0.549755, 0.59953
0.598843, 0.598843
0.648243, 0.59882
0.699061, 0.599571
0.750629, 0.600353
0.801211, 0.600519
0.84978, 0.600034
0.897952, 0.599549
0.948139, 0.599584
1, 0.6
6.96531e-18, 0.65
0.0517335, 0.649432
0.102351, 0.649198
0.150979, 0.649709
0.199183, 0.650547
0.248906, 0.650771
0.299933, 0.650102
0.350984, 0.649016
0.40118, 0.648243
0.450653, 0.648091
0.5, 0.648157
0.549347, 0.648091
0.59882, 0.648243
0.649016, 0.649016
0.700067, 0.650102
0.751094, 0.650771
0.800817, 0.650547
0.849021, 0.649709
0.897649, 0.649198
0.948266, 0.649432
1, 0.65
4.62479e-18, 0.7
0.0513031, 0.699541
0.102317, 0.699008
0.151743, 0.699154
0.200039, 0.700091
0.248954, 0.700912
0.299128, 0.700872
0.349898, 0.700067
0.400429, 0.699061
0.450399, 0.698353
0.5, 0.698117
0.549601, 0.698353
0.599571, 0.699061
0.650102, 0.700067
0.700872, 0.700872
0.751046, 0.700912
0.799961, 0.700091
0.848257, 0.699154
0.897683, 0.699008
0.948697, 0.699541
1, 0.7
8.52827e-18, 0.75
0.0505237, 0.749995
0.101657, 0.749253
0.152001, 0.748764
0.201058, 0.749206
0.249732, 0.750268
0.299088, 0.751046
0.349229, 0.751094
0.399647, 0.750629
0.449922, 0.750115
0.5, 0.749903
0.550078, 0.750115
0.600353, 0.750629
0.650771, 0.751094
0.700912, 0.751046
0.750268, 0.750268
0.798942, 0.749206
0.847999, 0.748764
0.898343, 0.749253
0.949476, 0.749995
1, 0.75
-6.73674e-18, 0.8
0.0495463, 0.800681
0.100435, 0.8
0.151408, 0.798952
0.201533, 0.798467
0.250794, 0.798942
0.299909, 0.799961
0.349453, 0.800817
0.399481, 0.801211
0.449721, 0.801282
0.5, 0.801272
0.550279, 0.801282
0.600519, 0.801211
0.650547, 0.800817
0.700091, 0.799961
0.749206, 0.798942
0.798467, 0.798467
0.848592, 0.798952
0.899565, 0.8
0.950454, 0.800681
1, 0.8
-7.02802e-18, 0.85
0.0488156, 0.851193
0.0991388, 0.850954
0.150182, 0.849818
0.201048, 0.848592
0.251236, 0.847999
0.300846, 0.848257
0.350291, 0.849021
0.399966, 0.84978
0.449917, 0.850264
0.5, 0.850427
0.550083, 0.850264
0.600034, 0.84978
0.649709, 0.849021
0.699154, 0.848257
0.748764, 0.847999
0.798952, 0.848592
0.849818, 0.849818
0.900861, 0.850954
0.951184, 0.851193
1, 0.85
-4.0488e-17, 0.9
0.048895, 0.901017
0.0985077, 0.901492
0.149046, 0.900861
0.2, 0.899565
0.250747, 0.898343
0.300992, 0.897683
0.350802, 0.897649
0.400451, 0.897952
0.450195, 0.898249
0.5, 0.898364
0.549805, 0.898249
0.599549, 0.897952
0.649198, 0.897649
0.699008, 0.897683
0.749253, 0.898343
0.8, 0.899565
0.850954, 0.900861
0.901492, 0.901492
0.951105, 0.901017
1, 0.9
-1.92435e-17, 0.95
0.0497793, 0.950221
0.0989832, 0.951105
0.148807, 0.951184
0.199319, 0.950454
0.250005, 0.949476
0.300459, 0.948697
0.350568, 0.948266
0.400416, 0.948139
0.4502, 0.948144
0.5, 0.948151
0.5498, 0.948144
0.599584, 0.948139
0.649432, 0.948266
0.699541, 0.948697
0.749995, 0.949476
0.800681, 0.950454
0.851193, 0.951184
0.901017, 0.951105
0.950221, 0.950221
1, 0.95
0, 1
0.05, 1
0.1, 1
0.15, 1
0.2, 1
0.25, 1
0.3, 1
0.35, 1
0.4, 1
0.45, 1
0.5, 1
0.55, 1
0.6, 1
0.65, 1
0.7, 1
0.75, 1
0.8, 1
0.85, 1
0.9, 1
0.95, 1
1, 1
0.0252267, 0.0252267
0.0747584, 0.0247232
0.124316, 0.024222
0.174331, 0.0242664
0.224701, 0.0247534
0.275071, 0.0253147
0.325267, 0.0257428
0.375277, 0.0259908
0.425165, 0.0260873
0.475054, 0.0261066
0.524946, 0.0261066
0.574835, 0.0260873
0.624723, 0.0259908
0.674733, 0.0257428
0.724929, 0.0253147
0.775299, 0.0247534
0.825669, 0.0242664
0.875684, 0.024222
0.925242, 0.0247232
0.974773, 0.0252267
0.0247232, 0.0747584
0.0738966, 0.0738966
0.123597, 0.0735626
0.174144, 0.074277
0.225009, 0.0755075
0.275637, 0.0766019
0.325816, 0.077227
0.375627, 0.077375
0.425344, 0.0772925
0.475111, 0.0772122
0.524889, 0.0772122
0.574656, 0.0772925
0.624373, 0.077375
0.674184, 0.077227
0.724363, 0.0766019
0.774991, 0.0755075
0.825856, 0.074277
0.876403, 0.0735626
0.926103, 0.0738966
0.975277, 0.0747584
0.024222, 0.124316
0.0735626, 0.123597
0.124059, 0.124059
0.175095, 0.12532
0.225913, 0.126594
0.276114, 0.127257
0.325822, 0.127167
0.375378, 0.126637
0.425123, 0.126073
0.475026, 0.125738
0.524974, 0.125738
0.574877, 0.126073
0.624622, 0.126637
0.674178, 0.127167
0.723886, 0.127257
0.774087, 0.126594
0.824905, 0.12532
0.875941, 0.124059
0.926437, 0.123597
0.975778, 0.124316
0.0242664, 0.174331
0.074277, 0.174144
0.12532, 0.175095
0.176247, 0.176247
0.226349, 0.176756
0.275758, 0.176356
0.32509, 0.175427
0.374729, 0.174539
0.424724, 0.173996
0.474892, 0.173772
0.525108, 0.173772
0.575276, 0.173996
0.625271, 0.174539
0.67491, 0.175427
0.724242, 0.176356
0.773651, 0.176756
0.823753, 0.176247
0.87468, 0.175095
0.925723, 0.174144
0.975734, 0.174331
0.0247534, 0.224701
0.0755075, 0.225009
0.126594, 0.225913
0.176756, 0.226349
0.225841, 0.225841
0.274779, 0.224801
0.324263, 0.223967
0.374343, 0.223725
0.424645, 0.223899
0.474899, 0.224109
0.525101, 0.224109
0.575355, 0.223899
0.625657, 0.223725
0.675737, 0.223967
0.725221, 0.224801
0.774159, 0.225841
0.823244, 0.226349
0.873406, 0.225913
0.924493, 0.225009
0.975247, 0.224701
0.0253147, 0.275071
0.0766019, 0.275637
0.127257, 0.276114
0.176356, 0.275758
0.224801, 0.274779
0.273992, 0.273992
0.324192, 0.274022
0.37479, 0.274716
0.425149, 0.275532
0.475107, 0.276036
0.524893, 0.276036
0.574851, 0.275532
0.62521, 0.274716
0.675808, 0.274022
0.726008, 0.273992
0.775199, 0.274779
0.823644, 0.275758
0.872743, 0.276114
0.923398, 0.275637
0.974685, 0.275071
0.0257428, 0.325267
0.077227, 0.325816
0.127167, 0.325822
0.175427, 0.32509
0.223967, 0.324263
0.274022, 0.324192
0.325001, 0.325001
0.375785, 0.326112
0.425807, 0.326917
0.475306, 0.327242
0.524694, 0.327242
0.574193, 0.326917
0.624215, 0.326112
0.674999, 0.325001
0.725978, 0.324192
0.776033, 0.324263
0.824573, 0.32509
0.872833, 0.325822
0.922773, 0.325816
0.974257, 0.325267
0.0259908, 0.375277
0.077375, 0.375627
0.126637, 0.375378
0.174539, 0.374729
0.223725, 0.374343
0.274716, 0.37479
0.326112, 0.375785
0.376525, 0.376525
0.425857, 0.376509
0.475196, 0.376132
0.524804, 0.376132
0.574143, 0.376509
0.623475, 0.376525
0.673888, 0.375785
0.725284, 0.37479
0.776275, 0.374343
0.825461, 0.374729
0.873363, 0.375378
0.922625, 0.375627
0.974009, 0.375277
0.0260873, 0.425165
0.0772925, 0.425344
0.126073, 0.425123
0.173996, 0.424724
0.223899, 0.424645
0.275532, 0.425149
0.326917, 0.425807
0.376509, 0.425857
0.425205, 0.425205
0.474836, 0.424495
0.525164, 0.424495
0.574795, 0.425205
0.623491, 0.425857
0.673083, 0.425807
0.724468, 0.425149
0.776101, 0.424645
0.826004, 0.424724
0.873927, 0.425123
0.922707, 0.425344
0.973913, 0.425165
0.0261066, 0.475054
0.0772122, 0.475111
0.125738, 0.475026
0.173772, 0.474892
0.224109, 0.474899
0.276036, 0.475107
0.327242, 0.475306
0.376132, 0.475196
0.424495, 0.474836
0.47454, 0.47454
0.52546, 0.47454
0.575505, 0.474836
0.623868, 0.475196
0.672758, 0.475306
0.723964, 0.475107
0.775891, 0.474899
0.826228, 0.474892
0.874262, 0.475026
0.922788, 0.475111
0.973893, 0.475054
0.0261066, 0.524946
0.0772122, 0.524889
0.125738, 0.524974
0.173772, 0.525108
0.224109, 0.525101
0.276036, 0.524893
0.327242, 0.524694
0.376132, 0.524804
0.424495, 0.525164
0.47454, 0.52546
0.52546, 0.52546
0.575505, 0.525164
0.623868, 0.524804
0.672758, 0.524694
0.723964, 0.524893
0.775891, 0.525101
0.826228, 0.525108
0.874262, 0.524974
0.922788, 0.524889
0.973893, 0.524946
0.0260873, 0.574835
0.0772925, 0.574656
0.126073, 0.574877
0.173996, 0.575276
0.223899, 0.575355
0.275532, 0.574851
0.326917, 0.574193
0.376509, 0.574143
0.425205, 0.574795
0.474836, 0.575505
0.525164, 0.575505
0.574795, 0.574795
0.623491, 0.574143
0.673083, 0.574193
0.724468, 0.574851
0.776101, 0.575355
0.826004, 0.575276
0.873927, 0.574877
0.922707, 0.574656
0.973913, 0.574835
0.0259908, 0.624723
0.077375, 0.624373
0.126637, 0.624622
0.174539, 0.625271
0.223725, 0.625657
0.274716, 0.62521
0.326112, 0.624215
0.376525, 0.623475
0.425857, 0.623491
0.475196, 0.623868
0.524804, 0.623868
0.574143, 0.623491
0.623475, 0.623475
0.673888, 0.624215
0.725284, 0.62521
0.776275, 0.625657
0.825461, 0.625271
0.873363, 0.624622
0.922625, 0.624373
0.974009, 0.624723
0.0257428, 0.674733
0.077227, 0.674184
0.127167, 0.674178
0.175427, 0.67491
0.223967, 0.675737
0.274022, 0.675808
0.325001, 0.674999
0.375785, 0.673888
0.425807, 0.673083
0.475306, 0.672758
0.524694, 0.672758
0.574193, 0.673083
0.624215, 0.673888
0.674999, 0.674999
0.725978, 0.675808
0.776033, 0.675737
0.824573, 0.67491
0.872833, 0.674178
0.922773, 0.674184
0.974257, 0.674733
0.0253147, 0.724929
0.0766019, 0.724363
0.127257, 0.723886
0.176356, 0.724242
0.224801, 0.725221
0.273992, 0.726008
0.324192, 0.725978
0.37479, 0.725284
0.425149, 0.724468
0.475107, 0.723964
0.524893, 0.723964
0.574851, 0.724468
0.62521, 0.725284
0.675808, 0.725978
0.726008, 0.726008
0.775199, 0.725221
0.823644, 0.724242
0.872743, 0.723886
0.923398, 0.724363
0.974685, 0.724929
0.0247534, 0.775299
0.0755075, 0.774991
0.126594, 0.774087
0.176756, 0.773651
0.225841, 0.774159
0.274779, 0.775199
0.324263, 0.776033
0.374343, 0.776275
0.424645, 0.776101
0.474899, 0.775891
0.525101, 0.775891
0.575355, 0.776101
0.625657, 0.776275
0.675737, 0.776033
0.725221, 0.775199
0.774159, 0.774159
0.823244, 0.773651
0.873406, 0.774087
0.924493, 0.774991
0.975247, 0.775299
0.0242664, 0.825669
0.074277, 0.825856
0.12532, 0.824905
0.176247, 0.823753
0.226349, 0.823244
0.275758, 0.823644
0.32509, 0.824573
0.374729, 0.825461
0.424724, 0.826004
0.474892, 0.826228
0.525108, 0.826228
0.575276, 0.826004
0.625271, 0.825461
0.67491, 0.824573
0.724242, 0.823644
0.773651, 0.823244
0.823753, 0.823753
0.87468, 0.824905
0.925723, 0.825856
0.975734, 0.825669
0.024222, 0.875684
0.0735626, 0.876403
0.124059, 0.875941
0.175095, 0.87468
0.225913, 0.873406
0.276114, 0.872743
0.325822, 0.872833
0.375378, 0.873363
0.425123, 0.873927
0.475026, 0.874262
0.524974, 0.874262
0.574877, 0.873927
0.624622, 0.873363
0.674178, 0.872833
0.723886, 0.872743
0.774087, 0.873406
0.824905, 0.87468
0.875941, 0.875941
0.926437, 0.876403
0.975778, 0.875684
0.0247232, 0.925242
0.0738966, 0.926103
0.123597, 0.926437
0.174144, 0.925723
0.225009, 0.924493
0.275637, 0.923398
0.325816, 0.922773
0.375627, 0.922625
0.425344, 0.922707
0.475111, 0.922788
0.524889, 0.922788
0.574656, 0.922707
0.624373, 0.922625
0.674184, 0.922773
0.724363, 0.923398
0.774991, 0.924493
0.825856, 0.925723
0.876403, 0.926437
0.926103, 0.926103
0.975277, 0.925242
0.0252267, 0.974773
0.0747584, 0.975277
0.124316, 0.975778
0.174331, 0.975734
0.224701, 0.975247
0.275071, 0.974685
0.325267, 0.974257
0.375277, 0.974009
0.425165, 0.973913
0.475054, 0.973893
0.524946, 0.973893
0.574835, 0.973913
0.624723, 0.974009
0.674733, 0.974257
0.724929, 0.974685
0.775299, 0.975247
0.825669, 0.975734
0.875684, 0.975778
0.925242, 0.975277
0.974773, 0.974773
