0, 1.86883e+06
0.807487, 7.86643
1.21322, 7.86441
1.61159, 7.8625
1.84092, 7.8607
2.07043, 7.859
2.29999, 7.85738
2.52943, 7.85585
2.7591, 7.8544
2.99099, 7.85301
3.2219, 7.8517
3.58664, 7.85045
3.83553, 7.84926
4.06538, 7.84813
4.29582, 7.84705
4.68362, 7.84602
4.91368, 7.84504
5.30153, 7.84411
5.53199, 7.84321
5.9201, 7.84236
6.16192, 7.84155
6.54986, 7.84078
6.93797, 7.84003
7.18088, 7.83933
7.56952, 7.83865
7.95758, 7.838
8.36445, 7.83738
8.60677, 7.83679
8.99137, 7.83623
9.39395, 7.83568
9.78449, 7.83517
10.1617, 7.83467
10.5505, 7.83419
10.9395, 7.83374
11.3288, 7.8333
11.7065, 7.83288
12.0835, 7.83248
12.4606, 7.8321
12.8373, 7.83173
13.2146, 7.83137
13.5926, 7.83103
13.9816, 7.83071
14.517, 7.83039
14.8944, 7.83009
15.2845, 7.8298
15.674, 7.82953
16.2295, 7.82926
16.6185, 7.829
17.154, 7.82876
17.5429, 7.82852
17.9327, 7.82829
18.4686, 7.82807
18.8578, 7.82786
19.3945, 7.82766
19.7838, 7.82747
20.2971, 7.82728
20.8214, 7.8271
21.2107, 7.82692
21.7232, 7.82676
22.2367, 7.82659
22.7496, 7.82644
23.2643, 7.82629
