-4.74959e-18, 0, 0
0.1, 3.09397e-18, -1.79764e-18
0.2, 2.89738e-18, 0
0.3, 0, 0
0.4, 0, 0
0.5, 0, 0
0.6, 0, -1.17461e-18
0.7, -7.24564e-18, 0
0.8, 0, 0
0.9, 3.99861e-18, -1.52185e-18
1, 0, 0
0, 0.1, 0
0.1, 0.1, 0
0.2, 0.1, 0
0.3, 0.1, 0
0.4, 0.1, 0
0.5, 0.1, 0
0.6, 0.1, 0
0.7, 0.1, 0
0.8, 0.1, 0
0.9, 0.1, 0
1, 0.1, 7.29664e-19
0, 0.2, 0
0.1, 0.2, 0
0.2, 0.2, 0
0.3, 0.2, 0
0.4, 0.2, -1.29201e-18
0.5, 0.2, -8.0314e-19
0.6, 0.2, 2.02707e-18
0.7, 0.2, 1.67653e-18
0.8, 0.2, 0
0.9, 0.2, 0
1, 0.2, 0
-3.06777e-18, 0.3, 0
0.1, 0.3, 1.59594e-19
0.2, 0.3, 0
0.3, 0.3, 0
0.4, 0.3, 0
0.5, 0.3, 0
0.6, 0.3, 1.78313e-19
0.7, 0.3, 0
0.8, 0.3, -1.24394e-18
0.9, 0.3, 0
1, 0.3, 0
0, 0.4, 0
0.1, 0.4, 0
0.2, 0.4, -8.68048e-19
0.3, 0.4, 0
0.4, 0.4, 0
0.5, 0.4, 0
0.6, 0.4, 0
0.7, 0.4, 0
0.8, 0.4, 0
0.9, 0.4, 0
1, 0.4, 0
0, 0.5, 0
0.1, 0.5, 0
0.2, 0.5, 5.70038e-22
0.3, 0.5, 0
0.4, 0.5, 0
0.5, 0.5, 0
0.6, 0.5, 0
0.7, 0.5, 0
0.8, 0.5, 0
0.9, 0.5, 0
1, 0.5, 0
0, 0.6, 2.6244e-19
0.1, 0.6, 0
0.2, 0.6, 0
0.3, 0.6, 0
0.4, 0.6, 0
0.5, 0.6, 2.42252e-21
0.6, 0.6, 0
0.7, 0.6, 0
0.8, 0.6, 0
0.9, 0.6, 0
1, 0.6, 0
-5.84587e-21, 0.7, -6.50343e-21
0.1, 0.7, -5.98106e-19
0.2, 0.7, 0
0.3, 0.7, 0
0.4, 0.7, 0
0.5, 0.7, 0
0.6, 0.7, -2.93206e-21
0.7, 0.7, 0
0.8, 0.7, -1.0966e-18
0.9, 0.7, 0
1, 0.7, 0
0, 0.8, 0
0.1, 0.8, 7.05993e-21
0.2, 0.8, 0
0.3, 0.8, 0
0.4, 0.8, 0
0.5, 0.8, 0
0.6, 0.8, 0
0.7, 0.8, 0
0.8, 0.8, 0
0.9, 0.8, -4.47359e-19
1, 0.8, 0
0, 0.9, 0
0.1, 0.9, -6.23722e-19
0.2, 0.9, 0
0.3, 0.9, -7.57961e-19
0.4, 0.9, 0
0.5, 0.9, 0
0.6, 0.9, 0
0.7, 0.9, 0
0.8, 0.9, 0
0.9, 0.9, 0
1, 0.9, 0
0, 1, 0
0.1, 1, 0
0.2, 1, 0
0.3, 1, 0
0.4, 1, -2.36369e-18
0.5, 1, 0
0.6, 1, 0
0.7, 1, 0
0.8, 1, 0
0.9, 1, 0
1, 1, 0
1.32465e-18, -7.52518e-22, 0.1
0.1, 0, 0.1
0.2, 4.07256e-19, 0.1
0.3, 0, 0.1
0.4, -2.17846e-18, 0.1
0.5, 0, 0.1
0.6, 2.20883e-19, 0.1
0.7, 0, 0.1
0.8, 1.12513e-18, 0.1
0.9, 0, 0.1
1, 0, 0.1
0, 0.1, 0.1
0.102964, 0.108485, 0.105099
0.207357, 0.104668, 0.0979309
0.299734, 0.101492, 0.0993902
0.397739, 0.0984236, 0.101394
0.501016, 0.102905, 0.100945
0.600558, 0.096631, 0.109455
0.694508, 0.107855, 0.105507
0.800577, 0.100681, 0.100112
0.895081, 0.103132, 0.10407
1, 0.1, 0.1
0, 0.2, 0.1
0.101236, 0.208226, 0.105832
0.199409, 0.204178, 0.104073
0.309745, 0.206652, 0.0961832
0.402418, 0.202992, 0.10016
0.501885, 0.206858, 0.0966366
0.598414, 0.192572, 0.100607
0.698279, 0.195406, 0.0997992
0.794344, 0.195569, 0.0927251
0.895728, 0.202302, 0.100319
1, 0.2, 0.1
-2.27632e-19, 0.3, 0.1
0.107006, 0.308848, 0.0937289
0.203307, 0.305033, 0.105769
0.300984, 0.312066, 0.0963839
0.401569, 0.305997, 0.0953701
0.504562, 0.302793, 0.0911459
0.605691, 0.299631, 0.0975555
0.694868, 0.297635, 0.0978053
0.799007, 0.299396, 0.0952959
0.901292, 0.298667, 0.112648
1, 0.3, 0.1
1.2219e-18, 0.4, 0.1
0.0931501, 0.402931, 0.104565
0.201169, 0.395764, 0.101335
0.303704, 0.402654, 0.100196
0.404263, 0.406892, 0.0981575
0.501398, 0.4008, 0.098546
0.600538, 0.400816, 0.108006
0.694707, 0.394755, 0.107163
0.797259, 0.405135, 0.101936
0.901659, 0.398051, 0.102422
1, 0.4, 0.1
0, 0.5, 0.1
0.0982299, 0.49973, 0.100349
0.195463, 0.497394, 0.0996675
0.291874, 0.504802, 0.106637
0.393973, 0.505575, 0.109064
0.495607, 0.503188, 0.102765
0.601962, 0.49925, 0.101586
0.705101, 0.499423, 0.0984262
0.801351, 0.500977, 0.0995691
0.901194, 0.499678, 0.0994049
1, 0.5, 0.1
0, 0.6, 0.1
0.0941784, 0.60395, 0.098613
0.195334, 0.592321, 0.0949923
0.292809, 0.601277, 0.100465
0.396133, 0.602999, 0.105184
0.501655, 0.598252, 0.0983678
0.604976, 0.609147, 0.0957616
0.708747, 0.603526, 0.100563
0.801642, 0.599633, 0.102114
0.894836, 0.592959, 0.10362
1, 0.6, 0.1
0, 0.7, 0.1
0.100181, 0.694083, 0.0975706
0.199227, 0.697354, 0.107827
0.29314, 0.691991, 0.0934638
0.39643, 0.703858, 0.103076
0.505962, 0.692449, 0.094607
0.607193, 0.701999, 0.0951844
0.696987, 0.691761, 0.10004
0.797775, 0.690974, 0.0917179
0.893277, 0.694564, 0.0959153
1, 0.7, 0.1
5.21321e-21, 0.8, 0.1
0.101484, 0.797692, 0.100405
0.199711, 0.803033, 0.10468
0.299956, 0.799445, 0.097321
0.403693, 0.79155, 0.0994371
0.498588, 0.794359, 0.0959183
0.59687, 0.800861, 0.095916
0.707098, 0.792797, 0.0914882
0.804406, 0.803171, 0.0896659
0.900312, 0.809037, 0.102424
1, 0.8, 0.1
0, 0.9, 0.1
0.100508, 0.897865, 0.0986276
0.19784, 0.900552, 0.0941115
0.296666, 0.897093, 0.0988762
0.397958, 0.897873, 0.0991875
0.502809, 0.900018, 0.0996855
0.591037, 0.899133, 0.101722
0.700468, 0.900882, 0.0986597
0.803667, 0.906202, 0.104415
0.895929, 0.902404, 0.0973741
1, 0.9, 0.1
0, 1, 0.1
0.1, 1, 0.1
0.2, 1, 0.1
0.3, 1, 0.1
0.4, 1, 0.1
0.5, 1, 0.1
0.6, 1, 0.1
0.7, 1, 0.1
0.8, 1, 0.1
0.9, 1, 0.1
1, 1, 0.1
0, 0, 0.2
0.1, 0, 0.2
0.2, -2.63723e-21, 0.2
0.3, -2.9059e-18, 0.2
0.4, 3.54668e-19, 0.2
0.5, -5.58567e-23, 0.2
0.6, 0, 0.2
0.7, 1.75684e-18, 0.2
0.8, 0, 0.2
0.9, 0, 0.2
1, 0, 0.2
-1.50906e-18, 0.1, 0.2
0.0987673, 0.102345, 0.198875
0.201208, 0.100866, 0.197618
0.299666, 0.0939632, 0.192811
0.395925, 0.102251, 0.202056
0.502866, 0.10021, 0.205933
0.603643, 0.105833, 0.204416
0.702506, 0.0983163, 0.205805
0.797996, 0.104832, 0.20353
0.899882, 0.108114, 0.201163
1, 0.1, 0.2
0, 0.2, 0.2
0.0992551, 0.201313, 0.202259
0.199398, 0.191437, 0.206674
0.300587, 0.20186, 0.201227
0.398676, 0.200377, 0.199225
0.505943, 0.207738, 0.203416
0.60371, 0.199978, 0.198179
0.701644, 0.19813, 0.19432
0.791336, 0.200407, 0.214948
0.908941, 0.197424, 0.198233
1, 0.2, 0.2
0, 0.3, 0.2
0.104264, 0.297666, 0.198601
0.199973, 0.296923, 0.198887
0.28998, 0.29373, 0.199894
0.396587, 0.301654, 0.199741
0.504674, 0.299668, 0.197906
0.61022, 0.296125, 0.196894
0.696014, 0.296378, 0.19301
0.801796, 0.301145, 0.196872
0.905398, 0.304912, 0.20371
1, 0.3, 0.2
2.10396e-18, 0.4, 0.2
0.0948304, 0.399453, 0.216402
0.20428, 0.397237, 0.197302
0.300449, 0.3994, 0.197158
0.406037, 0.399958, 0.199006
0.503197, 0.407327, 0.198607
0.59786, 0.400372, 0.205528
0.702993, 0.402319, 0.203318
0.796521, 0.402767, 0.200531
0.902426, 0.399972, 0.200293
1, 0.4, 0.2
0, 0.5, 0.2
0.0980123, 0.502459, 0.201168
0.198436, 0.508053, 0.219084
0.307471, 0.504464, 0.200977
0.400211, 0.499529, 0.202019
0.49323, 0.498278, 0.202146
0.603996, 0.501519, 0.199189
0.706237, 0.503826, 0.202301
0.804843, 0.499705, 0.19928
0.897755, 0.49812, 0.199097
1, 0.5, 0.2
0, 0.6, 0.2
0.0947625, 0.607249, 0.206132
0.203117, 0.596234, 0.202541
0.304117, 0.603304, 0.20965
0.396447, 0.595738, 0.195393
0.503586, 0.605598, 0.195995
0.601944, 0.605505, 0.197497
0.701091, 0.604895, 0.20407
0.801996, 0.599209, 0.202981
0.889509, 0.603737, 0.209741
1, 0.6, 0.2
0, 0.7, 0.2
0.101813, 0.702789, 0.200075
0.200687, 0.700869, 0.202579
0.298028, 0.696212, 0.192658
0.408199, 0.69344, 0.201915
0.493018, 0.701952, 0.190686
0.596763, 0.701394, 0.19909
0.698662, 0.691062, 0.1973
0.802374, 0.695859, 0.197935
0.903891, 0.694419, 0.202181
1, 0.7, 0.2
0, 0.8, 0.2
0.101466, 0.801721, 0.206956
0.207559, 0.809838, 0.20108
0.304568, 0.804979, 0.199929
0.394438, 0.80371, 0.199745
0.500613, 0.794807, 0.204619
0.589058, 0.802216, 0.199878
0.702959, 0.792655, 0.193038
0.798389, 0.798949, 0.20828
0.891225, 0.80283, 0.206355
1, 0.8, 0.2
-9.80415e-19, 0.9, 0.2
0.10119, 0.900487, 0.200218
0.196428, 0.900218, 0.192561
0.305088, 0.905558, 0.204907
0.402357, 0.896319, 0.192688
0.508712, 0.893947, 0.190859
0.606589, 0.907746, 0.195351
0.70561, 0.894982, 0.187858
0.799126, 0.902965, 0.195732
0.894622, 0.891967, 0.199715
1, 0.9, 0.2
0, 1, 0.2
0.1, 1, 0.2
0.2, 1, 0.2
0.3, 1, 0.2
0.4, 1, 0.2
0.5, 1, 0.2
0.6, 1, 0.2
0.7, 1, 0.2
0.8, 1, 0.2
0.9, 1, 0.2
1, 1, 0.2
0, 0, 0.3
0.1, 0, 0.3
0.2, 0, 0.3
0.3, -2.75384e-18, 0.3
0.4, 0, 0.3
0.5, 0, 0.3
0.6, 0, 0.3
0.7, 0, 0.3
0.8, 0, 0.3
0.9, 0, 0.3
1, 0, 0.3
0, 0.1, 0.3
0.105739, 0.104713, 0.301393
0.202428, 0.0973305, 0.306653
0.303973, 0.0972819, 0.30123
0.398948, 0.0932884, 0.296374
0.49284, 0.103073, 0.296265
0.608693, 0.101134, 0.30659
0.698677, 0.0952618, 0.290312
0.79838, 0.101594, 0.298757
0.901323, 0.111096, 0.300054
1, 0.1, 0.3
2.86708e-18, 0.2, 0.3
0.0899569, 0.193648, 0.305406
0.202663, 0.196622, 0.298324
0.297973, 0.200238, 0.300346
0.398129, 0.196634, 0.293592
0.501758, 0.200307, 0.302415
0.603689, 0.202424, 0.296443
0.694977, 0.19861, 0.295434
0.79819, 0.207542, 0.304038
0.89587, 0.203059, 0.300107
1, 0.2, 0.3
0, 0.3, 0.3
0.0953825, 0.308124, 0.296234
0.206881, 0.304408, 0.300838
0.300093, 0.306431, 0.30524
0.406198, 0.304138, 0.303703
0.4966, 0.305527, 0.308735
0.596058, 0.296879, 0.295407
0.702695, 0.299919, 0.299211
0.797431, 0.300354, 0.300981
0.893624, 0.300778, 0.300074
1, 0.3, 0.3
0, 0.4, 0.3
0.0984331, 0.400589, 0.298708
0.207284, 0.39623, 0.296227
0.306, 0.396276, 0.295648
0.406985, 0.405108, 0.293869
0.498502, 0.40103, 0.301265
0.599236, 0.39553, 0.300088
0.67944, 0.404882, 0.294117
0.799067, 0.412657, 0.302429
0.898525, 0.403849, 0.303924
1, 0.4, 0.3
0, 0.5, 0.3
0.0994642, 0.500318, 0.300982
0.200488, 0.499221, 0.298815
0.300979, 0.500195, 0.297993
0.40175, 0.500655, 0.294611
0.502409, 0.503184, 0.304212
0.6025, 0.493267, 0.296226
0.693981, 0.499699, 0.304128
0.792296, 0.496302, 0.297828
0.895355, 0.501231, 0.29934
1, 0.5, 0.3
0, 0.6, 0.3
0.0978085, 0.606253, 0.305695
0.199815, 0.603209, 0.297109
0.296258, 0.60159, 0.30178
0.391161, 0.599008, 0.314046
0.505978, 0.596488, 0.298797
0.601059, 0.59955, 0.301852
0.697623, 0.596717, 0.30255
0.798194, 0.598025, 0.298788
0.896003, 0.597888, 0.300242
1, 0.6, 0.3
0, 0.7, 0.3
0.09817, 0.693668, 0.301405
0.197687, 0.699932, 0.296293
0.291005, 0.695524, 0.303526
0.378365, 0.693064, 0.297415
0.505809, 0.703347, 0.311204
0.600959, 0.703966, 0.30118
0.697381, 0.7006, 0.299841
0.7968, 0.704353, 0.302247
0.901098, 0.697748, 0.310989
1, 0.7, 0.3
-1.91215e-18, 0.8, 0.3
0.111131, 0.788129, 0.305019
0.20032, 0.802072, 0.29786
0.30514, 0.802245, 0.300192
0.399663, 0.803065, 0.297876
0.510277, 0.796074, 0.288294
0.607102, 0.801307, 0.289203
0.702429, 0.800772, 0.295146
0.807485, 0.796158, 0.304481
0.902946, 0.799398, 0.302406
1, 0.8, 0.3
0, 0.9, 0.3
0.111085, 0.899008, 0.293116
0.200709, 0.899203, 0.301198
0.300066, 0.90209, 0.304232
0.391369, 0.910073, 0.300377
0.50116, 0.900864, 0.305423
0.60658, 0.901276, 0.295766
0.699383, 0.901167, 0.301539
0.798342, 0.896808, 0.296224
0.904584, 0.898659, 0.29057
1, 0.9, 0.3
1.83606e-18, 1, 0.3
0.1, 1, 0.3
0.2, 1, 0.3
0.3, 1, 0.3
0.4, 1, 0.3
0.5, 1, 0.3
0.6, 1, 0.3
0.7, 1, 0.3
0.8, 1, 0.3
0.9, 1, 0.3
1, 1, 0.3
-3.00936e-21, 7.08447e-18, 0.4
0.1, 0, 0.4
0.2, 0, 0.4
0.3, 0, 0.4
0.4, 0, 0.4
0.5, 0, 0.4
0.6, -7.35418e-19, 0.4
0.7, 1.43407e-18, 0.4
0.8, 2.71972e-18, 0.4
0.9, 0, 0.4
1, 0, 0.4
0, 0.1, 0.4
0.0901684, 0.102685, 0.407299
0.197463, 0.0997388, 0.398421
0.302511, 0.0978729, 0.399477
0.398276, 0.0993711, 0.402375
0.493725, 0.0987592, 0.398157
0.60104, 0.1, 0.404782
0.690192, 0.101522, 0.396165
0.795134, 0.102292, 0.40029
0.895153, 0.101008, 0.395137
1, 0.1, 0.4
0, 0.2, 0.4
0.0928265, 0.200887, 0.409661
0.198384, 0.205563, 0.396121
0.30686, 0.204465, 0.407898
0.405824, 0.199227, 0.406724
0.503566, 0.191652, 0.39326
0.601631, 0.200661, 0.393853
0.696231, 0.194433, 0.39946
0.803662, 0.208446, 0.411738
0.897143, 0.203674, 0.405014
1, 0.2, 0.4
-4.43388e-23, 0.3, 0.4
0.103393, 0.302449, 0.393966
0.199848, 0.304303, 0.395403
0.292694, 0.298786, 0.397885
0.399515, 0.29644, 0.402825
0.501308, 0.299402, 0.398726
0.592912, 0.303325, 0.40392
0.708872, 0.312013, 0.40164
0.799573, 0.298746, 0.403044
0.890584, 0.305327, 0.404444
1, 0.3, 0.4
0, 0.4, 0.4
0.0995293, 0.39816, 0.399113
0.195943, 0.393923, 0.399064
0.30019, 0.399799, 0.399701
0.403591, 0.399078, 0.398056
0.505404, 0.394766, 0.40126
0.600233, 0.393298, 0.399133
0.702049, 0.396564, 0.394471
0.800029, 0.41183, 0.39437
0.902703, 0.402305, 0.402745
1, 0.4, 0.4
0, 0.5, 0.4
0.0854125, 0.498512, 0.39988
0.196999, 0.497149, 0.400937
0.301743, 0.485793, 0.395104
0.391475, 0.505779, 0.398259
0.495603, 0.506009, 0.411686
0.601997, 0.496455, 0.399146
0.702834, 0.478765, 0.394345
0.80274, 0.510025, 0.396675
0.898863, 0.502937, 0.396287
1, 0.5, 0.4
-2.48975e-18, 0.6, 0.4
0.0949142, 0.592331, 0.407551
0.19783, 0.60262, 0.39885
0.300466, 0.598103, 0.39541
0.396094, 0.599204, 0.398969
0.498229, 0.601883, 0.403822
0.60138, 0.596867, 0.400394
0.703426, 0.597274, 0.402082
0.801853, 0.597673, 0.40213
0.901634, 0.59962, 0.400834
1, 0.6, 0.4
0, 0.7, 0.4
0.100168, 0.690674, 0.401029
0.202439, 0.703484, 0.401351
0.302859, 0.705457, 0.398648
0.401936, 0.701381, 0.402515
0.494694, 0.706353, 0.398277
0.605245, 0.693356, 0.401796
0.699569, 0.701158, 0.403595
0.799646, 0.702679, 0.404389
0.899088, 0.697641, 0.398752
1, 0.7, 0.4
0, 0.8, 0.4
0.106224, 0.799925, 0.397138
0.200124, 0.806386, 0.396013
0.303241, 0.801697, 0.397946
0.4006, 0.801955, 0.398648
0.495353, 0.801886, 0.402418
0.607628, 0.802686, 0.405283
0.697782, 0.806625, 0.391862
0.793549, 0.805405, 0.408336
0.895225, 0.796644, 0.398912
1, 0.8, 0.4
2.49866e-21, 0.9, 0.4
0.0913149, 0.899032, 0.399149
0.19338, 0.904694, 0.407604
0.30114, 0.899086, 0.397102
0.403813, 0.893426, 0.404477
0.502464, 0.902668, 0.403715
0.603182, 0.901302, 0.409176
0.711513, 0.903125, 0.403805
0.795856, 0.903531, 0.401789
0.900881, 0.894012, 0.392241
1, 0.9, 0.4
0, 1, 0.4
0.1, 1, 0.4
0.2, 1, 0.4
0.3, 1, 0.4
0.4, 1, 0.4
0.5, 1, 0.4
0.6, 1, 0.4
0.7, 1, 0.4
0.8, 1, 0.4
0.9, 1, 0.4
1, 1, 0.4
0, 0, 0.5
0.1, 0, 0.5
0.2, 0, 0.5
0.3, 0, 0.5
0.4, 0, 0.5
0.5, 1.96836e-18, 0.5
0.6, 0, 0.5
0.7, -4.93532e-18, 0.5
0.8, 0, 0.5
0.9, 0, 0.5
1, 0, 0.5
0, 0.1, 0.5
0.0944864, 0.100392, 0.50446
0.211236, 0.105659, 0.498026
0.301108, 0.0952581, 0.499564
0.393454, 0.102102, 0.507309
0.509695, 0.085785, 0.502998
0.608576, 0.10904, 0.491897
0.703733, 0.0956826, 0.493778
0.798294, 0.0928605, 0.495844
0.897191, 0.096916, 0.498426
1, 0.1, 0.5
0, 0.2, 0.5
0.105566, 0.195107, 0.508951
0.203532, 0.200544, 0.502059
0.294884, 0.193525, 0.498836
0.399952, 0.200655, 0.504974
0.499727, 0.19391, 0.494211
0.597467, 0.198931, 0.489194
0.706252, 0.19721, 0.487299
0.800268, 0.196765, 0.505145
0.904013, 0.19997, 0.499715
1, 0.2, 0.5
-2.57226e-18, 0.3, 0.5
0.0962535, 0.30093, 0.506388
0.195116, 0.297481, 0.500974
0.310797, 0.287688, 0.495324
0.402339, 0.295171, 0.510527
0.505117, 0.302088, 0.497234
0.590902, 0.297369, 0.493482
0.704476, 0.300877, 0.493847
0.802459, 0.295592, 0.502645
0.901459, 0.299492, 0.496622
1, 0.3, 0.5
0, 0.4, 0.5
0.098109, 0.397086, 0.498166
0.195188, 0.399625, 0.49786
0.302148, 0.402177, 0.495536
0.400368, 0.40728, 0.511868
0.499723, 0.401227, 0.500346
0.604858, 0.41118, 0.496118
0.707604, 0.3908, 0.49616
0.801632, 0.397353, 0.493498
0.90987, 0.393165, 0.501556
1, 0.4, 0.5
-3.18417e-19, 0.5, 0.5
0.101247, 0.498404, 0.503036
0.193405, 0.505429, 0.492036
0.299663, 0.506126, 0.504995
0.394624, 0.501225, 0.509323
0.5, 0.5, 0.5
0.6, 0.5, 0.5
0.7, 0.5, 0.5
0.8, 0.5, 0.5
0.9, 0.5, 0.5
1, 0.5, 0.5
0, 0.6, 0.5
0.0909146, 0.607979, 0.492288
0.195823, 0.600379, 0.505587
0.293147, 0.604349, 0.496575
0.401924, 0.604108, 0.502478
0.5, 0.6, 0.5
0.6, 0.6, 0.5
0.7, 0.6, 0.5
0.8, 0.6, 0.5
0.9, 0.6, 0.5
1, 0.6, 0.5
-8.57524e-19, 0.7, 0.5
0.0983991, 0.69247, 0.489598
0.195864, 0.694897, 0.503192
0.299052, 0.695324, 0.491744
0.402179, 0.704726, 0.50704
0.5, 0.7, 0.5
0.6, 0.7, 0.5
0.7, 0.7, 0.5
0.8, 0.7, 0.5
0.9, 0.7, 0.5
1, 0.7, 0.5
0, 0.8, 0.5
0.105069, 0.798404, 0.500433
0.197327, 0.802929, 0.502898
0.302416, 0.793244, 0.495007
0.395064, 0.803634, 0.508306
0.5, 0.8, 0.5
0.6, 0.8, 0.5
0.7, 0.8, 0.5
0.8, 0.8, 0.5
0.9, 0.8, 0.5
1, 0.8, 0.5
-9.29634e-19, 0.9, 0.5
0.0967628, 0.896567, 0.498872
0.202714, 0.908963, 0.500388
0.295977, 0.903018, 0.491893
0.399327, 0.902229, 0.502917
0.5, 0.9, 0.5
0.6, 0.9, 0.5
0.7, 0.9, 0.5
0.8, 0.9, 0.5
0.9, 0.9, 0.5
1, 0.9, 0.5
0, 1, 0.5
0.1, 1, 0.5
0.2, 1, 0.5
0.3, 1, 0.5
0.4, 1, 0.5
0.5, 1, 0.5
0.6, 1, 0.5
0.7, 1, 0.5
0.8, 1, 0.5
0.9, 1, 0.5
1, 1, 0.5
0, 0, 0.6
0.1, 0, 0.6
0.2, 0, 0.6
0.3, 0, 0.6
0.4, 0, 0.6
0.5, 0, 0.6
0.6, 0, 0.6
0.7, 0, 0.6
0.8, 0, 0.6
0.9, 0, 0.6
1, 0, 0.6
0, 0.1, 0.6
0.0983959, 0.101653, 0.601349
0.204633, 0.0985483, 0.598224
0.304866, 0.0980161, 0.595414
0.410965, 0.0845009, 0.612418
0.506799, 0.100377, 0.601052
0.603099, 0.102631, 0.599676
0.699867, 0.103894, 0.593673
0.797601, 0.101217, 0.608345
0.898041, 0.0986957, 0.604059
1, 0.1, 0.6
0, 0.2, 0.6
0.0975522, 0.19893, 0.607239
0.205141, 0.196892, 0.603293
0.297817, 0.198852, 0.593724
0.400258, 0.195264, 0.595713
0.502491, 0.200929, 0.602266
0.594764, 0.202658, 0.604552
0.694963, 0.208691, 0.599616
0.79622, 0.191229, 0.601913
0.898355, 0.207159, 0.603221
1, 0.2, 0.6
0, 0.3, 0.6
0.0960018, 0.298193, 0.603568
0.192907, 0.306681, 0.603523
0.29812, 0.306843, 0.597321
0.400641, 0.299817, 0.607325
0.499127, 0.302975, 0.60545
0.606213, 0.296806, 0.603672
0.704438, 0.29842, 0.597227
0.798606, 0.296977, 0.59988
0.899729, 0.296407, 0.60851
1, 0.3, 0.6
-2.11282e-18, 0.4, 0.6
0.100161, 0.399558, 0.593526
0.209361, 0.39451, 0.601079
0.302563, 0.402963, 0.600511
0.400174, 0.399999, 0.605921
0.490681, 0.399255, 0.598217
0.594852, 0.404711, 0.606392
0.703746, 0.404285, 0.604636
0.80511, 0.396248, 0.59823
0.898851, 0.401664, 0.606379
1, 0.4, 0.6
0, 0.5, 0.6
0.0974902, 0.495751, 0.59976
0.199588, 0.504224, 0.592428
0.304068, 0.49995, 0.606665
0.404116, 0.509807, 0.604161
0.5, 0.5, 0.6
0.6, 0.5, 0.6
0.7, 0.5, 0.6
0.8, 0.5, 0.6
0.9, 0.5, 0.6
1, 0.5, 0.6
-4.0871e-21, 0.6, 0.6
0.0907373, 0.591694, 0.602781
0.202568, 0.601566, 0.59723
0.298416, 0.605848, 0.59958
0.397635, 0.595786, 0.594205
0.5, 0.6, 0.6
0.6, 0.6, 0.6
0.7, 0.6, 0.6
0.8, 0.6, 0.6
0.9, 0.6, 0.6
1, 0.6, 0.6
0, 0.7, 0.6
0.103214, 0.710175, 0.597966
0.200238, 0.704294, 0.601914
0.303334, 0.695605, 0.605122
0.401636, 0.700091, 0.602735
0.5, 0.7, 0.6
0.6, 0.7, 0.6
0.7, 0.7, 0.6
0.8, 0.7, 0.6
0.9, 0.7, 0.6
1, 0.7, 0.6
-1.05313e-21, 0.8, 0.6
0.0996124, 0.79806, 0.598389
0.201833, 0.797602, 0.596731
0.304046, 0.791385, 0.597677
0.398564, 0.799971, 0.595105
0.5, 0.8, 0.6
0.6, 0.8, 0.6
0.7, 0.8, 0.6
0.8, 0.8, 0.6
0.9, 0.8, 0.6
1, 0.8, 0.6
0, 0.9, 0.6
0.102568, 0.902537, 0.600194
0.203638, 0.900801, 0.593649
0.299233, 0.89777, 0.601322
0.4015, 0.897719, 0.596539
0.5, 0.9, 0.6
0.6, 0.9, 0.6
0.7, 0.9, 0.6
0.8, 0.9, 0.6
0.9, 0.9, 0.6
1, 0.9, 0.6
0, 1, 0.6
0.1, 1, 0.6
0.2, 1, 0.6
0.3, 1, 0.6
0.4, 1, 0.6
0.5, 1, 0.6
0.6, 1, 0.6
0.7, 1, 0.6
0.8, 1, 0.6
0.9, 1, 0.6
1, 1, 0.6
0, 0, 0.7
0.1, 0, 0.7
0.2, -5.33736e-19, 0.7
0.3, 0, 0.7
0.4, 0, 0.7
0.5, 0, 0.7
0.6, 0, 0.7
0.7, 8.82266e-21, 0.7
0.8, 1.702e-18, 0.7
0.9, 1.71035e-18, 0.7
1, 0, 0.7
0, 0.1, 0.7
0.0908927, 0.100723, 0.706617
0.197834, 0.0978899, 0.692322
0.288513, 0.0951796, 0.697931
0.403575, 0.102105, 0.700773
0.500951, 0.108408, 0.702601
0.602763, 0.102093, 0.694452
0.697486, 0.105378, 0.700029
0.798048, 0.102018, 0.700465
0.891699, 0.101582, 0.700138
1, 0.1, 0.7
-2.63294e-21, 0.2, 0.7
0.0987933, 0.19768, 0.707171
0.206805, 0.203803, 0.698006
0.29878, 0.200839, 0.693171
0.403297, 0.202417, 0.702382
0.499598, 0.198514, 0.700554
0.602645, 0.203489, 0.694889
0.708924, 0.208393, 0.703709
0.793461, 0.198903, 0.697129
0.900312, 0.202014, 0.699355
1, 0.2, 0.7
0, 0.3, 0.7
0.0973248, 0.293913, 0.704384
0.206382, 0.305766, 0.695305
0.2999, 0.308011, 0.698054
0.405558, 0.306414, 0.705393
0.499338, 0.29701, 0.700311
0.601941, 0.296686, 0.700289
0.706412, 0.295698, 0.703626
0.800516, 0.302075, 0.710663
0.904191, 0.305401, 0.701033
1, 0.3, 0.7
0, 0.4, 0.7
0.0972, 0.402874, 0.697291
0.199072, 0.400027, 0.692571
0.301366, 0.406053, 0.703151
0.3922, 0.404194, 0.695444
0.494295, 0.398156, 0.693368
0.595967, 0.400273, 0.710442
0.692385, 0.406136, 0.709259
0.788882, 0.400038, 0.697157
0.902315, 0.400574, 0.697529
1, 0.4, 0.7
0, 0.5, 0.7
0.0979025, 0.498437, 0.700507
0.200905, 0.501786, 0.694252
0.295615, 0.507652, 0.696714
0.393282, 0.496976, 0.695264
0.5, 0.5, 0.7
0.6, 0.5, 0.7
0.7, 0.5, 0.7
0.8, 0.5, 0.7
0.9, 0.5, 0.7
1, 0.5, 0.7
0, 0.6, 0.7
0.0938015, 0.595609, 0.700445
0.199818, 0.598206, 0.696922
0.295036, 0.603756, 0.694716
0.400456, 0.596364, 0.689066
0.5, 0.6, 0.7
0.6, 0.6, 0.7
0.7, 0.6, 0.7
0.8, 0.6, 0.7
0.9, 0.6, 0.7
1, 0.6, 0.7
0, 0.7, 0.7
0.102186, 0.700478, 0.700547
0.198354, 0.7054, 0.702482
0.299479, 0.701481, 0.698124
0.396471, 0.700854, 0.703553
0.5, 0.7, 0.7
0.6, 0.7, 0.7
0.7, 0.7, 0.7
0.8, 0.7, 0.7
0.9, 0.7, 0.7
1, 0.7, 0.7
9.63836e-19, 0.8, 0.7
0.101554, 0.797337, 0.70491
0.20072, 0.793236, 0.700117
0.309514, 0.799523, 0.699031
0.393531, 0.805286, 0.693714
0.5, 0.8, 0.7
0.6, 0.8, 0.7
0.7, 0.8, 0.7
0.8, 0.8, 0.7
0.9, 0.8, 0.7
1, 0.8, 0.7
0, 0.9, 0.7
0.0947242, 0.90584, 0.708012
0.206257, 0.899827, 0.693034
0.295716, 0.894416, 0.704257
0.401927, 0.906545, 0.700377
0.5, 0.9, 0.7
0.6, 0.9, 0.7
0.7, 0.9, 0.7
0.8, 0.9, 0.7
0.9, 0.9, 0.7
1, 0.9, 0.7
0, 1, 0.7
0.1, 1, 0.7
0.2, 1, 0.7
0.3, 1, 0.7
0.4, 1, 0.7
0.5, 1, 0.7
0.6, 1, 0.7
0.7, 1, 0.7
0.8, 1, 0.7
0.9, 1, 0.7
1, 1, 0.7
0, 0, 0.8
0.1, -1.33452e-21, 0.8
0.2, 0, 0.8
0.3, 0, 0.8
0.4, 0, 0.8
0.5, 0, 0.8
0.6, 0, 0.8
0.7, -4.0418e-19, 0.8
0.8, 0, 0.8
0.9, 0, 0.8
1, 0, 0.8
0, 0.1, 0.8
0.0945911, 0.101251, 0.809127
0.203833, 0.100402, 0.797433
0.298162, 0.0967864, 0.796361
0.402824, 0.104447, 0.795824
0.502009, 0.0973308, 0.797707
0.594056, 0.0964873, 0.799564
0.700262, 0.0977733, 0.803303
0.795063, 0.103388, 0.802833
0.895357, 0.0952579, 0.795694
1, 0.1, 0.8
0, 0.2, 0.8
0.100435, 0.20153, 0.801774
0.207235, 0.204062, 0.796484
0.304272, 0.197165, 0.798418
0.396099, 0.194319, 0.798807
0.493551, 0.196858, 0.801128
0.6042, 0.210367, 0.804583
0.702319, 0.194307, 0.803755
0.802292, 0.192617, 0.801164
0.901808, 0.206575, 0.796142
1, 0.2, 0.8
-4.38516e-22, 0.3, 0.8
0.107055, 0.304749, 0.797121
0.195182, 0.306105, 0.802436
0.30298, 0.299132, 0.802838
0.400298, 0.301794, 0.800677
0.505177, 0.297538, 0.803058
0.606082, 0.305477, 0.797997
0.703716, 0.296863, 0.806949
0.805941, 0.297439, 0.79674
0.896858, 0.298263, 0.797361
1, 0.3, 0.8
-4.75391e-19, 0.4, 0.8
0.099569, 0.402681, 0.796372
0.199057, 0.405434, 0.795882
0.302357, 0.401968, 0.803166
0.391957, 0.407291, 0.801824
0.493685, 0.397151, 0.798754
0.599981, 0.398875, 0.80124
0.696056, 0.403113, 0.803026
0.802178, 0.396128, 0.798386
0.897078, 0.406899, 0.799449
1, 0.4, 0.8
2.09025e-23, 0.5, 0.8
0.103578, 0.504797, 0.80405
0.202967, 0.505134, 0.805316
0.301344, 0.49258, 0.798071
0.403191, 0.50145, 0.799239
0.5, 0.5, 0.8
0.6, 0.5, 0.8
0.7, 0.5, 0.8
0.8, 0.5, 0.8
0.9, 0.5, 0.8
1, 0.5, 0.8
0, 0.6, 0.8
0.103463, 0.598588, 0.798615
0.205753, 0.596519, 0.803878
0.302849, 0.605295, 0.794911
0.409844, 0.603303, 0.792551
0.5, 0.6, 0.8
0.6, 0.6, 0.8
0.7, 0.6, 0.8
0.8, 0.6, 0.8
0.9, 0.6, 0.8
1, 0.6, 0.8
0, 0.7, 0.8
0.106506, 0.701733, 0.796892
0.200189, 0.697433, 0.800203
0.297465, 0.703439, 0.802516
0.399927, 0.695678, 0.800717
0.5, 0.7, 0.8
0.6, 0.7, 0.8
0.7, 0.7, 0.8
0.8, 0.7, 0.8
0.9, 0.7, 0.8
1, 0.7, 0.8
0, 0.8, 0.8
0.10995, 0.80914, 0.796288
0.203719, 0.796914, 0.799468
0.297941, 0.802551, 0.801864
0.397441, 0.799817, 0.801151
0.5, 0.8, 0.8
0.6, 0.8, 0.8
0.7, 0.8, 0.8
0.8, 0.8, 0.8
0.9, 0.8, 0.8
1, 0.8, 0.8
-2.93393e-18, 0.9, 0.8
0.105896, 0.902876, 0.800067
0.208319, 0.90452, 0.798988
0.298442, 0.894884, 0.794127
0.399008, 0.901209, 0.799247
0.5, 0.9, 0.8
0.6, 0.9, 0.8
0.7, 0.9, 0.8
0.8, 0.9, 0.8
0.9, 0.9, 0.8
1, 0.9, 0.8
0, 1, 0.8
0.1, 1, 0.8
0.2, 1, 0.8
0.3, 1, 0.8
0.4, 1, 0.8
0.5, 1, 0.8
0.6, 1, 0.8
0.7, 1, 0.8
0.8, 1, 0.8
0.9, 1, 0.8
1, 1, 0.8
0, 0, 0.9
0.1, 0, 0.9
0.2, 0, 0.9
0.3, -1.78624e-18, 0.9
0.4, 0, 0.9
0.5, 0, 0.9
0.6, 0, 0.9
0.7, 3.91176e-23, 0.9
0.8, 0, 0.9
0.9, 0, 0.9
1, 0, 0.9
0, 0.1, 0.9
0.0999316, 0.0990237, 0.902666
0.194883, 0.100431, 0.897433
0.295678, 0.106102, 0.902953
0.407852, 0.095643, 0.895003
0.502729, 0.0975991, 0.902607
0.59922, 0.100255, 0.90053
0.701767, 0.0965591, 0.910116
0.79804, 0.10314, 0.899953
0.900045, 0.103866, 0.898771
1, 0.1, 0.9
-6.75878e-19, 0.2, 0.9
0.100909, 0.197994, 0.905959
0.198019, 0.202169, 0.896234
0.306665, 0.208195, 0.905677
0.407928, 0.199714, 0.893769
0.500904, 0.198248, 0.903834
0.608707, 0.211091, 0.901982
0.702264, 0.203349, 0.897201
0.799739, 0.202139, 0.898531
0.90645, 0.200067, 0.899655
1, 0.2, 0.9
0, 0.3, 0.9
0.0902741, 0.295731, 0.896873
0.198223, 0.302674, 0.90224
0.296887, 0.302647, 0.904161
0.40551, 0.304924, 0.894945
0.502339, 0.302529, 0.901671
0.599318, 0.301932, 0.898961
0.702446, 0.297488, 0.891815
0.798827, 0.297568, 0.903038
0.899597, 0.29365, 0.902708
1, 0.3, 0.9
7.73724e-22, 0.4, 0.9
0.0923798, 0.394918, 0.89477
0.206229, 0.399367, 0.892379
0.307365, 0.400561, 0.89947
0.396152, 0.40256, 0.900901
0.502299, 0.399048, 0.902918
0.601504, 0.401031, 0.902201
0.701345, 0.39822, 0.898363
0.801631, 0.396191, 0.904312
0.904903, 0.399674, 0.900794
1, 0.4, 0.9
0, 0.5, 0.9
0.11001, 0.501128, 0.903537
0.211466, 0.493442, 0.898197
0.305453, 0.501462, 0.897228
0.400941, 0.497547, 0.902023
0.5, 0.5, 0.9
0.6, 0.5, 0.9
0.7, 0.5, 0.9
0.8, 0.5, 0.9
0.9, 0.5, 0.9
1, 0.5, 0.9
0, 0.6, 0.9
0.094511, 0.599418, 0.89625
0.211081, 0.595541, 0.89762
0.297294, 0.596444, 0.895434
0.397852, 0.600045, 0.902904
0.5, 0.6, 0.9
0.6, 0.6, 0.9
0.7, 0.6, 0.9
0.8, 0.6, 0.9
0.9, 0.6, 0.9
1, 0.6, 0.9
0, 0.7, 0.9
0.0993414, 0.699809, 0.893939
0.202474, 0.693307, 0.89635
0.297959, 0.704563, 0.908918
0.406723, 0.704823, 0.910753
0.5, 0.7, 0.9
0.6, 0.7, 0.9
0.7, 0.7, 0.9
0.8, 0.7, 0.9
0.9, 0.7, 0.9
1, 0.7, 0.9
0, 0.8, 0.9
0.0993923, 0.799786, 0.899144
0.202405, 0.79969, 0.900733
0.296953, 0.800281, 0.900515
0.402376, 0.804283, 0.900078
0.5, 0.8, 0.9
0.6, 0.8, 0.9
0.7, 0.8, 0.9
0.8, 0.8, 0.9
0.9, 0.8, 0.9
1, 0.8, 0.9
0, 0.9, 0.9
0.102795, 0.899505, 0.902467
0.203972, 0.900552, 0.902833
0.305725, 0.906322, 0.907288
0.399252, 0.907497, 0.906002
0.5, 0.9, 0.9
0.6, 0.9, 0.9
0.7, 0.9, 0.9
0.8, 0.9, 0.9
0.9, 0.9, 0.9
1, 0.9, 0.9
0, 1, 0.9
0.1, 1, 0.9
0.2, 1, 0.9
0.3, 1, 0.9
0.4, 1, 0.9
0.5, 1, 0.9
0.6, 1, 0.9
0.7, 1, 0.9
0.8, 1, 0.9
0.9, 1, 0.9
1, 1, 0.9
0, 0, 1
0.1, 0, 1
0.2, 0, 1
0.3, 0, 1
0.4, 0, 1
0.5, 0, 1
0.6, -2.52296e-22, 1
0.7, 2.76241e-18, 1
0.8, 0, 1
0.9, 0, 1
1, 0, 1
0, 0.1, 1
0.1, 0.1, 1
0.2, 0.1, 1
0.3, 0.1, 1
0.4, 0.1, 1
0.5, 0.1, 1
0.6, 0.1, 1
0.7, 0.1, 1
0.8, 0.1, 1
0.9, 0.1, 1
1, 0.1, 1
0, 0.2, 1
0.1, 0.2, 1
0.2, 0.2, 1
0.3, 0.2, 1
0.4, 0.2, 1
0.5, 0.2, 1
0.6, 0.2, 1
0.7, 0.2, 1
0.8, 0.2, 1
0.9, 0.2, 1
1, 0.2, 1
0, 0.3, 1
0.1, 0.3, 1
0.2, 0.3, 1
0.3, 0.3, 1
0.4, 0.3, 1
0.5, 0.3, 1
0.6, 0.3, 1
0.7, 0.3, 1
0.8, 0.3, 1
0.9, 0.3, 1
1, 0.3, 1
-3.55655e-22, 0.4, 1
0.1, 0.4, 1
0.2, 0.4, 1
0.3, 0.4, 1
0.4, 0.4, 1
0.5, 0.4, 1
0.6, 0.4, 1
0.7, 0.4, 1
0.8, 0.4, 1
0.9, 0.4, 1
1, 0.4, 1
0, 0.5, 1
0.1, 0.5, 1
0.2, 0.5, 1
0.3, 0.5, 1
0.4, 0.5, 1
0.5, 0.5, 1
0.6, 0.5, 1
0.7, 0.5, 1
0.8, 0.5, 1
0.9, 0.5, 1
1, 0.5, 1
0, 0.6, 1
0.1, 0.6, 1
0.2, 0.6, 1
0.3, 0.6, 1
0.4, 0.6, 1
0.5, 0.6, 1
0.6, 0.6, 1
0.7, 0.6, 1
0.8, 0.6, 1
0.9, 0.6, 1
1, 0.6, 1
0, 0.7, 1
0.1, 0.7, 1
0.2, 0.7, 1
0.3, 0.7, 1
0.4, 0.7, 1
0.5, 0.7, 1
0.6, 0.7, 1
0.7, 0.7, 1
0.8, 0.7, 1
0.9, 0.7, 1
1, 0.7, 1
0, 0.8, 1
0.1, 0.8, 1
0.2, 0.8, 1
0.3, 0.8, 1
0.4, 0.8, 1
0.5, 0.8, 1
0.6, 0.8, 1
0.7, 0.8, 1
0.8, 0.8, 1
0.9, 0.8, 1
1, 0.8, 1
0, 0.9, 1
0.1, 0.9, 1
0.2, 0.9, 1
0.3, 0.9, 1
0.4, 0.9, 1
0.5, 0.9, 1
0.6, 0.9, 1
0.7, 0.9, 1
0.8, 0.9, 1
0.9, 0.9, 1
1, 0.9, 1
0, 1, 1
0.1, 1, 1
0.2, 1, 1
0.3, 1, 1
0.4, 1, 1
0.5, 1, 1
0.6, 1, 1
0.7, 1, 1
0.8, 1, 1
0.9, 1, 1
1, 1, 1
0.0422956, 0.0416771, 0.0521304
0.154766, 0.04572, 0.0411536
0.250422, 0.0475184, 0.046955
0.341206, 0.0530596, 0.0520067
0.448676, 0.0489063, 0.0521205
0.54871, 0.0534871, 0.0460796
0.64778, 0.0403563, 0.0428511
0.757543, 0.059031, 0.0484684
0.850784, 0.0440592, 0.0509433
0.94272, 0.0572282, 0.0458081
0.0563646, 0.148936, 0.0598254
0.14403, 0.150463, 0.0491011
0.254231, 0.14899, 0.0502686
0.354554, 0.15436, 0.0494347
0.457541, 0.156984, 0.0448246
0.557079, 0.155527, 0.0547551
0.650405, 0.148016, 0.0500583
0.738949, 0.153875, 0.0554568
0.846167, 0.149966, 0.0502289
0.940951, 0.145825, 0.0514466
0.0491638, 0.247415, 0.0464166
0.159565, 0.255752, 0.0541294
0.249504, 0.253604, 0.0514342
0.351691, 0.249899, 0.0542852
0.457338, 0.24435, 0.0421884
0.55754, 0.250443, 0.0483034
0.649762, 0.244861, 0.0426231
0.744606, 0.254282, 0.0454612
0.858343, 0.247761, 0.0597425
0.943837, 0.250768, 0.0530567
0.0404736, 0.351387, 0.0606624
0.158313, 0.35107, 0.043244
0.258692, 0.350817, 0.0497671
0.350567, 0.35248, 0.048845
0.446769, 0.36124, 0.0524355
0.549149, 0.352899, 0.0491212
0.648973, 0.348873, 0.0472351
0.750225, 0.35039, 0.0503537
0.849118, 0.34883, 0.0455219
0.954928, 0.345867, 0.0578433
0.0522246, 0.449605, 0.0466526
0.149909, 0.450545, 0.0495844
0.244197, 0.454624, 0.0577989
0.351158, 0.445662, 0.0597096
0.449143, 0.45284, 0.0482523
0.55244, 0.452319, 0.0483292
0.649966, 0.449679, 0.0506561
0.750972, 0.449572, 0.0546851
0.857751, 0.454528, 0.0501136
0.946425, 0.457469, 0.0542137
0.0497284, 0.549126, 0.047541
0.149522, 0.549643, 0.0491033
0.240316, 0.538969, 0.0432793
0.349789, 0.550876, 0.049251
0.452518, 0.553428, 0.0467269
0.547953, 0.552243, 0.0506981
0.650679, 0.540762, 0.0575003
0.756466, 0.548417, 0.05018
0.852957, 0.554294, 0.0512737
0.947335, 0.549382, 0.0498888
0.0541563, 0.654518, 0.0422027
0.149762, 0.649601, 0.0507649
0.24557, 0.652194, 0.0488017
0.349762, 0.64936, 0.0499848
0.441584, 0.649155, 0.0564167
0.557639, 0.647468, 0.0450834
0.648803, 0.652009, 0.0519993
0.748966, 0.64884, 0.0468265
0.843805, 0.648547, 0.0536722
0.959797, 0.648841, 0.0487897
0.045104, 0.758723, 0.0441536
0.156905, 0.755774, 0.0561469
0.2423, 0.757962, 0.0592076
0.345587, 0.742258, 0.0493868
0.446158, 0.748873, 0.0542861
0.55052, 0.748084, 0.0489679
0.658336, 0.748368, 0.0495952
0.754125, 0.745735, 0.0493846
0.857536, 0.753512, 0.0436501
0.950445, 0.74002, 0.0484763
0.0515792, 0.84911, 0.0504981
0.148346, 0.843028, 0.0507513
0.2493, 0.848357, 0.0552184
0.3498, 0.852245, 0.0497847
0.44995, 0.849427, 0.0511443
0.543931, 0.84008, 0.0455116
0.653768, 0.849693, 0.0488174
0.750572, 0.843882, 0.0449545
0.845074, 0.857619, 0.0517187
0.951408, 0.850656, 0.0481808
0.0500012, 0.949562, 0.0500716
0.15676, 0.940844, 0.043278
0.24892, 0.951055, 0.0481218
0.358121, 0.947246, 0.0420459
0.45357, 0.950792, 0.0460679
0.553886, 0.944359, 0.057507
0.655887, 0.947504, 0.0529481
0.749039, 0.958376, 0.0528758
0.842265, 0.947045, 0.0595166
0.947912, 0.947071, 0.0549085
0.0405406, 0.05846, 0.152753
0.150623, 0.0503113, 0.14972
0.259501, 0.052067, 0.14688
0.343393, 0.041719, 0.156852
0.441182, 0.055666, 0.154767
0.549509, 0.0450456, 0.156795
0.658786, 0.0596022, 0.150539
0.757774, 0.0426485, 0.146832
0.847131, 0.0480609, 0.152223
0.955954, 0.0551492, 0.140852
0.0511739, 0.156137, 0.158487
0.152963, 0.15178, 0.151685
0.249628, 0.147366, 0.155236
0.349671, 0.150141, 0.148205
0.449452, 0.15067, 0.147843
0.554641, 0.14965, 0.160642
0.648467, 0.152168, 0.150819
0.748803, 0.150609, 0.13934
0.852967, 0.158266, 0.152337
0.947006, 0.147611, 0.154764
0.0462987, 0.256313, 0.157969
0.148151, 0.243211, 0.158848
0.251334, 0.254594, 0.154782
0.346693, 0.256828, 0.148719
0.44874, 0.247495, 0.148916
0.556765, 0.258867, 0.157178
0.661396, 0.24783, 0.147294
0.753649, 0.243962, 0.141798
0.839472, 0.247477, 0.154036
0.950847, 0.247792, 0.149425
0.0441799, 0.349787, 0.151696
0.151907, 0.348957, 0.149523
0.249602, 0.350468, 0.150141
0.346523, 0.357451, 0.141583
0.452235, 0.349238, 0.151102
0.549752, 0.352095, 0.149972
0.648626, 0.348549, 0.151198
0.749696, 0.349974, 0.149396
0.851988, 0.351749, 0.150162
0.954185, 0.352495, 0.150417
0.0500527, 0.449933, 0.150674
0.157697, 0.44315, 0.13337
0.249957, 0.452562, 0.152503
0.356742, 0.455124, 0.149223
0.449104, 0.445922, 0.150436
0.55381, 0.4556, 0.145153
0.654206, 0.453686, 0.156532
0.749893, 0.455029, 0.152913
0.844728, 0.443606, 0.147241
0.959703, 0.4447, 0.145162
0.0486337, 0.549778, 0.149661
0.141911, 0.548071, 0.151861
0.24932, 0.550451, 0.152529
0.353518, 0.548062, 0.154552
0.452566, 0.549602, 0.152027
0.555338, 0.542533, 0.149056
0.656465, 0.55802, 0.14946
0.746903, 0.55327, 0.153949
0.849492, 0.548969, 0.150857
0.94497, 0.560119, 0.151274
0.0492503, 0.650068, 0.149515
0.148381, 0.650584, 0.152292
0.248997, 0.644074, 0.140783
0.344813, 0.654291, 0.150787
0.451073, 0.643214, 0.138836
0.558676, 0.657085, 0.141551
0.651315, 0.649031, 0.149879
0.75247, 0.646365, 0.140428
0.855861, 0.638177, 0.15617
0.944579, 0.644689, 0.158798
0.0532184, 0.739745, 0.15536
0.155368, 0.749952, 0.156293
0.250918, 0.7581, 0.150727
0.358301, 0.748489, 0.148752
0.454934, 0.749048, 0.147242
0.551953, 0.752413, 0.144364
0.65184, 0.748717, 0.147002
0.751951, 0.74597, 0.155746
0.845084, 0.751479, 0.145208
0.939968, 0.745743, 0.155295
0.0498127, 0.849197, 0.149643
0.15165, 0.854259, 0.150633
0.256237, 0.849641, 0.142689
0.364531, 0.853211, 0.146135
0.460238, 0.845594, 0.145617
0.549652, 0.848562, 0.148467
0.651856, 0.840349, 0.14129
0.755494, 0.847905, 0.147254
0.851094, 0.853866, 0.153699
0.949085, 0.849359, 0.150336
0.0485955, 0.950127, 0.150777
0.154003, 0.953669, 0.142653
0.241716, 0.944855, 0.146005
0.341659, 0.95781, 0.156911
0.44887, 0.947322, 0.150659
0.547973, 0.959921, 0.147431
0.645429, 0.951908, 0.154768
0.747918, 0.940651, 0.147335
0.854343, 0.94942, 0.153697
0.958644, 0.956363, 0.14465
0.0540121, 0.0510725, 0.250306
0.147409, 0.0445799, 0.242542
0.246662, 0.0504388, 0.2623
0.344539, 0.0430278, 0.253685
0.45117, 0.0501901, 0.246483
0.555457, 0.0522524, 0.243638
0.656884, 0.0542274, 0.240676
0.746536, 0.0466787, 0.254489
0.852757, 0.0481663, 0.250636
0.9471, 0.0558437, 0.259401
0.0437999, 0.158062, 0.251836
0.148494, 0.148669, 0.249738
0.255284, 0.150439, 0.255262
0.343366, 0.152931, 0.23862
0.44613, 0.158202, 0.254206
0.554913, 0.148626, 0.246698
0.647456, 0.15611, 0.257973
0.748238, 0.159996, 0.252244
0.850103, 0.150814, 0.249659
0.948127, 0.155559, 0.244393
0.0485221, 0.255871, 0.247349
0.15005, 0.249413, 0.246543
0.250033, 0.24767, 0.252068
0.350317, 0.248581, 0.260069
0.451074, 0.251062, 0.251019
0.549394, 0.252108, 0.254773
0.649913, 0.248099, 0.248168
0.744531, 0.251988, 0.244463
0.849216, 0.250979, 0.252531
0.951018, 0.249764, 0.246546
0.052633, 0.35123, 0.248473
0.151292, 0.347321, 0.249998
0.252027, 0.347402, 0.24475
0.35022, 0.344868, 0.252699
0.446606, 0.348183, 0.248819
0.557872, 0.34922, 0.254314
0.657888, 0.353157, 0.253631
0.776035, 0.353428, 0.259653
0.851145, 0.34861, 0.247818
0.949566, 0.349483, 0.25046
0.0504379, 0.451589, 0.251718
0.150505, 0.450639, 0.250024
0.256698, 0.457958, 0.246619
0.350066, 0.444101, 0.24873
0.451894, 0.452496, 0.249397
0.554576, 0.452312, 0.250811
0.647486, 0.448235, 0.251101
0.749404, 0.449157, 0.248375
0.840667, 0.457748, 0.24729
0.950393, 0.455133, 0.256035
0.0523021, 0.547464, 0.250156
0.143806, 0.558793, 0.255005
0.249004, 0.550839, 0.25809
0.340781, 0.553931, 0.248055
0.440914, 0.544014, 0.254886
0.553318, 0.555069, 0.255958
0.65559, 0.545049, 0.248804
0.756625, 0.545353, 0.256995
0.846431, 0.548349, 0.254226
0.947165, 0.550149, 0.249191
0.0491171, 0.650579, 0.250264
0.145237, 0.651554, 0.255248
0.255235, 0.650935, 0.244306
0.350117, 0.654766, 0.246659
0.476665, 0.652479, 0.224862
0.55648, 0.660312, 0.255225
0.646499, 0.651017, 0.248192
0.747885, 0.650809, 0.250787
0.843854, 0.650199, 0.246506
0.948426, 0.650969, 0.251243
0.0467768, 0.759324, 0.252656
0.159087, 0.754843, 0.245106
0.244266, 0.744065, 0.250513
0.347249, 0.750842, 0.24917
0.450775, 0.750974, 0.248387
0.554367, 0.75407, 0.242329
0.64804, 0.746982, 0.241438
0.744878, 0.75777, 0.252127
0.859159, 0.741908, 0.24842
0.959389, 0.755342, 0.255291
0.0596524, 0.846324, 0.248774
0.157442, 0.843888, 0.253645
0.255207, 0.856883, 0.256679
0.352638, 0.840981, 0.250889
0.446305, 0.846251, 0.244601
0.548666, 0.852978, 0.247247
0.644427, 0.848138, 0.242102
0.748881, 0.850992, 0.250117
0.839022, 0.839415, 0.254258
0.949804, 0.849827, 0.250551
0.0400704, 0.954252, 0.252045
0.151868, 0.952337, 0.25078
0.245009, 0.944913, 0.256011
0.349263, 0.949399, 0.248481
0.45179, 0.949326, 0.251328
0.552617, 0.951896, 0.243927
0.658629, 0.957783, 0.256276
0.748738, 0.951787, 0.253095
0.843719, 0.949161, 0.241709
0.946972, 0.95531, 0.244068
0.0494569, 0.0498948, 0.350424
0.148657, 0.0485309, 0.350095
0.249198, 0.0480851, 0.349506
0.356061, 0.049301, 0.341044
0.446265, 0.0550034, 0.350764
0.550948, 0.0549771, 0.358503
0.644579, 0.0530419, 0.353877
0.749219, 0.0558272, 0.344871
0.845618, 0.0492749, 0.350001
0.950338, 0.0581602, 0.3413
0.0553668, 0.150523, 0.360198
0.152866, 0.146644, 0.349277
0.254423, 0.145129, 0.35251
0.355227, 0.148955, 0.346274
0.445083, 0.157326, 0.344912
0.559071, 0.144247, 0.340284
0.650988, 0.149784, 0.348477
0.748253, 0.149826, 0.353719
0.851843, 0.159307, 0.358628
0.957962, 0.149247, 0.344325
0.0471802, 0.258906, 0.344087
0.145706, 0.250959, 0.352789
0.25013, 0.253668, 0.351755
0.344958, 0.242474, 0.343288
0.450914, 0.251171, 0.352681
0.550667, 0.252684, 0.34669
0.655384, 0.24461, 0.342171
0.750231, 0.250596, 0.349217
0.846697, 0.252985, 0.35395
0.946597, 0.259897, 0.353773
0.0496085, 0.350255, 0.35003
0.148759, 0.352412, 0.34981
0.249802, 0.349628, 0.349245
0.354172, 0.353808, 0.346602
0.453853, 0.352281, 0.345893
0.551113, 0.348778, 0.351516
0.650773, 0.34645, 0.340068
0.744519, 0.357868, 0.356486
0.847958, 0.344105, 0.358195
0.946521, 0.357143, 0.34139
0.049726, 0.449872, 0.351834
0.139808, 0.444469, 0.348611
0.262797, 0.446765, 0.343136
0.346065, 0.451071, 0.344176
0.444097, 0.447106, 0.350648
0.542073, 0.44631, 0.343495
0.648175, 0.443716, 0.35641
0.756816, 0.456307, 0.347365
0.845488, 0.453838, 0.350116
0.958865, 0.442031, 0.346121
0.0482162, 0.550142, 0.35781
0.145905, 0.550927, 0.35352
0.244291, 0.549638, 0.3558
0.353943, 0.545799, 0.344988
0.44951, 0.548342, 0.348045
0.549087, 0.558516, 0.357375
0.650557, 0.547184, 0.359438
0.747246, 0.556098, 0.352733
0.849912, 0.549274, 0.338409
0.947116, 0.545497, 0.343983
0.0538668, 0.649672, 0.348671
0.14643, 0.646918, 0.355116
0.251907, 0.646741, 0.352069
0.344704, 0.645068, 0.351109
0.451367, 0.648114, 0.348549
0.546295, 0.658152, 0.357602
0.648971, 0.639138, 0.356312
0.744224, 0.655911, 0.352615
0.84865, 0.649046, 0.353648
0.960011, 0.648273, 0.350185
0.0523477, 0.740108, 0.34601
0.1503, 0.745999, 0.34568
0.243992, 0.758449, 0.349306
0.350594, 0.750706, 0.348748
0.451584, 0.745524, 0.341692
0.550969, 0.751419, 0.350815
0.648681, 0.746954, 0.346106
0.747315, 0.751953, 0.348568
0.853827, 0.75089, 0.355678
0.952711, 0.748403, 0.353825
0.0411839, 0.846322, 0.355358
0.150466, 0.848236, 0.352984
0.248192, 0.854729, 0.349103
0.350904, 0.858894, 0.341065
0.458468, 0.848587, 0.346831
0.551817, 0.850578, 0.350575
0.642771, 0.858156, 0.353281
0.748509, 0.850008, 0.347299
0.852977, 0.855841, 0.352239
0.945825, 0.850977, 0.351749
0.0519215, 0.951676, 0.350581
0.150373, 0.952791, 0.353035
0.249002, 0.950362, 0.357829
0.350237, 0.957516, 0.350669
0.45053, 0.940383, 0.348735
0.550929, 0.950607, 0.35477
0.650681, 0.953941, 0.359935
0.744374, 0.949031, 0.361184
0.845648, 0.950212, 0.345118
0.949127, 0.941863, 0.350133
0.0432949, 0.0524764, 0.447371
0.150208, 0.0510361, 0.448604
0.255148, 0.0515699, 0.451955
0.346196, 0.0464792, 0.451137
0.445783, 0.0468289, 0.447516
0.556508, 0.0418548, 0.443943
0.655879, 0.0447345, 0.444467
0.749405, 0.0422129, 0.451651
0.852114, 0.0517159, 0.446859
0.949136, 0.0489866, 0.446798
0.0478512, 0.151475, 0.451846
0.148383, 0.146704, 0.453024
0.248338, 0.151492, 0.449122
0.343144, 0.142914, 0.455375
0.44703, 0.137181, 0.456074
0.543801, 0.149541, 0.445041
0.643044, 0.153562, 0.444379
0.74708, 0.151046, 0.453451
0.851257, 0.138621, 0.443329
0.945791, 0.141942, 0.447525
0.046561, 0.249798, 0.451386
0.139245, 0.250019, 0.459931
0.234101, 0.24671, 0.445137
0.354141, 0.252572, 0.45681
0.458629, 0.239557, 0.448113
0.550213, 0.248197, 0.446081
0.648802, 0.245909, 0.441253
0.748037, 0.252478, 0.444042
0.849444, 0.250987, 0.453134
0.949926, 0.249435, 0.450657
0.0502522, 0.349104, 0.45337
0.14962, 0.351779, 0.447547
0.254644, 0.350441, 0.443645
0.352137, 0.347106, 0.451108
0.451225, 0.358371, 0.463906
0.548627, 0.349532, 0.448061
0.64501, 0.358396, 0.442691
0.756274, 0.354622, 0.450486
0.84396, 0.353521, 0.454778
0.950696, 0.351235, 0.453297
0.0483763, 0.449961, 0.451104
0.139894, 0.449054, 0.446265
0.24071, 0.441957, 0.453076
0.34736, 0.433032, 0.458139
0.456592, 0.442962, 0.45617
0.547559, 0.447925, 0.447561
0.645874, 0.455473, 0.443659
0.746385, 0.446828, 0.451858
0.855127, 0.455355, 0.439446
0.944497, 0.446562, 0.448573
0.0508115, 0.544787, 0.44836
0.148017, 0.538964, 0.449122
0.244235, 0.556545, 0.44731
0.344776, 0.551895, 0.455981
0.448836, 0.550972, 0.45005
0.553023, 0.555641, 0.456371
0.654453, 0.548525, 0.44653
0.750727, 0.550332, 0.449339
0.857708, 0.550503, 0.442719
0.958051, 0.550598, 0.458413
0.0461737, 0.639941, 0.44459
0.149722, 0.647556, 0.449251
0.256653, 0.647237, 0.442185
0.343633, 0.643221, 0.443001
0.443584, 0.652513, 0.455381
0.549389, 0.650657, 0.450532
0.650041, 0.649448, 0.451039
0.748541, 0.650612, 0.460031
0.850732, 0.645428, 0.449455
0.949393, 0.650063, 0.45026
0.0580057, 0.754885, 0.457411
0.15043, 0.75004, 0.448649
0.246085, 0.746807, 0.455991
0.349596, 0.744777, 0.450631
0.443695, 0.757645, 0.45702
0.540771, 0.757649, 0.448441
0.655342, 0.7593, 0.441527
0.747967, 0.751872, 0.454501
0.849936, 0.749692, 0.450014
0.950829, 0.755111, 0.441371
0.044349, 0.851657, 0.453444
0.150629, 0.851935, 0.450194
0.24611, 0.856104, 0.450114
0.351302, 0.845254, 0.452191
0.445126, 0.855132, 0.44821
0.55197, 0.842941, 0.45438
0.653961, 0.851205, 0.453859
0.745925, 0.854399, 0.447392
0.848023, 0.844921, 0.452299
0.951351, 0.853629, 0.449395
0.0508953, 0.946106, 0.44451
0.147049, 0.952714, 0.453597
0.252108, 0.947826, 0.453311
0.349996, 0.947961, 0.445106
0.451134, 0.951147, 0.450943
0.55148, 0.952049, 0.449498
0.655315, 0.945785, 0.450515
0.748885, 0.951015, 0.450898
0.852513, 0.952198, 0.451117
0.955677, 0.954532, 0.450087
0.0540952, 0.0477787, 0.552811
0.150979, 0.0559543, 0.551453
0.252802, 0.0445261, 0.54732
0.359264, 0.0543656, 0.553199
0.460225, 0.0637221, 0.550499
0.558041, 0.0479376, 0.540066
0.649269, 0.0499843, 0.548008
0.74505, 0.0540041, 0.550527
0.85371, 0.0474346, 0.553442
0.94058, 0.0471263, 0.555515
0.0496039, 0.14505, 0.546672
0.16341, 0.147996, 0.54985
0.254759, 0.157676, 0.551724
0.349016, 0.1549, 0.545709
0.440581, 0.173922, 0.555736
0.560419, 0.146782, 0.546306
0.65048, 0.145614, 0.543748
0.748768, 0.150298, 0.547399
0.836197, 0.147381, 0.552015
0.942939, 0.15975, 0.552945
0.0530839, 0.249079, 0.550247
0.146307, 0.250936, 0.558956
0.245229, 0.252599, 0.547714
0.352139, 0.259738, 0.556333
0.454175, 0.245179, 0.54962
0.558053, 0.255403, 0.544963
0.649058, 0.249779, 0.551348
0.756793, 0.251378, 0.556654
0.852284, 0.248028, 0.551785
0.949819, 0.250705, 0.550066
0.0442854, 0.345174, 0.543169
0.141531, 0.34887, 0.552953
0.251145, 0.347865, 0.542454
0.353933, 0.354297, 0.556869
0.449217, 0.352287, 0.547371
0.543998, 0.349786, 0.542678
0.648265, 0.344439, 0.553538
0.750917, 0.344646, 0.541215
0.849034, 0.345015, 0.556573
0.949079, 0.346944, 0.547868
0.0500902, 0.450017, 0.54414
0.144812, 0.445073, 0.545855
0.256967, 0.444859, 0.542276
0.352747, 0.446143, 0.555118
0.459513, 0.453537, 0.547342
0.542439, 0.45117, 0.550864
0.653414, 0.448274, 0.552896
0.751657, 0.448351, 0.549915
0.860881, 0.454715, 0.547305
0.953183, 0.45261, 0.546867
0.0438573, 0.552612, 0.548662
0.151702, 0.545941, 0.552414
0.253577, 0.559304, 0.543248
0.345738, 0.553991, 0.548912
0.439612, 0.543811, 0.552299
0.55, 0.55, 0.55
0.65, 0.55, 0.55
0.75, 0.55, 0.55
0.85, 0.55, 0.55
0.95, 0.55, 0.55
0.0506235, 0.646227, 0.55173
0.149091, 0.652207, 0.552551
0.244732, 0.650253, 0.550155
0.339239, 0.658614, 0.557509
0.458373, 0.648432, 0.549369
0.55, 0.65, 0.55
0.65, 0.65, 0.55
0.75, 0.65, 0.55
0.85, 0.65, 0.55
0.95, 0.65, 0.55
0.0457665, 0.75487, 0.544936
0.152495, 0.752923, 0.539417
0.257519, 0.750697, 0.547383
0.353952, 0.74661, 0.552903
0.449088, 0.753249, 0.556236
0.55, 0.75, 0.55
0.65, 0.75, 0.55
0.75, 0.75, 0.55
0.85, 0.75, 0.55
0.95, 0.75, 0.55
0.0586788, 0.843802, 0.553463
0.15046, 0.848423, 0.546078
0.252463, 0.848269, 0.550063
0.354142, 0.843822, 0.553155
0.45375, 0.856662, 0.546345
0.55, 0.85, 0.55
0.65, 0.85, 0.55
0.75, 0.85, 0.55
0.85, 0.85, 0.55
0.95, 0.85, 0.55
0.0497647, 0.950939, 0.547728
0.155454, 0.952627, 0.550612
0.249751, 0.950947, 0.548593
0.353058, 0.948652, 0.559581
0.457426, 0.948292, 0.556959
0.55, 0.95, 0.55
0.65, 0.95, 0.55
0.75, 0.95, 0.55
0.85, 0.95, 0.55
0.95, 0.95, 0.55
0.0493834, 0.051273, 0.653647
0.150009, 0.0505578, 0.64598
0.248452, 0.049791, 0.650461
0.348631, 0.0511135, 0.650972
0.455804, 0.0578428, 0.650803
0.542704, 0.0472778, 0.653762
0.658286, 0.0565856, 0.646767
0.742431, 0.0464276, 0.649674
0.855364, 0.0475597, 0.644986
0.942523, 0.0438802, 0.655611
0.0499378, 0.154112, 0.660048
0.153999, 0.150623, 0.645266
0.254824, 0.145147, 0.639174
0.349395, 0.146531, 0.649041
0.455198, 0.157554, 0.660294
0.549248, 0.150499, 0.651705
0.660565, 0.154996, 0.652551
0.751868, 0.149538, 0.649634
0.84108, 0.146578, 0.657552
0.949281, 0.149987, 0.652082
0.0516196, 0.246389, 0.653284
0.14295, 0.244037, 0.656529
0.250369, 0.250844, 0.645971
0.356594, 0.244464, 0.645886
0.451659, 0.255572, 0.650854
0.547512, 0.244299, 0.65044
0.644936, 0.250263, 0.64714
0.751876, 0.24729, 0.655274
0.846222, 0.25502, 0.652993
0.949198, 0.250196, 0.64932
0.0563397, 0.340977, 0.647634
0.142478, 0.35387, 0.645168
0.248314, 0.353442, 0.649486
0.348393, 0.354218, 0.643856
0.451254, 0.353286, 0.651883
0.542306, 0.353022, 0.652369
0.647482, 0.347422, 0.655267
0.748537, 0.343623, 0.650173
0.848843, 0.343253, 0.657975
0.954435, 0.34666, 0.645342
0.039767, 0.445696, 0.652171
0.153045, 0.443419, 0.639603
0.247698, 0.449699, 0.647599
0.350186, 0.442672, 0.653725
0.452136, 0.452471, 0.647436
0.551547, 0.452274, 0.649514
0.657367, 0.454238, 0.655705
0.75874, 0.45804, 0.646851
0.847803, 0.450101, 0.653731
0.957105, 0.456497, 0.646409
0.0506492, 0.550061, 0.654221
0.148353, 0.551618, 0.644983
0.248368, 0.55059, 0.646933
0.349915, 0.549476, 0.642729
0.451191, 0.550697, 0.650457
0.55, 0.55, 0.65
0.65, 0.55, 0.65
0.75, 0.55, 0.65
0.85, 0.55, 0.65
0.95, 0.55, 0.65
0.0498966, 0.653916, 0.648306
0.148465, 0.653862, 0.650416
0.252298, 0.652662, 0.646581
0.346957, 0.646168, 0.650507
0.452429, 0.657394, 0.641456
0.55, 0.65, 0.65
0.65, 0.65, 0.65
0.75, 0.65, 0.65
0.85, 0.65, 0.65
0.95, 0.65, 0.65
0.0501336, 0.752207, 0.651077
0.146881, 0.745528, 0.651058
0.254709, 0.747744, 0.651009
0.343496, 0.754223, 0.645491
0.45032, 0.753016, 0.654114
0.55, 0.75, 0.65
0.65, 0.75, 0.65
0.75, 0.75, 0.65
0.85, 0.75, 0.65
0.95, 0.75, 0.65
0.0493932, 0.858944, 0.655956
0.143642, 0.850189, 0.647034
0.250515, 0.847984, 0.650834
0.347218, 0.845054, 0.642195
0.448268, 0.850121, 0.646332
0.55, 0.85, 0.65
0.65, 0.85, 0.65
0.75, 0.85, 0.65
0.85, 0.85, 0.65
0.95, 0.85, 0.65
0.05718, 0.957286, 0.641199
0.150765, 0.950876, 0.651313
0.246804, 0.949453, 0.644489
0.348648, 0.942646, 0.647313
0.45277, 0.956342, 0.639044
0.55, 0.95, 0.65
0.65, 0.95, 0.65
0.75, 0.95, 0.65
0.85, 0.95, 0.65
0.95, 0.95, 0.65
0.0454437, 0.0500096, 0.756054
0.150139, 0.0451924, 0.753177
0.251065, 0.0459942, 0.746289
0.356628, 0.0485672, 0.745348
0.452468, 0.0540812, 0.749584
0.543389, 0.0604683, 0.751716
0.644066, 0.0544675, 0.745796
0.752814, 0.0421783, 0.753695
0.850601, 0.0514298, 0.744289
0.951343, 0.046602, 0.749973
0.0485541, 0.15559, 0.750665
0.140534, 0.154964, 0.759814
0.250186, 0.14723, 0.758541
0.345724, 0.147964, 0.747411
0.451202, 0.147916, 0.746018
0.555891, 0.155485, 0.755898
0.650979, 0.150956, 0.749682
0.748872, 0.148559, 0.743795
0.850722, 0.153061, 0.743581
0.956177, 0.15271, 0.751106
0.0443, 0.242907, 0.755676
0.151986, 0.248836, 0.748522
0.251886, 0.247765, 0.742839
0.353229, 0.253535, 0.747313
0.453066, 0.247749, 0.750253
0.554559, 0.250612, 0.751733
0.648768, 0.259774, 0.760708
0.75271, 0.248051, 0.752003
0.851607, 0.247496, 0.754217
0.949456, 0.248153, 0.750081
0.0464198, 0.352588, 0.751513
0.156232, 0.355852, 0.750837
0.256833, 0.360637, 0.75657
0.351336, 0.357311, 0.754361
0.448313, 0.353265, 0.749289
0.540405, 0.343575, 0.750541
0.650464, 0.34971, 0.750548
0.748576, 0.345051, 0.747183
0.850142, 0.351375, 0.750443
0.948728, 0.350965, 0.751558
0.0489293, 0.449893, 0.750267
0.150578, 0.457854, 0.753838
0.250766, 0.450631, 0.738909
0.349258, 0.450065, 0.751407
0.449532, 0.451353, 0.747526
0.543958, 0.452925, 0.752256
0.650665, 0.452603, 0.753286
0.738707, 0.450349, 0.748182
0.84565, 0.447565, 0.750358
0.943198, 0.449578, 0.756188
0.0499164, 0.5478, 0.750237
0.150513, 0.547382, 0.74709
0.252275, 0.549707, 0.746181
0.350323, 0.543576, 0.743053
0.457453, 0.558747, 0.756066
0.55, 0.55, 0.75
0.65, 0.55, 0.75
0.75, 0.55, 0.75
0.85, 0.55, 0.75
0.95, 0.55, 0.75
0.0481212, 0.642405, 0.751341
0.147929, 0.646032, 0.752625
0.248915, 0.651109, 0.74843
0.351052, 0.651656, 0.746981
0.458869, 0.646464, 0.745702
0.55, 0.65, 0.75
0.65, 0.65, 0.75
0.75, 0.65, 0.75
0.85, 0.65, 0.75
0.95, 0.65, 0.75
0.0524415, 0.751619, 0.753215
0.154148, 0.756422, 0.753883
0.253788, 0.7501, 0.748943
0.349828, 0.760226, 0.754811
0.441559, 0.748649, 0.745352
0.55, 0.75, 0.75
0.65, 0.75, 0.75
0.75, 0.75, 0.75
0.85, 0.75, 0.75
0.95, 0.75, 0.75
0.0410049, 0.84461, 0.758365
0.159673, 0.854012, 0.744757
0.249723, 0.850253, 0.74928
0.349242, 0.850074, 0.749928
0.448398, 0.84839, 0.749591
0.55, 0.85, 0.75
0.65, 0.85, 0.75
0.75, 0.85, 0.75
0.85, 0.85, 0.75
0.95, 0.85, 0.75
0.0500147, 0.952839, 0.749606
0.151122, 0.948916, 0.750102
0.251268, 0.948068, 0.754999
0.354473, 0.952645, 0.754392
0.452106, 0.958832, 0.742915
0.55, 0.95, 0.75
0.65, 0.95, 0.75
0.75, 0.95, 0.75
0.85, 0.95, 0.75
0.95, 0.95, 0.75
0.0461029, 0.052167, 0.847271
0.145213, 0.0485538, 0.849952
0.24893, 0.0487652, 0.849697
0.359902, 0.0481891, 0.840926
0.451467, 0.04916, 0.855192
0.550249, 0.0489212, 0.850429
0.641439, 0.0539146, 0.855473
0.746846, 0.0572985, 0.854473
0.849746, 0.0530625, 0.841596
0.945068, 0.0536716, 0.855461
0.0531911, 0.14367, 0.85715
0.159491, 0.154483, 0.850426
0.249605, 0.147685, 0.844521
0.348146, 0.156453, 0.85273
0.451578, 0.147599, 0.844998
0.540581, 0.143986, 0.851961
0.651612, 0.148951, 0.849512
0.74233, 0.14364, 0.856113
0.845222, 0.148318, 0.848793
0.947969, 0.156094, 0.855756
0.0492538, 0.260883, 0.842327
0.155614, 0.254522, 0.849152
0.248252, 0.253116, 0.84875
0.346919, 0.256203, 0.859774
0.448473, 0.245661, 0.846665
0.545162, 0.254144, 0.844625
0.645426, 0.252884, 0.854706
0.752172, 0.250655, 0.851607
0.853884, 0.245248, 0.84521
0.952529, 0.247935, 0.849403
0.0444469, 0.351408, 0.84956
0.143919, 0.34853, 0.843855
0.254047, 0.346061, 0.857235
0.348432, 0.348252, 0.849744
0.455061, 0.345962, 0.849728
0.558728, 0.3512, 0.852755
0.654952, 0.352386, 0.848069
0.746529, 0.348649, 0.854878
0.852448, 0.349698, 0.851739
0.954415, 0.344525, 0.854431
0.0508208, 0.456602, 0.845114
0.160235, 0.456497, 0.851459
0.257893, 0.44965, 0.845002
0.35267, 0.454787, 0.845475
0.445978, 0.449522, 0.843718
0.554587, 0.443028, 0.856771
0.650668, 0.452581, 0.856476
0.752817, 0.451666, 0.854029
0.848801, 0.446916, 0.854918
0.957131, 0.44935, 0.841839
0.0524278, 0.545721, 0.846457
0.155603, 0.551265, 0.854025
0.255737, 0.555202, 0.849626
0.343419, 0.548971, 0.845968
0.44946, 0.548881, 0.849096
0.55, 0.55, 0.85
0.65, 0.55, 0.85
0.75, 0.55, 0.85
0.85, 0.55, 0.85
0.95, 0.55, 0.85
0.0533859, 0.646369, 0.84824
0.14858, 0.646755, 0.850865
0.252655, 0.652507, 0.855246
0.362567, 0.641838, 0.854043
0.45632, 0.649243, 0.843498
0.55, 0.65, 0.85
0.65, 0.65, 0.85
0.75, 0.65, 0.85
0.85, 0.65, 0.85
0.95, 0.65, 0.85
0.050078, 0.756625, 0.843184
0.152158, 0.743894, 0.841733
0.250597, 0.746186, 0.853934
0.344747, 0.746029, 0.858203
0.451129, 0.750442, 0.854355
0.55, 0.75, 0.85
0.65, 0.75, 0.85
0.75, 0.75, 0.85
0.85, 0.75, 0.85
0.95, 0.75, 0.85
0.0491622, 0.851536, 0.850741
0.156094, 0.846892, 0.855577
0.250818, 0.84769, 0.847818
0.346092, 0.844102, 0.852112
0.445773, 0.862591, 0.847421
0.55, 0.85, 0.85
0.65, 0.85, 0.85
0.75, 0.85, 0.85
0.85, 0.85, 0.85
0.95, 0.85, 0.85
0.0441714, 0.946202, 0.846915
0.152212, 0.950381, 0.84856
0.252113, 0.959042, 0.848147
0.351437, 0.956256, 0.855698
0.444308, 0.956714, 0.843504
0.55, 0.95, 0.85
0.65, 0.95, 0.85
0.75, 0.95, 0.85
0.85, 0.95, 0.85
0.95, 0.95, 0.85
0.0503064, 0.0495487, 0.950558
0.143052, 0.0537112, 0.952075
0.250744, 0.0576198, 0.948853
0.345499, 0.0535929, 0.945557
0.455133, 0.0470409, 0.946099
0.542222, 0.0514173, 0.942914
0.649773, 0.0409747, 0.949162
0.739495, 0.0468882, 0.952152
0.850298, 0.0513572, 0.941325
0.943436, 0.0530482, 0.942411
0.0580373, 0.149783, 0.951982
0.148398, 0.152037, 0.953513
0.246247, 0.147712, 0.951051
0.350836, 0.151586, 0.947433
0.450088, 0.149151, 0.952108
0.553666, 0.149453, 0.947551
0.652194, 0.148182, 0.951654
0.751479, 0.147702, 0.955696
0.851337, 0.150234, 0.948512
0.947904, 0.147978, 0.949015
0.0441686, 0.235652, 0.947987
0.151023, 0.250184, 0.949973
0.256465, 0.256871, 0.947174
0.350106, 0.24789, 0.954858
0.450857, 0.251513, 0.949929
0.546748, 0.25175, 0.95239
0.653125, 0.251872, 0.951434
0.745734, 0.247926, 0.948906
0.849086, 0.250363, 0.951122
0.948352, 0.24795, 0.948092
0.0445439, 0.350117, 0.959183
0.149978, 0.351791, 0.948305
0.257459, 0.354333, 0.94088
0.347548, 0.352313, 0.952619
0.448529, 0.351144, 0.94261
0.550551, 0.350603, 0.950562
0.65398, 0.33993, 0.944745
0.748634, 0.350148, 0.944217
0.842286, 0.336607, 0.949509
0.957342, 0.351473, 0.945813
0.0444721, 0.444483, 0.949826
0.153267, 0.447174, 0.950251
0.251705, 0.445623, 0.953356
0.354637, 0.452359, 0.948266
0.450864, 0.451217, 0.949779
0.548184, 0.451479, 0.959064
0.6523, 0.444573, 0.953403
0.752049, 0.450328, 0.948285
0.859504, 0.453396, 0.95339
0.95233, 0.447456, 0.946542
0.0496046, 0.548037, 0.951022
0.155086, 0.543895, 0.951548
0.252821, 0.551668, 0.949441
0.350425, 0.549702, 0.952068
0.457671, 0.551485, 0.953274
0.55, 0.55, 0.95
0.65, 0.55, 0.95
0.75, 0.55, 0.95
0.85, 0.55, 0.95
0.95, 0.55, 0.95
0.0479366, 0.65108, 0.951062
0.143901, 0.646085, 0.93777
0.250936, 0.649538, 0.950724
0.349702, 0.650573, 0.950094
0.440537, 0.655506, 0.949758
0.55, 0.65, 0.95
0.65, 0.65, 0.95
0.75, 0.65, 0.95
0.85, 0.65, 0.95
0.95, 0.65, 0.95
0.0522104, 0.753274, 0.946982
0.14445, 0.737636, 0.946816
0.250705, 0.75819, 0.950608
0.355464, 0.745202, 0.960416
0.452353, 0.753658, 0.954598
0.55, 0.75, 0.95
0.65, 0.75, 0.95
0.75, 0.75, 0.95
0.85, 0.75, 0.95
0.95, 0.75, 0.95
0.0450761, 0.845206, 0.948308
0.148504, 0.850052, 0.950001
0.249678, 0.851051, 0.951694
0.350935, 0.849269, 0.949874
0.44525, 0.854391, 0.944245
0.55, 0.85, 0.95
0.65, 0.85, 0.95
0.75, 0.85, 0.95
0.85, 0.85, 0.95
0.95, 0.85, 0.95
0.0571698, 0.952342, 0.947953
0.157552, 0.94637, 0.948718
0.247256, 0.948679, 0.954795
0.350552, 0.945946, 0.957067
0.450595, 0.949644, 0.951063
0.55, 0.95, 0.95
0.65, 0.95, 0.95
0.75, 0.95, 0.95
0.85, 0.95, 0.95
0.95, 0.95, 0.95
