-1.47739251082795e-05,-0.999999999857841
-0.234755846259139,-0.972054367125191
-0.192841242595693,-0.981229970574762
-0.152656767899125,-0.988279267500831
-0.112801094352399,-0.99361758897118
-0.0735051801359769,-0.997294835288531
-0.0356136303178636,-0.999365633305848
0.0355928667907564,-0.999366372944934
0.0734994584328124,-0.99729525698766
0.112802773466021,-0.993617398347258
0.152662159368409,-0.988278435005527
0.192848752198975,-0.981228493969935
0.234764875607536,-0.972052186449358
-0.348043725103612,-0.93747830112847
-0.30916183055843,-0.951009443568624
-0.270816253686346,-0.962631059455193
-0.20795805080227,-0.943919053931514
-0.166541692303457,-0.947571631767975
-0.126167076709742,-0.952629728295032
-0.0851768878087042,-0.956737409613827
-0.0431904697191223,-0.959576806611556
1.75291325625855e-05,-0.961162968056756
0.043215718404232,-0.959573216004994
0.0851948072242451,-0.956735874155229
0.126180997303416,-0.952628522430843
0.166553678371547,-0.947570463925084
0.207969434967051,-0.94391761989806
0.270827023474716,-0.962628029591818
0.309173598773537,-0.951005618157603
0.34805598602302,-0.937473748634937
-0.424445209651569,-0.905453623094248
-0.388759782776519,-0.921339151070633
-0.357034498684442,-0.898912746466086
-0.316685414689499,-0.908544542037486
-0.2779162295003,-0.918756806832355
-0.239012778687023,-0.922763021261433
-0.191286160589255,-0.910307971772939
-0.147136245983448,-0.912241100942872
-0.10485759976158,-0.916254688962491
-0.0629293154928235,-0.919647796796737
-0.0209260187375124,-0.921928470055311
0.0209451198822219,-0.921924570114288
0.0629471091431621,-0.919643520410857
0.10487338580038,-0.916252095474195
0.147150627201108,-0.912239423417238
0.191299683892279,-0.910307034148131
0.239025855586644,-0.922762207953942
0.277929810015888,-0.918754032625016
0.31669878655198,-0.908540737389034
0.357047499388089,-0.898908033831513
0.388772046072203,-0.921333976267621
0.424457145897073,-0.905448027938054
-0.49882867613997,-0.866700612588018
-0.464003565532728,-0.885833331486751
-0.4282446617922,-0.866837018774919
-0.387462534513122,-0.874740375861944
-0.338416094978779,-0.867994074648025
-0.295575114531054,-0.874909029700311
-0.255342315457419,-0.880728334964325
-0.2153415562945,-0.880255859459487
-0.169701136476289,-0.875283620189446
-0.125888296951603,-0.876736871886565
-0.083470769049437,-0.879697043575914
-0.0415736515159221,-0.882151302966559
7.2336821209988e-06,-0.883089032120297
0.0415889804457121,-0.882147782959074
0.0834861931884628,-0.879693650666973
0.125903209070087,-0.876734689651949
0.169715605643175,-0.875282660245555
0.215355613871469,-0.880256062291148
0.255355809625969,-0.880727587693874
0.295588127380787,-0.87490624762977
0.338428537940896,-0.867990051696715
0.387474774893267,-0.874735401729582
0.428256291266881,-0.866831545689129
0.464014886977836,-0.88582740041911
0.498839194781313,-0.86669455815373
-0.575435983254813,-0.817846824891401
-0.537594132365947,-0.84320374041366
-0.498794844077009,-0.828133293899525
-0.457185434926487,-0.839779244008081
-0.407658184292841,-0.835137148205884
-0.364099375535325,-0.837495870550014
-0.317227365955917,-0.835337096106089
-0.274544060102683,-0.839107562596405
-0.23361335511285,-0.841160502980179
-0.191937017489344,-0.840840957767092
-0.147812558647268,-0.839157464282476
-0.104649654533804,-0.840449307716172
-0.0624442162660722,-0.842535238056705
-0.0207548770349761,-0.843883997471496
0.0207684751168174,-0.843882849893229
0.0624585280467589,-0.842532545186222
0.104664281186344,-0.840446954454271
0.147827110743093,-0.839156241072532
0.191951162126573,-0.840840962790247
0.233626536997993,-0.841160564939786
0.274556417151523,-0.839106239437228
0.31723926873318,-0.835334058269445
0.364111110775202,-0.837491852193304
0.4076694089762,-0.835132186653291
0.457196135302993,-0.839773679049481
0.4988046159996,-0.828127634949234
0.537603718444067,-0.843197629215781
0.575444702645375,-0.817840689478168
-0.607912837505667,-0.794003766671742
-0.540243099584019,-0.802049266364846
-0.504179612582298,-0.790172250372775
-0.465392339911632,-0.798538293324789
-0.426759550710145,-0.801956794318133
-0.38282318272571,-0.799813898101506
-0.339961005078662,-0.80075203210845
-0.295686962768573,-0.800044000714147
-0.253432165214864,-0.801651351591162
-0.211682672999576,-0.802593093486316
-0.169419114174462,-0.802679417133438
-0.126207703317459,-0.802388231020548
-0.0835929099488722,-0.803475879704852
-0.0416339177865855,-0.804749705706833
6.67607057161442e-06,-0.805269989393824
0.0416474946112524,-0.804748386849359
0.0836069859025386,-0.803474002790346
0.126222011637011,-0.80238687195612
0.169433188634003,-0.80267897249426
0.21169592324125,-0.802593037442619
0.253444428463503,-0.801650754744742
0.295698482928814,-0.800042105137767
0.339972249182899,-0.8007489747291
0.38283395069562,-0.799809767179169
0.426769924061632,-0.801951961548857
0.465402052275681,-0.79853301599055
0.504188717424311,-0.790166748828871
0.540252017763374,-0.802043573750256
0.607920912904,-0.793997583406027
-0.643146076129384,-0.765743510679587
-0.605375572936467,-0.755251752650652
-0.569207844281921,-0.76965734050026
-0.529385170054571,-0.758776499475902
-0.484547941311066,-0.756783984053144
-0.44390910748841,-0.761440280337356
-0.403030751475131,-0.76360379941865
-0.360113296587075,-0.763015737084764
-0.317513057637174,-0.763494094952614
-0.274423082928088,-0.763224809844389
-0.232113090396892,-0.764040145979482
-0.189963689265877,-0.76465598451127
-0.14759179574623,-0.764963574591031
-0.104931809964914,-0.765190769676668
-0.0626888253951857,-0.76597256540265
-0.0208455783308412,-0.766623508205796
0.0208590687833876,-0.766623048533678
0.062702553918229,-0.765971456950194
0.104945825694686,-0.765189605952708
0.147605774131093,-0.764962859619292
0.189977125737512,-0.764655610279156
0.23212567687871,-0.764039635864792
0.274434810745924,-0.763223555258814
0.31752423973142,-0.763491912892446
0.360124027492979,-0.763012452590253
0.403041136990569,-0.763599714812701
0.44391900084059,-0.761435494121074
0.484557225797352,-0.756778758971674
0.529393985741317,-0.758771234174701
0.569216136955826,-0.769651958822289
0.605383090108051,-0.755246063236062
0.643153519898216,-0.765737259014171
-0.67523174146985,-0.737605649975887
-0.635071898124524,-0.724309957184961
-0.59024105862534,-0.72305546314809
-0.552126977276379,-0.726079423692251
-0.508501667774836,-0.72220134340568
-0.464573520105571,-0.721719168760411
-0.42276611842532,-0.724499994171722
-0.380966186555131,-0.725842860874824
-0.338356321819697,-0.725791459779668
-0.295869392076193,-0.726014841592112
-0.253164231262747,-0.726000545709699
-0.210793006684742,-0.726519923708327
-0.168519472639566,-0.727001889683356
-0.126206306112078,-0.727367792040102
-0.0838775588429451,-0.727697572055007
-0.0418286669626925,-0.728174300823489
6.80719885929881e-06,-0.728402241346263
0.0418423574815306,-0.728173753955392
0.083891406600824,-0.727696780341775
0.126220194437713,-0.727367072844446
0.168533060103849,-0.727001318656375
0.210805984740929,-0.726519309126426
0.253176453449232,-0.725999528000905
0.295880962705952,-0.726013202042655
0.338367354429738,-0.72578895484987
0.38097684720969,-0.72583952898467
0.422776354999778,-0.724495876398323
0.464583281541342,-0.721714425132561
0.508511072081767,-0.722196547383876
0.552136053000941,-0.726074737674159
0.590249438926021,-0.723050129873895
0.635079592800846,-0.724304398806623
0.6752388350777,-0.737599155553891
-0.731972634974097,-0.681334030398192
-0.705163498577299,-0.709044737851021
-0.663663948635011,-0.694666286704725
-0.617621787445691,-0.688551709255586
-0.573620294428578,-0.68623408032031
-0.531630693424729,-0.687414764292325
-0.487780258953213,-0.685825453211237
-0.444141433070331,-0.685949581427422
-0.401762561038834,-0.687554908844006
-0.359518712936003,-0.688365480233761
-0.316987244811046,-0.688435130633187
-0.274496401819046,-0.688587038758174
-0.231938040435609,-0.688695097526438
-0.189565509443593,-0.689074303126869
-0.147292752586526,-0.689457544481753
-0.105070904735561,-0.689779322145375
-0.0629202317821095,-0.690046466391045
-0.0209417024343618,-0.690275814220253
0.0209554875894326,-0.690275621930593
0.0629340782261303,-0.69004599222982
0.105084767782962,-0.689778751285349
0.147306448669809,-0.689456948214113
0.189578806080082,-0.68907362678976
0.231950765372695,-0.688694160666381
0.274508528755147,-0.688585688017968
0.316998809091461,-0.688433171961921
0.35952982940751,-0.688362830942843
0.401773259412412,-0.687551497077203
0.444151712782585,-0.68594549738692
0.487790238016714,-0.685821169841589
0.531640313248086,-0.687410575954903
0.573629240793289,-0.686229408332471
0.617630109331878,-0.688546688340506
0.663671501982761,-0.694660589542979
0.705170278762075,-0.709037994394474
0.731979079148063,-0.681327107616944
-0.761435209258641,-0.648241021607476
-0.721267019410474,-0.644688934964363
-0.687205027100011,-0.662232340607282
-0.642828698569484,-0.656125847765962
-0.597836941560236,-0.651567594794348
-0.55341223961199,-0.649911774272614
-0.510306180179066,-0.650134876036922
-0.466617739303229,-0.649477399201322
-0.423268703967627,-0.649687924552148
-0.380672180962285,-0.650568966343272
-0.338236909577461,-0.651024276030174
-0.295714258717137,-0.651116675694678
-0.253230131050246,-0.651244090195419
-0.210761904908975,-0.651388219727834
-0.168428776851717,-0.65167144224381
-0.126198878645113,-0.651957883693711
-0.0840483779073105,-0.652193446462893
-0.0419768267539989,-0.652354515901947
6.96273992628338e-06,-0.652425711003025
0.0419907622993771,-0.652354272924368
0.0840623022498444,-0.652193041442338
0.12621268646125,-0.65195736703071
0.168442319343643,-0.651670793504294
0.210775038840598,-0.651387354732014
0.25324278221052,-0.651242918393137
0.295726400343502,-0.651115073301553
0.338248580107259,-0.651022149087658
0.380683410742782,-0.650566206068471
0.423279530899844,-0.649684531145204
0.466628260478554,-0.649473699166639
0.510316345587543,-0.650131130388631
0.553421766607061,-0.64990771077236
0.597845825493609,-0.651563198035985
0.642836798364757,-0.656120975332381
0.687212297770366,-0.662226644839649
0.721273416648035,-0.644682503607006
0.761441149700603,-0.648234043756286
-0.788175043189096,-0.615451135765008
-0.745136451500496,-0.61004814815288
-0.700428504724975,-0.614382000334433
-0.662572493594784,-0.621088058063917
-0.619849700471133,-0.6173399798457
-0.57582911437698,-0.614619047201278
-0.531915430687995,-0.613387107129368
-0.488632814205141,-0.613262469110823
-0.445237703677531,-0.61294351794522
-0.402137420933417,-0.613085382255006
-0.359488620644897,-0.613535193677763
-0.316979180775236,-0.613781683974068
-0.274474228152977,-0.613862758981829
-0.232024610161664,-0.61396728511293
-0.189632048010411,-0.614099865433074
-0.147351429579742,-0.6143017871035
-0.105166455772331,-0.614497243339482
-0.0630571572546891,-0.614642686135589
-0.0210045537131741,-0.614715266925496
0.021018617201099,-0.614715173670715
0.0630711955931987,-0.614642424693781
0.105180401917342,-0.614496835072448
0.147365183977397,-0.614301223455745
0.189645506142793,-0.614099100430158
0.232037693622967,-0.613966266901261
0.2744868845524,-0.613861414110767
0.316991397337374,-0.613779942310502
0.35950039845432,-0.613532963704138
0.402148790638463,-0.613082625760003
0.445248743984569,-0.612940413596729
0.488643497629644,-0.613259210516175
0.531925565919441,-0.613383590320131
0.575838646991261,-0.614615275715806
0.61985857108244,-0.6173358488592
0.662580705961888,-0.621083463991879
0.700435657128056,-0.614376173365325
0.745142778480444,-0.610041740004104
0.788180518495624,-0.615444124404458
-0.813338638938421,-0.581790562182512
-0.769431500559277,-0.577128669163963
-0.723688340086928,-0.576711843934573
-0.680595628175162,-0.578787760681166
-0.64002220457262,-0.581213846641599
-0.597232417388809,-0.579174652699
-0.55370432076998,-0.577525430698589
-0.510165649309472,-0.576659004102065
-0.46695742609547,-0.576427969221175
-0.423804563095631,-0.576225290648483
-0.380884216052142,-0.576278506291087
-0.338245289910308,-0.576487429738497
-0.295727437554221,-0.576611311837364
-0.253259044777586,-0.576667431130172
-0.210859641398207,-0.576743258666626
-0.168533183462986,-0.576843089299454
-0.126301396888929,-0.576975131056263
-0.0841500338347854,-0.577093291381917
-0.042056509287239,-0.577167874084499
7.09742413876264e-06,-0.577189894881788
0.0420706836719861,-0.577167723142821
0.0841641343364419,-0.57709298973867
0.126315351550455,-0.576974669838054
0.168546913004426,-0.57684244161258
0.210873076836667,-0.576742391032101
0.253272128576893,-0.576666299670474
0.295740132777685,-0.576609869807574
0.338257572683834,-0.576485614549454
0.380896090449035,-0.576276279442112
0.423816072571398,-0.57622273837288
0.466968556083865,-0.576425209420674
0.510176274166914,-0.576656011140699
0.553714364203337,-0.577522214255184
0.5972417849621,-0.579171154578918
0.640030826087157,-0.581209988753537
0.680603183326622,-0.578782861716703
0.723694995012243,-0.576706094396429
0.769437287741567,-0.57712226377422
0.813343541791122,-0.581783708113827
-0.837074577160783,-0.547088797221257
-0.792925530376649,-0.543592090850953
-0.747607934176579,-0.541829731022705
-0.703016202038276,-0.541196681807317
-0.659933754831489,-0.541982422377813
-0.617954126907544,-0.542688610623797
-0.575013310371415,-0.541484291469171
-0.531711405480047,-0.540436078073033
-0.4884221160303,-0.539812456684865
-0.445339570581797,-0.539558715727054
-0.402365825526733,-0.539390087142287
-0.359574303069183,-0.539375514116675
-0.316975012856615,-0.539450526649402
-0.274485151575396,-0.539499003267758
-0.232065264771044,-0.539526350133339
-0.189720145216161,-0.539571085672697
-0.147449509614832,-0.539633281053882
-0.10525713407219,-0.539708769259529
-0.0631266531048712,-0.539769723488676
-0.0210337483190355,-0.539800723056278
0.021048057434889,-0.539800655107404
0.0631409093777057,-0.539769514937219
0.105271278460821,-0.539708408982283
0.147463478071047,-0.539632750523386
0.18973387680062,-0.5395703624966
0.232078703734788,-0.53952540590399
0.274498251371216,-0.539497807335084
0.316987734723359,-0.539449039037708
0.35958662648204,-0.539373706807208
0.402377755886935,-0.539388000000608
0.445351084732999,-0.539556414103063
0.48843312336569,-0.539809936895827
0.531721818650777,-0.540433344410831
0.575023015244976,-0.541481298654013
0.617963004039768,-0.542685284449312
0.659941566967152,-0.54197830060856
0.703023030872543,-0.54119169434806
0.747613869488763,-0.541824074088033
0.792930634582082,-0.543585910126528
0.837078828396484,-0.547082292758931
-0.859348559373609,-0.511390314243927
-0.815257438125006,-0.509122579730858
-0.770557024264286,-0.507133732150899
-0.725961624836276,-0.505627174407635
-0.681876918696338,-0.504889295072063
-0.638685760617639,-0.504925575119549
-0.59604180322006,-0.504917801333598
-0.553016511277285,-0.504111943575688
-0.509851005045859,-0.503389232721999
-0.4667355299933,-0.502913530988363
-0.423774864377718,-0.502663399421275
-0.38093486889383,-0.502502462044598
-0.338244196577244,-0.502442162491725
-0.295699381834038,-0.502441033194969
-0.253255551669605,-0.502440923929209
-0.210888587630964,-0.502441286463269
-0.168595424360441,-0.502457258882494
-0.126370783743686,-0.502485850233261
-0.0842082952768957,-0.50252030940788
-0.0420898149009061,-0.502545544703319
7.2142665993629e-06,-0.502554659359751
0.0421042162200358,-0.502545414809451
0.0842226146945839,-0.502520040670709
0.126384965294023,-0.502485428345882
0.168609412849527,-0.502456667729866
0.210902329541381,-0.502440506879596
0.253268997111619,-0.502439934869799
0.295712484013776,-0.502439809043648
0.338256917947813,-0.502440684267677
0.380947185311541,-0.502500747255749
0.423786735850816,-0.502661482383655
0.466746875921208,-0.502911411262668
0.509861733132939,-0.503386903412586
0.553026502366909,-0.504109361130835
0.596050925376444,-0.504914889281144
0.638693827030524,-0.504922040245745
0.681883939026657,-0.504885008286607
0.725967696397246,-0.505622235282296
0.770562218000141,-0.50712831984459
0.81526182231205,-0.509116825604415
0.859352134145986,-0.511384307090802
-0.880081305533993,-0.474823013528889
-0.836228421344955,-0.473757967218824
-0.792217807994031,-0.471944851076976
-0.748096199460379,-0.470274541293059
-0.704045195134036,-0.468968912678377
-0.660317562640623,-0.468174765429241
-0.617095667153853,-0.467843315734442
-0.574177075402845,-0.467542880928081
-0.531140964245009,-0.466933632632633
-0.488083206438235,-0.4663905377995
-0.445101027584266,-0.466004915023562
-0.402249804156849,-0.46576630235488
-0.359517836515514,-0.465605823934833
-0.316914063199816,-0.465516385672736
-0.274430452092735,-0.465471079050701
-0.23204012690238,-0.465439167254704
-0.189725820353503,-0.465417468083124
-0.147479868100229,-0.465410307147289
-0.105292922697545,-0.465413843944366
-0.0631532628279648,-0.465422775379469
-0.0210429438189519,-0.465429401458696
0.0210574721838245,-0.465429339982149
0.0631677383095899,-0.465422587189985
0.105307293049581,-0.465413519082644
0.14749408180089,-0.465409833446411
0.189739826028351,-0.465416831807409
0.232053873728032,-0.465438353400917
0.274443889438898,-0.465470070175523
0.316927143406671,-0.465515168240267
0.359530516486834,-0.465604403793167
0.402262029387508,-0.465764695401456
0.445112716976122,-0.466003118662582
0.488094263509732,-0.466388537471732
0.531151270823422,-0.46693138389585
0.574186500689253,-0.46754030882121
0.617104057532401,-0.467840228534631
0.660324881501553,-0.468171049290875
0.704051503006256,-0.468964615663044
0.748101576366155,-0.470269812030566
0.79222232202827,-0.471939848036069
0.836232129395658,-0.473752786605439
0.880084237240951,-0.474817580341287
-0.899196309401256,-0.437545422966759
-0.855719809504274,-0.437637190859903
-0.812506550656996,-0.436062971641087
-0.769087288961557,-0.434507582415001
-0.725514169326395,-0.433120759975478
-0.68192200030543,-0.432012916048817
-0.638485181222973,-0.431248199428372
-0.595317155740119,-0.430777660122103
-0.552328391360995,-0.430374475649766
-0.509334476059278,-0.429875649553077
-0.466377332337108,-0.429439120486159
-0.423508539184761,-0.429112020059023
-0.380757669867223,-0.428886978119437
-0.338120127180693,-0.428726794388306
-0.295595921898699,-0.428620348260499
-0.253175517491934,-0.428549884554204
-0.21084037624663,-0.428497991436423
-0.168576066638949,-0.428460643413082
-0.126372118594398,-0.428437732262032
-0.0842165932171507,-0.42842602293481
-0.0420956796491658,-0.42842202886098
7.31768621328558e-06,-0.428421240251608
0.042110289845357,-0.428421911673188
0.0842311282260018,-0.428425783288771
0.126386529169412,-0.428437361558357
0.168590303347346,-0.428460131367102
0.210854388782941,-0.428497326758096
0.253189253990275,-0.428549054477468
0.295609329817593,-0.428619341943823
0.338133153225306,-0.428725610926781
0.380770250828467,-0.428885621852636
0.423520592464246,-0.429110484572828
0.466388759657834,-0.429437386962731
0.509345161659655,-0.429873674799925
0.552338209364746,-0.43037218981496
0.59532597277407,-0.430774931000326
0.638492935733195,-0.43124493925372
0.681928711192152,-0.432009153157849
0.725519895410369,-0.433116618555468
0.769092096500804,-0.434503220759574
0.812510500448635,-0.436058505679927
0.855722940424116,-0.437632654682227
0.899198676719251,-0.437540557875894
-0.916644180134469,-0.399704198620217
-0.873683980279189,-0.400943563913158
-0.831454215992102,-0.399440110752285
-0.788905407231842,-0.39809510369615
-0.746040749336054,-0.396853529678268
-0.702933704477289,-0.395772287138762
-0.659713499239838,-0.394885500775473
-0.61652322049831,-0.394217542394873
-0.57345805344075,-0.393734804872783
-0.530499910758126,-0.393321698367092
-0.487579400869308,-0.392899211407261
-0.444721454628017,-0.392533989742123
-0.401955977568546,-0.392249137919163
-0.359299104351422,-0.392038795628727
-0.316747885122755,-0.391881643457701
-0.274298172107134,-0.391767456780014
-0.231939947674125,-0.391684290826819
-0.189658462473659,-0.391621537911295
-0.147440357137901,-0.39157535214793
-0.105273604874044,-0.391544268776928
-0.0631451212424899,-0.391525890230625
-0.0210407230394512,-0.391517762997564
0.0210554465719403,-0.391517708606391
0.0631597971773493,-0.391525725101541
0.105288185845605,-0.391543987715579
0.147454795494718,-0.39157494765849
0.189672709279113,-0.391621001164676
0.231953951655114,-0.391683611772831
0.274311879432837,-0.391766625916362
0.316761238541131,-0.3918806557747
0.359312037540342,-0.392037648080711
0.401968409024471,-0.392247820243008
0.444733288235312,-0.392532480659626
0.487590525789031,-0.392897470362565
0.530510207656525,-0.393319663096758
0.573467401885272,-0.393732379169277
0.616531545364089,-0.394214659886794
0.6597207855234,-0.394882180847424
0.702939978331811,-0.395768635476301
0.746046055499017,-0.39684969877574
0.788909796071787,-0.39809123393483
0.831457739219944,-0.399436248400676
0.873686661384253,-0.400939656027548
0.916646093758044,-0.399699810797683
-0.932422635252136,-0.361369655059189
-0.890188164631264,-0.363881176720614
-0.849260783408082,-0.362067332804761
-0.807754872510791,-0.360946864392607
-0.765741512327619,-0.359964901923203
-0.723286703312851,-0.359104659638384
-0.680512337948786,-0.358345227897643
-0.637558344317971,-0.357691486890294
-0.594557883737995,-0.357156024445689
-0.551602743038596,-0.356725189365546
-0.508714495299103,-0.356346947319967
-0.465879391447378,-0.355987009965362
-0.423117504478572,-0.355675813021747
-0.380447761846864,-0.355425221078903
-0.337878789988482,-0.355231057151235
-0.295407338184476,-0.355080673314097
-0.253027153556919,-0.354966029339336
-0.210728012792208,-0.354878968098724
-0.168496844911905,-0.354812664163589
-0.126320719916574,-0.354763928818793
-0.0841869812885291,-0.354731118985294
-0.0420823059443706,-0.354712411279581
7.40845771401814e-06,-0.354706379911327
0.0420971002571069,-0.354712310918859
0.0842017077277777,-0.354730915570961
0.126335332693586,-0.354763617319257
0.168511296919307,-0.354812237750814
0.210742254488137,-0.354878418529525
0.253041132166194,-0.354965347950606
0.295420996514371,-0.355079852837563
0.337892062758566,-0.355230090119629
0.38046057163312,-0.35542409439392
0.423129761138866,-0.355674504227588
0.465890992462059,-0.355985481612281
0.508725330715914,-0.356345145144428
0.551612703418279,-0.356723040126991
0.594566888050443,-0.357153476164102
0.637566352683021,-0.357688551744473
0.680519343112911,-0.358341993308472
0.723292716886735,-0.359101267084372
0.765746557006233,-0.359961503956021
0.807758980642225,-0.360943559471112
0.8492640026805,-0.362064072211304
0.890190522183755,-0.363877786959369
0.93242421123185,-0.36136559060075
-0.946611168632018,-0.322377566559967
-0.905627616877038,-0.326611563866021
-0.866586261748112,-0.323918802585236
-0.826304475577174,-0.323028233971888
-0.785173046870621,-0.322397132966163
-0.743357620195932,-0.321888920181276
-0.701043875774204,-0.321420882547445
-0.658400104234328,-0.320964275118685
-0.6155727864457,-0.320525995384149
-0.572682706280708,-0.32012484860442
-0.529812531501964,-0.319767456436091
-0.486997276968696,-0.319440085668903
-0.444245146324712,-0.319134210866393
-0.401572170521625,-0.318867353507042
-0.358989904541908,-0.318646926908476
-0.316501824792439,-0.318470501913213
-0.274103489995986,-0.318330491350711
-0.231787299474181,-0.318221013835977
-0.18954280816413,-0.318136463062797
-0.147357670240353,-0.318072307346942
-0.105219226995704,-0.318026068070622
-0.0631147313164073,-0.317996257714546
-0.0210309424812888,-0.317981657668334
0.021045834248056,-0.317981612435169
0.0631295799107729,-0.317996120964195
0.105233988693811,-0.318025836665929
0.147372300044297,-0.318071976258755
0.189557258857611,-0.318136025581859
0.231801520661304,-0.31822046215332
0.274117426870831,-0.318329817343231
0.316515415654942,-0.31846969601159
0.359003078111847,-0.318645974725325
0.401584845153183,-0.318866232823279
0.444257230484193,-0.319132887843813
0.487008673052541,-0.319438513740137
0.529823142639098,-0.319765577894745
0.572692453156871,-0.320122620555297
0.615581615715713,-0.320523421637228
0.658407982945793,-0.320961422236644
0.701050781355539,-0.321417873185222
0.743363534963521,-0.321885905440992
0.785177959432929,-0.322394242663536
0.826308391655948,-0.323025502581212
0.866589233292005,-0.32391607444383
0.905629742717224,-0.326608481406306
0.946612499054455,-0.322373659956703
-0.959689951731931,-0.281060840748193
-0.92296882577417,-0.289103702629982
-0.886525271799277,-0.285194062761896
-0.846888057993497,-0.284570806112674
-0.80591863451734,-0.284351265120288
-0.764168907124272,-0.284253218615259
-0.721930585161738,-0.28414705253218
-0.679377182765535,-0.283980112203535
-0.63663090865604,-0.283746698887138
-0.593789523541477,-0.283467422305216
-0.550932027206423,-0.283171369900253
-0.508113322531799,-0.282880240882013
-0.465360257237058,-0.282601840293067
-0.422682499242173,-0.282341496873787
-0.380089426152764,-0.282112091950757
-0.337585962488546,-0.281919198137637
-0.295171241861868,-0.281761667146468
-0.252839164169086,-0.281634882244155
-0.21058101494053,-0.281534667855919
-0.168386059689475,-0.281457144088133
-0.126242270433088,-0.2813992177429
-0.0841372254901963,-0.281358992624285
-0.0420582900228579,-0.281335317076173
7.48485680565764e-06,-0.281327467777662
0.0420732390717147,-0.281335236410668
0.0841521121898645,-0.281358829533065
0.126257052021676,-0.281398968705704
0.168400691496547,-0.281456803867521
0.210595449499341,-0.281534229733757
0.252853350111029,-0.281634338317882
0.295185122189394,-0.281761007505095
0.337599472815176,-0.281918408692117
0.380102494091412,-0.282111152184037
0.422695044996147,-0.282340377352346
0.465372196655331,-0.282600502120459
0.508124572651726,-0.282878638268256
0.550942516832998,-0.283169466827072
0.593799198545055,-0.283465215025362
0.636639727419137,-0.283744232281574
0.679385106984632,-0.283977483459088
0.721937572352633,-0.284144396906434
0.764174904587683,-0.284250672525091
0.805923573123481,-0.28434890406237
0.846891850932125,-0.28456856386464
0.886527857468066,-0.28519165722423
0.922970443138505,-0.289100506136263
0.959691038955637,-0.281057128976031
-0.969570352302163,-0.244812848769845
-0.920948774713733,-0.250954195505557
-0.874691655164564,-0.247790158909764
-0.830323786402357,-0.246936905722965
-0.786888254500737,-0.246803560059675
-0.7438224288146,-0.246856172233452
-0.70087319698848,-0.246899435840589
-0.657946135998774,-0.246864264493398
-0.615023872572314,-0.246740168857315
-0.572123602194055,-0.246546566211602
-0.529272521465984,-0.246314423511678
-0.486493325090883,-0.246070843715766
-0.443797443526646,-0.245832285968547
-0.401188213232319,-0.24560932401241
-0.358667882176816,-0.245412049451311
-0.316235722465613,-0.245244685843035
-0.273887301851283,-0.245106671925784
-0.231614877281157,-0.244995042908793
-0.189408812020209,-0.244906806988958
-0.147258099560068,-0.244839213889556
-0.105150876956477,-0.244790072424718
-0.0630749313825362,-0.244757974291486
-0.0210178616747266,-0.244742103272874
0.0210328908463385,-0.244742068193486
0.0630899206609652,-0.244757868292657
0.105165785691199,-0.244789893210995
0.147272885570168,-0.244838957583535
0.189423430793361,-0.244906468168122
0.231629281050037,-0.244994614635514
0.273901438362076,-0.245106145153108
0.316249533805868,-0.24524404800705
0.358681304364337,-0.245411282882694
0.401201176821285,-0.245608404354135
0.443809876036067,-0.245831182045912
0.486505155400724,-0.246069520094132
0.52928368694801,-0.246312851220624
0.572134052725466,-0.246544737837441
0.615033568067248,-0.246738112279565
0.657955040277923,-0.246862051850155
0.700881273006414,-0.246897181399748
0.743829636234983,-0.246854007496742
0.786894542209596,-0.246801580383528
0.830329065978944,-0.246935085662304
0.874695720067963,-0.247788237623198
0.920951117514405,-0.250951475826241
0.969571283759714,-0.244809161814955
-0.978587064456288,-0.205833324024137
-0.936621291702947,-0.215439809255957
-0.895145967097109,-0.212772913266945
-0.852002119236521,-0.210615616377597
-0.808741910423649,-0.209901783431519
-0.765562566636823,-0.209799835749682
-0.722448862286029,-0.20988626894062
-0.679380578072369,-0.209971244871673
-0.636355501617275,-0.209979167359074
-0.593384403444992,-0.209895681672674
-0.55048200076979,-0.209740226009826
-0.50766182733423,-0.209543653408594
-0.464932916196828,-0.209333223138762
-0.422298099965625,-0.209126850564021
-0.379755880140066,-0.208935500598711
-0.337303632810102,-0.208766732894429
-0.294936777490545,-0.208623445296595
-0.252648393211075,-0.208505159705058
-0.210429481681487,-0.208409770561378
-0.16826975734851,-0.208335038660135
-0.126158040517216,-0.208278928151141
-0.0840825955492764,-0.208239840689169
-0.0420314351486406,-0.208216745386709
7.54501640055014e-06,-0.208209088723933
0.0420465059420555,-0.20821668551095
0.0840976082511906,-0.208239719620673
0.126172955153288,-0.208278743213018
0.168284532080294,-0.208334785768243
0.210444072014801,-0.208409444141158
0.252662751073598,-0.208504752254228
0.294950850392384,-0.208622946476494
0.337317363515709,-0.208766128457479
0.379769207110175,-0.2089347714125
0.422310959065147,-0.209125972724121
0.464945243773041,-0.209332170190483
0.507673564716658,-0.209542403372865
0.550493096748285,-0.20973877119613
0.593394812065687,-0.20989403847774
0.636365175738039,-0.20997738541964
0.67938946125906,-0.20996941188944
0.722456881152996,-0.209884498661657
0.765569622895759,-0.209798223344186
0.808747867871916,-0.209900328009202
0.852006798445899,-0.210614117457705
0.895149211542898,-0.2127709106282
0.936623300954258,-0.21543720756064
0.978587857860278,-0.205829551931768
-0.986444620131529,-0.164094519754813
-0.950051887774106,-0.177142234424431
-0.913099225159916,-0.174776806397496
-0.872857156180764,-0.173714029092727
-0.830503472967468,-0.17296744736966
-0.787463991931891,-0.172812886389208
-0.744241785051515,-0.172927607636792
-0.701011260787818,-0.173099686788434
-0.657837640855767,-0.17321666365595
-0.614750786707371,-0.173235095313734
-0.571763754207724,-0.173159929284103
-0.528881275303501,-0.173018881789075
-0.486104370643006,-0.172843338848507
-0.443431703567261,-0.172658257244058
-0.400859462997889,-0.172479544691159
-0.358382091728869,-0.172316309169102
-0.315993467688916,-0.17217370712563
-0.273686352539034,-0.172053373674084
-0.231452114255733,-0.171954649519698
-0.189280869596668,-0.171875834083034
-0.147161921052708,-0.17181513674437
-0.105084016608791,-0.171770977665501
-0.0630355679357169,-0.171742153044037
-0.0210048368869794,-0.171727907270001
0.0210199693046691,-0.171727882688553
0.0630506628959139,-0.171742078751603
0.105099035938455,-0.171770851995307
0.147176825156413,-0.171814956860062
0.189295616743825,-0.171875595872221
0.231466659829376,-0.171954347280683
0.2737006483734,-0.172052999530607
0.316007461752641,-0.172173250327776
0.358395728362028,-0.172315755501881
0.40087268400673,-0.172478876673721
0.443444450238204,-0.172657455903608
0.486116586534351,-0.172842388436263
0.528892907876563,-0.173017776209548
0.571774753537957,-0.17315867839378
0.614761100659054,-0.173233731152319
0.657847206913062,-0.173215246325435
0.70101999609807,-0.173098301850044
0.744249576965327,-0.172926338640076
0.78747069131348,-0.172811750641097
0.830508893829087,-0.172966322784151
0.87286112904851,-0.173712639392728
0.913101761246386,-0.174774948716676
0.950053195359447,-0.177139340748732
0.986445222121089,-0.164090895976287
-0.991881001073074,-0.127169488288787
-0.944796894470584,-0.138913776392472
-0.899449716073883,-0.136679340438935
-0.854843098405129,-0.136279824245543
-0.810616183215178,-0.13607117669385
-0.766705685168957,-0.136147758759929
-0.723037262932277,-0.136341182422789
-0.679566844779238,-0.136518975979013
-0.636275627504643,-0.136607846477663
-0.593148458542834,-0.136595876488927
-0.550169405152646,-0.136504276674331
-0.507323806113996,-0.136363752354263
-0.464599749942241,-0.136201806642881
-0.421987505365835,-0.136038122564237
-0.379478192336946,-0.135884517665924
-0.337063136576112,-0.135747211347254
-0.294733782979489,-0.135629107092058
-0.252481119317282,-0.135530680231085
-0.210295401848607,-0.135450963209253
-0.168166194687937,-0.135388402827155
-0.126082591345456,-0.135341466894805
-0.0840333717881891,-0.135308867242235
-0.0420071361069641,-0.135289665782901
7.58753950460859e-06,-0.135283311786315
0.0420222929468203,-0.135289627130069
0.0840484735700447,-0.135308789070892
0.12609760023474,-0.13534134744027
0.168181071164868,-0.135388239343488
0.210310104042735,-0.135450751759077
0.252495602424456,-0.135530415318893
0.294747998918281,-0.135628781227312
0.337077034036654,-0.135746814697457
0.379491717410421,-0.135884038254502
0.422000602785906,-0.136037547597911
0.464612364785114,-0.13620112574916
0.507335884932237,-0.136362962043755
0.550180895638384,-0.136503384633077
0.593159307240756,-0.13659490514604
0.636285774872743,-0.136606836447074
0.679576217735113,-0.136517987657794
0.723045769024331,-0.136340284318205
0.766713214059687,-0.136146987452159
0.810622619027285,-0.136070466822301
0.854848324836105,-0.136278974572242
0.899453562653748,-0.136678045306781
0.944798870892735,-0.138911327033831
0.991881449032885,-0.127165993251198
-0.996344248173265,-0.0854291468531213
-0.960193456419623,-0.10234688957187
-0.920557662381236,-0.100297177048716
-0.877159236569362,-0.0999063316553616
-0.83315311668853,-0.0997171558806131
-0.789074989858756,-0.0996678994846295
-0.745142763890943,-0.0997904795842634
-0.701413687513541,-0.0999591318528854
-0.657908589448842,-0.100066941033733
-0.614619355468353,-0.100082328489167
-0.571522603951133,-0.100018002194711
-0.528592095547722,-0.099901114836209
-0.485805297191817,-0.0997578596709825
-0.443144779444856,-0.09960816555811
-0.400597007590292,-0.0994649757076812
-0.358150597714522,-0.0993354175012377
-0.315795169056209,-0.0992227152953529
-0.273520784913394,-0.0991278251589333
-0.231317428150666,-0.0990502252917089
-0.189174756683134,-0.0989886103248789
-0.147082081058242,-0.0989414521621983
-0.105028468515207,-0.098907367762527
-0.0630028320030429,-0.0988852615928312
-0.0209940053378791,-0.0988743872829594
0.0210092047522346,-0.0988743733413736
0.0630179955122741,-0.098885219466177
0.105043559565221,-0.0989072965320486
0.147097061803996,-0.0989413502422676
0.189189587361787,-0.0989884753369045
0.2313320665227,-0.099050053848212
0.273535185869442,-0.0991276126096789
0.315809284496811,-0.0992224555443547
0.358164376823333,-0.0993351031745281
0.400610397502649,-0.0994645990777923
0.443157726152758,-0.0996077207350271
0.485817746093669,-0.0997573457986814
0.528603991163555,-0.0999005394044659
0.571533888538959,-0.100017383406007
0.614629965685759,-0.100081696097833
0.65791844952941,-0.100066336399783
0.701422700055992,-0.0999586056110679
0.74515080593352,-0.0997900731846248
0.789081919486344,-0.099667599105489
0.833158788868363,-0.0997168198169457
0.877163478825911,-0.0999056446164923
0.920560234329543,-0.100295598538658
0.96019469676063,-0.102344328689651
0.996344522774824,-0.0854259441657384
-0.998815857408625,-0.0486506216720208
-0.951048078972326,-0.0645497147560137
-0.902927814899295,-0.0642833992563792
-0.856898713511268,-0.0637152830352733
-0.81193956433662,-0.0634830933280171
-0.767503826564552,-0.0634725033332006
-0.723420027666695,-0.0635783338666743
-0.679652833878655,-0.0636538724177184
-0.636172119992807,-0.0636523534920756
-0.592937547666583,-0.0635818539792101
-0.549907883034594,-0.0634665982515723
-0.507048416835009,-0.0633295748298446
-0.464332737321333,-0.0631879536760532
-0.421741338863168,-0.0630530284588549
-0.379259296260756,-0.0629312659699208
-0.336874212994857,-0.0628255864314659
-0.294574930545009,-0.0627366540283087
-0.252350861926715,-0.0626638699621899
-0.210191545054212,-0.0626059109488471
-0.168086419242139,-0.0625611800166468
-0.126024776650553,-0.0625281341454777
-0.0839958064211233,-0.0625054856582347
-0.0419886407733084,-0.0624922811031786
7.61171576477287e-06,-0.062487938825659
0.0420038464975795,-0.0624922638707937
0.0840109587094458,-0.0625054508613949
0.126039838835507,-0.0625280810968369
0.168101353107814,-0.0625611076081246
0.21020631027714,-0.0626058175383487
0.252365415629814,-0.0626637532446993
0.29458922703868,-0.0627365109634129
0.336888203785306,-0.0628254133953962
0.379272930331495,-0.0629310593656027
0.421754563083399,-0.0630527861104529
0.464345496586971,-0.0631876770133783
0.507060653645559,-0.0633292714852243
0.549919536423735,-0.0634662841281331
0.592948551104607,-0.0635815531441074
0.63618239699468,-0.0636520952969918
0.679662290410825,-0.0636536889493326
0.723428546046443,-0.0635782579257212
0.767511273823626,-0.063472546761159
0.81194581281722,-0.063483192909767
0.856903654832184,-0.0637151807412887
0.902931295687814,-0.0642825571904526
0.951049733329146,-0.0645477867631292
0.99881599009053,-0.0486478945789443
-0.99996308816746,-0.00859187048339993
-0.960869310548066,-0.0275950103104389
-0.920076483588736,-0.0286502675704999
-0.877099970614703,-0.0277752334282364
-0.833324767244632,-0.0273403030910273
-0.789283424816887,-0.0272701292373775
-0.745216094086959,-0.0273463839485034
-0.701337133444027,-0.0273768197741854
-0.657724357172218,-0.0273249761904469
-0.614373827101217,-0.0272132412952877
-0.571251415889937,-0.0270715864277303
-0.528319692713469,-0.0269217850618475
-0.485547300557751,-0.0267770486249506
-0.442910247258329,-0.0266447627907624
-0.400390363391634,-0.0265286257430588
-0.357973242552753,-0.026429917171111
-0.315646581108139,-0.0263483067968583
-0.273399165470926,-0.0262824904013756
-0.23122032330191,-0.0262306987376726
-0.189099555339221,-0.0261910293251871
-0.147026360181932,-0.0261616759932272
-0.104990192076965,-0.0261410836297655
-0.0629804808564858,-0.0261280416394496
-0.0209866491221355,-0.0261217270822536
0.0210018783896217,-0.0261217238431819
0.0629956747903021,-0.0261280318986228
0.105005314728904,-0.0261410673096488
0.147041374385473,-0.0261616529356543
0.189114422140859,-0.0261909992447872
0.231235001469052,-0.0262306611738133
0.273413611124678,-0.0262824447173999
0.315660747534673,-0.0263482523253115
0.357987080201257,-0.0264298536347604
0.400403819967708,-0.0265285540851009
0.442923267602902,-0.026644686485647
0.485559825999956,-0.0267769754511807
0.528331659730527,-0.0269217288607395
0.571262753832013,-0.0270715671638448
0.614384454203905,-0.0272132811199622
0.657734173380441,-0.0273250928606701
0.701346009866151,-0.0273770257374737
0.745223866929668,-0.0273466915581034
0.78928991216821,-0.0272705241407873
0.833329801539918,-0.027340675352846
0.877103476322537,-0.0277752628713546
0.920078595137271,-0.0286495104159019
0.960870344055909,-0.0275935461230442
0.999963105959202,-0.00858979202040699
-0.966891163432784,0.012158301339531
-0.932062791166996,0.0111706523357405
-0.894427084653588,0.0104411976654656
-0.853414012217495,0.00988903926266014
-0.810514360842243,0.00936857984808576
-0.766779802134571,0.00896086361671789
-0.722925239240828,0.00884111643732905
-0.679243252280534,0.0089180509106852
-0.635806975657825,0.00908624757580661
-0.592606245626857,0.00927846761550378
-0.549608858076896,0.00946212431780863
-0.506782525422008,0.00962477577986573
-0.464100768380992,0.00976332807383446
-0.421543038485643,0.00987834995100458
-0.379093179831777,0.00997169335317354
-0.336737820530103,0.0100457174014739
-0.294465215559933,0.0101030720205559
-0.252264522637325,0.0101464929006193
-0.210125317838025,0.0101785349415549
-0.168037318454322,0.0102014688800635
-0.125990268927757,0.0102172257775669
-0.0839739202307984,0.010227354173958
-0.041978033533334,0.01023297696361
7.61728789361663e-06,0.0102347740608175
0.0419932504338648,0.0102329726782002
0.0839890838005694,0.0102273453674212
0.126005342602102,0.0102172119835608
0.168052264179899,0.0102014494096786
0.210140095545116,0.0101785088794623
0.252279089800755,0.0101464590634814
0.294479526881708,0.0101030288150101
0.336751827756778,0.0100456625141345
0.379106831657556,0.00997162322285713
0.421556280377423,0.00987825909204115
0.464113541998808,0.0097632081911343
0.506794767297728,0.00962461473313485
0.549620497228239,0.00946190601567364
0.592617199657292,0.00927817549429074
0.635817144468955,0.00908587344502281
0.6792525077303,0.00891760345509581
0.722933410074026,0.0088406149899408
0.76678666393819,0.00896032063717077
0.810519660912741,0.00936803312888421
0.853417537334751,0.00988857469244195
0.894428863780079,0.0104409579037568
0.93206325662187,0.0111708873825035
0.966890747869865,0.0121594179079218
-0.999404707882575,0.0344996912705508
-0.959921024007732,0.0515201791125955
-0.919795325428774,0.0505419748954388
-0.877180122588827,0.0481796895550431
-0.833283118102114,0.0464709762681423
-0.788906750651908,0.045362920093323
-0.744697251144694,0.0450042797420297
-0.700815144040932,0.0450729130413699
-0.657254932751656,0.0453096613858342
-0.613968900437115,0.0455771930178697
-0.570907846681514,0.0458185174010381
-0.528031209657094,0.0460173416991057
-0.485307916283957,0.0461743048097757
-0.4427145909996,0.0462952639424802
-0.400233276368174,0.0463865779629128
-0.357849519476997,0.0464538364692006
-0.315551084737901,0.0465019107141655
-0.273327085524531,0.0465351066495372
-0.23116727987834,0.0465570634788225
-0.189061681368437,0.0465707933201569
-0.147000385013491,0.046578771964306
-0.104973520092841,0.0465829945285646
-0.0629712347003564,0.0465849671326253
-0.0209836957841161,0.0465856977675438
0.0209989174490228,0.0465856902580771
0.0629864205964816,0.0465849443470835
0.10498863384269,0.0465829556930448
0.147015389038501,0.0465787157754575
0.189076536335539,0.0465707179140328
0.231181944211522,0.0465569663577924
0.273341515016404,0.0465349845429287
0.315565232271679,0.0465017593254411
0.357863334850928,0.0464536500995407
0.400246706157071,0.046386349078817
0.442727578349224,0.0462949828845795
0.485320400264753,0.0461739596019673
0.528043123751155,0.0460169183232748
0.570919116194002,0.0458180023737244
0.613979439012668,0.0455765811521867
0.657264638250448,0.0453089682179743
0.700823892953802,0.0450721807038006
0.744704891111469,0.0450035574634955
0.788913104248983,0.045362228593592
0.833288038035249,0.0464703311234384
0.877183525972475,0.0481790382440873
0.919797264429411,0.050541312131665
0.959921662524011,0.0515203757012283
0.999404686621175,0.0345003084315738
-0.997197081229797,0.0748196543722785
-0.949927105899698,0.088573803404653
-0.90262763872816,0.0858507369592776
-0.856581264002806,0.0832404687473974
-0.8110850543577,0.0814823981879644
-0.766376824964887,0.0809744964508635
-0.722281643202115,0.0810938229055347
-0.678622381616551,0.0814422689775679
-0.635280435763437,0.0818197817662668
-0.592179856487092,0.0821465884773277
-0.549270476270453,0.0824025514725222
-0.506517776331542,0.0825924466193769
-0.463897015407898,0.0827284289139559
-0.421389541098743,0.0828225882464141
-0.378980494104616,0.0828848876551025
-0.336657569188826,0.0829234031788131
-0.294410192120051,0.0829447901071452
-0.252228597588233,0.0829542746853226
-0.210103300801655,0.082955936476023
-0.168024885053795,0.0829530053503439
-0.125983962419348,0.0829480689335071
-0.0839711528016871,0.0829431208531183
-0.0419770854229427,0.0829395821170802
7.60413070557894e-06,0.0829382998060552
0.0419922755454904,0.0829395561926106
0.0839862881983292,0.0829430682226126
0.125999005584919,0.0829479880159868
0.168039796983284,0.0829528937200227
0.210118040461653,0.0829557907775021
0.252243121465702,0.0829540904802772
0.29442445388379,0.082944561654059
0.336671519456346,0.0829231231209363
0.378994080311448,0.0828845466739002
0.421402707454057,0.0828221748022985
0.463909702915926,0.082727929509676
0.506529922326697,0.0825918466927458
0.549282012959234,0.0824018375978784
0.592190708695866,0.0821457539433691
0.635290518973027,0.0818188373590895
0.678631601114799,0.0814412550815474
0.722289892360604,0.0810928071271692
0.766383979729275,0.080973535229925
0.81109098002027,0.0814814720041389
0.856585875380881,0.0832395442460987
0.902630788946042,0.0858497147452064
0.949928435878794,0.0885729488098736
0.997197109929938,0.0748192706297525
-0.993658030981223,0.112444282917004
-0.957788056754424,0.127849185609401
-0.919344384551228,0.123470086460416
-0.876244791173518,0.12001697184838
-0.83152459918658,0.117419157989567
-0.787141587957955,0.116825415978159
-0.743233379497526,0.117044243562017
-0.699690700143867,0.117530243368411
-0.656417723134386,0.118036659967416
-0.613353127046683,0.118465889827595
-0.570457720584841,0.118793844720929
-0.527704972388958,0.11902845970582
-0.485075504855252,0.11918775423632
-0.442553897706159,0.119289685433077
-0.400127073854644,0.119349046880164
-0.357783928521087,0.119377813496192
-0.315515095463426,0.119385779194206
-0.273311905212399,0.1193803021353
-0.231165786479496,0.119366851966056
-0.189068070103251,0.119349619494249
-0.147010030152494,0.119331947949543
-0.104982890527985,0.119316443391358
-0.0629778483508334,0.119305040416101
-0.0209860780581361,0.119299013118395
0.0210012543554545,0.11929899476693
0.0629929874709007,0.119304984849649
0.104997954661632,0.11931634905901
0.147024980246047,0.119331812218973
0.189082865282997,0.119349438561769
0.231180383542384,0.119366620711218
0.273326258203317,0.119380013888435
0.315529155387489,0.119385425468802
0.357797643162635,0.119377383668897
0.400140387734367,0.119348527902691
0.442566752203632,0.119289061760055
0.485087838578986,0.11918700895246
0.527716720897151,0.119027577090842
0.570468814844224,0.11879281483829
0.613363491253899,0.118464716651068
0.656427273324486,0.118035373195127
0.699699343411603,0.117528907312386
0.743241008861124,0.117042944099763
0.787148067627979,0.1168241979424
0.831529758152839,0.117417931081689
0.876248500632078,0.120015719117862
0.919346476563244,0.123468729905522
0.957789055724491,0.127847582153612
0.993658167623118,0.112443078559184
-0.987849948594976,0.155410678722229
-0.94215590015088,0.164984510244619
-0.89744776353172,0.158170524695109
-0.851870264214644,0.153615193664645
-0.807460461880102,0.152776915915831
-0.763746243512308,0.153069535049945
-0.720416567498639,0.153677715227035
-0.677315349051195,0.15429973020312
-0.634370841027293,0.154824229798244
-0.591551084411342,0.155222790682014
-0.548841090557018,0.155504139782433
-0.506231930662752,0.155689797580994
-0.463715661579588,0.155801870072844
-0.421283790274171,0.155859012980029
-0.378928234195499,0.155877010229223
-0.336642283872543,0.155869363014547
-0.294419385860373,0.155845999930355
-0.252252538597712,0.155814018769372
-0.210134218121613,0.155778704974742
-0.168056628082656,0.155744297849761
-0.126011781552386,0.155714144430031
-0.0839915888056556,0.155690809396351
-0.0419878773156397,0.155676087163124
7.57201879979657e-06,0.155671047110467
0.0420030022848446,0.155676039332654
0.0840066562414016,0.155690712489356
0.126026752010762,0.155713995919187
0.168071460520449,0.155744093852992
0.210148869316454,0.155778440116267
0.252266962647317,0.15581368597686
0.294433533777618,0.155845590128635
0.336656103359997,0.155868864855868
0.378941669533366,0.155876409788053
0.421296782394261,0.155858293518998
0.463728148405191,0.155801012167088
0.506243848102996,0.155688781605654
0.548852372764801,0.155502950788728
0.591561662670797,0.155221425411403
0.634380642558,0.154822706300422
0.677324297601823,0.154298098864442
0.72042458508369,0.15367606282649
0.763753247181705,0.153067958971576
0.807466346201048,0.152775439514712
0.851874879521237,0.153613662725749
0.897451037747004,0.158168960086176
0.942157578913371,0.164982525309528
0.987850250907589,0.155408757095003
-0.980985347365199,0.194081804642257
-0.945539105563925,0.206376627888125
-0.910382485959098,0.197827049045656
-0.868140113029073,0.190133279524248
-0.825532444561391,0.189126784722019
-0.782964628330971,0.189413671748644
-0.740368965697343,0.190064062779462
-0.697742954511101,0.190736387922352
-0.655104085682026,0.19130860274101
-0.612476145103766,0.191747144511885
-0.569882399551894,0.19205787133223
-0.527340640107761,0.192261313874778
-0.484860367597498,0.192379441682058
-0.442443283988901,0.192431427172904
-0.4000875796604,0.192435300959294
-0.357791712569308,0.192408369774344
-0.315552940030941,0.192363252498245
-0.273366858244248,0.192308659970777
-0.231227658915548,0.192250914874141
-0.189128841859182,0.192195214387275
-0.147063449248581,0.192145741274874
-0.105024284553333,0.192105817573697
-0.063003971076217,0.192077865370577
-0.0209950238582467,0.192063481395187
0.0210101164088401,0.192063452003807
0.0630190241699138,0.192077776482846
0.105039258047965,0.192105667035755
0.147078301643982,0.192145525431454
0.189143529657563,0.192194927985162
0.231242136016603,0.192250550875157
0.273381075436587,0.192308209301421
0.315566844582656,0.192362703670459
0.357805248074697,0.192407708670567
0.400100685958022,0.192434510564409
0.442455897272134,0.192430487391985
0.484872420881516,0.192378329592829
0.527352065146303,0.192260008221588
0.569893127765626,0.192056360289609
0.612486106551232,0.1917454347284
0.655113207880605,0.191306729039199
0.69775116313987,0.190734421521898
0.740376185909289,0.19006210754191
0.782970778644909,0.18941182412532
0.825537413210914,0.189125036038204
0.86814375913854,0.190131351317704
0.910384873132434,0.197824941856966
0.945540426851815,0.206374141669798
0.980985837178142,0.194079332079897
-0.971243929084338,0.238086602346328
-0.929586636558548,0.243928221837922
-0.886072836110834,0.227976403724271
-0.843682871851831,0.226193368814298
-0.801764499979064,0.226350225059202
-0.759854504171151,0.226907429405511
-0.717793061310106,0.227512646343689
-0.675569971308586,0.228039101099205
-0.633226692755947,0.228449541484419
-0.590817787525559,0.22874497928913
-0.548391826597755,0.228939989066527
-0.505981487679344,0.229049769512675
-0.463602376863809,0.229087534187638
-0.421261262707906,0.229069845453095
-0.378964469453427,0.229017394221877
-0.336715056834535,0.228945116673569
-0.294512408456211,0.228862864816581
-0.252353020506538,0.228777584773463
-0.210232082847977,0.228695340337865
-0.168143907135253,0.228621172783994
-0.126082381977737,0.228559277697495
-0.0840410685054995,0.228512833675521
-0.0420133535369972,0.228484081685224
7.52053164273618e-06,0.228474325902278
0.0420283742164637,0.228484011414229
0.0840560276722776,0.228512691559115
0.126097237433832,0.228559060559117
0.168158614905129,0.228620875772054
0.210246596502388,0.228694956825013
0.252367290505911,0.228777106118732
0.294526381617877,0.228862280086626
0.336728675890402,0.228944412170577
0.37897767299406,0.229016553437857
0.421273985058893,0.229068848885006
0.463614548150142,0.229086359164116
0.505993034454074,0.229048390179664
0.548402675753497,0.228938383682372
0.590827869015743,0.228743141376916
0.633235939927983,0.228447489946172
0.675578322382389,0.228036887848061
0.717800465364254,0.227510359014533
0.75986092953464,0.226905178792284
0.801769932907564,0.226348096978651
0.843687290980408,0.226191306862575
0.88607612445294,0.227974111612722
0.929588620812464,0.243925561245743
0.971244663655538,0.23808360573681
-0.960322424085112,0.278892166392617
-0.897085700596365,0.26455994234999
-0.858140513992618,0.264086684564807
-0.818727989964068,0.264074185605303
-0.778395980177497,0.264417150772143
-0.737344353085453,0.264798129317472
-0.695764483881036,0.265141267136432
-0.653825779167924,0.265417758386998
-0.611668299295404,0.265624753468409
-0.569399138960226,0.265766553510495
-0.52708756898903,0.265842997182238
-0.484767180100303,0.265851054674557
-0.442453937205095,0.265799489400106
-0.400164525365783,0.265712129986587
-0.357909721660643,0.265605473490024
-0.315693686443874,0.265489456792653
-0.273515481114447,0.265370712596955
-0.231372224668086,0.265255923535597
-0.189259649966021,0.265150890254735
-0.147172876046643,0.265060799522002
-0.105106514872299,0.264989710905114
-0.0630549367872128,0.264940689309659
-0.0210123148934137,0.264915673826301
0.0210272842450928,0.264915633018676
0.063069863758073,0.264940566050832
0.105121356342155,0.264989502662773
0.14718758742008,0.265060502062666
0.189274184406927,0.265150497578089
0.231386532378315,0.265255427790637
0.27352950859471,0.265370103782059
0.315707375938843,0.265488722473815
0.35792301063514,0.26560459819066
0.400177346607333,0.265711095548927
0.442466218498603,0.265798274937336
0.484778844017313,0.265849636208546
0.527098533418914,0.265841346248255
0.569409324226004,0.265764648524895
0.611677632593516,0.265622594898708
0.653834194512485,0.265415378107297
0.695771923735037,0.265138730609945
0.737350776381084,0.264795529466011
0.778401375608786,0.264414584906597
0.818732390893603,0.264071693667543
0.85814399693267,0.264084196154886
0.897088396174379,0.26455737369847
0.960323417386479,0.278888748462814
-0.923453618059767,0.291371428623024
-0.880732170719259,0.301734862739656
-0.839865812903437,0.302372456993747
-0.799141951752868,0.302455951012053
-0.758056549056006,0.302537632352021
-0.716567156991891,0.30260056984814
-0.6747377973461,0.302654700283729
-0.632675238098285,0.302706290052153
-0.590485365779821,0.302753378865828
-0.548241361604691,0.30277498994983
-0.505971218045916,0.30273948347126
-0.463683826756756,0.302640091734752
-0.421402224422193,0.302506820806285
-0.379143740914145,0.30235772421504
-0.336916474295692,0.302201437901688
-0.294720907475993,0.302042761673532
-0.252555656016908,0.301888778011946
-0.210417664603036,0.301745922946412
-0.168303335176372,0.301620497934297
-0.126208339195057,0.301517592733866
-0.084128108044348,0.30144130704993
-0.042057807661096,0.301394436886098
7.44895578244329e-06,0.301378620956926
0.0420726836300442,0.301394343187868
0.0841429178286206,0.301441117889159
0.126223037433997,0.301517304585009
0.168317874620037,0.301620105578667
0.21043199528661,0.301745419406224
0.252569724515124,0.301888154519925
0.294734656088628,0.302042007250055
0.33692984054783,0.302200539133273
0.379156656968629,0.302356664369985
0.421414617702587,0.302505581046916
0.463695619470702,0.302638651175554
0.5059823268743,0.302737818079275
0.548251698468396,0.302773067323455
0.590494851854169,0.302751176371112
0.632683811535422,0.302703815290519
0.674745412592036,0.302651997365301
0.716573786141757,0.302597713894291
0.758062189045067,0.302534714784929
0.799146632542397,0.302453044534422
0.839869584742569,0.302369578412343
0.880735064754387,0.301731998495849
0.923455724251993,0.291368337235303
-0.946223786649682,0.323512821350772
-0.906009492382579,0.332997019667506
-0.863356248398592,0.339306986867551
-0.821652334756692,0.340189249711578
-0.780036349791512,0.340247452762585
-0.73821494259377,0.340136545313491
-0.696174892482379,0.339995015092309
-0.6539855265034,0.33989286590468
-0.611738923407647,0.339848966184566
-0.569494256139307,0.339826919258449
-0.527245896060177,0.339753501357231
-0.484968928662387,0.339598444586583
-0.442687272171093,0.339410715619987
-0.400422816700719,0.33921294029677
-0.358185580139855,0.339011291611781
-0.315974564668148,0.338806513793193
-0.273788607712566,0.338606348437783
-0.231625110263999,0.338417953502372
-0.189481719177464,0.338249151195841
-0.147355187551222,0.338106118977273
-0.105242021356702,0.337994319298435
-0.0631384037115964,0.337917616578062
-0.0210405528157038,0.337878689803335
0.0210553576597357,0.337878636927448
0.0631531629755392,0.337917457004105
0.105256688778489,0.337994050279118
0.147369715375538,0.338105736042551
0.189496057386916,0.338248648310572
0.231639205699097,0.338417322976269
0.273802403407431,0.338605580966258
0.315987998965432,0.338805597803481
0.358198586420088,0.339010213213243
0.400435322745754,0.339211681743888
0.442699202010917,0.339409258219035
0.484980201791626,0.339596768622413
0.527256426798589,0.339751583227269
0.569503953719978,0.33982471777632
0.611747717179891,0.33984645375953
0.653993374190555,0.3398900567307
0.696181771533158,0.339991964972247
0.738220844494601,0.340133336739734
0.780041281380694,0.340244170964634
0.821656314814767,0.340185959027073
0.863359299796731,0.339303725203741
0.906011715281244,0.332993504097614
0.946225078568872,0.323509041596891
-0.930653254132182,0.365902337367258
-0.888736272430716,0.372819722216399
-0.845699388137095,0.376795120853731
-0.803142715917192,0.377505843762622
-0.760669923285839,0.377446305969971
-0.718148759134323,0.377219317677777
-0.675619912945876,0.377028124095107
-0.63317316979832,0.376952474596591
-0.590856706346024,0.376949530073305
-0.548603984737241,0.376879167754077
-0.506317730197331,0.376671674325841
-0.464022893385313,0.376426504374309
-0.421747442291761,0.376178732866067
-0.37950202728549,0.375930816893137
-0.337279245980324,0.375675402837412
-0.295076060520825,0.375422223545647
-0.252888774332146,0.37517970682251
-0.210716165940605,0.37495839359121
-0.16855614290852,0.374765740709174
-0.126406587943961,0.37460873682273
-0.0842645709952965,0.374492618513847
-0.042127474648951,0.374421459624211
7.35596803819357e-06,0.374397478012416
0.0421421630539884,0.374421340808457
0.0842791884986983,0.37449237887515
0.126421086187567,0.374608372662166
0.168570471707434,0.374765246718728
0.210730272574622,0.374957763164677
0.252902602697213,0.375178931772352
0.295089550691339,0.375421294359859
0.337292333190727,0.375674307535658
0.379514642178676,0.375929541391447
0.421759510053602,0.376177257922108
0.464034337988769,0.376424812007783
0.506328472408465,0.376669747127559
0.548613940079849,0.376876982890927
0.590865781633747,0.376947028898039
0.633181307250735,0.376949621094953
0.675627093378885,0.377024943525555
0.718154978505579,0.3772158820836
0.760675182976904,0.377442705355194
0.803147023982999,0.377502161734197
0.845702769367397,0.376791407056067
0.888738830773035,0.372815745744012
0.930654937386921,0.365898055111204
-0.913527581158583,0.406776790855033
-0.870651889583062,0.411438472297326
-0.827082964940056,0.413832551436508
-0.783749548586545,0.414238766800473
-0.740550373368095,0.414098264016771
-0.697505864288765,0.413927834099072
-0.65473276360673,0.413929671009949
-0.612296166136945,0.414073328203672
-0.570040219296727,0.414097593075347
-0.527729705088463,0.41385006395064
-0.485405075151577,0.413549362960869
-0.443110970182657,0.413257793173704
-0.400860954925429,0.41297098571371
-0.358633326755174,0.412664162296757
-0.316420354502126,0.412352214305134
-0.274214264332909,0.412045888387406
-0.232014695140144,0.411761302898198
-0.189820683748623,0.411507859848441
-0.147632264761129,0.41129457540636
-0.105447720184482,0.411127568917716
-0.0632653594329245,0.411013020091594
-0.0210836159303239,0.410954529339116
0.0210982112732989,0.410954463320162
0.0632799062068049,0.411012820917732
0.10546216916311,0.411127233502083
0.147646565490415,0.411294099191469
0.189834783640639,0.411507236848768
0.232028539114671,0.411760526074904
0.274227793998769,0.41204494905143
0.316433508149817,0.41235110290929
0.358646037942094,0.412662866221491
0.400873153709033,0.412969490681527
0.443122581282922,0.413256076835833
0.485416026743402,0.413547408827277
0.527739923334962,0.413847858970947
0.57004962312874,0.414095116845238
0.612304654831234,0.414070490948411
0.654740296082122,0.413926428630469
0.697512446249185,0.413924234129949
0.740556013621107,0.414094397576945
0.783754254791114,0.41423472493244
0.827086763111349,0.413828383505667
0.870654873895995,0.4114340131393
0.913529719017211,0.406771990766737
-0.894841635702824,0.446383744117877
-0.851364635987789,0.449010993363838
-0.807234291783149,0.450259531361295
-0.763250578053594,0.450417722218023
-0.719548378323344,0.450393720604445
-0.676332587580882,0.450615771014475
-0.633757300774994,0.451112485061241
-0.591550456542924,0.451398335725783
-0.54920782710631,0.451120708788848
-0.506828714153775,0.450764265748547
-0.464501087365431,0.450443895441429
-0.422251057611735,0.450140397314921
-0.380028915541382,0.449788916140047
-0.337819287429662,0.449415771127889
-0.295604534621345,0.449034803382832
-0.253384460000187,0.448673731531387
-0.211158500336191,0.448345451277269
-0.168930138474986,0.44806275241819
-0.126699738576403,0.447831862180935
-0.0844673526231258,0.44766035940335
-0.0422314138715744,0.447554065817928
7.23898862497288e-06,0.447517665790618
0.0422458670300125,0.447553919103805
0.0844817308320603,0.447660063767471
0.126713990671561,0.447831413475106
0.168944211804348,0.448062145489401
0.211172340079606,0.448344679343769
0.253398009450562,0.448672787004116
0.295617734219392,0.449033676661286
0.337832075522443,0.449414452625267
0.38004122583438,0.449787391782517
0.422262822219775,0.450138652654364
0.464512232067173,0.450441901860186
0.506839176313318,0.450762010290094
0.549217542230713,0.45111818690121
0.591559347982345,0.451395533684581
0.633765249098508,0.451109259267113
0.676339577162978,0.450612077853559
0.719554443085925,0.450389645145735
0.763255735435973,0.450413365763166
0.807238565315722,0.450254945292873
0.851368108855658,0.449006060503472
0.894844283720682,0.446378435738578
-0.874640450927959,0.484772195572866
-0.830787967977169,0.485540319054452
-0.786090686997257,0.486042717735357
-0.741655425752899,0.486232085361965
-0.697879253252204,0.486806882831247
-0.655173989550939,0.487955517229969
-0.613159013108526,0.488797305624199
-0.570777931918589,0.488470603910743
-0.52829745340209,0.48803966483704
-0.48590295108233,0.487713154276749
-0.443655392748639,0.487440590234558
-0.401449867474289,0.487064989492615
-0.359263118938536,0.486636936862743
-0.317056817740541,0.486170511626396
-0.274829624011353,0.485716764163076
-0.232578404566802,0.485294738438858
-0.190311721187264,0.484925697934397
-0.148033091209152,0.484615445434331
-0.105746566003734,0.484372365662669
-0.0634509761006328,0.484201542696476
-0.0211464954245218,0.484112712234255
0.0211608297922315,0.484112631194597
0.0634652598389644,0.484201298702617
0.105760747289163,0.484371955532341
0.148047116400863,0.484614864300472
0.190325535390891,0.484924939966171
0.232591951137009,0.485293795384348
0.274842845888193,0.485715627409319
0.317069655812835,0.486169169642322
0.35927551418587,0.486635380084418
0.401461755470978,0.48706320101022
0.443666710341854,0.487438556446424
0.48591362454702,0.487710834568683
0.528307435583221,0.48803705445898
0.570787171846077,0.488467713596837
0.61316744019887,0.488794134866232
0.65518144791946,0.487951830115894
0.697885773643418,0.486802662946187
0.741661070758357,0.486227466772009
0.786095478118338,0.486037772650857
0.830791977366838,0.485534955124234
0.874643651954437,0.48476642014047
-0.852994214846688,0.521920366950823
-0.808973538979202,0.520983659148488
-0.763717804130096,0.521325776810243
-0.719271132663152,0.5222575491938
-0.676455513593474,0.524436422781108
-0.634954598019558,0.52636983142626
-0.592514922760646,0.525888325402913
-0.549833300297711,0.525315738390639
-0.507299950598461,0.52500940907856
-0.465052872305261,0.524858077028765
-0.422869957189798,0.524500193839997
-0.380730546950832,0.524043010857747
-0.338556959668946,0.523484559002207
-0.296346460733623,0.522920490879736
-0.25408489957597,0.522378610076234
-0.211787343868535,0.521899641582742
-0.169460472324345,0.521489201439058
-0.127116266353762,0.521157935218914
-0.0847556777886658,0.520905613309902
-0.0423792762154842,0.520742891966641
7.09428458823581e-06,0.520687782291457
0.0423934393705369,0.52074271255487
0.0847697640387105,0.520905253199031
0.127130221088048,0.521157391266504
0.169474238691421,0.521488467656991
0.211800864965147,0.521898710794283
0.254098117703057,0.522377471007307
0.296359320585072,0.522919133051886
0.338569404696181,0.523482967175385
0.380742524019108,0.524041176599287
0.422881404174234,0.524498095715373
0.465063733074225,0.524855705909864
0.507310147323798,0.525006701244003
0.549842810276234,0.525312706550695
0.592523713850227,0.525885003347298
0.63496261153021,0.526366237155597
0.676462532551743,0.524432170651856
0.719277271979459,0.522252718142934
0.763723131522361,0.521320536586371
0.808978108038895,0.520977937204977
0.85299799412012,0.521914190290943
-0.829979088326434,0.557794507808047
-0.786081678657203,0.555344872812112
-0.740421341368112,0.556706424991194
-0.697440661171876,0.560249041952192
-0.657155735320578,0.564313949126062
-0.614582863242825,0.563362591300014
-0.571484797448943,0.562478658185113
-0.528665055667516,0.562221695914996
-0.486418239906649,0.56235717734579
-0.444251844366682,0.562083049074395
-0.402186208246988,0.56165820161838
-0.360071762805864,0.561014150655602
-0.317914596534773,0.560328239466427
-0.275670460669599,0.559632176582776
-0.233361305620982,0.559009813690808
-0.190992521482311,0.558467786054984
-0.148589712337751,0.558026095308413
-0.106157895616223,0.55767355643658
-0.0637018942794653,0.557417170666584
-0.0212323129585311,0.557280487557561
0.0212463279095533,0.557280388274154
0.0637158589036741,0.557416872444199
0.106171756074698,0.557673060300444
0.148603409790171,0.558025398092055
0.19100599517124,0.558466878989814
0.233374497535169,0.559008686850842
0.275683313450422,0.559630812739068
0.317927060103837,0.560326625395967
0.360083785349698,0.561012265225381
0.402197745845186,0.561656042085865
0.44426283445338,0.562080586986937
0.486428636244137,0.562354415947258
0.528674764439148,0.562218527367748
0.571493833757685,0.562475128946891
0.614591218726966,0.563358761153781
0.657163378872783,0.564309845450976
0.697447287613281,0.560244083554894
0.740427189950589,0.556700928566989
0.786086791160788,0.555338888417089
0.829983447501257,0.557788020868413
-0.805637566178368,0.592408737187227
-0.762451074257466,0.588928872914268
-0.717879134228508,0.594665613017485
-0.680298128409436,0.603006964749746
-0.637290572139684,0.600858143900483
-0.593321476545104,0.59930833978085
-0.549937162972652,0.59914041420934
-0.507715218722046,0.599882400811222
-0.465544317409164,0.599771153880389
-0.423584958164793,0.599493021971774
-0.381544687222952,0.598790255570263
-0.339486350702745,0.597996978948835
-0.297301923018146,0.597109149124618
-0.255021393696275,0.596299651528175
-0.212631213765014,0.59557662199987
-0.170177931564297,0.594990088974438
-0.127669700355562,0.594510461123027
-0.0851209805858608,0.59413922647146
-0.0425605271067315,0.593903563264917
6.91951368555037e-06,0.593813994647847
0.0425743427316754,0.593903341790484
0.0851347206515208,0.594138787745045
0.127683307162338,0.594509809781761
0.170191340624608,0.594989220220326
0.212644360074397,0.595575520731201
0.255034220496424,0.596298302812479
0.297314375709213,0.597107524790283
0.339498389600388,0.597995063943797
0.381556265430985,0.598788021785335
0.423596043690646,0.599490483355521
0.465554840644205,0.599768267376486
0.507725149397294,0.599879198247675
0.549946368110455,0.59913670695624
0.593330024443724,0.599304236875753
0.637298468998308,0.600853713738858
0.680305398356908,0.603002177031638
0.717885392573681,0.594659832125638
0.762456656300395,0.588922733976916
0.805642484205438,0.592402048973249
-0.779856327716201,0.625958551440111
-0.739387682988726,0.624050035547718
-0.705978366522942,0.642512956404309
-0.661003854407981,0.638165745612178
-0.615314196663583,0.635398329465089
-0.570955923002654,0.635394570278584
-0.528890575826555,0.637364572125105
-0.48666312208943,0.637490961014993
-0.444884887924183,0.637544408830173
-0.402905373340982,0.636811310832442
-0.360985070498627,0.635983277292794
-0.318902965357474,0.634881332492689
-0.276720399398375,0.633843491575295
-0.234355485632446,0.632864516813873
-0.19188270340089,0.632078210828217
-0.149301798719621,0.631424332913466
-0.10664082500947,0.630903582490868
-0.0639706719159984,0.630557259372246
-0.0213107849310116,0.630368489410161
0.0213244249398882,0.630368363461028
0.0639842657421477,0.630556891264771
0.106654316570133,0.630902982633646
0.14931512574285,0.631423509594028
0.191895794732343,0.632077153932712
0.234368272578374,0.632863198274064
0.276732831757943,0.633841888528875
0.318914994268559,0.634879399149546
0.360996671927141,0.635981005015695
0.402916499631318,0.63680866486952
0.444895524811306,0.637541435895791
0.48667318165645,0.63748758594157
0.528900060949373,0.637360883532975
0.570964623759965,0.635390250897549
0.615322243668407,0.635393600741119
0.661011201522464,0.638160617058696
0.705985006875453,0.642507139783326
0.739393430214831,0.624043722906454
0.779861777443521,0.625951758854919
-0.75158083105475,0.659641003307447
-0.725964610556043,0.6877320584256
-0.683486369840878,0.674886889639654
-0.636319705224063,0.670352865637263
-0.591076178805022,0.670518034085682
-0.549796367067989,0.67479049110748
-0.50744073705786,0.675115355935153
-0.466038612534894,0.675852575915296
-0.424095789579974,0.675019212952184
-0.382336221524206,0.674306770654066
-0.340347246971842,0.673008122919196
-0.298350627680734,0.671754175114776
-0.25609361349832,0.670421717096699
-0.213680707123176,0.669354858496062
-0.171057716968088,0.66844081610228
-0.128262960827725,0.667699251874381
-0.0854503472987911,0.667221403533449
-0.0426719850915914,0.666940425326073
6.7230845417425e-06,0.666875975227402
0.0426854079437128,0.666940144647512
0.0854637004774257,0.667220866091685
0.12827618301978,0.66769847304942
0.171070742375303,0.668439806884701
0.213693457816278,0.669353596647561
0.256106019577841,0.670420149652525
0.298362655093645,0.671752270729989
0.340358851135491,0.673005814377321
0.382347395045486,0.674304078690046
0.424106473679198,0.67501608622551
0.466048822088852,0.675849116934774
0.507450353442952,0.675111421145069
0.549805464352109,0.67478626783535
0.591084444802806,0.670513043300326
0.636327394812889,0.670347492063749
0.683493509549302,0.674880877058891
0.72597113702966,0.687725169089995
0.751586897316242,0.659634091854387
-0.697674962091466,0.716414438030469
-0.656090691659862,0.704048995847723
-0.609853891666888,0.704083209094747
-0.570684081474238,0.712289683734161
-0.527828234166433,0.712359988360944
-0.487137973530549,0.714520491162142
-0.445094180905679,0.713345710870193
-0.403577357926003,0.712917129992503
-0.361506440841574,0.711439001672475
-0.319732118382073,0.710151142442465
-0.277675564185581,0.708391869582265
-0.235490781455004,0.706957625087388
-0.192919638974006,0.705632312111836
-0.149978916211338,0.704523514081479
-0.106983485240488,0.703859388048402
-0.0640290341677957,0.703482992194294
-0.0213079855670235,0.703437795231254
0.0213212263094857,0.703437637564071
0.0640422257713098,0.703482530015735
0.106996582891714,0.703858662704949
0.149991853085188,0.704522540994755
0.192932350055487,0.705631103419874
0.235503184103064,0.706956134080958
0.277687592361166,0.708389999847675
0.319743765260494,0.710148868981438
0.361517647444667,0.711436241836379
0.403588138686707,0.712913959598998
0.445104445458118,0.713342038369628
0.487147786291614,0.714516494004408
0.527837424328348,0.71235541762323
0.570692828200154,0.712284838798934
0.60986180558644,0.704077522395777
0.656098153369061,0.704042908437802
0.697681944710638,0.716407638167533
-0.66783528617067,0.744309095598978
-0.628841413936558,0.734755320970398
-0.593426498161797,0.749672080487366
-0.54825004404893,0.748429705408385
-0.508773860871407,0.75360127081591
-0.465944438493526,0.751580548849565
-0.424861661153836,0.751887723006615
-0.382396304869481,0.749846128693125
-0.34067262761809,0.749021066409428
-0.298763173979789,0.746919399815806
-0.257103008724093,0.745155455690708
-0.214816948353502,0.743174531901072
-0.171751568348705,0.741406273170406
-0.128544035274558,0.740437197316752
-0.0853233763233306,0.739906150738427
-0.0425387986578867,0.740001277623196
6.52722788688358e-06,0.740090768352209
0.0425518264498015,0.740000934542822
0.0853363258377683,0.739905484826749
0.128556867802304,0.740436269946189
0.171764212353074,0.741405089086907
0.214829350519139,0.743173101761935
0.257115087406925,0.745153688274984
0.298774869478144,0.746917138469923
0.340683959258058,0.749018349814409
0.382407173695443,0.749842843741633
0.424872113243911,0.751884029667349
0.465954332237887,0.75157627046038
0.508783317824994,0.753596663947892
0.548258820566364,0.748424459845941
0.593434805454755,0.749666419549276
0.628849028307349,0.73474911267014
0.667842748199392,0.744302398720138
-0.635265543964555,0.772293783109613
-0.568802766552,0.781014016024554
-0.531946591524752,0.793009151828428
-0.48650606578089,0.78885762838301
-0.446303363039608,0.791523201062239
-0.402951664215114,0.787912750653229
-0.361289924991943,0.787921004314272
-0.318812929343117,0.785853535474706
-0.278028207303637,0.784395243764328
-0.236551512597483,0.781463875494711
-0.193476279757962,0.778452380438233
-0.150081648141795,0.776955956760547
-0.106474114818798,0.776091224792563
-0.0636068809629183,0.776462801286572
-0.0211522223389888,0.776844171651814
0.0211650886888039,0.776843984948993
0.0636196910274266,0.776462251716763
0.106486815934499,0.776090337510598
0.150094214608239,0.776954814915732
0.19348863852328,0.778450956269033
0.23656364426017,0.781462175021589
0.278040035958914,0.784393110863158
0.318824370459262,0.785850774557129
0.361301040522651,0.787917779718933
0.402962278366066,0.787908891195804
0.446313594242811,0.791518920434856
0.486515704502963,0.788852705497244
0.53195579246164,0.793003748819106
0.568811392793505,0.781008201778123
0.635273604810501,0.772287152534578
-0.605712850009759,0.795683318496156
-0.571676844557463,0.820478875655444
-0.505837740035659,0.822780571990059
-0.467989606497853,0.832142334096587
-0.422534480857198,0.825267016015328
-0.381707935138997,0.826903580411852
-0.337721877510787,0.823732066118738
-0.297296943588503,0.825056109180948
-0.25760252418259,0.821359780217805
-0.214895444490067,0.815927598732576
-0.171499962392138,0.813509502978992
-0.127360342211384,0.811903481761947
-0.0844354260476734,0.812707670318855
-0.0420826225071729,0.813576341400087
6.35354797314907e-06,0.81393355305317
0.0420953003532621,0.813575945857873
0.0844480194007068,0.812706898904802
0.127372798927754,0.811902358009548
0.171512278888221,0.813508127508377
0.214907554642491,0.815925872362156
0.257614477201176,0.821357709306924
0.297308622073059,0.82505350346701
0.337733145313485,0.823728706782031
0.381718904457062,0.826899816882683
0.422544946104689,0.825262536217534
0.467999722750837,0.832137302090407
0.505847352613436,0.822775083258711
0.571685871061949,0.820472586274606
0.605721357742815,0.795676841272731
-0.540872399309244,0.841104659162854
-0.505204634331703,0.8629995805364
-0.439968968296684,0.859954691414507
-0.401371213648911,0.867152848526982
-0.355477215296847,0.859305603344396
-0.315038738598459,0.864874942146685
-0.276242681461251,0.864628232232599
-0.235304999665621,0.854469056516519
-0.192585254878507,0.850421494352763
-0.147801839069422,0.847201233886351
-0.104962346744913,0.848651275659675
-0.0627594330781626,0.850159683091059
-0.020884679740541,0.85110032207769
0.0208972327482604,0.851100111523185
0.0627719304082967,0.850159059821852
0.104974740339913,0.848650268423366
0.147814080265566,0.847199856514457
0.192597373233588,0.850419841833324
0.235316957075206,0.854466907056116
0.27625453714857,0.864625687656104
0.315050338347144,0.864871727405311
0.355488331079681,0.859301683474707
0.401382122683824,0.867148383787617
0.43997947972618,0.859949663318617
0.505214627343572,0.862993731331865
0.540881889510829,0.841098556412502
-0.472890133819822,0.881121399885323
-0.435419142961863,0.900227843349869
-0.371116868189767,0.892559003393351
-0.331982291294337,0.901804786426867
-0.293944854822304,0.908537280088141
-0.250064910664615,0.896321456552251
-0.212282565564249,0.888815409221914
-0.167418597322572,0.881917515447893
-0.125160684112588,0.884305335362194
-0.0832562499092426,0.886502496729694
-0.0415873712251057,0.888162922694168
6.22434303721962e-06,0.888764485289023
0.0415997930947155,0.888162478954858
0.0832685964898316,0.886501624387087
0.125172923503479,0.88430407172317
0.167430691701873,0.881915862743703
0.212294597448697,0.888813383776924
0.250076803272066,0.896318825702453
0.293956657632551,0.908534045551962
0.331993778149639,0.901800985547614
0.371128037779466,0.892554589316495
0.435430024154602,0.900222580290409
0.472900564193192,0.881115801663675
-0.401261623438788,0.915963487020781
-0.361662498547917,0.932309088845581
-0.323734827064777,0.946147853774708
-0.260213711768861,0.93176044354939
-0.219582509161032,0.93533270281294
-0.186232715465524,0.916397314686382
-0.145680399884947,0.919810201213248
-0.104214680372095,0.922511292885168
-0.062600916011673,0.924898125894647
-0.0208773411313159,0.92622928254001
0.0208897577261217,0.926229046108413
0.0626132781378922,0.924897422144882
0.104226947977415,0.922510141284111
0.145692568803635,0.919808643818021
0.186244781208229,0.916395370691952
0.219594634430113,0.935330240108744
0.260225662084424,0.931757374497795
0.323746755176448,0.946143772643842
0.361674138935764,0.932304572612643
0.401272863925826,0.915958562387284
-0.287066909683779,0.957910533069036
-0.244000126067491,0.969775199971132
-0.203013516003266,0.979175935168169
-0.174944289104998,0.952411797342588
-0.129853370643921,0.956805752857885
-0.0862132656876619,0.960472196751315
-0.0430427430624236,0.962839905677654
6.30160302952272e-06,0.963649302550548
0.0430553202335442,0.962839389204584
0.0862257696750875,0.960471169462136
0.129865773032096,0.956804225669094
0.174956602149753,0.95240979758277
0.203026070138023,0.97917333238008
0.244012504881157,0.969772085317794
0.287079058027328,0.957906891952892
-0.156904799683076,0.98761373175948
-0.111784083495258,0.993732518677499
-0.0670048208023966,0.997752651707445
-0.0223239169963596,0.999750790312236
0.022336904949606,0.999750499798281
0.0670177555644639,0.997751782346597
0.111796916418749,0.993731075029487
0.156917493012606,0.9876117153956
