1660,1617,1618
535,491,492
1926,1957,1925
354,394,353
315,277,316
865,866,913
809,857,856
1869,1833,1834
1258,1305,1257
483,440,441
597,552,553
1530,1574,1529
383,343,344
406,448,447
168,135,136
668,622,669
145,146,178
597,553,598
178,212,177
818,865,817
1145,1192,1144
665,664,618
279,278,241
538,582,537
719,765,718
1084,1037,1085
607,654,653
1734,1693,1694
278,279,317
1468,1423,1469
1220,1173,1221
1886,1919,1885
1732,1733,1772
854,902,901
669,623,670
1762,1800,1761
761,762,809
1526,1480,1481
958,1005,957
1982,2009,1981
1623,1624,1666
1613,1655,1612
733,686,687
1741,1780,1740
1822,1783,1784
1350,1397,1396
1896,1897,1930
1669,1710,1668
1208,1160,1161
459,501,458
1064,1017,1065
919,871,872
1345,1298,1346
155,156,188
299,298,261
374,334,335
695,648,649
508,466,509
1024,1072,1071
138,107,108
366,407,406
351,312,352
180,179,147
703,657,704
391,350,351
247,211,248
288,326,287
169,168,136
148,181,180
245,282,244
189,156,157
213,178,179
86,115,114
123,122,94
404,364,405
353,352,313
26,11,12
372,333,373
407,449,448
529,574,573
324,285,286
248,212,249
327,289,328
665,619,666
446,489,488
1087,1040,1088
621,667,620
814,861,813
672,671,625
1196,1149,1197
1477,1478,1523
1001,1000,953
1427,1381,1382
813,765,766
765,719,766
711,664,665
987,1034,986
570,615,569
655,702,701
620,619,574
662,616,663
886,934,885
310,350,349
886,885,838
273,312,311
1034,1081,1033
1633,1591,1634
1172,1125,1173
933,885,934
1178,1130,1131
1130,1177,1129
1681,1639,1640
1227,1226,1179
1641,1599,1642
1325,1277,1278
1268,1267,1220
1506,1460,1461
1366,1411,1365
1132,1180,1179
1796,1834,1833
1219,1218,1171
1794,1755,1756
1936,1935,1904
1757,1717,1718
1872,1836,1837
1961,1930,1991
1760,1720,1721
1724,1763,1723
1639,1680,1638
1322,1321,1274
1641,1642,1683
1471,1517,1516
1803,1841,1840
1851,1852,1887
1845,1807,1808
1615,1571,1572
1951,1919,1920
2013,2012,1985
2002,2027,2026
1973,1972,1943
1977,1948,1978
1768,1807,1806
1648,1649,1690
1642,1684,1683
1688,1728,1687
1510,1464,1465
1283,1282,1235
1195,1242,1194
1232,1185,1233
1189,1141,1142
1047,1095,1094
1424,1423,1378
1145,1193,1192
1238,1285,1237
1241,1288,1240
1237,1284,1236
1053,1006,1054
1150,1198,1197
959,1006,958
1482,1436,1437
1344,1296,1297
1063,1015,1016
1695,1735,1694
1383,1429,1428
1567,1566,1522
1336,1335,1288
1609,1652,1651
1474,1520,1519
1771,1810,1809
1609,1565,1566
1734,1733,1693
1771,1770,1731
1695,1694,1653
1814,1813,1775
2002,2001,1974
1889,1888,1853
1615,1616,1658
1816,1854,1853
2055,2034,2056
1825,1786,1787
1618,1619,1661
1926,1925,1892
1743,1782,1742
2039,2014,2015
1751,1750,1710
1576,1620,1619
1827,1789,1828
1352,1353,1399
1214,1261,1213
1445,1400,1446
1436,1390,1391
1344,1297,1345
1204,1251,1203
1297,1296,1249
1064,1016,1017
968,921,969
1302,1350,1349
1113,1160,1112
1069,1068,1021
1211,1258,1210
978,931,932
1119,1166,1118
694,648,695
648,602,603
742,789,788
511,512,555
878,879,926
975,927,928
976,929,977
692,739,738
740,787,786
969,921,922
833,785,786
1007,960,1008
961,962,1009
632,678,631
826,825,778
680,727,726
813,861,860
418,460,459
596,552,597
644,643,598
552,508,509
223,259,222
181,182,216
456,457,499
326,365,325
413,373,414
291,290,253
108,107,79
25,11,26
153,185,152
66,92,65
45,46,69
96,70,97
227,228,264
97,71,98
49,29,50
126,98,127
48,47,28
462,505,504
223,222,188
596,551,552
464,506,463
462,504,461
72,71,48
465,464,423
192,193,227
170,205,204
80,109,108
237,275,274
56,83,82
136,135,105
167,166,134
236,273,235
203,168,169
310,272,311
238,275,237
201,166,167
394,435,393
350,311,351
560,605,559
353,394,393
476,477,520
314,315,354
612,613,659
312,313,352
314,353,313
316,355,315
479,480,523
241,240,204
238,276,275
240,278,277
483,441,484
317,318,357
316,277,278
317,279,318
320,281,282
169,170,204
171,138,139
399,359,400
278,317,316
106,107,137
139,109,140
77,136,105
137,170,169
137,169,136
204,240,203
80,108,79
171,172,206
106,78,79
37,60,36
54,81,80
172,207,206
18,4,19
81,110,109
176,177,211
82,111,110
140,141,173
54,30,55
209,175,210
16,35,1
33,57,56
17,37,36
83,111,82
14,33,13
20,5,6
21,20,6
114,144,113
21,6,0
24,23,9
258,221,222
213,212,178
213,179,214
144,145,177
177,145,178
283,321,282
175,174,142
286,325,324
287,326,325
451,493,450
530,529,486
408,407,367
578,533,534
444,487,486
319,358,318
366,406,365
622,623,669
359,320,360
362,363,403
207,208,244
112,111,83
244,282,281
246,247,284
320,321,360
321,361,360
400,441,399
440,398,399
617,663,616
440,399,441
526,482,483
438,437,396
850,851,898
661,614,615
527,571,526
482,440,483
710,663,664
662,708,661
618,573,619
443,485,442
620,575,621
442,441,400
666,619,620
446,445,404
449,491,448
449,492,491
671,718,717
715,762,761
671,717,670
763,810,762
713,759,712
758,805,757
624,670,623
716,762,715
717,764,763
861,909,908
718,764,717
859,812,860
626,673,672
765,764,718
905,857,858
812,764,765
903,856,904
810,811,858
1000,999,952
904,857,905
1188,1141,1189
806,805,758
852,851,804
757,756,710
950,949,902
1041,1042,1089
900,948,947
754,802,801
802,755,803
804,805,852
997,996,949
849,897,896
801,800,753
994,947,995
798,845,797
1034,1035,1082
800,847,799
894,893,846
799,798,751
887,886,839
895,942,894
802,754,755
752,753,800
660,614,661
661,707,660
753,752,706
753,706,707
797,750,798
613,568,614
523,522,479
564,565,610
396,395,355
523,567,522
434,477,476
660,613,614
657,658,704
652,653,699
655,609,656
698,650,651
474,473,431
561,517,562
565,611,610
651,650,604
651,652,698
697,650,698
561,606,560
431,389,390
842,794,795
839,886,838
792,744,745
797,749,750
746,747,794
702,748,701
745,746,793
891,843,844
987,1035,1034
794,747,795
935,982,934
1028,980,981
982,983,1030
981,933,934
1031,1030,983
982,981,934
1077,1076,1029
1076,1123,1075
1077,1029,1030
1028,981,1029
1130,1083,1131
1409,1364,1410
1128,1080,1081
937,984,936
1129,1128,1081
1269,1270,1317
990,1038,1037
1129,1176,1128
988,989,1036
1132,1085,1133
1041,1040,993
1134,1181,1133
1553,1509,1554
1228,1275,1227
1227,1274,1226
1224,1271,1223
992,1039,991
1181,1180,1133
1225,1273,1272
1365,1410,1364
1275,1322,1274
1321,1273,1274
1180,1227,1179
1180,1181,1228
1415,1416,1461
1368,1367,1321
1454,1455,1500
1314,1313,1266
1268,1220,1221
1318,1364,1317
1316,1363,1362
1362,1363,1408
1219,1267,1266
1315,1361,1314
1219,1220,1267
1270,1223,1271
1219,1265,1218
1171,1170,1124
1361,1406,1314
1315,1314,1267
1313,1265,1266
1318,1319,1365
1453,1408,1454
1320,1273,1321
1367,1320,1321
1412,1367,1413
1321,1322,1368
1456,1501,1455
1407,1361,1362
1453,1498,1452
1587,1630,1629
1544,1587,1543
1630,1671,1629
1544,1588,1587
1543,1542,1498
1793,1829,1792
1360,1313,1314
1713,1672,1673
1671,1630,1672
1714,1673,1674
1593,1549,1550
1714,1713,1673
1588,1630,1587
1590,1632,1589
1631,1672,1630
1759,1720,1760
1640,1682,1681
1901,1933,1900
1712,1671,1672
1866,1867,1900
1869,1834,1870
1902,1903,1934
1723,1722,1682
1869,1870,1903
1758,1796,1757
1837,1836,1799
1870,1834,1835
1757,1718,1758
1462,1508,1507
1833,1795,1796
1592,1591,1548
1634,1592,1635
1552,1551,1507
1414,1368,1369
1462,1416,1417
1506,1505,1460
1324,1370,1323
1719,1679,1720
1677,1717,1676
1184,1136,1137
1466,1421,1467
1762,1722,1723
1638,1679,1637
1683,1723,1682
1996,1969,1997
1725,1765,1764
1844,1807,1845
1801,1762,1763
1806,1805,1767
1758,1797,1796
1761,1722,1762
1724,1764,1763
1801,1838,1800
1968,1995,1967
1904,1870,1871
1903,1904,1935
2023,2044,2022
1994,2019,2018
2020,2021,2042
1994,1995,2019
1968,1967,1938
1876,1909,1875
1905,1937,1936
2020,1996,2021
1967,1937,1938
1999,1971,1972
1970,1969,1940
1971,1970,1941
1874,1908,1907
2046,2045,2024
2000,1973,2001
2021,1997,2022
2069,2052,2070
1974,1973,1944
1803,1840,1802
1915,1946,1914
1913,1944,1912
1846,1881,1845
1914,1880,1881
1842,1878,1877
1941,1970,1940
1945,1913,1914
1911,1878,1912
1803,1764,1765
1724,1684,1725
1803,1765,1804
1764,1724,1725
1726,1766,1765
1974,1944,1945
1603,1645,1602
1726,1725,1685
1644,1643,1601
1467,1512,1466
1561,1517,1562
1770,1809,1808
1510,1509,1464
1191,1143,1144
1556,1512,1557
1558,1559,1602
1602,1601,1558
1600,1599,1556
1724,1683,1684
1724,1723,1683
1641,1640,1598
1638,1637,1595
1682,1641,1683
1598,1599,1641
1465,1419,1420
1553,1554,1597
1371,1325,1372
1329,1282,1330
1555,1556,1599
1644,1602,1645
1421,1420,1375
1235,1187,1188
1230,1182,1183
1327,1328,1374
1230,1183,1231
1281,1234,1282
992,945,993
946,947,994
1043,995,996
1184,1232,1231
1088,1041,1089
1185,1186,1233
1139,1092,1140
999,951,952
1189,1236,1188
1091,1139,1138
1333,1379,1332
1377,1378,1423
1286,1333,1285
1380,1426,1425
1240,1239,1192
1237,1236,1189
953,954,1001
1142,1190,1189
1050,1003,1051
1192,1191,1144
860,908,907
1004,1052,1051
1098,1050,1051
1193,1240,1192
1099,1051,1052
1095,1096,1143
1150,1197,1149
1389,1390,1435
861,862,909
959,960,1007
767,815,814
866,818,819
1055,1056,1103
1059,1012,1060
916,869,917
776,824,823
1202,1154,1155
1013,1060,1012
1156,1203,1155
1015,967,968
1198,1151,1199
1153,1105,1106
1295,1248,1296
1153,1152,1105
1248,1249,1296
1201,1154,1202
1391,1344,1345
1249,1202,1250
1441,1395,1396
1298,1250,1251
1347,1348,1394
1391,1390,1344
1387,1388,1433
1198,1245,1197
1391,1345,1392
1297,1250,1298
1390,1389,1343
1479,1525,1524
1248,1295,1247
1339,1340,1386
1432,1387,1433
1247,1200,1248
1477,1432,1478
1289,1336,1288
1292,1293,1340
1428,1429,1474
1199,1246,1198
1294,1295,1342
1474,1475,1520
1606,1649,1648
1608,1607,1564
1648,1690,1689
1569,1612,1568
1520,1564,1519
1610,1653,1652
1610,1566,1567
1916,1882,1883
1846,1845,1808
1849,1848,1811
1810,1847,1809
1811,1848,1810
1883,1847,1848
2005,2029,2004
1915,1914,1881
2052,2030,2031
2002,2026,2001
2068,2069,2080
2054,2071,2053
2030,2006,2031
1812,1813,1850
1886,1887,1920
1921,1952,1920
1951,1920,1952
2070,2053,2071
2056,2035,2057
2073,2072,2056
2007,2006,1979
2057,2035,2036
1888,1887,1852
1983,2010,1982
2007,2031,2006
1957,1986,1956
1954,1984,1983
1618,1617,1574
1613,1612,1569
1736,1775,1735
1812,1850,1849
1656,1655,1613
1695,1736,1735
1523,1524,1568
1612,1654,1611
1570,1613,1569
1659,1658,1616
1482,1483,1528
1438,1392,1393
1573,1572,1528
1346,1393,1392
1255,1256,1303
1746,1706,1747
1254,1207,1255
1355,1307,1308
1399,1400,1445
1537,1582,1581
1532,1531,1486
1350,1351,1397
1440,1439,1394
1349,1350,1396
1443,1488,1442
1395,1349,1396
1743,1783,1782
1701,1700,1659
1958,1987,1957
1987,1988,2015
1661,1702,1660
1854,1855,1890
2036,2037,2058
1484,1485,1530
1441,1396,1442
1531,1575,1530
1485,1440,1486
1664,1663,1621
1825,1863,1862
1789,1827,1788
1861,1862,1897
1826,1863,1825
1826,1864,1863
1898,1863,1899
1788,1826,1787
1827,1865,1826
1790,1789,1750
1748,1787,1747
1450,1496,1495
1449,1450,1495
1667,1709,1708
1443,1442,1397
1708,1749,1748
1750,1789,1749
1401,1446,1400
1669,1626,1627
1626,1669,1668
1401,1354,1355
1401,1447,1446
1627,1584,1628
1216,1264,1263
1404,1358,1450
1119,1167,1166
1262,1310,1309
1167,1168,1215
1263,1310,1262
1353,1305,1306
1212,1211,1164
1353,1354,1400
1354,1306,1307
1263,1311,1310
1403,1448,1402
1445,1444,1399
1305,1258,1306
1300,1348,1347
1348,1395,1394
1352,1305,1353
1304,1256,1257
1158,1159,1206
1158,1206,1205
1257,1256,1209
1351,1350,1303
1257,1209,1210
1208,1255,1207
1018,1066,1065
1160,1207,1159
1204,1252,1251
1059,1107,1106
1016,1064,1063
1112,1159,1111
970,1018,1017
973,926,974
1066,1113,1065
923,922,875
975,974,927
1021,973,974
929,928,881
784,831,783
1163,1115,1116
1163,1162,1115
1118,1071,1119
1025,977,978
1168,1120,1121
979,1026,978
1216,1263,1215
1073,1121,1120
1073,1120,1072
884,931,883
927,880,928
883,837,884
835,836,883
788,787,741
690,644,691
599,555,600
690,689,643
691,645,692
835,787,788
741,695,696
554,510,511
555,512,556
266,303,265
556,601,600
556,557,601
603,649,648
600,555,556
510,553,509
598,599,644
600,601,646
647,646,601
554,598,553
687,640,641
551,550,507
781,828,780
641,596,642
736,689,690
642,596,597
593,594,639
684,685,731
642,689,688
550,594,549
780,779,733
686,640,687
734,733,687
591,637,636
641,688,687
826,874,873
783,782,736
688,641,642
735,782,781
875,876,923
827,779,780
778,731,732
781,780,734
779,732,733
875,922,874
731,730,684
775,822,774
725,726,772
921,920,873
872,920,919
823,871,870
630,677,676
773,772,726
1011,963,964
774,773,727
771,818,770
911,863,864
725,678,679
672,719,718
817,769,770
673,674,720
864,816,817
627,674,673
675,676,722
767,721,768
675,629,676
632,587,633
458,417,459
681,680,634
583,629,628
493,494,537
579,625,624
587,632,586
677,723,676
495,494,452
368,409,408
454,497,496
539,540,584
500,499,457
374,373,334
589,588,544
543,587,542
679,632,633
546,545,502
587,543,588
499,543,542
638,639,685
590,635,589
686,639,640
683,730,729
547,504,548
546,503,547
419,379,420
548,592,547
544,500,501
415,414,374
296,334,295
297,296,259
225,226,262
376,377,417
189,188,156
294,257,295
259,258,222
333,334,373
376,337,377
332,372,371
413,412,372
410,451,409
367,366,327
410,369,370
290,329,328
290,291,329
293,255,256
220,186,221
94,122,93
187,155,188
187,186,154
187,222,221
217,254,253
45,44,25
88,62,89
62,38,39
185,219,184
150,120,151
62,39,63
38,18,19
23,22,8
19,4,5
64,90,63
40,39,20
24,43,23
23,8,9
219,218,184
121,93,122
123,153,122
93,92,66
185,153,186
126,97,98
186,153,154
94,93,67
128,127,99
157,156,126
385,384,345
160,159,129
305,343,304
73,50,51
101,100,74
338,337,299
127,157,126
190,158,191
379,339,340
130,160,129
190,224,189
261,262,299
262,263,300
335,297,336
299,262,300
377,418,417
502,501,459
424,423,383
377,337,338
300,301,339
263,264,301
161,162,194
302,301,264
133,163,104
425,384,385
344,384,383
342,381,341
305,267,268
229,265,228
467,466,425
465,507,464
132,131,102
426,427,468
308,347,346
469,512,511
102,76,103
268,267,231
102,131,130
304,267,305
196,163,164
231,267,230
197,196,164
131,161,130
100,101,129
103,132,102
132,163,162
469,470,512
201,200,166
167,134,135
199,236,235
199,200,237
238,237,201
236,199,237
134,105,135
202,201,167
237,200,201
276,238,239
167,135,168
204,203,169
202,167,168
168,203,202
277,276,239
314,275,276
274,236,237
202,238,201
202,239,238
235,273,272
236,274,273
313,274,275
313,312,274
275,314,313
276,277,315
354,315,355
314,276,315
392,351,352
273,274,312
395,354,355
353,314,354
433,432,391
390,389,349
390,350,391
272,273,311
391,351,392
311,312,351
432,431,390
431,430,389
349,350,390
310,311,350
473,430,431
391,432,390
473,472,430
392,433,391
474,517,473
393,435,434
562,608,607
515,472,516
432,474,431
516,472,473
433,475,432
517,516,473
559,515,560
475,518,474
562,607,561
475,519,518
564,610,609
474,518,517
563,608,562
432,475,474
433,476,475
434,435,477
611,566,612
476,520,519
477,521,520
566,521,522
565,520,521
477,478,521
395,394,354
395,396,437
522,521,478
523,568,567
522,478,479
478,436,479
478,435,436
475,476,519
433,392,434
436,435,394
478,477,435
433,434,476
392,352,393
392,393,434
352,353,393
356,396,355
436,394,395
239,240,277
204,205,241
242,279,241
278,240,241
205,242,241
318,358,357
398,439,397
439,482,481
316,356,355
438,397,439
356,317,357
356,316,317
397,438,396
437,436,395
439,440,482
479,436,437
438,480,437
479,437,480
525,481,482
569,568,524
356,397,396
481,480,438
357,397,356
357,358,398
400,359,360
399,358,359
438,439,481
397,357,398
399,398,358
440,439,398
485,484,442
662,663,709
401,400,360
401,442,400
443,442,401
484,441,442
358,319,359
282,321,320
242,280,279
281,320,319
279,280,318
320,359,319
206,242,205
280,319,318
243,280,242
243,281,280
280,281,319
243,244,281
207,244,243
283,246,284
207,173,208
140,109,110
173,141,174
173,172,140
55,82,81
111,141,110
141,140,110
172,171,139
206,207,243
172,173,207
242,206,243
205,170,171
239,203,240
239,202,203
205,171,206
170,137,138
106,137,136
107,138,137
139,138,108
171,170,138
109,139,108
140,172,139
106,79,107
52,80,79
78,52,79
77,106,136
77,78,106
52,53,80
30,54,53
81,109,80
34,14,15
53,54,80
30,31,55
54,55,81
34,33,14
81,82,110
85,84,58
55,56,82
55,31,32
55,32,56
31,13,32
34,15,35
15,1,35
59,58,35
33,32,13
17,2,3
58,84,57
112,142,111
57,33,34
56,32,33
58,57,34
84,83,57
57,83,56
84,112,83
173,174,208
141,111,142
144,176,143
174,141,142
112,143,142
210,247,246
113,112,84
143,175,142
113,143,112
144,177,176
86,114,85
114,113,85
85,113,84
144,143,113
210,176,211
175,143,176
116,87,88
146,179,178
59,86,85
145,144,114
60,86,59
116,88,117
35,36,59
61,88,87
35,58,34
59,85,58
17,36,16
60,59,36
17,3,18
35,16,36
1,2,16
61,37,38
3,4,18
2,17,16
18,38,37
18,37,17
61,60,37
89,62,63
61,38,62
20,19,5
39,38,19
21,0,7
41,65,64
39,19,20
21,7,22
7,8,22
91,120,119
117,148,147
64,63,40
90,89,63
41,40,21
63,39,40
119,118,90
88,61,62
90,118,89
150,151,183
181,149,182
118,119,149
252,215,216
148,180,147
146,115,116
118,149,148
215,180,181
148,149,181
216,215,181
214,179,180
118,117,89
146,145,115
89,117,88
118,148,117
114,115,145
86,60,87
86,87,115
60,61,87
87,116,115
147,179,146
147,116,117
147,146,116
250,249,213
212,211,177
249,212,213
248,285,247
214,250,213
249,286,248
250,288,287
366,367,407
249,250,287
251,214,215
251,215,252
327,326,288
253,252,216
214,180,215
289,252,290
289,288,251
252,253,290
217,182,183
328,289,290
288,250,251
289,327,288
328,367,327
289,251,252
250,214,251
329,368,328
494,451,452
328,368,367
329,330,369
449,408,450
370,330,331
407,408,449
409,451,450
450,492,449
536,580,535
368,408,367
409,450,408
447,448,490
535,580,579
490,448,491
406,407,448
326,366,365
326,327,366
364,365,405
365,406,405
446,447,489
405,406,447
447,490,489
577,533,578
324,323,285
405,447,446
444,403,445
575,576,621
445,488,487
532,577,576
444,402,403
361,321,322
404,445,403
446,488,445
363,364,404
405,446,404
403,363,404
325,365,364
212,248,211
249,287,286
248,286,285
287,325,286
323,284,285
210,175,176
402,362,403
323,324,363
364,324,325
364,363,324
285,284,247
322,321,283
283,245,246
209,174,175
247,210,211
209,208,174
246,209,210
246,245,209
208,245,244
208,209,245
323,322,284
282,245,283
402,361,362
401,360,361
284,322,283
323,363,362
322,362,361
322,323,362
443,401,402
401,361,402
487,444,445
486,485,443
529,528,485
528,572,527
444,443,402
444,486,443
525,570,569
528,484,485
484,527,483
570,525,526
572,571,527
526,483,527
526,571,570
572,573,618
569,615,614
570,571,616
570,616,615
571,617,616
708,662,709
615,616,662
755,708,709
754,707,708
756,755,709
945,898,946
851,803,804
709,663,710
618,617,572
664,663,617
804,756,757
756,709,710
666,713,712
711,710,664
711,757,710
805,804,757
666,712,665
758,757,711
712,759,758
854,807,855
665,712,711
759,806,758
711,712,758
666,667,713
573,574,619
530,531,575
571,572,617
527,484,528
665,618,619
664,617,618
486,529,485
573,572,528
528,529,573
486,487,530
529,530,574
487,488,531
487,531,530
488,489,532
666,620,667
574,530,575
574,575,620
531,576,575
531,532,576
532,489,533
488,532,531
489,490,533
532,533,577
490,491,534
579,534,535
533,490,534
491,535,534
492,493,536
492,536,535
537,582,581
537,581,536
581,582,627
624,578,579
623,577,578
534,579,578
580,625,579
576,577,622
670,716,669
578,624,623
625,671,624
580,626,625
627,582,628
626,672,625
673,719,672
717,716,670
717,763,716
624,671,670
672,718,671
713,667,714
669,716,715
715,668,669
714,760,713
667,621,668
577,623,622
622,621,576
622,668,621
668,714,667
760,759,713
715,714,668
715,761,714
714,761,760
809,810,857
809,808,761
760,761,808
998,950,951
853,901,900
904,856,857
903,855,856
808,809,856
762,810,809
716,763,762
764,811,763
859,811,812
810,763,811
860,812,813
811,764,812
765,813,812
814,862,861
908,860,861
859,858,811
906,858,859
857,810,858
907,859,860
907,906,859
908,955,907
905,858,906
1096,1095,1048
906,907,954
907,955,954
908,909,956
955,1003,1002
957,909,910
1049,1001,1002
954,955,1002
1049,1002,1050
1001,954,1002
999,1000,1047
952,905,953
953,905,906
952,951,904
952,953,1000
906,954,953
952,904,905
951,903,904
1093,1140,1092
950,903,951
1046,999,1047
998,951,999
997,950,998
997,949,950
948,995,947
1090,1138,1137
948,996,995
1138,1139,1186
900,901,948
949,996,948
807,808,855
949,948,901
950,902,903
949,901,902
856,855,808
903,902,855
760,807,759
855,902,854
806,807,854
760,808,807
807,806,759
854,901,853
899,852,900
805,806,853
852,853,900
806,854,853
852,899,851
945,992,944
756,803,755
756,804,803
853,852,805
900,947,899
850,897,849
754,753,707
943,895,896
802,803,850
851,850,803
898,897,850
1040,992,993
897,898,945
945,946,993
898,851,899
946,899,947
946,898,899
993,994,1041
993,946,994
1089,1042,1090
994,995,1042
1039,992,1040
944,897,945
1040,1041,1088
994,1042,1041
1087,1039,1040
1086,1038,1039
1133,1085,1086
991,1039,1038
991,944,992
991,1038,990
991,943,944
799,846,798
988,941,989
989,941,942
989,990,1037
943,991,990
1036,989,1037
941,894,942
890,842,843
893,845,846
1132,1131,1084
1083,1035,1036
1033,986,1034
939,891,892
892,940,939
940,988,987
1035,988,1036
1035,987,988
988,940,941
892,845,893
940,892,893
892,891,844
939,940,987
893,941,940
892,844,845
701,747,700
895,894,847
941,893,894
895,847,848
894,846,847
849,848,801
847,800,848
990,942,943
990,989,942
896,895,848
943,942,895
944,896,897
944,943,896
849,801,802
848,800,801
848,849,896
802,850,849
753,754,801
708,755,754
752,751,705
752,799,751
800,799,752
847,846,799
659,705,658
706,752,705
706,660,707
706,659,660
662,661,615
708,707,661
614,568,569
613,567,568
481,524,480
481,525,524
526,525,482
569,524,525
524,523,480
524,568,523
566,567,612
567,613,612
660,659,613
706,705,659
566,611,565
704,705,751
563,564,609
704,658,705
521,566,565
522,567,566
520,564,519
520,565,564
563,609,608
610,611,657
655,608,609
609,610,656
702,703,749
656,610,657
656,657,703
611,612,658
611,658,657
612,659,658
750,704,751
750,703,704
751,798,750
846,845,798
750,749,703
795,843,842
844,797,845
844,796,797
797,796,749
844,843,796
700,746,699
700,747,746
796,748,749
796,843,795
747,701,748
654,608,655
703,702,656
701,654,655
656,702,655
749,748,702
700,654,701
653,606,607
518,562,517
518,519,563
518,563,562
519,564,563
605,560,606
516,517,561
700,653,654
700,699,653
561,607,606
608,654,607
605,652,651
606,653,652
559,605,604
606,652,605
516,560,515
516,561,560
605,651,604
652,699,698
746,745,699
744,697,698
743,697,744
699,745,698
791,743,744
792,745,793
744,698,745
792,793,840
746,794,793
790,743,791
839,792,840
791,744,792
839,790,791
790,839,838
840,888,887
793,841,840
938,891,939
792,839,791
840,887,839
936,935,888
934,886,887
840,841,888
793,794,841
841,842,889
841,794,842
748,795,747
748,796,795
938,937,890
890,843,891
937,889,890
888,841,889
938,890,891
889,842,890
984,937,985
984,983,936
986,938,939
985,937,938
987,986,939
1033,985,986
986,985,938
1223,1175,1176
1033,1032,985
936,888,889
985,1032,984
1033,1081,1080
1032,1031,984
1127,1128,1175
1031,983,984
1030,1029,982
937,936,889
983,935,936
980,933,981
887,935,934
887,888,935
1075,980,1028
983,982,935
1029,981,982
1076,1075,1028
1031,1078,1030
1076,1124,1123
1030,1078,1077
1031,1032,1079
1078,1125,1077
1080,1079,1032
1029,1076,1028
1077,1125,1124
1123,1124,1170
1076,1077,1124
1170,1171,1218
1124,1125,1172
1265,1219,1266
1171,1172,1219
1219,1172,1220
1171,1124,1172
1172,1173,1220
1125,1078,1126
1268,1221,1269
1175,1128,1176
1316,1268,1269
1315,1267,1268
1363,1316,1317
1223,1176,1224
1318,1270,1271
1269,1221,1222
1269,1222,1270
1174,1173,1126
1222,1223,1270
1222,1175,1223
1221,1173,1174
1079,1078,1031
1127,1126,1079
1173,1125,1126
1222,1174,1175
1222,1221,1174
1078,1079,1126
1080,1128,1127
1174,1127,1175
1174,1126,1127
1079,1080,1127
1032,1033,1080
1034,1082,1081
1035,1083,1082
1082,1129,1081
1082,1083,1130
1226,1225,1178
1129,1082,1130
1131,1132,1179
1085,1038,1086
1226,1178,1179
1083,1036,1084
1083,1084,1131
1036,1037,1084
1084,1085,1132
1037,1038,1085
1039,1087,1086
1088,1136,1135
1136,1089,1137
1136,1088,1089
1134,1135,1182
1087,1088,1135
1134,1133,1086
1180,1132,1133
1087,1134,1086
1087,1135,1134
1180,1228,1227
1181,1182,1229
1134,1182,1181
1135,1136,1183
1184,1183,1136
1182,1135,1183
1279,1231,1232
1230,1229,1182
1276,1275,1228
1228,1181,1229
1278,1277,1230
1325,1371,1324
1274,1273,1226
1320,1367,1366
1224,1225,1272
1226,1273,1225
1179,1178,1131
1225,1177,1178
1129,1177,1176
1130,1178,1177
1177,1224,1176
1177,1225,1224
1320,1272,1273
1271,1224,1272
1227,1275,1274
1228,1229,1276
1275,1323,1322
1504,1458,1459
1322,1369,1368
1370,1416,1415
1322,1323,1369
1415,1461,1460
1324,1323,1276
1370,1369,1323
1230,1277,1229
1323,1275,1276
1370,1324,1371
1278,1230,1231
1276,1277,1324
1276,1229,1277
1279,1278,1231
1326,1325,1278
1417,1418,1463
1372,1326,1373
1277,1325,1324
1372,1418,1417
1326,1372,1325
1373,1374,1419
1371,1416,1370
1371,1372,1417
1462,1417,1463
1416,1371,1417
1418,1464,1463
1419,1374,1420
1596,1552,1553
1463,1464,1509
1416,1462,1461
1463,1509,1508
1507,1508,1552
1462,1463,1508
1550,1505,1506
1461,1462,1507
1369,1415,1414
1461,1507,1506
1414,1415,1460
1369,1370,1415
1458,1412,1413
1367,1368,1413
1549,1548,1504
1413,1414,1459
1459,1414,1460
1413,1368,1414
1502,1501,1456
1410,1365,1411
1411,1456,1410
1501,1546,1545
1410,1456,1455
1590,1591,1633
1456,1411,1457
1366,1367,1412
1459,1458,1413
1457,1411,1412
1504,1503,1458
1457,1412,1458
1411,1366,1412
1365,1319,1366
1364,1318,1365
1271,1272,1319
1319,1320,1366
1319,1272,1320
1270,1318,1317
1271,1319,1318
1408,1363,1409
1317,1364,1363
1364,1409,1363
1410,1455,1409
1408,1407,1362
1406,1360,1314
1315,1362,1361
1316,1269,1317
1315,1316,1362
1315,1268,1316
1267,1314,1266
1361,1407,1406
1451,1360,1406
1452,1451,1406
1407,1452,1406
1497,1451,1452
1453,1452,1407
1498,1497,1452
1455,1454,1409
1454,1499,1453
1544,1499,1500
1544,1543,1499
1409,1454,1408
1500,1499,1454
1542,1497,1498
1408,1453,1407
1499,1498,1453
1586,1542,1543
1499,1543,1498
1587,1586,1543
1545,1544,1500
1545,1589,1588
1455,1501,1500
1589,1631,1588
1500,1501,1545
1456,1457,1502
1591,1590,1547
1589,1545,1546
1501,1502,1546
1457,1458,1503
1547,1503,1548
1502,1457,1503
1460,1505,1459
1548,1591,1547
1505,1549,1504
1718,1677,1678
1502,1547,1546
1502,1503,1547
1504,1548,1503
1549,1592,1548
1674,1633,1675
1674,1632,1633
1676,1634,1635
1675,1633,1634
1593,1635,1592
1634,1591,1592
1677,1635,1636
1594,1550,1551
1715,1714,1674
1590,1589,1546
1716,1676,1717
1675,1634,1676
1673,1632,1674
1673,1631,1632
1632,1631,1589
1673,1672,1631
1547,1590,1546
1633,1632,1590
1629,1586,1587
1545,1588,1544
1631,1630,1588
1752,1712,1713
1753,1713,1714
1712,1672,1713
1675,1715,1674
1753,1752,1713
1676,1716,1675
1754,1792,1753
1791,1752,1753
1715,1754,1714
1792,1791,1753
1714,1754,1753
1867,1832,1868
1829,1791,1792
1831,1830,1793
1867,1866,1831
1830,1829,1793
1756,1795,1794
1793,1792,1754
1830,1831,1866
1755,1754,1715
1900,1867,1901
1831,1794,1832
1901,1902,1933
1902,1868,1869
1901,1867,1868
1933,1902,1963
1901,1868,1902
1868,1832,1833
1831,1793,1794
1832,1794,1795
1793,1754,1755
1833,1832,1795
1867,1831,1832
1716,1755,1715
1794,1793,1755
1675,1716,1715
1717,1757,1756
1716,1756,1755
1716,1717,1756
1795,1757,1796
1795,1756,1757
1836,1835,1798
1834,1796,1797
1871,1835,1836
1834,1797,1835
1836,1798,1799
1835,1797,1798
1872,1905,1871
1870,1835,1871
1902,1869,1903
1868,1833,1869
1966,1993,1965
1903,1870,1904
1935,1934,1903
1963,1902,1934
1934,1964,1963
1934,1935,1964
1935,1965,1992
1936,1965,1935
1992,1964,1935
1966,1965,1936
1993,1992,1965
1871,1905,1904
1937,1966,1936
1966,2018,1993
1994,1966,1967
1994,2018,1966
1995,2041,2019
1966,1937,1967
1936,1904,1905
2041,1995,2020
1994,1967,1995
1907,1908,1939
1939,1968,1938
1836,1872,1871
1906,1937,1905
1907,1906,1873
1938,1937,1906
1873,1872,1837
1906,1905,1872
1800,1837,1799
1838,1873,1837
1941,1909,1910
1906,1872,1873
1837,1800,1838
1799,1761,1800
1798,1760,1799
1721,1722,1761
1722,1681,1682
1681,1721,1680
1722,1721,1681
1720,1679,1680
1799,1760,1761
1798,1797,1759
1760,1721,1761
1720,1680,1721
1720,1759,1719
1760,1798,1759
1678,1719,1718
1719,1759,1758
1719,1758,1718
1759,1797,1758
1717,1677,1718
1676,1635,1677
1551,1595,1594
1679,1719,1678
1636,1678,1677
1636,1637,1678
1678,1637,1679
1636,1593,1594
1635,1593,1636
1592,1549,1593
1636,1594,1637
1593,1550,1594
1549,1505,1550
1504,1459,1505
1551,1506,1507
1551,1550,1506
1638,1595,1596
1637,1594,1595
1553,1552,1508
1595,1551,1552
1639,1638,1596
1680,1679,1638
1639,1596,1597
1595,1552,1596
1598,1640,1597
1681,1680,1639
1597,1640,1639
1641,1682,1640
1596,1553,1597
1508,1509,1553
1598,1554,1555
1598,1597,1554
1839,1801,1802
1762,1723,1763
1762,1801,1800
1763,1802,1801
1839,1802,1840
1763,1764,1802
1841,1803,1804
1802,1764,1803
1600,1642,1599
1600,1643,1642
1685,1725,1684
1726,1765,1725
1642,1643,1684
1686,1727,1726
1686,1726,1685
1766,1804,1765
1643,1644,1685
1687,1728,1727
1805,1843,1842
1879,1913,1912
1727,1766,1726
1806,1807,1844
1766,1805,1804
1766,1727,1767
1842,1841,1804
1876,1840,1841
1805,1842,1804
1913,1880,1914
1910,1877,1911
1842,1843,1878
1943,1912,1944
1878,1843,1879
1841,1877,1876
1841,1842,1877
1910,1911,1942
1877,1878,1911
1908,1875,1909
1910,1942,1941
1839,1875,1874
1840,1876,1875
1876,1910,1909
1876,1877,1910
1875,1839,1840
1838,1801,1839
1838,1874,1873
1838,1839,1874
1906,1907,1938
1874,1875,1908
1874,1907,1873
1908,1940,1939
1939,1940,1969
1908,1909,1940
1909,1941,1940
1972,2000,1999
1970,1997,1969
2020,1995,1996
1996,1968,1969
1996,1995,1968
1968,1939,1969
1938,1907,1939
1998,1997,1970
2021,1996,1997
2020,2042,2041
2066,2049,2067
2021,2043,2042
2021,2022,2043
2023,2045,2044
2061,2043,2022
2025,2046,2024
2022,1997,1998
2022,2044,2061
2022,1998,2023
2044,2062,2061
2064,2063,2045
2062,2044,2045
2045,2063,2062
2025,2047,2046
2064,2045,2046
2025,2026,2047
2047,2065,2064
1999,2024,2023
2000,2025,2024
1999,2023,1998
2024,2045,2023
2024,1999,2000
1998,1970,1971
1942,1971,1941
1999,1998,1971
1942,1972,1971
1942,1911,1943
1942,1943,1972
1911,1912,1943
1972,1973,2000
1943,1944,1973
2068,2050,2051
2025,2000,2001
1914,1946,1945
2001,1973,1974
1945,1975,1974
2005,2006,2030
2048,2027,2049
1948,1947,1916
2048,2026,2027
2025,2001,2026
1975,2002,1974
1976,1947,1977
2065,2047,2048
2064,2046,2047
2064,2076,2063
2078,2077,2066
2076,2064,2065
2065,2066,2077
2065,2077,2076
2065,2048,2066
2047,2026,2048
2048,2049,2066
2051,2030,2052
2066,2067,2078
2051,2029,2030
2067,2079,2078
2067,2068,2079
2067,2049,2050
2067,2050,2068
2028,2027,2003
2049,2028,2050
2003,2002,1975
2028,2004,2029
2003,1976,2004
2028,2003,2004
2027,2002,2003
2050,2028,2029
2049,2027,2028
1976,1946,1947
1975,1945,1946
1975,1976,2003
1975,1946,1976
2005,1977,1978
2004,1976,1977
1948,1916,1917
1947,1946,1915
1772,1811,1810
1847,1882,1846
1883,1882,1847
1916,1947,1915
1730,1770,1769
1846,1882,1881
1809,1846,1808
1809,1847,1846
1882,1915,1881
1882,1916,1915
1879,1844,1880
1843,1805,1806
1878,1879,1912
1843,1844,1879
1880,1913,1879
1945,1944,1913
1766,1767,1805
1727,1728,1767
1768,1806,1767
1844,1843,1806
1880,1845,1881
1880,1844,1845
1729,1769,1768
1808,1807,1769
1807,1768,1769
1727,1686,1687
1728,1768,1767
1728,1729,1768
1645,1687,1686
1646,1603,1604
1645,1646,1687
1689,1730,1729
1688,1729,1728
1692,1650,1651
1688,1689,1729
1604,1603,1560
1729,1730,1769
1690,1649,1691
1769,1770,1808
1730,1689,1690
1732,1731,1691
1770,1730,1731
1773,1811,1772
1809,1770,1771
1730,1690,1731
1647,1688,1646
1732,1691,1692
1731,1690,1691
1607,1649,1606
1650,1691,1649
1559,1515,1560
1608,1564,1565
1647,1648,1689
1605,1606,1648
1561,1516,1517
1563,1564,1607
1562,1606,1605
1562,1563,1606
1518,1563,1562
1518,1519,1563
1517,1518,1562
1519,1564,1563
1518,1472,1473
1426,1381,1427
1383,1382,1336
1381,1334,1335
1473,1472,1427
1286,1285,1238
1605,1561,1562
1471,1426,1472
1427,1472,1426
1518,1517,1472
1517,1471,1472
1470,1425,1471
1471,1425,1426
1376,1422,1421
1426,1380,1381
1332,1284,1285
1425,1379,1380
1425,1470,1424
1425,1424,1379
1469,1515,1514
1515,1516,1560
1470,1471,1516
1514,1515,1559
1470,1516,1515
1647,1604,1605
1603,1559,1560
1604,1561,1605
1560,1516,1561
1648,1647,1605
1689,1688,1647
1687,1646,1688
1645,1603,1646
1561,1604,1560
1647,1646,1604
1603,1602,1559
1644,1686,1685
1512,1513,1557
1557,1513,1558
1558,1514,1559
1468,1469,1514
1514,1513,1468
1514,1558,1513
1557,1601,1600
1557,1558,1601
1602,1644,1601
1645,1686,1644
1684,1643,1685
1600,1601,1643
1598,1555,1599
1554,1509,1510
1600,1556,1557
1555,1510,1511
1511,1510,1465
1555,1554,1510
1511,1465,1466
1464,1418,1419
1556,1511,1512
1556,1555,1511
1511,1466,1512
1376,1375,1329
1464,1419,1465
1418,1372,1373
1465,1420,1466
1330,1282,1283
1418,1373,1419
1326,1327,1373
1374,1375,1420
1185,1232,1184
1467,1421,1422
1466,1420,1421
1330,1376,1329
1421,1375,1376
1513,1467,1468
1513,1512,1467
1468,1422,1423
1468,1467,1422
1470,1469,1424
1422,1376,1377
1424,1469,1423
1470,1515,1469
1331,1377,1330
1423,1422,1377
1332,1378,1331
1379,1424,1378
1331,1330,1283
1377,1376,1330
1284,1283,1236
1234,1186,1187
1236,1283,1235
1331,1378,1377
1188,1187,1140
1235,1282,1234
1374,1328,1375
1328,1280,1281
1235,1234,1187
1282,1329,1281
1375,1328,1329
1327,1326,1279
1280,1279,1232
1326,1278,1279
1373,1327,1374
1279,1280,1327
1281,1280,1233
1328,1327,1280
1234,1233,1186
1280,1232,1233
1328,1281,1329
1233,1234,1281
1089,1090,1137
1043,996,1044
1185,1184,1137
1231,1183,1184
1138,1185,1137
1138,1186,1185
995,1043,1042
1043,1091,1090
1042,1043,1090
996,997,1044
1090,1091,1138
1046,998,999
1043,1044,1091
997,998,1045
1186,1139,1187
1091,1044,1092
1091,1092,1139
1044,997,1045
1139,1140,1187
1092,1045,1093
1046,1045,998
1092,1044,1045
1141,1093,1094
1141,1140,1093
1093,1046,1094
1093,1045,1046
1046,1047,1094
1000,1001,1048
1190,1142,1143
1047,1000,1048
1191,1190,1143
1191,1238,1190
1094,1142,1141
1237,1285,1284
1095,1142,1094
1095,1143,1142
1235,1188,1236
1140,1141,1188
1284,1331,1283
1284,1332,1331
1333,1332,1285
1379,1378,1332
1380,1333,1334
1380,1379,1333
1190,1237,1189
1190,1238,1237
1239,1238,1191
1239,1286,1238
1192,1239,1191
1334,1381,1380
1287,1335,1334
1334,1333,1286
1239,1287,1286
1335,1382,1381
1286,1287,1334
1429,1384,1430
1240,1287,1239
1240,1288,1287
1287,1288,1335
1241,1193,1194
1099,1098,1051
1145,1144,1097
1003,1050,1002
1098,1145,1097
1098,1146,1145
1338,1384,1337
1049,1048,1001
1095,1047,1048
1144,1096,1097
1144,1143,1096
1096,1049,1097
1096,1048,1049
1097,1050,1098
1097,1049,1050
1100,1099,1052
1146,1098,1099
1100,1052,1053
1051,1003,1004
1195,1243,1242
1147,1099,1100
1146,1147,1194
1195,1148,1196
1147,1146,1099
1193,1145,1146
1146,1194,1193
1243,1196,1244
1193,1241,1240
1292,1244,1245
1335,1336,1382
1288,1241,1289
1194,1242,1241
1337,1383,1336
1289,1337,1336
1428,1473,1427
1241,1242,1289
1194,1147,1195
1242,1290,1289
1384,1383,1337
1291,1338,1290
1337,1289,1290
1290,1338,1337
1385,1430,1384
1291,1339,1338
1385,1384,1338
1294,1247,1295
1385,1338,1339
1242,1243,1290
1292,1339,1291
1244,1292,1291
1245,1246,1293
1245,1244,1197
1291,1290,1243
1148,1101,1149
1244,1291,1243
1149,1196,1148
1197,1244,1196
1100,1148,1147
1196,1243,1195
1147,1148,1195
1100,1101,1148
1102,1149,1101
1102,1150,1149
1055,1103,1102
1199,1200,1247
1103,1150,1102
1246,1199,1247
1103,1151,1150
1246,1245,1198
1150,1151,1198
1103,1056,1104
1103,1104,1151
1057,1009,1010
1104,1152,1151
1154,1107,1155
1104,1105,1152
1009,1056,1008
1153,1106,1154
1058,1010,1011
1156,1157,1204
1155,1107,1108
1156,1155,1108
1250,1297,1249
1200,1153,1201
1200,1152,1153
1153,1154,1201
1106,1107,1154
1201,1248,1200
1201,1249,1248
1203,1202,1155
1249,1201,1202
1203,1250,1202
1203,1251,1250
1299,1346,1298
1345,1297,1298
1342,1343,1389
1295,1296,1343
1343,1344,1390
1343,1296,1344
1388,1341,1342
1295,1343,1342
1152,1199,1151
1152,1200,1199
1341,1294,1342
1246,1247,1294
1245,1293,1292
1246,1294,1293
1292,1340,1339
1293,1294,1341
1389,1388,1342
1340,1293,1341
1435,1480,1434
1385,1386,1431
1389,1434,1388
1523,1567,1522
1478,1524,1523
1568,1612,1611
1434,1480,1479
1528,1483,1529
1434,1479,1433
1480,1525,1479
1388,1434,1433
1389,1435,1434
1435,1481,1480
1437,1391,1392
1435,1436,1481
1435,1390,1436
1482,1437,1483
1436,1391,1437
1527,1526,1481
1481,1436,1482
1480,1526,1525
1481,1482,1527
1574,1573,1529
1571,1615,1614
1528,1572,1527
1779,1740,1780
1482,1528,1527
1529,1573,1528
1617,1573,1574
1617,1616,1573
1573,1616,1572
1617,1660,1659
1737,1697,1738
1615,1572,1616
1656,1614,1657
1571,1526,1527
1614,1656,1613
1698,1738,1697
1657,1614,1615
1614,1570,1571
1572,1571,1527
1614,1613,1570
1525,1569,1524
1525,1526,1570
1655,1654,1612
1695,1696,1736
1525,1570,1569
1526,1571,1570
1568,1611,1567
1653,1694,1652
1693,1652,1694
1693,1733,1692
1654,1653,1611
1654,1695,1653
1611,1610,1567
1611,1653,1610
1477,1523,1522
1478,1479,1524
1523,1568,1567
1524,1569,1568
1476,1431,1477
1433,1479,1478
1386,1387,1432
1433,1478,1432
1341,1387,1340
1341,1388,1387
1339,1386,1385
1340,1387,1386
1385,1431,1430
1386,1432,1431
1476,1477,1522
1431,1432,1477
1431,1476,1430
1521,1566,1565
1384,1429,1383
1430,1476,1475
1430,1475,1429
1521,1522,1566
1382,1428,1427
1382,1383,1428
1473,1519,1518
1473,1474,1519
1428,1474,1473
1429,1475,1474
1476,1521,1475
1565,1564,1520
1475,1521,1520
1609,1610,1652
1520,1521,1565
1476,1522,1521
1693,1651,1652
1608,1565,1609
1650,1608,1651
1566,1610,1609
1649,1607,1650
1606,1563,1607
1651,1608,1609
1650,1607,1608
1650,1692,1691
1651,1693,1692
1731,1732,1771
1692,1733,1732
1732,1772,1771
1848,1847,1810
1774,1812,1773
1850,1885,1849
1771,1772,1810
1733,1773,1772
1774,1734,1735
1773,1733,1734
1774,1735,1775
1734,1694,1735
1655,1696,1654
1736,1737,1776
1654,1696,1695
1655,1656,1697
1815,1853,1852
1814,1851,1813
1813,1774,1775
1773,1734,1774
1737,1736,1696
1776,1775,1736
1884,1849,1885
1850,1851,1886
1776,1814,1775
1851,1850,1813
1815,1814,1776
1852,1851,1814
1921,1920,1887
2008,2009,2033
1918,1919,1950
1885,1850,1886
1887,1886,1851
1920,1919,1886
1978,1949,1979
1917,1884,1918
1773,1812,1811
1918,1950,1949
1811,1812,1849
1774,1813,1812
1884,1883,1848
1917,1916,1883
1883,1884,1917
1848,1849,1884
1885,1918,1884
1885,1919,1918
1949,1948,1917
1977,1947,1948
1918,1949,1917
1978,2006,2005
1950,1979,1949
1981,1952,1982
1950,1980,1979
2033,2054,2032
2029,2005,2030
2004,1977,2005
1949,1978,1948
1979,2006,1978
2053,2070,2052
2051,2050,2029
2069,2051,2052
2069,2068,2051
2068,2080,2079
2069,2081,2080
2069,2070,2081
2052,2031,2053
2032,2054,2053
2071,2083,2082
2031,2032,2053
2055,2056,2072
2070,2082,2081
2070,2071,2082
2054,2072,2071
2072,2073,2083
2071,2072,2083
2054,2033,2055
2054,2055,2072
2033,2034,2055
2056,2034,2035
1982,1952,1953
2007,2032,2031
2007,2008,2032
2033,2009,2034
2008,2007,1980
1979,1980,2007
1950,1919,1951
2032,2008,2033
1980,1951,1981
1981,1951,1952
1980,1950,1951
2008,1981,2009
2008,1980,1981
1921,1953,1952
2010,2009,1982
1955,1985,1984
2011,2036,2035
1924,1955,1923
1954,1953,1922
1955,1956,1985
2012,2036,2011
1954,1983,1953
2010,2035,2034
1953,1983,1982
1983,2011,2010
1984,2011,1983
2034,2009,2010
2056,2074,2073
2075,2057,2036
2074,2056,2057
2057,2075,2074
2010,2011,2035
1984,2012,2011
1985,2012,1984
1988,1987,1958
2013,2037,2012
2036,2012,2037
2036,2058,2075
2037,2059,2058
2037,2038,2059
1987,2014,1986
2060,2059,2038
2038,2014,2060
2038,2013,2014
1925,1956,1924
1955,1984,1954
1986,1985,1956
2013,2038,2037
1986,2013,1985
1986,2014,2013
1923,1955,1954
1923,1890,1924
1925,1924,1891
1956,1955,1924
1856,1857,1892
1960,1959,1928
1892,1891,1856
1890,1923,1889
1778,1779,1817
1856,1891,1855
1819,1818,1780
1856,1855,1818
1778,1817,1816
1818,1855,1817
1853,1854,1889
1817,1855,1854
1891,1890,1855
1891,1924,1890
1890,1889,1854
1922,1953,1921
1888,1921,1887
1888,1922,1921
1923,1922,1889
1923,1954,1922
1853,1888,1852
1889,1922,1888
1814,1815,1852
1777,1738,1778
1777,1816,1815
1817,1854,1816
1698,1699,1739
1739,1779,1778
1737,1777,1776
1816,1853,1815
1816,1777,1778
1815,1776,1777
1697,1737,1696
1738,1777,1737
1655,1697,1696
1656,1657,1698
1656,1698,1697
1659,1616,1617
1738,1698,1739
1698,1657,1699
1738,1739,1778
1702,1701,1660
1817,1779,1818
1739,1699,1740
1739,1740,1779
1700,1701,1741
1779,1780,1818
1741,1701,1742
1657,1658,1699
1657,1615,1658
1699,1700,1740
1699,1658,1700
1660,1618,1661
1441,1486,1440
1701,1659,1660
1700,1658,1659
1744,1743,1703
1742,1701,1702
1702,1661,1703
1618,1575,1619
1574,1575,1618
1574,1530,1575
1619,1662,1661
1620,1662,1619
1621,1620,1577
1619,1575,1576
1577,1620,1576
1662,1663,1704
1486,1487,1532
1707,1708,1748
1578,1622,1621
1747,1787,1786
1661,1662,1703
1620,1621,1663
1705,1704,1663
1662,1620,1663
1662,1704,1703
1784,1783,1744
1744,1704,1745
1744,1703,1704
1785,1745,1746
1784,1744,1745
1895,1859,1860
1784,1745,1785
1823,1822,1784
1857,1856,1819
1860,1822,1823
1858,1857,1820
1822,1821,1783
1781,1780,1741
1703,1743,1702
1782,1781,1742
1702,1743,1742
1744,1783,1743
1700,1741,1740
1742,1781,1741
1820,1857,1819
1856,1818,1819
1820,1781,1782
1819,1780,1781
1781,1820,1819
1893,1927,1926
1783,1821,1782
1893,1894,1927
1821,1858,1820
1859,1895,1894
1892,1893,1926
1894,1928,1927
1891,1892,1925
1857,1858,1893
1857,1893,1892
1858,1894,1893
1958,1957,1926
1957,1956,1925
1927,1958,1926
1987,1986,1957
2014,2039,2060
2039,2015,2040
2014,1987,2015
1928,1959,1927
1988,2040,2015
1959,1988,1958
1989,2016,1988
1927,1959,1958
1960,1990,2017
1988,2016,2040
2016,1989,2017
1988,1959,1989
1989,1960,2017
1959,1960,1989
1928,1894,1895
1960,1961,1990
1960,1928,1929
1929,1895,1896
1931,1897,1898
1930,1929,1896
1894,1858,1859
1960,1929,1961
1928,1895,1929
1782,1821,1820
1822,1859,1821
1821,1859,1858
1822,1860,1859
1861,1860,1823
1896,1895,1860
1860,1861,1896
1823,1785,1824
1746,1705,1706
1745,1704,1705
1785,1746,1786
1745,1705,1746
1788,1787,1748
1578,1621,1577
1898,1862,1863
1861,1823,1824
1824,1785,1786
1823,1784,1785
1825,1824,1786
1862,1861,1824
1898,1897,1862
1896,1861,1897
1931,1930,1897
1961,1929,1930
1961,1991,1990
1930,1962,1991
1962,1931,1932
1962,1930,1931
1864,1899,1863
1932,1931,1898
1789,1788,1749
1827,1826,1788
1824,1825,1862
1787,1826,1825
1898,1899,1932
1826,1865,1864
1827,1828,1865
1789,1790,1828
1750,1751,1790
1746,1747,1786
1748,1749,1788
1706,1707,1747
1747,1707,1748
1665,1666,1707
1709,1667,1668
1666,1665,1623
1537,1581,1536
1710,1711,1751
1750,1709,1710
1664,1665,1706
1710,1669,1711
1626,1625,1582
1669,1670,1711
1667,1625,1668
1491,1536,1490
1710,1709,1668
1708,1707,1666
1749,1709,1750
1749,1708,1709
1622,1623,1665
1667,1708,1666
1705,1664,1706
1705,1663,1664
1706,1665,1707
1664,1621,1622
1579,1622,1578
1665,1664,1622
1580,1623,1579
1624,1667,1666
1536,1581,1580
1625,1667,1624
1624,1581,1625
1624,1623,1580
1533,1534,1578
1579,1623,1622
1534,1535,1579
1580,1581,1624
1489,1490,1535
1491,1445,1446
1579,1535,1580
1491,1446,1492
1539,1540,1584
1538,1582,1537
1492,1538,1537
1540,1585,1584
1581,1582,1625
1584,1585,1628
1625,1626,1668
1582,1538,1583
1669,1627,1670
1448,1494,1493
1627,1628,1670
1626,1583,1627
1626,1582,1583
1583,1584,1627
1539,1538,1493
1495,1496,1541
1539,1494,1540
1495,1541,1540
1540,1541,1585
1404,1450,1449
1495,1540,1494
1403,1357,1404
1358,1405,1450
1450,1405,1496
1310,1311,1358
1359,1405,1358
1312,1311,1263
1359,1358,1311
1359,1311,1312
1309,1310,1357
1262,1214,1215
1308,1309,1356
1310,1358,1357
1448,1403,1449
1357,1358,1404
1402,1448,1447
1449,1495,1494
1355,1402,1401
1403,1404,1449
1356,1403,1402
1356,1357,1403
1402,1355,1356
1259,1258,1211
1491,1490,1445
1444,1443,1398
1447,1401,1402
1400,1354,1401
1535,1490,1536
1489,1444,1490
1447,1492,1446
1537,1536,1491
1493,1494,1539
1448,1449,1494
1583,1539,1584
1583,1538,1539
1491,1492,1537
1447,1448,1493
1492,1493,1538
1492,1447,1493
1580,1535,1536
1579,1578,1534
1534,1488,1489
1487,1486,1441
1577,1533,1578
1489,1535,1534
1397,1442,1396
1488,1487,1442
1534,1533,1488
1531,1576,1575
1576,1532,1577
1487,1488,1533
1533,1532,1487
1533,1577,1532
1484,1530,1529
1485,1486,1531
1485,1531,1530
1532,1576,1531
1483,1484,1529
1438,1437,1392
1484,1439,1485
1346,1392,1345
1395,1441,1440
1442,1487,1441
1485,1439,1440
1484,1483,1438
1484,1438,1439
1483,1437,1438
1394,1393,1347
1439,1438,1393
1251,1299,1298
1299,1347,1346
1252,1299,1251
1253,1206,1254
1346,1347,1393
1299,1252,1300
1299,1300,1347
1349,1395,1348
1440,1394,1395
1439,1393,1394
1351,1398,1397
1489,1488,1443
1397,1398,1443
1399,1353,1400
1490,1444,1445
1489,1443,1444
1351,1352,1398
1351,1303,1304
1398,1399,1444
1398,1352,1399
1302,1303,1350
1256,1304,1303
1352,1304,1305
1352,1351,1304
1258,1257,1210
1305,1304,1257
1159,1207,1206
1159,1112,1160
1348,1301,1349
1254,1255,1302
1302,1255,1303
1207,1160,1208
1254,1301,1253
1302,1349,1301
1253,1300,1252
1301,1348,1300
1300,1253,1301
1252,1204,1205
1109,1110,1157
1205,1253,1252
1157,1158,1205
1206,1253,1205
1301,1254,1302
1206,1207,1254
1111,1158,1110
1111,1159,1158
1203,1156,1204
1110,1063,1111
1204,1157,1205
1156,1108,1109
1156,1109,1157
1109,1061,1062
1157,1110,1158
1109,1062,1110
1065,1113,1112
1208,1256,1255
1019,1067,1066
1162,1210,1209
1113,1161,1160
1209,1256,1208
1209,1161,1162
1209,1208,1161
1113,1114,1161
975,1022,974
1020,1068,1067
1162,1161,1114
1114,1115,1162
1067,1019,1020
1117,1116,1069
1115,1068,1116
1213,1260,1212
1211,1210,1163
1165,1117,1118
1164,1116,1117
1213,1165,1166
1164,1117,1165
1164,1163,1116
1210,1162,1163
1165,1212,1164
1307,1355,1354
1164,1211,1163
1259,1306,1258
1307,1306,1259
1354,1353,1306
1212,1259,1211
1262,1261,1214
1212,1260,1259
1260,1308,1307
1259,1260,1307
1212,1165,1213
1355,1308,1356
1260,1261,1308
1214,1213,1166
1261,1260,1213
1356,1309,1357
1308,1261,1309
1261,1262,1309
1215,1263,1262
1312,1263,1264
1168,1121,1169
1168,1217,1216
1264,1216,1217
1169,1121,1122
1169,1217,1168
1214,1167,1215
1214,1166,1167
1215,1168,1216
1167,1120,1168
1165,1118,1166
1023,1022,975
1120,1119,1072
1120,1167,1119
1025,1073,1072
1074,1121,1073
1027,1074,1026
1122,1121,1074
1122,1074,1027
932,979,978
1074,1073,1026
1027,1026,979
976,977,1024
1026,1073,1025
1119,1071,1072
1118,1117,1070
1072,1024,1025
1023,1070,1022
1118,1070,1071
1117,1069,1070
972,1020,1019
1021,1022,1069
1070,1069,1022
1116,1068,1069
1020,1021,1068
974,1022,1021
976,1023,975
1023,1071,1070
928,976,975
1024,1071,1023
929,976,928
1024,1023,976
1020,973,1021
926,927,974
925,878,926
738,737,691
973,925,926
830,829,782
832,879,831
927,926,879
928,880,881
927,879,880
834,882,881
883,931,930
882,929,881
930,931,978
1024,977,1025
929,882,930
1025,978,1026
977,930,978
929,930,977
882,883,930
932,931,884
835,883,882
836,837,883
880,833,881
786,787,834
834,835,882
834,787,835
835,788,836
787,740,741
789,836,788
837,836,789
788,741,742
695,649,696
740,694,741
693,739,692
742,741,696
694,647,648
647,602,648
693,646,647
601,602,647
741,694,695
740,739,693
691,692,738
693,647,694
645,646,692
645,600,646
646,693,692
694,740,693
645,599,600
645,644,599
736,690,737
644,645,691
785,784,738
784,737,738
739,785,738
830,878,877
786,785,739
833,880,832
833,786,834
739,740,786
881,833,834
880,879,832
832,831,784
879,878,831
785,832,784
785,833,832
784,783,737
831,878,830
734,780,733
827,874,826
782,829,781
876,875,828
735,781,734
829,828,781
736,782,735
783,830,782
783,736,737
689,642,643
735,689,736
735,688,689
643,597,598
643,642,597
644,690,643
691,737,690
640,595,641
551,508,552
551,595,550
596,641,595
734,688,735
734,687,688
686,685,639
686,733,732
548,549,593
594,640,639
548,505,549
595,640,594
593,592,548
593,639,638
636,590,591
592,638,637
684,638,685
592,593,638
683,684,730
637,638,684
732,731,685
778,777,731
686,732,685
779,778,732
828,827,780
828,875,827
776,777,824
730,731,777
827,826,779
825,777,778
823,822,775
777,825,824
825,872,824
1060,1108,1107
921,873,874
872,825,873
922,921,874
968,920,921
825,826,873
778,779,826
969,922,970
874,827,875
829,876,828
971,1019,1018
877,876,829
924,925,972
829,830,877
783,831,830
971,924,972
877,878,925
877,924,876
971,970,923
876,924,923
877,925,924
969,970,1017
922,923,970
970,971,1018
923,924,971
971,972,1019
925,973,972
1115,1067,1068
972,973,1020
1019,1066,1018
1114,1113,1066
1114,1067,1115
1114,1066,1067
1111,1064,1112
1111,1063,1064
1016,969,1017
1016,968,969
1064,1065,1112
1017,1018,1065
920,967,919
968,1016,1015
873,920,872
968,967,920
1110,1062,1063
1109,1108,1061
1062,1015,1063
1062,1014,1015
1014,967,1015
1013,1014,1061
964,965,1012
1061,1108,1060
1059,1060,1107
1012,965,1013
964,917,965
871,824,872
966,1014,1013
1061,1060,1013
1061,1014,1062
1013,965,966
918,871,919
967,1014,966
918,870,871
774,821,773
966,919,967
966,918,919
917,870,918
822,821,774
916,917,964
869,870,917
965,918,966
965,917,918
1011,964,1012
916,868,869
821,868,820
821,869,868
963,916,964
963,915,916
820,867,819
868,916,915
961,914,962
915,963,962
867,915,914
867,868,915
1009,962,1010
914,915,962
1104,1057,1105
962,963,1010
1058,1011,1059
1010,963,1011
1058,1059,1106
1011,1012,1059
1058,1057,1010
1104,1056,1057
1105,1058,1106
1105,1057,1058
1054,1006,1007
1008,1056,1055
1007,1008,1055
961,913,914
1056,1009,1057
961,960,913
1102,1054,1055
959,958,911
1055,1054,1007
957,1004,956
1101,1054,1102
1101,1053,1054
1100,1053,1101
1052,1004,1005
955,956,1003
863,910,862
1053,1005,1006
1053,1052,1005
1003,956,1004
955,908,956
1004,957,1005
956,909,957
1005,958,1006
957,910,958
960,959,912
958,910,911
815,863,862
910,909,862
910,863,911
862,814,815
766,814,813
767,720,721
766,767,814
722,723,769
769,816,768
863,815,816
819,867,866
865,864,817
912,959,911
1007,1006,959
911,864,912
863,816,864
912,913,960
912,864,865
1008,961,1009
1008,960,961
818,866,865
913,912,865
914,866,867
914,913,866
770,818,817
770,724,771
723,724,770
723,677,724
725,771,724
820,868,867
678,677,631
678,724,677
770,769,723
817,816,769
722,676,723
629,630,676
722,768,721
816,815,768
719,720,766
719,673,720
720,767,766
768,815,767
720,674,721
673,626,627
674,675,721
674,628,675
768,722,769
721,675,722
583,628,582
629,675,628
580,581,626
580,536,581
581,627,626
628,674,627
494,495,538
583,539,584
538,583,582
538,495,539
538,539,583
584,585,630
496,540,539
497,455,498
583,584,629
585,631,630
584,630,629
631,677,630
540,585,584
540,541,585
586,541,542
540,496,497
585,586,631
585,541,586
586,542,587
498,455,456
498,499,542
588,633,587
544,588,543
635,682,681
728,681,682
633,588,634
586,632,631
633,680,679
679,680,726
633,634,680
725,679,726
678,632,679
771,819,818
771,772,819
771,725,772
724,678,725
772,820,819
772,773,820
727,773,726
821,820,773
728,774,727
822,869,821
680,681,727
776,730,777
728,775,774
870,869,822
682,729,728
824,871,823
822,823,870
775,729,776
728,729,775
682,683,729
775,776,823
729,730,776
635,636,682
637,684,683
635,681,634
728,727,681
588,589,634
547,591,546
545,590,589
635,634,589
683,636,637
589,544,545
682,636,683
635,590,636
545,546,590
592,637,591
501,545,544
501,502,545
458,500,457
544,543,500
500,458,501
457,416,458
458,416,417
415,456,414
416,376,417
340,301,302
417,418,459
377,338,378
224,261,260
299,337,298
260,261,298
224,225,261
226,225,191
262,261,225
297,260,298
259,223,260
297,298,336
298,337,336
415,375,416
336,337,376
375,374,335
374,414,373
334,296,335
259,260,297
189,223,188
224,260,223
220,221,257
186,187,221
333,295,334
258,259,296
258,296,295
297,335,296
455,414,456
455,454,413
336,375,335
375,415,374
376,375,336
376,416,375
457,415,416
457,456,415
541,498,542
454,496,453
456,499,498
500,543,499
541,497,498
541,540,497
412,413,454
455,497,454
455,413,414
454,453,412
452,410,411
293,292,255
452,411,453
372,373,413
371,372,412
371,331,332
496,495,453
496,539,495
536,493,537
492,450,493
537,494,538
493,451,494
368,369,409
411,412,453
495,452,453
451,410,452
370,411,410
371,412,411
370,331,371
330,291,292
409,369,410
368,329,369
411,370,371
369,330,370
254,291,253
330,329,291
292,254,255
253,216,217
330,292,331
291,254,292
219,220,256
221,258,257
292,293,331
294,295,333
293,332,331
293,294,332
256,294,293
257,258,295
332,333,372
332,294,333
255,219,256
185,186,220
256,257,294
256,220,257
220,219,185
255,254,218
152,122,153
152,121,122
44,68,67
123,154,153
184,151,152
120,92,121
183,218,217
219,255,218
183,184,218
152,185,184
149,150,182
121,152,151
254,217,218
216,182,217
150,183,182
151,184,183
119,150,149
119,120,150
151,120,121
119,90,91
66,67,93
93,121,92
43,66,42
91,90,64
41,64,40
65,91,64
92,91,65
92,120,91
41,21,22
40,20,21
42,41,22
42,65,41
10,11,25
42,66,65
43,67,66
42,23,43
42,22,23
26,45,25
67,43,44
10,24,9
44,43,24
24,25,44
24,10,25
46,26,12
45,68,44
27,46,12
47,46,27
70,69,46
95,68,69
94,67,68
46,45,26
69,68,45
68,95,94
96,97,125
95,123,94
124,155,154
155,187,154
188,222,187
123,124,154
124,125,155
95,124,123
95,96,124
69,96,95
69,70,96
155,125,156
124,96,125
125,126,156
125,97,126
190,189,157
224,223,189
158,190,157
225,224,190
99,127,98
128,158,127
127,158,157
191,225,190
159,128,129
98,71,72
47,70,46
71,97,70
49,72,48
99,98,72
28,47,27
29,48,28
71,70,47
49,48,29
71,47,48
73,49,50
73,72,49
101,102,130
100,128,99
159,158,128
74,73,51
99,72,73
128,100,129
99,73,100
74,100,73
75,74,51
76,102,101
129,101,130
74,75,101
76,101,75
104,132,103
132,162,131
346,347,386
162,161,131
161,160,130
193,194,228
196,195,163
193,228,227
195,229,194
230,267,266
228,194,229
194,162,195
163,195,162
196,230,195
195,230,229
196,231,230
264,265,302
229,230,266
342,303,304
265,229,266
264,228,265
264,263,227
262,226,263
160,161,193
226,192,227
161,194,193
159,191,158
159,160,192
192,226,191
227,263,226
159,192,191
160,193,192
299,300,338
263,301,300
378,339,379
338,300,339
301,340,339
381,382,422
461,419,420
421,380,381
377,378,418
338,339,378
380,379,340
420,462,461
459,460,502
418,378,419
460,503,502
591,590,546
502,503,546
460,419,461
591,547,592
503,504,547
418,419,460
378,379,419
503,461,504
503,460,461
420,421,462
505,548,504
463,505,462
549,594,593
506,549,505
550,595,594
506,550,549
506,507,550
505,463,506
421,420,380
506,464,507
463,422,464
421,422,463
382,423,422
379,380,420
340,302,341
462,421,463
380,341,381
340,341,380
302,265,303
421,381,422
341,303,342
304,303,266
341,302,303
382,342,343
382,381,342
386,385,346
383,423,382
426,385,386
425,466,424
427,426,386
426,467,425
426,425,385
510,468,511
466,465,424
464,422,423
425,424,384
466,508,465
424,465,423
508,507,465
595,551,596
507,508,551
510,509,467
553,552,509
599,554,555
599,598,554
466,467,509
426,468,467
553,510,554
467,468,510
387,348,388
557,602,601
554,511,555
468,469,511
513,556,512
513,557,556
603,602,558
514,557,513
558,602,557
558,557,514
514,513,471
427,469,468
470,513,512
428,470,469
471,513,470
387,427,386
428,469,427
387,428,427
429,470,428
471,470,429
347,309,348
197,231,196
388,428,387
429,428,388
348,387,347
345,307,346
133,164,163
386,347,387
308,309,347
306,345,344
346,385,345
424,383,384
382,343,383
306,344,305
345,384,344
342,304,343
266,267,304
306,305,268
344,343,305
197,198,232
308,346,307
232,269,268
307,345,306
198,197,165
163,132,104
232,268,231
232,231,197
133,165,164
165,197,164
269,270,307
270,308,307
233,234,269
269,306,268
306,269,307
232,198,233
232,233,269
271,308,270
309,308,271
234,270,269
271,270,234
